1 0 2.023403954421607e-01 5.955333228073083e-14 5.640590014531332e-02
0 0 1.299851238038991e+00 7.796055303328226e-18 6.826775430051608e-02
0 1 7.891917315847553e+00 6.906299548069972e-18 6.827729013716059e-02
1 1 1.246837916341130e+01 6.422396829640389e-18 5.640395691474023e-02
0 2 1.448390246626632e+01 7.376823239792079e-18 6.827973482944884e-02
0 3 2.107615474415525e+01 7.561602482455477e-18 6.828703584477598e-02
1 2 2.473438088622108e+01 6.220105981106324e-18 5.640266483368674e-02
0 4 2.766821068127376e+01 7.898666006905275e-18 6.828773705587621e-02
0 5 3.426056986884984e+01 7.946174824692173e-18 6.828731816522582e-02
1 3 3.700033716405383e+01 6.219191350938093e-18 5.640278334681851e-02
0 6 4.085265677463394e+01 7.117940181282204e-18 6.828609666450222e-02
0 7 4.744499451194435e+01 7.099061197051655e-18 6.827763712496063e-02
1 4 4.926623826972793e+01 6.650174025535707e-18 5.640447789006198e-02
0 8 5.403703332247544e+01 7.539029008069275e-18 6.827498138205332e-02
0 9 6.062913433600803e+01 7.201582359507417e-18 6.826563570506357e-02
1 5 6.153220872620223e+01 6.291597089362722e-18 5.640645956885473e-02
0 10 6.722105919187193e+01 7.495264316330491e-18 6.826253081003979e-02
0 11 7.381292912028520e+01 7.802100066184842e-18 6.826308003112165e-02
1 6 7.379828174187701e+01 6.511490983384174e-18 5.640578424836584e-02
0 12 8.040480683843447e+01 7.638117178166316e-18 6.826298994307990e-02
1 7 8.606437245190740e+01 6.346137369103050e-18 5.640621223263780e-02
0 13 8.699668645495177e+01 8.417867777122251e-18 6.826629743091278e-02
0 14 9.358871359420370e+01 7.606010145358338e-18 6.827515478764559e-02
1 8 9.833042256512317e+01 6.258656671644112e-18 5.640438644610653e-02
0 15 1.001806831473476e+02 7.897229959213949e-18 6.827783874422767e-02
0 16 1.067729075322012e+02 8.291736235967309e-18 6.828612241062933e-02
1 9 1.105964290365356e+02 1.811105901954829e-14 5.640288266068606e-02
0 17 1.133649528856429e+02 7.307001573626938e-18 6.828717182921801e-02
0 18 1.199572995112809e+02 7.968253993963082e-18 6.828830926670401e-02
1 10 1.228623967072994e+02 6.319334913562203e-18 5.640272636881975e-02
0 19 1.265493854472683e+02 7.507520786956047e-18 6.828741500412583e-02
0 20 1.331417417809160e+02 7.069038603883284e-18 6.828016072111280e-02
1 11 1.351283025258455e+02 6.219314639083714e-18 5.640415085799821e-02
0 21 1.397337962767926e+02 7.245555678194262e-18 6.827770325699921e-02
0 22 1.463259524537016e+02 7.788313032119333e-18 6.826753948916768e-02
1 12 1.473942491652908e+02 6.452754007737290e-18 5.640632841785463e-02
0 23 1.529178976540816e+02 7.490845179862909e-18 6.826441728612057e-02
0 24 1.595097896497944e+02 8.034678724112147e-18 6.826329723481410e-02
1 13 1.596603150804350e+02 6.531537464928076e-15 5.640598024302285e-02
0 25 1.661016635159469e+02 7.788018233512731e-18 6.826194176887347e-02
1 14 1.719264024506917e+02 6.901711114063295e-18 5.640642350893028e-02
0 26 1.726935306404348e+02 7.894945829536090e-18 6.826518068304555e-02
0 27 1.792855197196276e+02 8.147787297426678e-18 6.827295861580200e-02
1 15 1.841924645580794e+02 6.349869282765896e-18 5.640483506546296e-02
0 28 1.858774729950474e+02 8.095906736656214e-18 6.827584926365221e-02
0 29 1.924696668597497e+02 8.047302291676510e-18 6.828491088081835e-02
1 16 1.964584760005339e+02 6.283315538025114e-18 5.640313886128127e-02
0 30 1.990617005841983e+02 8.145614728115517e-18 6.828629842032789e-02
0 31 2.056540313626790e+02 7.787776352402910e-18 6.828894878376210e-02
1 17 2.087244537635154e+02 6.478214987934623e-18 5.640272292950176e-02
0 32 2.122461139382758e+02 7.685848705384779e-18 6.828839467070702e-02
0 33 2.188384814605664e+02 7.159947732578000e-18 6.828250680411840e-02
1 18 2.209903678005298e+02 4.939256247249367e-17 5.640386051561320e-02
0 34 2.254305486599257e+02 7.399508510680209e-18 6.828027682043419e-02
0 35 2.320227565830498e+02 7.436807560782816e-18 6.826978031323848e-02
1 19 2.332562947158962e+02 6.218917839872638e-18 5.640609679293446e-02
0 36 2.386147233774764e+02 7.415653458097900e-18 6.826669135402098e-02
0 37 2.452066476310553e+02 7.724223032984301e-18 6.826356007695965e-02
1 20 2.455223475024292e+02 6.277628483413056e-18 5.640634033435780e-02
0 38 2.517985243566494e+02 7.625080216833943e-18 6.826138153803413e-02
1 21 2.577884310718165e+02 6.305886911061526e-18 5.640652591616385e-02
0 39 2.583903822557962e+02 7.714763825262870e-18 6.826445389267542e-02
0 40 2.649823359967783e+02 7.932337571138689e-18 6.827077223592017e-02
1 22 2.700545049209126e+02 2.909660985128849e-14 5.640528764662908e-02
0 41 2.715742725159944e+02 8.146132677864082e-18 6.827383326615429e-02
0 42 2.781664332388760e+02 7.666430879981232e-18 6.828342768141679e-02
1 23 2.823205221663200e+02 7.357788645235034e-15 5.640344415990757e-02
0 43 2.847584543746461e+02 7.798794337019942e-18 6.828513893726031e-02
0 44 2.913507664179834e+02 7.552464336009426e-18 6.828923419604768e-02
1 24 2.945865083848675e+02 6.278843708200255e-18 5.640276867638376e-02
0 45 2.979428435570278e+02 7.567231906242482e-18 6.828902934521512e-02
0 46 3.045352156043217e+02 7.173890776056069e-18 6.828461746704236e-02
1 25 3.068524333053611e+02 6.220050442756756e-18 5.640361307656346e-02
0 47 3.111272923381424e+02 6.990048165609553e-18 6.828264185419572e-02
0 48 3.177195463242431e+02 7.022977342956138e-18 6.827226194062319e-02
1 26 3.191183455823755e+02 6.265219900097254e-18 5.640579895486332e-02
0 49 3.243115349424607e+02 6.864695773090093e-18 6.826924848270154e-02
0 50 3.309035011123657e+02 7.163360322319580e-18 6.826402670466446e-02
1 27 3.313843792515579e+02 5.755082015692726e-16 5.640665171750411e-02
0 51 3.374953862182299e+02 7.066782465227752e-18 6.826136562763105e-02
1 28 3.436504595794988e+02 6.522412356856956e-18 5.640649442137128e-02
0 52 3.440872392942783e+02 7.061188139019440e-18 6.826412184379045e-02
0 53 3.506791624558076e+02 7.400472849470672e-18 6.826867602302147e-02
1 29 3.559165431578061e+02 6.327320745063310e-18 5.640573054783261e-02
0 54 3.572710820736853e+02 7.341056935272129e-18 6.827186717340149e-02
0 55 3.638632072080775e+02 7.254532100308954e-18 6.828170582824405e-02
