0 0 7.490987351051959e-02 6.245913124774507e-18 1.107195121836521e-01
1 0 2.016020385285824e-01 1.607127963669968e-17 7.032373005517344e-02
0 1 1.743386823955648e+00 5.629620974875739e-18 1.107181225582742e-01
0 2 3.411872616326099e+00 5.896589088994497e-18 1.107201890135238e-01
0 3 5.080350771807562e+00 6.075687875928398e-18 1.107181233508894e-01
1 1 6.275593610126744e+00 1.682193600799179e-14 7.032231098724574e-02
0 4 6.748832850245019e+00 5.723280373654100e-18 1.107190145382380e-01
0 5 8.417307125886808e+00 5.458944050737141e-18 1.107189581438461e-01
0 6 1.008579863300019e+01 5.990577810534926e-18 1.107192855286851e-01
0 7 1.175427344068116e+01 5.816127684611502e-18 1.107191891224948e-01
1 2 1.234956858245949e+01 4.281954904734987e-18 7.032204749660423e-02
0 8 1.342275400593389e+01 5.817907252948155e-18 1.107183884104675e-01
0 9 1.509123263284688e+01 6.087937314640258e-18 1.107201829682409e-01
0 10 1.675971861152005e+01 5.731735660603695e-18 1.107182586346138e-01
0 11 1.842819790290170e+01 6.271283020062595e-18 1.107197269040548e-01
1 3 1.842355946288330e+01 4.289408375325044e-18 7.032383126075219e-02
0 12 2.009667387528308e+01 5.557289532250641e-18 1.107184403625597e-01
0 13 2.176516160271111e+01 5.826035297139341e-18 1.107203103632199e-01
0 14 2.343363814046729e+01 6.097916646692487e-18 1.107185296756743e-01
1 4 2.449754696809147e+01 1.977615938174312e-14 7.032178842738990e-02
0 15 2.510212036831930e+01 5.829961070313991e-18 1.107190659299937e-01
0 16 2.677059492200045e+01 5.563660640524557e-18 1.107194710988445e-01
0 17 2.843908620926449e+01 5.832779748139046e-18 1.107192326614081e-01
0 18 3.010756160507719e+01 5.838055444165242e-18 1.107196404491137e-01
1 5 3.057152300443647e+01 9.694491370362763e-18 7.032264259315994e-02
0 19 3.177604124728195e+01 6.016465151608036e-18 1.107185512560271e-01
0 20 3.344452173370168e+01 6.018215446791116e-18 1.107205653765862e-01
0 21 3.511300544107955e+01 6.025061216105176e-18 1.107184107461928e-01
1 6 3.664551670039184e+01 3.044574548387991e-14 7.032372621441950e-02
0 22 3.678148580906380e+01 6.021267135478351e-18 1.107198690057889e-01
0 23 3.844996096238249e+01 5.574251783272576e-18 1.107188114053416e-01
0 24 4.011845034485929e+01 5.845176045664299e-18 1.107203672720080e-01
0 25 4.178692573798370e+01 5.395197322183125e-18 1.107189816090259e-01
1 7 4.271949940167836e+01 4.277566521088714e-18 7.032150367270297e-02
0 26 4.345540782171362e+01 5.667174719798803e-18 1.107191323012777e-01
0 27 4.512388304190791e+01 5.403782281956330e-18 1.107199898225437e-01
0 28 4.679237349176633e+01 5.309893953046475e-18 1.107191927146884e-01
0 29 4.846084980074845e+01 5.671750368743433e-18 1.107200435759411e-01
1 8 4.879347880678853e+01 4.286094775350773e-18 7.032323481443425e-02
0 30 5.012932841511250e+01 5.320361902562928e-18 1.107187501077623e-01
0 31 5.179781093646297e+01 5.504973766474510e-18 1.107208774046645e-01
0 32 5.346629234182888e+01 5.407207868747437e-18 1.107186398554887e-01
1 9 5.486747335661077e+01 6.869607076342718e-14 7.032335433796430e-02
0 33 5.513477358672221e+01 5.592190066787044e-18 1.107199565213855e-01
0 34 5.680324815562319e+01 5.695483798887565e-18 1.107192342244155e-01
0 35 5.847173878375055e+01 5.327269592481481e-18 1.107203717862403e-01
0 36 6.014021355077980e+01 5.329675593537813e-18 1.107194602827264e-01
1 10 6.094145161446349e+01 4.292827640283880e-18 7.032155068287067e-02
0 37 6.180869522065741e+01 5.691402829872593e-18 1.107192210075422e-01
0 38 6.347717149295892e+01 5.416425368510430e-18 1.107204940372805e-01
0 39 6.514566054099271e+01 5.333720247340495e-18 1.107191858965743e-01
0 40 6.681413796863539e+01 5.162156886824041e-18 1.107203806022985e-01
1 11 6.701543560982731e+01 6.811386106031415e-15 7.032368379100835e-02
0 41 6.848261551568388e+01 5.337765563624825e-18 1.107189907599377e-01
0 42 7.015110013525279e+01 5.351086205418268e-18 1.107211140527559e-01
0 43 7.181957938712522e+01 5.340570633769256e-18 1.107189447630312e-01
1 12 7.308942882303873e+01 4.353858886335424e-18 7.032277074255470e-02
0 44 7.348806124691092e+01 5.424314313409186e-18 1.107200131438122e-01
0 45 7.515653553103046e+01 5.064953959988742e-18 1.107197021739741e-01
0 46 7.682502688672167e+01 5.426637236924835e-18 1.107203393601621e-01
0 47 7.849350154295540e+01 5.242217980666931e-18 1.107199450301266e-01
1 13 7.916340432547983e+01 4.329391019581805e-18 7.032186911803918e-02
0 48 8.016198256487698e+01 4.988096630307398e-18 1.107193360309369e-01
0 49 8.183046024807547e+01 4.631758402833045e-18 1.107209638424221e-01
0 50 8.349894743511923e+01 5.526397649571971e-18 1.107192304054677e-01
0 51 8.516742605920297e+01 4.978016615185311e-18 1.107206401894257e-01
1 14 8.523739297383263e+01 4.366501515794612e-18 7.032390289171986e-02
0 52 8.683590257330602e+01 5.087869340502342e-18 1.107192791355466e-01
0 53 8.850438922600267e+01 5.436975680482913e-18 1.107212757416271e-01
0 54 9.017286662987989e+01 4.919485147334504e-18 1.107193178277962e-01
1 15 9.131138294236351e+01 3.230819777081679e-17 7.032216971222353e-02
0 55 9.184134881035480e+01 5.251627591211163e-18 1.107200613166269e-01
0 56 9.350982315888385e+01 4.529283748809539e-18 1.107202032766127e-01
0 57 9.517831464892386e+01 5.078488373657435e-18 1.107202881607869e-01
0 58 9.684678966248184e+01 5.096389875867006e-18 1.107204144397926e-01
1 16 9.738535803472089e+01 8.155247794912647e-16 7.032240365245811e-02
0 59 9.851526984658123e+01 5.192781470396414e-18 1.107194804246916e-01
0 60 1.001837492475636e+02 4.833860311429716e-18 1.107213818192405e-01
0 61 1.018522342625764e+02 5.024729431615456e-18 1.107193406247156e-01
1 17 1.034593503433225e+02 4.288978927568196e-18 7.032392149546755e-02
0 62 1.035207140379263e+02 4.836235595510880e-18 1.107208218248788e-01
0 63 1.051891896327597e+02 4.933517188877088e-18 1.107196196241601e-01
0 64 1.068576781165581e+02 4.897192868247367e-18 1.107213678964005e-01
0 65 1.085261540977893e+02 4.993711793350273e-18 1.107197459013361e-01
1 18 1.095333357985779e+02 4.284047679190324e-18 7.032172806623609e-02
0 66 1.101946362990488e+02 4.917113745013783e-18 1.107201178481545e-01
0 67 1.118631110920908e+02 4.748359187942666e-18 1.107207210042432e-01
0 68 1.135316020929692e+02 5.206344270675459e-18 1.107202381699641e-01
0 69 1.152000778487186e+02 5.112651548932916e-18 1.107208472035577e-01
1 19 1.156073130813334e+02 4.275113546875792e-18 7.032301081258112e-02
0 70 1.168685570570349e+02 4.655928979911669e-18 1.107196580174507e-01
0 71 1.185370384056753e+02 5.481028228498456e-18 1.107217346933765e-01
0 72 1.202055211131573e+02 5.020709023616873e-18 1.107195255571169e-01
1 20 1.216813074137546e+02 8.251639917939244e-16 7.032370306291548e-02
0 73 1.218740018887863e+02 4.587333356478180e-18 1.107209375326819e-01
0 74 1.235424767569475e+02 5.371406754052502e-18 1.107200133111182e-01
0 75 1.252109667343482e+02 4.950467816061933e-18 1.107214003449428e-01
0 76 1.268794417918203e+02 4.952738946998819e-18 1.107202117421177e-01
1 21 1.277552880711779e+02 1.261396740709736e-17 7.032159579047143e-02
0 77 1.285479237288207e+02 5.027651393582223e-18 1.107201931062620e-01
0 78 1.302163993564190e+02 4.835915627278309e-18 1.107212358550835e-01
0 79 1.318848892667147e+02 4.569092214483627e-18 1.107202099537205e-01
0 80 1.335533660399910e+02 4.790818432261664e-18 1.107212234776643e-01
1 22 1.338292693596666e+02 4.292258780640121e-18 7.032355984872682e-02
0 81 1.352218441947823e+02 4.378417963601801e-18 1.107198740023674e-01
0 82 1.368903276205516e+02 4.629149066354341e-18 1.107220143460465e-01
0 83 1.385588080686600e+02 4.503136708181053e-18 1.107197878078818e-01
1 23 1.399032635711301e+02 4.270883320727169e-18 7.032322879753440e-02
0 84 1.402272896141329e+02 5.037102632518951e-18 1.107210086401677e-01
0 85 1.418957640199675e+02 4.576231651780549e-18 1.107204565790868e-01
0 86 1.435642550313904e+02 4.941606626586042e-18 1.107213866839570e-01
0 87 1.452327296881287e+02 4.748070748686842e-18 1.107206955371613e-01
1 24 1.459772404063263e+02 4.339533732981773e-18 7.032176022607610e-02
0 88 1.469012111052874e+02 4.774584100838996e-18 1.107202926714800e-01
0 89 1.485696879444850e+02 4.346173587833691e-18 1.107217274372758e-01
0 90 1.502381762390662e+02 4.973263075346633e-18 1.107202230795515e-01
0 91 1.519066541805690e+02 4.218842423485331e-18 1.107215276843032e-01
1 25 1.520512264809871e+02 6.229815789971582e-15 7.032391131319458e-02
0 92 1.535751312732712e+02 4.153353123474774e-18 1.107201344071049e-01
0 93 1.552436167857243e+02 4.613276653440074e-18 1.107222181458552e-01
0 94 1.569120951944282e+02 4.585185464054475e-18 1.107201233249836e-01
1 26 1.581252185145805e+02 1.937015988167536e-17 7.032260645011916e-02
0 95 1.585805772302012e+02 4.550450423896795e-18 1.107210590411276e-01
0 96 1.602490514968533e+02 4.354805249564871e-18 1.107209404471993e-01
0 97 1.619175429869489e+02 4.884462595720374e-18 1.107213436330044e-01
0 98 1.635860177429927e+02 4.356708058521850e-18 1.107211761752137e-01
1 27 1.641991934972019e+02 7.561165951017277e-14 7.032218931848225e-02
0 99 1.652544984243311e+02 4.357926659260757e-18 1.107204198530035e-01
0 100 1.669229768146399e+02 4.622958163239075e-18 1.107221766782312e-01
0 101 1.685914630936617e+02 4.459394451339184e-18 1.107202943185092e-01
0 102 1.702599422267739e+02 4.962069325003937e-18 1.107217527400919e-01
1 28 1.702731838949713e+02 4.274959618522857e-18 7.032404494717681e-02
0 103 1.719284183256062e+02 4.626946032672447e-18 1.107204447189629e-01
0 104 1.735969058011447e+02 4.396707363709555e-18 1.107223487404050e-01
0 105 1.752653825329281e+02 4.465099225509833e-18 1.107205219360290e-01
1 29 1.763471720066872e+02 4.294380144638334e-18 7.032205424623218e-02
0 106 1.769338647593499e+02 4.597609843237140e-18 1.107211090564956e-01
0 107 1.786023392517778e+02 4.732662813014301e-18 1.107214508277353e-01
0 108 1.802708306081565e+02 4.899803708934144e-18 1.107212902714841e-01
0 109 1.819393058996957e+02 4.433808911780814e-18 1.107216321652587e-01
1 30 1.824211477656038e+02 2.757729056144620e-14 7.032276903056305e-02
0 110 1.836077856767756e+02 4.802775034679556e-18 1.107205778891537e-01
0 111 1.852762658948991e+02 4.372551239996092e-18 1.107225677756578e-01
0 112 1.869447499206761e+02 3.972613920953946e-18 1.107204359019473e-01
1 31 1.884951411870398e+02 5.824924213104696e-18 7.032396217002980e-02
0 113 1.886132301517738e+02 4.304238562726783e-18 1.107219036191347e-01
0 114 1.902817054049391e+02 3.974499933251591e-18 1.107208081121539e-01
0 115 1.919501945822953e+02 4.238696114451743e-18 1.107224135335718e-01
0 116 1.936186701003056e+02 4.709235248302158e-18 1.107209685291117e-01
1 32 1.945691245524561e+02 2.174996170465938e-14 7.032174128496346e-02
0 117 1.952871522216922e+02 4.076831935752625e-18 1.107211726293616e-01
0 118 1.969556273269686e+02 4.178994234433052e-18 1.107219696769979e-01
0 119 1.986241179288856e+02 4.242018156819889e-18 1.107212470083540e-01
0 120 2.002925940962247e+02 4.079435324875201e-18 1.107220425973790e-01
1 33 2.006431033948850e+02 4.278442570016160e-18 7.032337128461980e-02
0 121 2.019610728559726e+02 4.326240470055461e-18 1.107207711931762e-01
0 122 2.036295550911990e+02 4.549419822139988e-18 1.107228895946214e-01
0 123 2.052980368076052e+02 4.285015008062809e-18 1.107206541575580e-01
1 34 2.067170979303507e+02 4.281906941644452e-18 7.032363674791030e-02
0 124 2.069665179477478e+02 4.534448204529596e-18 1.107219970313470e-01
0 125 2.086349925800935e+02 4.185825642760852e-18 1.107212237822482e-01
0 126 2.103034830667405e+02 4.390012668375400e-18 1.107224240578723e-01
0 127 2.119719578864116e+02 4.760467832293535e-18 1.107214445624132e-01
1 35 2.127910767426221e+02 2.156250483991707e-14 7.032173586965608e-02
0 128 2.136404396289253e+02 3.782703104538337e-18 1.107212577739498e-01
0 129 2.153089157343900e+02 3.623417620019623e-18 1.107224768340616e-01
0 130 2.169774050067221e+02 4.292360323629523e-18 1.107212341935349e-01
0 131 2.186458822726444e+02 4.602463950880071e-18 1.107223890421768e-01
1 36 2.188650600748278e+02 4.315124069512931e-18 7.032384381942688e-02
0 132 2.203143599660658e+02 4.135239862049341e-18 1.107210054426246e-01
0 133 2.219828442982627e+02 4.090572052549881e-18 1.107231363787544e-01
0 134 2.236513238301277e+02 4.343598838227593e-18 1.107209488019972e-01
1 37 2.249390536253491e+02 4.308773786726519e-15 7.032306645743484e-02
0 135 2.253198056238544e+02 4.195093565874359e-18 1.107220562758880e-01
0 136 2.269882799269816e+02 4.566559936880521e-18 1.107216858304618e-01
0 137 2.286567712180367e+02 4.257055921661115e-18 1.107223953416104e-01
0 138 2.303252458580687e+02 3.835440106438967e-18 1.107219295147095e-01
1 38 2.310130293491311e+02 4.292468531591494e-18 7.032202276628981e-02
0 139 2.319937269821409e+02 3.883751143878216e-18 1.107213687785929e-01
0 140 2.336622044517164e+02 4.040649638561512e-18 1.107229522085950e-01
0 141 2.353306919178227e+02 3.994202721991309e-18 1.107212704162068e-01
0 142 2.369991703776881e+02 4.250118111206902e-18 1.107226590737035e-01
1 39 2.370870174078868e+02 4.276838985575064e-18 7.032410474745879e-02
0 143 2.386676470285989e+02 4.203296689053023e-18 1.107212866384952e-01
0 144 2.403361334110979e+02 4.252405004498055e-18 1.107233078242372e-01
0 145 2.420046110443588e+02 3.734594250061226e-18 1.107213130302132e-01
1 40 2.431610078956896e+02 4.307306206808501e-18 7.032245503833991e-02
0 146 2.436730932000548e+02 3.579709357254865e-18 1.107221042743747e-01
0 147 2.453415675174189e+02 3.684277647408889e-18 1.107221829874857e-01
0 148 2.470100590274786e+02 3.684312075162743e-18 1.107223452298854e-01
0 149 2.486785339650114e+02 3.789613131393580e-18 1.107224019965119e-01
1 41 2.492349828892529e+02 8.777068471327934e-17 7.032253469256669e-02
0 150 2.503470142742406e+02 3.600140781216666e-18 1.107215086965857e-01
0 151 2.520154934234507e+02 3.850761350453144e-18 1.107233779232965e-01
0 152 2.536839787497497e+02 3.601997164273411e-18 1.107213706911217e-01
1 42 2.553089747936602e+02 3.907993702392507e-16 7.032413553659764e-02
0 153 2.553524583744385e+02 4.369139217843750e-18 1.107228505676983e-01
0 154 2.570209340855496e+02 4.109098646557881e-18 1.107216194968450e-01
0 155 2.586894223353736e+02 4.319749283047392e-18 1.107234087059071e-01
0 156 2.603578984816625e+02 3.750976461841709e-18 1.107217343594966e-01
1 43 2.613829609163502e+02 4.286309050729867e-18 7.032198735564071e-02
0 157 2.620263806987445e+02 3.796823504219443e-18 1.107221587156005e-01
0 158 2.636948554073858e+02 4.009469661859854e-18 1.107226992704363e-01
0 159 2.653633465139798e+02 3.438092941333091e-18 1.107222935242942e-01
0 160 2.670318221472862e+02 4.008617720888485e-18 1.107228406097990e-01
1 44 2.674569377867563e+02 4.273297836402730e-18 7.032314013078438e-02
0 161 2.687003014961034e+02 3.930719348658684e-18 1.107216811860163e-01
0 162 2.703687825668791e+02 4.062494207482163e-18 1.107237400547257e-01
0 163 2.720372655927084e+02 4.010781855189949e-18 1.107215448392555e-01
1 45 2.735309319228222e+02 4.307175258790862e-18 7.032396409446837e-02
0 164 2.737057462442075e+02 4.064308443820023e-18 1.107229739156403e-01
0 165 2.753742211976389e+02 4.224948207986115e-18 1.107220056610102e-01
0 166 2.770427109954404e+02 4.279363666456108e-18 1.107234482884702e-01
0 167 2.787111861466450e+02 3.749086628017619e-18 1.107221959977338e-01
1 46 2.796049132144951e+02 1.469478465126635e-15 7.032180765395006e-02
0 168 2.803796681369828e+02 4.068409263439936e-18 1.107222307864386e-01
0 169 2.820481436268674e+02 3.750623912133274e-18 1.107232154652449e-01
0 170 2.837166337221214e+02 3.340417541880536e-18 1.107222608025508e-01
0 171 2.853851103428816e+02 3.964457669955160e-18 1.107232252003605e-01
1 47 2.856788938698207e+02 5.715024033437515e-18 7.032370220246138e-02
0 172 2.870535886447313e+02 4.179970717899283e-18 1.107218912610677e-01
0 173 2.887220717816626e+02 4.073403337662981e-18 1.107240297402747e-01
0 174 2.903905525301795e+02 3.705371263990193e-18 1.107217963782380e-01
1 48 2.917528882684954e+02 4.293078861380573e-18 7.032351309975363e-02
0 175 2.920590339870131e+02 3.449608211248023e-18 1.107230494914119e-01
0 176 2.937275084379941e+02 3.807844195318863e-18 1.107224422248606e-01
0 177 2.953959993397093e+02 3.600578814071187e-18 1.107234396919585e-01
0 178 2.970644740186356e+02 3.816090920585333e-18 1.107226783740492e-01
1 49 2.978268655125877e+02 4.275105263471808e-18 7.032192464835553e-02
0 179 2.987329555218963e+02 3.809174749327801e-18 1.107223265770034e-01
0 180 3.004014321732493e+02 3.972799525670094e-18 1.107237111633111e-01
0 181 3.020699207182571e+02 3.776816139937321e-18 1.107222668795667e-01
0 182 3.037383984948139e+02 3.819601238626717e-18 1.107235394369543e-01
1 50 3.039008509296788e+02 4.331670534650164e-18 7.032409259669661e-02
0 183 3.054068757311163e+02 3.391926179180407e-18 1.107221449054176e-01
0 184 3.070753609612598e+02 3.821332275658245e-18 1.107242435982388e-01
0 185 3.087438396302597e+02 3.312999816521229e-18 1.107221221510694e-01
1 51 3.099748433703243e+02 9.439128517977518e-15 7.032290253784637e-02
0 186 3.104123216176632e+02 3.565286066544730e-18 1.107231012117508e-01
0 187 3.120807958822421e+02 3.207273083940342e-18 1.107229209541852e-01
0 188 3.137492873436016e+02 3.716165690107473e-18 1.107233992516700e-01
0 189 3.154177620562446e+02 4.089558751953840e-18 1.107231604635113e-01
1 52 3.160488184419046e+02 1.778982994048202e-17 7.032233209079825e-02
0 190 3.170862428505067e+02 4.005687195360948e-18 1.107224495580553e-01
0 191 3.187547210094775e+02 3.569674730859779e-18 1.107241669789555e-01
0 192 3.204232075844722e+02 3.317896363707496e-18 1.107223290247133e-01
0 193 3.220916865573534e+02 3.318725561400882e-18 1.107237748922516e-01
1 53 3.221228083209984e+02 5.667814650603198e-14 7.032424303027110e-02
0 194 3.237601627854926e+02 3.428628119174020e-18 1.107224477890284e-01
0 195 3.254286500041108e+02 3.504633152571946e-18 1.107243835804381e-01
0 196 3.270971269388699e+02 3.683131450548670e-18 1.107225127572607e-01
1 54 3.281967970290946e+02 4.275796366999691e-18 7.032232571714936e-02
0 197 3.287656091582654e+02 3.356554334494501e-18 1.107231501132810e-01
0 198 3.304340835967790e+02 3.214016226891173e-18 1.107234284133512e-01
0 199 3.321025750104259e+02 3.575635276386888e-18 1.107233457803818e-01
0 200 3.337710502040525e+02 3.078559348505967e-18 1.107236207523290e-01
1 55 3.342707725634893e+02 4.275588749600770e-18 7.032289570662222e-02
0 201 3.354395301138950e+02 3.687836461181851e-18 1.107226028748004e-01
0 202 3.371080100673222e+02 3.578596508595445e-18 1.107245665577572e-01
0 203 3.387764944106137e+02 3.772603474563462e-18 1.107224601905426e-01
1 56 3.403447656535835e+02 3.808479528703417e-14 7.032419832640099e-02
0 204 3.404449745010910e+02 3.690446189056311e-18 1.107239348377490e-01
0 205 3.421134498583971e+02 4.328505880918378e-18 1.107228035184033e-01
0 206 3.437819388230888e+02 2.973369873235806e-18 1.107244564776022e-01
0 207 3.454504144758757e+02 3.329038671015354e-18 1.107229536603663e-01
1 57 3.464187496848508e+02 4.663096782886663e-18 7.032198067358722e-02
0 208 3.471188966297558e+02 3.449337588849395e-18 1.107232110380061e-01
0 209 3.487873716274670e+02 3.663839775580769e-18 1.107239470021297e-01
0 210 3.504558623705094e+02 3.474052270880663e-18 1.107232995831914e-01
