0 0 3.620359900353624e-02 1.130144290767443e-13 1.103152728672225e-01
1 0 6.533769643873918e-01 4.312147577156484e-18 7.067625208479925e-02
0 1 1.704693941952604e+00 1.130023801775494e-13 1.103142894216846e-01
0 2 3.373188315306882e+00 1.129682659997482e-13 1.103168504886634e-01
0 3 5.041678777363073e+00 1.129825260064570e-13 1.103150116192143e-01
0 4 6.710171609004139e+00 1.129713444334535e-13 1.103163823041826e-01
1 1 6.727352305221715e+00 7.448051502732421e-15 7.067773609360269e-02
0 5 8.378654885752329e+00 1.133415289210812e-13 1.103150578590802e-01
0 6 1.004715950509132e+01 1.127747581539167e-13 1.103166091240615e-01
0 7 1.171564522345278e+01 1.130744156784819e-13 1.103155488203111e-01
1 2 1.280131724468173e+01 4.510264485217424e-18 7.067556469868094e-02
0 8 1.338413938835899e+01 1.129142319235993e-13 1.103159160948101e-01
0 9 1.505262398831322e+01 1.133165676138532e-13 1.103169223579661e-01
0 10 1.672112319715816e+01 1.129292566690520e-13 1.103159356191821e-01
0 11 1.838961209450153e+01 1.131308913625649e-13 1.103165656580574e-01
1 3 1.887527899971361e+01 4.389144144704549e-14 7.067670509189464e-02
0 12 2.005810081796291e+01 1.131985108952342e-13 1.103152989672181e-01
0 13 2.172659832855173e+01 1.130119354743045e-13 1.103179425449223e-01
0 14 2.339508691468165e+01 1.131243882570049e-13 1.103161208723867e-01
1 4 2.494925485053399e+01 4.258871189786739e-18 7.067752497247629e-02
0 15 2.506358057066674e+01 1.130532174446853e-13 1.103174499964889e-01
0 16 2.673206300883674e+01 1.134846062564280e-13 1.103164539289293e-01
