1 0 8.817630812085309e+00 1.395436702471141e-17 4.550638211612151e-02
1 1 1.910652863471324e+01 5.974428333622615e-18 4.550813216630625e-02
1 2 2.939462324523165e+01 5.442979098744531e-18 4.550291476729026e-02
0 0 3.391979775470664e+01 9.711345215666017e-17 2.844927685489579e-02
1 3 3.968318459076670e+01 5.024372130819317e-18 4.550074145464433e-02
1 4 4.997145390298405e+01 3.144526051304116e-17 4.550866163832876e-02
1 5 6.026045612408804e+01 5.806452629341977e-15 4.550538503085946e-02
1 6 7.054879970312443e+01 1.907677130851843e-15 4.550407620590384e-02
0 1 7.367403342713541e+01 9.867564865482444e-17 2.844942636794269e-02
1 7 8.083737940167640e+01 1.315540694949856e-15 4.550147891684245e-02
