1 0 5.041304831233758e+00 7.821595750655855e-18 5.707252806629753e-02
0 0 6.643644066968342e+00 8.315192155922789e-18 5.316729468698608e-02
1 1 1.508267339624752e+01 1.194110899932244e-15 5.706844371894716e-02
0 1 2.180891343098934e+01 7.707087536786812e-18 5.316941409477036e-02
1 2 2.512435987748152e+01 1.951012379308328e-17 5.707188278027273e-02
1 3 3.516737979801957e+01 6.487341531044189e-18 5.706727981475886e-02
0 2 3.697365153685191e+01 7.881883577398485e-18 5.317267896120437e-02
1 4 4.520677885302364e+01 8.905214370899974e-18 5.706322285844269e-02
0 3 5.214268698049560e+01 8.314578608996234e-18 5.317402643912748e-02
1 5 5.524636105681027e+01 5.259019827237927e-16 5.706692249983377e-02
1 6 6.528721736603241e+01 6.900413907581937e-17 5.706695136165892e-02
0 4 6.731140329505700e+01 8.128803892461910e-18 5.317360657662299e-02
1 7 7.532511796141698e+01 8.422242623068880e-18 5.706295666716248e-02
0 5 8.248335132877398e+01 7.707359417346358e-18 5.317410756849439e-02
1 8 8.536305875064598e+01 6.680121623428712e-18 5.706688457599689e-02
1 9 9.540225231578263e+01 1.524383032322572e-16 5.707079337517854e-02
0 6 9.765509785758310e+01 9.133560538466282e-18 5.317074864847680e-02
1 10 1.054390974167986e+02 6.382232404700074e-16 5.706690472339965e-02
0 7 1.128291544954089e+02 1.295655515629489e-17 5.317035889373894e-02
1 11 1.154758356071121e+02 6.295207634332271e-18 5.707101371004244e-02
1 12 1.255138522668455e+02 4.885017249060904e-15 5.707817369102613e-02
0 8 1.280030059853632e+02 1.370436008766596e-17 5.316465605776355e-02
1 13 1.355500575170210e+02 2.458693386635895e-17 5.707444773811387e-02
0 9 1.431784153122755e+02 2.195774608568756e-17 5.316336865130310e-02
1 14 1.455860095391001e+02 5.812349403401257e-15 5.707866358931717e-02
1 15 1.556233216700817e+02 6.383439162078891e-18 5.708857332492678e-02
0 10 1.583534743079186e+02 3.364936418271771e-17 5.315576207057705e-02
1 16 1.656592876497416e+02 7.639941289200514e-15 5.708505806078825e-02
0 11 1.735295095107813e+02 5.112870752966369e-17 5.315361119284180e-02
1 17 1.756948598522847e+02 8.284774573776431e-18 5.708930126316321e-02
1 18 1.857319271866644e+02 5.865775097281211e-14 5.710162263894758e-02
0 12 1.887049026950136e+02 7.456250153285805e-17 5.314436506000920e-02
1 19 1.957680428202771e+02 7.505433185183895e-18 5.709835946397972e-02
0 13 2.038808531515660e+02 1.080587580131260e-16 5.314142562330798e-02
1 20 2.058036340948472e+02 2.138222092679618e-17 5.710254586383910e-02
1 21 2.158409056958216e+02 8.345390340493944e-18 5.711702849985330e-02
0 14 2.190557243718320e+02 1.507894812746597e-16 5.313067745489836e-02
1 22 2.258775549881215e+02 1.185384624996025e-14 5.711406913147816e-02
0 15 2.342308772526684e+02 1.996006288214861e-16 5.312706037478920e-02
1 23 2.359135635894696e+02 7.809232240471485e-18 5.711809959143144e-02
1 24 2.459514905118430e+02 7.039537210638214e-18 5.713452788547335e-02
0 16 2.494043684328342e+02 2.466679856048544e-16 5.311490053296848e-02
1 25 2.559890704768348e+02 7.039895323387573e-18 5.713191057101765e-02
0 17 2.645779804036166e+02 2.934301424519970e-16 5.311074385681266e-02
1 26 2.660259114088109e+02 2.456860358926273e-15 5.713568096067759e-02
1 27 2.760649572504399e+02 1.106294959726508e-17 5.715381893973886e-02
0 18 2.797492157295770e+02 6.745014035528369e-16 5.309726732608507e-02
1 28 2.861038878741170e+02 7.346459162327360e-18 5.715156382703265e-02
0 19 2.949204949043467e+02 4.826126595683892e-16 5.309271282520715e-02
1 29 2.961420030153743e+02 8.894872091894729e-18 5.715501754300956e-02
1 30 3.061826398677322e+02 7.233571297025491e-16 5.717450720374206e-02
0 20 3.100885821914527e+02 3.873192993004262e-16 5.307810418238876e-02
1 31 3.162233607496557e+02 4.871221685733069e-17 5.717262431712767e-02
0 21 3.252566890100491e+02 3.085408423762194e-16 5.307329676739583e-02
1 32 3.262632123871005e+02 6.704362976312991e-18 5.717566280614948e-02
1 33 3.363059166319891e+02 7.035080428244814e-18 5.719598462933621e-02
0 22 3.404207336635346e+02 2.871634341393250e-16 5.305793225379819e-02
1 34 3.463488798876987e+02 3.387267103913664e-16 5.719447673495041e-02
