0 0 4.709074313972363e+00 5.114966568871282e-18 5.942312620322399e-02
0 1 1.310205285911622e+01 5.115066920455629e-18 5.942155694658061e-02
1 0 1.815581927214387e+01 1.092807554277336e-13 4.188698198067939e-02
0 2 2.149505140896205e+01 5.174763085130596e-18 5.942200062973110e-02
0 3 2.988801732073776e+01 5.102601248569672e-18 5.942338703075918e-02
0 4 3.828103395855295e+01 4.869286656881235e-18 5.942235453665134e-02
1 1 4.545464552950152e+01 4.895031710868541e-14 4.188728392474864e-02
0 5 4.667400965802852e+01 4.928872600877286e-18 5.942371644661897e-02
0 6 5.506694010774270e+01 5.348285512945974e-18 5.942362088426387e-02
0 7 6.345997174461780e+01 5.115031111868412e-18 5.942352276241956e-02
0 8 7.185290901017812e+01 5.114892330704148e-18 5.942411137673737e-02
1 2 7.275346510562484e+01 5.607173099895815e-15 4.188733212015783e-02
0 9 8.024584557539306e+01 5.102670623946290e-18 5.942277554576209e-02
0 10 8.863886847928249e+01 5.727770081244202e-18 5.942364845501056e-02
0 11 9.703180965712821e+01 5.114880106794832e-18 5.942255026027309e-02
1 3 1.000522926753980e+02 1.906942161173877e-16 4.188707491622120e-02
0 12 1.054247860141916e+02 5.174608188514050e-18 5.942177624803324e-02
0 13 1.138177864258013e+02 5.174555519782800e-18 5.942333190429364e-02
0 14 1.222107667549697e+02 5.174658897415973e-18 5.942176914237664e-02
1 4 1.273511325592547e+02 1.037370030401997e-17 4.188699329150639e-02
0 15 1.306037653160684e+02 5.102691832285120e-18 5.942226486044209e-02
0 16 1.389967295314173e+02 4.928871184338475e-18 5.942361620767505e-02
0 17 1.473897473121704e+02 5.115030444170939e-18 5.942261739204741e-02
1 5 1.546499580363069e+02 7.108292247271169e-17 4.188729460166050e-02
0 18 1.557827213040562e+02 5.348323738965880e-18 5.942398983398042e-02
0 19 1.641756509624694e+02 5.114788814711781e-18 5.942381826006517e-02
0 20 1.725686826414758e+02 5.727878860397630e-18 5.942376082769044e-02
0 21 1.809616190178241e+02 5.114798101591977e-18 5.942427795347766e-02
1 6 1.819487777535018e+02 3.146944118170114e-15 4.188733189297215e-02
0 22 1.893545568547347e+02 5.727204764072501e-18 5.942293366896804e-02
0 23 1.977475790695588e+02 5.114815047639944e-18 5.942384301743837e-02
0 24 2.061405214113238e+02 5.727262697835198e-18 5.942269720172591e-02
1 7 2.092476059666134e+02 3.241400362586582e-14 4.188706490039462e-02
0 25 2.145334993675504e+02 5.174527199175801e-18 5.942196910621433e-02
0 26 2.229264985910388e+02 5.114785607947674e-18 5.942353901710018e-02
0 27 2.313194806989721e+02 5.174577677710528e-18 5.942198446598798e-02
1 8 2.365464457962753e+02 6.249060186187634e-14 4.188700475212487e-02
0 28 2.397124791833895e+02 5.174593744887634e-18 5.942253165670296e-02
0 29 2.481054416975103e+02 5.102603579549637e-18 5.942384540138724e-02
0 30 2.564984605788112e+02 5.174615374611894e-18 5.942288083573959e-02
1 9 2.638452705195731e+02 1.038309857345265e-17 4.188730514278371e-02
0 31 2.648914328346453e+02 6.568693743739620e-18 5.942426061064646e-02
0 32 2.732843617842418e+02 5.348141674586378e-18 5.942401349464763e-02
0 33 2.816773934645576e+02 5.102567489688571e-18 5.942399679375604e-02
0 34 2.900703290392266e+02 5.102582030823958e-18 5.942444087228284e-02
1 10 2.911440904197510e+02 1.025629302386943e-17 4.188733153040211e-02
0 35 2.984632682063809e+02 5.174364062232922e-18 5.942309164106360e-02
0 36 3.068562897126208e+02 4.928843648742483e-18 5.942403697130598e-02
0 37 3.152492332766540e+02 6.174822407100323e-18 5.942284607592950e-02
1 11 3.184429193069849e+02 1.028275518645736e-17 4.188705489047182e-02
0 38 3.236422127962929e+02 5.174446190077807e-18 5.942216490391724e-02
0 39 3.320352108063461e+02 5.174385186892397e-18 5.942374756046912e-02
0 40 3.404281946855882e+02 5.348253532937090e-18 5.942220287768975e-02
1 12 3.457417589827677e+02 1.022762968378864e-17 4.188701634393855e-02
0 41 3.488211930052632e+02 5.727360681786893e-18 5.942280090292659e-02
0 42 3.572141538161162e+02 5.114675775557589e-18 5.942407449582265e-02
