0 0 7.644851798582738e-01 2.404476350457651e-18 6.659701475488566e-02
0 1 4.329655494707640e+00 2.348275989023907e-18 6.659923313668503e-02
0 2 7.894738947386997e+00 2.404643522638635e-18 6.659737380309573e-02
1 0 9.797708726430594e+00 5.323923852655426e-18 4.229128734145413e-02
2 0 1.117660381217648e+01 9.617449184599706e-16 3.867786304004821e-02
0 3 1.145985854718971e+01 2.404697816664726e-18 6.659804101551778e-02
0 4 1.502494035409599e+01 2.262381575196416e-18 6.659908878505991e-02
0 5 1.859008256599093e+01 2.348293535831399e-18 6.659769261498107e-02
0 6 2.215519503115056e+01 2.262391719132004e-18 6.659884107248989e-02
1 1 2.215128896971893e+01 5.353618805241792e-18 4.228807092949113e-02
0 7 2.572028173901374e+01 2.434459163017681e-18 6.659686293261373e-02
2 1 2.853233395092963e+01 6.529502817363828e-18 3.868457756083475e-02
0 8 2.928544907147498e+01 2.434607169542809e-18 6.659926575300980e-02
0 9 3.285052906565401e+01 2.262402442106498e-18 6.659775920787349e-02
1 2 3.450778972399338e+01 6.829931622079655e-17 4.228701289226175e-02
0 10 3.641565593678268e+01 2.232736324915585e-18 6.659845153803960e-02
0 11 3.998075723707895e+01 2.520427749329507e-18 6.660012057945554e-02
0 12 4.354587883018442e+01 2.262402108927072e-18 6.659738708424540e-02
2 2 4.588874135577465e+01 1.450354314065344e-16 3.867632395567142e-02
1 3 4.686118245500802e+01 5.352567432585460e-18 4.229285956445525e-02
0 13 4.711098777872584e+01 2.262357075905337e-18 6.659931324176893e-02
0 14 5.067606654000220e+01 2.262399378325743e-18 6.659751509921293e-02
0 15 5.424124723048513e+01 2.654717352743589e-18 6.659964282109179e-02
0 16 5.780633873032428e+01 2.348129451417270e-18 6.659843105152788e-02
1 4 5.922559424012304e+01 5.381850014497380e-18 4.236710722625248e-02
0 17 6.137145046961375e+01 2.262372403371182e-18 6.659785610209801e-02
2 3 6.323111244959347e+01 2.695428355399680e-15 3.860200781832292e-02
0 18 6.493655722746854e+01 2.262286902229602e-18 6.660060628752046e-02
0 19 6.850166644746977e+01 2.262363291154323e-18 6.659788374253754e-02
1 5 7.158460455275375e+01 5.872133097347704e-17 4.236306370407637e-02
0 20 7.206678991863585e+01 2.348041120695311e-18 6.660014201045503e-02
0 21 7.563187492957836e+01 2.435015580492638e-18 6.659828106232768e-02
0 22 7.919704006810936e+01 2.405602664736385e-18 6.659911827640333e-02
2 4 8.057758665328183e+01 6.530596985183898e-18 3.860165970346507e-02
0 23 8.276213068863392e+01 2.262326456396196e-18 6.659885862909090e-02
1 6 8.394333100386066e+01 5.363214962122402e-18 4.236781422054485e-02
0 24 8.632723746276805e+01 2.812638466162423e-18 6.659810875818520e-02
0 25 8.989236685946514e+01 2.435209608313360e-18 6.660153158909778e-02
0 26 9.345747581913828e+01 2.262327470254706e-18 6.659817466495024e-02
1 7 9.630797086371132e+01 7.972980158899256e-15 4.232033712005390e-02
0 27 9.702258440300469e+01 2.405728374090699e-18 6.660007393158847e-02
2 5 9.791908448298433e+01 1.722530209176985e-14 3.864825931273860e-02
0 28 1.005876662566897e+02 2.405688020436784e-18 6.659892680273034e-02
0 29 1.041528290406307e+02 2.435466589723508e-18 6.659933929959411e-02
0 30 1.077179338721049e+02 2.405894065312455e-18 6.659989440014269e-02
1 8 1.086637693746138e+02 1.424108516380413e-16 4.231485310729355e-02
0 31 1.112830430470819e+02 2.435547349749377e-18 6.659789416937066e-02
0 32 1.148481663546494e+02 2.405948467899902e-18 6.660164613511874e-02
2 6 1.152703514972714e+02 5.192635998698132e-17 3.865594054004533e-02
0 33 1.184132678265730e+02 2.813978148280994e-18 6.659852823040888e-02
1 9 1.210224504965512e+02 5.319640002236391e-18 4.231570389669545e-02
0 34 1.219783802658123e+02 2.406027117260297e-18 6.660057411295461e-02
0 35 1.255434729812271e+02 2.232673550037198e-18 6.660031110944874e-02
0 36 1.291086323309171e+02 2.262273595095596e-18 6.659887060298458e-02
0 37 1.326737242927770e+02 2.262242968172805e-18 6.660032917415638e-02
2 7 1.326231384110000e+02 6.521442413854734e-18 3.864841918645742e-02
1 10 1.333778839400653e+02 5.468143397682589e-18 4.232005746422507e-02
0 38 1.362388289381792e+02 2.435809390148646e-18 6.659801272383895e-02
0 39 1.398039674723650e+02 2.406266982835386e-18 6.660214342691555e-02
0 40 1.433690759583851e+02 2.815075511576543e-18 6.659951907800686e-02
1 11 1.457409494910999e+02 1.426295918450598e-16 4.239197072179256e-02
0 41 1.469341876793224e+02 2.900724934111231e-18 6.660004604656874e-02
2 8 1.499672531218906e+02 2.654052496952564e-14 3.857765470570546e-02
0 42 1.504992687694393e+02 2.435848889804038e-18 6.660108263767726e-02
0 43 1.540644194797284e+02 2.436065250042114e-18 6.659894096266607e-02
0 44 1.576295206612539e+02 2.436013994843451e-18 6.660119697810714e-02
1 12 1.581004666903547e+02 5.311285593658420e-18 4.238830044463875e-02
0 45 1.611946327564244e+02 2.232718247875793e-18 6.659884109985351e-02
0 46 1.647597742606640e+02 2.262156300588526e-18 6.660157250731653e-02
2 9 1.673131175657021e+02 2.302953095657267e-17 3.857549901447149e-02
0 47 1.683248690868426e+02 2.436187625466754e-18 6.660005040196207e-02
1 13 1.704594248561873e+02 5.522020288684238e-18 4.239273289928536e-02
0 48 1.718899799270642e+02 2.262199616018754e-18 6.660010237536582e-02
0 49 1.754550725827289e+02 2.521615308642543e-18 6.660221034667854e-02
0 50 1.790202265285136e+02 2.347647990254802e-18 6.659950236442992e-02
0 51 1.825853187908646e+02 2.262173353509486e-18 6.660101304084580e-02
1 14 1.828256410439730e+02 1.534685710008630e-15 4.235147932003582e-02
2 10 1.846520551609972e+02 6.532890003759100e-18 3.861601399233705e-02
0 52 1.861504203420922e+02 2.436367514061167e-18 6.659931897289861e-02
0 53 1.897155686419620e+02 2.232631111963497e-18 6.660166748148309e-02
0 54 1.932806709035102e+02 2.232650583049938e-18 6.660098295768524e-02
1 15 1.951829387489213e+02 5.316378136819047e-18 4.234426671973123e-02
0 55 1.968457932764479e+02 2.262164053989670e-18 6.660035215948031e-02
0 56 2.004108747494103e+02 2.436447796102141e-18 6.660232925734534e-02
2 11 2.020003784744347e+02 6.539001707657532e-18 3.862290653858239e-02
0 57 2.039760164231853e+02 2.817567192564887e-18 6.659979334821226e-02
0 58 2.075411093630337e+02 2.655434944426179e-18 6.660159568162437e-02
1 16 2.075429330586315e+02 2.318618738479230e-14 4.234737121726231e-02
0 59 2.111062172208021e+02 2.436635197078782e-18 6.660037531441194e-02
0 60 2.146713823332504e+02 2.436803968290885e-18 6.660159150643490e-02
0 61 2.182364654105035e+02 3.036795173881687e-18 6.660101493427296e-02
2 12 2.193509435811208e+02 9.670844601106544e-18 3.861563757376578e-02
1 17 2.198997164119939e+02 6.672681860532464e-16 4.234886112105534e-02
0 62 2.218015866953727e+02 2.262141733770022e-18 6.660033482175526e-02
0 63 2.253666734178888e+02 2.262057075668069e-18 6.660310282389331e-02
0 64 2.289318184104086e+02 2.818600287607854e-18 6.660070743986700e-02
1 18 2.322604088944064e+02 5.309666902609205e-18 4.241117531637860e-02
0 65 2.324969218936286e+02 2.262100089457035e-18 6.660173694086644e-02
0 66 2.360620069160330e+02 2.407437874472647e-18 6.660077028360151e-02
2 13 2.366985941035968e+02 6.572781362712398e-18 3.855899818862312e-02
0 67 2.396271755960241e+02 2.407645871745528e-18 6.660148326038362e-02
0 68 2.431922580844633e+02 2.522320636740350e-18 6.660173185712844e-02
1 19 2.446194157231886e+02 1.933826446944254e-14 4.240556238282631e-02
0 69 2.467573906891884e+02 2.437155487156328e-18 6.660097616327360e-02
0 70 2.503224897363099e+02 2.789826977859803e-18 6.660313264470442e-02
0 71 2.538876084239436e+02 2.437211425852353e-18 6.660100221845137e-02
2 14 2.540458280889463e+02 6.536214136075321e-18 3.855700760048309e-02
1 20 2.569775575315483e+02 7.711300551398045e-16 4.241251003908273e-02
0 72 2.574527156804165e+02 2.480561015767748e-18 6.660194460775622e-02
0 73 2.610177989350979e+02 2.347327003150052e-18 6.660178791175865e-02
0 74 2.645829815306358e+02 2.262045457220844e-18 6.660204023824061e-02
0 75 2.681480638548467e+02 2.905304494277657e-18 6.660158660133170e-02
1 21 2.693443038352503e+02 5.312938068470917e-18 4.237573675331233e-02
2 15 2.713841416417871e+02 4.342825025856455e-17 3.859150883234205e-02
0 76 2.717131801881325e+02 2.790847281201051e-18 6.660108691867896e-02
0 77 2.752782887120739e+02 2.827301748360729e-18 6.660344180218612e-02
0 78 2.788434035341174e+02 2.262039972521100e-18 6.660182267136815e-02
1 22 2.817020788471472e+02 8.717139353874846e-15 4.237031544178753e-02
0 79 2.824085260841491e+02 2.262017260218073e-18 6.660276510499766e-02
0 80 2.859736005242698e+02 2.820457760289964e-18 6.660185644870324e-02
2 16 2.887315282010450e+02 1.332822308840384e-14 3.859749752081164e-02
0 81 2.895387712052305e+02 2.232620121175290e-18 6.660211116666659e-02
0 82 2.931038533412242e+02 2.408224271181565e-18 6.660199840351447e-02
1 23 2.940623105680928e+02 5.249366596384417e-15 4.237216328749333e-02
0 83 2.966689742948459e+02 2.408299909938170e-18 6.660163071432632e-02
0 84 3.002341063448397e+02 2.261946606422196e-18 6.660415291084172e-02
0 85 3.037992030900280e+02 2.408393558236892e-18 6.660161160536845e-02
2 17 3.060817884145859e+02 6.535854923871564e-18 3.858960938599517e-02
1 24 3.064194984612511e+02 5.313710329146192e-18 4.237306971659008e-02
0 86 3.073643213860804e+02 2.261986681931506e-18 6.660303326241222e-02
0 87 3.109293917474108e+02 2.522856167585301e-18 6.660262416079363e-02
0 88 3.144945682190229e+02 2.437968582061231e-18 6.660265082337594e-02
0 89 3.180596637827359e+02 2.792753825636301e-18 6.660277333108179e-02
1 25 3.187769866685590e+02 8.870273168621570e-15 4.241591308246425e-02
0 90 3.216247659653200e+02 2.262019221299943e-18 6.660130340887764e-02
2 18 3.234344513619617e+02 5.534720074696842e-17 3.855273951679863e-02
0 91 3.251899050231867e+02 2.479913807825088e-18 6.660438830310428e-02
0 92 3.287549926942123e+02 2.261982228967604e-18 6.660214363836106e-02
1 26 3.311345137331317e+02 1.474941518700689e-15 4.241123210208329e-02
0 93 3.323201249369125e+02 2.261938651174239e-18 6.660364224526927e-02
0 94 3.358852059840157e+02 2.261941890019027e-18 6.660341236759776e-02
0 95 3.394503584967812e+02 2.261971032435266e-18 6.660227690778220e-02
2 19 3.407849841710319e+02 1.987140558224103e-14 3.854975280666693e-02
0 96 3.430154559351464e+02 2.232587810440400e-18 6.660322287903726e-02
1 27 3.434907685347099e+02 5.316494663280870e-18 4.241822332030960e-02
0 97 3.465805505497099e+02 2.232618535832537e-18 6.660179516301416e-02
0 98 3.501457130179583e+02 2.438347925668854e-18 6.660502172651590e-02
0 99 3.537108040358302e+02 2.409037825063746e-18 6.660243129768498e-02
1 28 3.558571516834782e+02 6.463305207669498e-15 4.238975990195799e-02
0 100 3.572759193425843e+02 2.438416760947586e-18 6.660342118279669e-02
2 20 3.581243976039070e+02 6.533955927544638e-18 3.857654297150392e-02
0 101 3.608410027398115e+02 2.261899514440901e-18 6.660404669053949e-02
0 102 3.644061454382520e+02 2.261932557413314e-18 6.660271045543750e-02
