1 0 1.244557186279704e+00 6.262803784718498e-18 4.998893781002874e-02
0 0 4.872038416462858e+00 4.401972469378960e-18 6.303975127297834e-02
0 1 1.166388554211100e+01 3.948402204126011e-18 6.303496361075285e-02
1 1 1.308187000188157e+01 9.663062010763942e-17 4.999266611469307e-02
0 2 1.845558299516179e+01 4.255694222962206e-18 6.303426229168960e-02
1 2 2.491931183675163e+01 6.436725609850593e-14 4.999192368303833e-02
0 3 2.524723191777137e+01 4.014692756874466e-18 6.303469937567607e-02
0 4 3.203892595794243e+01 4.077059466483766e-18 6.303497025749781e-02
1 3 3.675666298888166e+01 6.377724846342823e-18 4.999220962890155e-02
0 5 3.883067239971547e+01 3.948307504907254e-18 6.303559847719760e-02
0 6 4.562244743807269e+01 4.014743045909782e-18 6.303848883744607e-02
1 4 4.859405977880173e+01 6.001932350491353e-18 4.999004432838030e-02
0 7 5.241412094415079e+01 4.255441897380886e-18 6.303836316880747e-02
