2 0 7.418321592515921e-01 4.208796013406657e-18 6.608365556748018e-02
2 1 7.145771562768969e+00 4.540471695394944e-18 6.607567509523957e-02
0 0 9.425656487534816e+00 8.113177729813714e-18 4.968535487027086e-02
2 2 1.354960000123498e+01 3.328044962720405e-14 6.607408479120302e-02
2 3 1.995376798588378e+01 2.525177269840853e-16 6.607386013964771e-02
0 1 2.352706466848761e+01 7.977419094635532e-18 4.968422569897235e-02
2 4 2.635770981807200e+01 5.295336817551284e-18 6.607408076272875e-02
2 5 3.276175605740757e+01 1.855434583812203e-14 6.608040367477627e-02
1 0 3.522805753112436e+01 1.530882628346062e-17 3.325437315237775e-02
0 2 3.762849972960433e+01 6.917100494783390e-18 4.968500757571109e-02
2 6 3.916566955825366e+01 8.009218052184541e-18 6.608301620448959e-02
2 7 4.556949989130703e+01 3.143072058156147e-17 6.608813519119408e-02
0 3 5.172981127021612e+01 8.111471054159756e-18 4.968489937392423e-02
2 8 5.197320915858195e+01 4.096387294464271e-15 6.609127731142275e-02
2 9 5.837688132585471e+01 3.393694621457688e-15 6.609104965783062e-02
2 10 6.478050252139434e+01 4.676808349553456e-18 6.608631923447472e-02
0 4 6.583131193448806e+01 1.059353098500636e-17 4.968392136797761e-02
2 11 7.118418958375672e+01 4.005446224646307e-18 6.608337446253121e-02
2 12 7.758815162338846e+01 4.089366427730306e-18 6.607490892350394e-02
0 5 7.993272681422913e+01 7.218857907965644e-18 4.968468774289912e-02
1 1 8.078571869316069e+01 1.189704218469646e-15 3.325496636364584e-02
2 13 8.399198544314574e+01 4.000443823103166e-18 6.607338725960761e-02
2 14 9.039615079760060e+01 5.407032592095420e-14 6.607413961232166e-02
0 6 9.403403844016712e+01 9.100939090342610e-18 4.968359227520303e-02
2 15 9.680009786593007e+01 5.033396774833578e-16 6.607519997133504e-02
2 16 1.032041396533968e+02 5.295007685191985e-18 6.608180434335505e-02
0 7 1.081356042356645e+02 8.110248069149302e-18 4.968354894229152e-02
2 17 1.096080466653916e+02 8.591767803060550e-14 6.608423031960740e-02
2 18 1.160118688049707e+02 5.852452185898625e-18 6.608875399901154e-02
0 8 1.222370079477593e+02 7.738606931997866e-18 4.968353991303888e-02
2 19 1.224155658207476e+02 1.431630618012445e-17 6.609116562772908e-02
1 2 1.263430787957797e+02 1.558006068236902e-17 3.325443542837025e-02
2 20 1.288192310326084e+02 2.468767736383413e-15 6.609056174457364e-02
2 21 1.352228610621398e+02 6.104958310987279e-14 6.608570354333307e-02
0 9 1.363384731460222e+02 8.741348503310248e-18 4.968280645823841e-02
2 22 1.416265554356288e+02 8.619641749394867e-14 6.608349961274333e-02
2 23 1.480305417364509e+02 4.022551435734258e-18 6.607568115612886e-02
0 10 1.504401538929904e+02 7.354166794886217e-18 4.968451026971919e-02
2 24 1.544343810521361e+02 4.006104654380820e-18 6.607400657629009e-02
2 25 1.608385460115258e+02 5.282161173499990e-18 6.607475483592219e-02
0 11 1.645415691756077e+02 8.109436854256328e-18 4.968395656640240e-02
2 26 1.672424972044475e+02 8.828437324740848e-14 6.607527655440726e-02
1 3 1.719000801540342e+02 1.537067131517651e-17 3.325320395835389e-02
2 27 1.736465246401804e+02 9.541186464488226e-16 6.608183824924746e-02
0 12 1.786430472171347e+02 7.738550433301324e-18 4.968393667503983e-02
2 28 1.800504210097968e+02 5.294866863513488e-18 6.608468217475735e-02
2 29 1.864542329197751e+02 3.611209941928515e-14 6.608965767216178e-02
0 13 1.927445802297811e+02 7.218175830978887e-18 4.968596616402669e-02
2 30 1.928579266461042e+02 4.611373436092660e-18 6.609221720982519e-02
2 31 1.992615898618347e+02 6.790460164797261e-18 6.609120897516839e-02
2 32 2.056652295655408e+02 1.442385415907188e-15 6.608560115397404e-02
0 14 2.068460476011854e+02 9.098457243694998e-18 4.968508707260787e-02
2 33 2.120689248440748e+02 4.511123577730153e-14 6.608278276839924e-02
1 4 2.174573274924195e+02 1.982953060947348e-14 3.325367530377203e-02
2 34 2.184729233371958e+02 2.970624420149899e-14 6.607486366671833e-02
0 15 2.209475374541489e+02 7.437274682205920e-18 4.968577145118545e-02
2 35 2.248767710915679e+02 4.000445663102791e-18 6.607349590023927e-02
2 36 2.312809337698746e+02 4.089494227573918e-18 6.607554328691122e-02
0 16 2.350488628909794e+02 6.916859554848316e-18 4.968632587184876e-02
2 37 2.376848900215334e+02 4.000301155989905e-18 6.607669777214857e-02
2 38 2.440889065400630e+02 6.490364864162376e-14 6.608311570072105e-02
0 17 2.491502788508895e+02 7.217681487574896e-18 4.968525661648954e-02
2 39 2.504927954809426e+02 1.773417280808718e-15 6.608561289302546e-02
2 40 2.568965990543953e+02 5.294622344807142e-18 6.608979222153624e-02
0 18 2.632516987193226e+02 7.437818512609741e-18 4.968589018538472e-02
1 5 2.630149513841151e+02 1.530695947310413e-17 3.325469037089842e-02
2 41 2.633002772231262e+02 6.828765031202035e-18 6.609187282186846e-02
2 42 2.697039317864685e+02 2.092674705860993e-14 6.609085344245345e-02
2 43 2.761075784878338e+02 5.606745747662923e-18 6.608539398555592e-02
0 19 2.773530480307288e+02 6.917040088498686e-18 4.968513894271280e-02
2 44 2.825112843068374e+02 8.022460706887083e-16 6.608312696376463e-02
2 45 2.889153016776081e+02 3.247462024915814e-14 6.607545322014158e-02
0 20 2.914545958962510e+02 8.020333285310710e-18 4.968468077766004e-02
2 46 2.953191540540146e+02 7.196167936688744e-15 6.607390140276211e-02
2 47 3.017233138905926e+02 4.113298060692546e-18 6.607574039421409e-02
0 21 3.055559733088585e+02 7.053000509026995e-18 4.968494263785906e-02
2 48 3.081272679631014e+02 4.050762753084167e-18 6.607651163555395e-02
1 6 3.085724601200309e+02 2.209699792733750e-16 3.325462973750896e-02
2 49 3.145312728869545e+02 4.706305753729318e-18 6.608319859972184e-02
0 22 3.196573416611104e+02 8.105016091386884e-18 4.968401820770758e-02
2 50 3.209351509690192e+02 1.088902774497857e-13 6.608641996593990e-02
2 51 3.273389471356789e+02 3.273892438995681e-15 6.609098727370694e-02
0 23 3.337590116394913e+02 8.490771944353212e-18 4.968491860468217e-02
2 52 3.337426166432156e+02 1.128788481897841e-17 6.609274222596678e-02
2 53 3.401462658839104e+02 4.548880166360418e-18 6.609116785957495e-02
2 54 3.465499232926427e+02 1.113108067814429e-13 6.608478072733714e-02
0 24 3.478604771912488e+02 7.217099542042344e-18 4.968473539271646e-02
