0 0 1.926674563630578e+00 2.368238414855813e-17 5.597618573534562e-02
0 1 1.136914002824118e+01 2.395709721911938e-17 5.597062438693945e-02
1 0 1.237254436875121e+01 7.045774357031443e-18 4.885816686579620e-02
0 2 2.081120168476541e+01 2.578417310083097e-17 5.596940848748818e-02
1 1 2.716868027252734e+01 8.656676074194577e-18 4.886094416205498e-02
0 3 3.025350139306354e+01 2.500108415968373e-17 5.597038120320325e-02
0 4 3.969623077201569e+01 2.434229501219516e-17 5.596487612189995e-02
1 2 4.196378511534316e+01 7.096843045164346e-18 4.886902634277136e-02
0 5 4.913857728255913e+01 2.380144447968483e-17 5.596341431103770e-02
1 3 5.675898633489247e+01 7.043351484879971e-18 4.886912003251900e-02
0 6 5.858094457253623e+01 2.511953252870306e-17 5.596485194081281e-02
0 7 6.802461927700277e+01 2.508372601165470e-17 5.596903536923312e-02
1 4 7.155106755159363e+01 3.213807139144885e-17 4.886293359383342e-02
0 8 7.746762755026526e+01 2.175161677962962e-17 5.596808764257338e-02
1 5 8.634453599839370e+01 7.014498277828697e-18 4.886002958882788e-02
0 9 8.691041079658416e+01 2.042282093316575e-17 5.596936191958700e-02
0 10 9.635317195165742e+01 2.155870701998698e-17 5.597861853467605e-02
1 6 1.011391725961789e+02 7.225611436638331e-18 4.884741406757096e-02
0 11 1.057958831430935e+02 2.127513240731159e-17 5.597854268281572e-02
0 12 1.152383770725435e+02 2.214200200277277e-17 5.597413789970744e-02
1 7 1.159342583612402e+02 2.394658616424781e-16 4.885262570137733e-02
0 13 1.246804278650109e+02 2.185706827237628e-17 5.597320457297930e-02
1 8 1.307305221886583e+02 7.134195748147964e-18 4.885572959494171e-02
0 14 1.341227434432234e+02 2.157927653690756e-17 5.597400112585721e-02
0 15 1.435653060721944e+02 2.091968166863857e-17 5.596785129070247e-02
1 9 1.455260831678929e+02 7.235216459857078e-18 4.886449266205525e-02
0 16 1.530075113577278e+02 2.203175351662137e-17 5.596636093867340e-02
1 10 1.603217141538613e+02 3.900274255489342e-15 4.886536857642963e-02
0 17 1.624497997693295e+02 2.357585660734862e-17 5.596772928524770e-02
0 18 1.718932247611618e+02 2.137103894081468e-17 5.596819257907980e-02
1 11 1.751146563963391e+02 7.266305395867677e-18 4.886495730583058e-02
0 19 1.813360551368362e+02 2.060622977237643e-17 5.596707304496891e-02
1 12 1.899085777391147e+02 8.385015631277735e-18 4.886267351028234e-02
0 20 1.907787123157066e+02 2.070336142092745e-17 5.596850292457135e-02
0 21 2.002218691962319e+02 1.888731893098284e-17 5.598089968023105e-02
1 13 2.047021123168280e+02 4.658033273642910e-15 4.884422490421900e-02
0 22 2.096647100156638e+02 1.939034223271074e-17 5.598059935071983e-02
0 23 2.191072857930101e+02 1.947449336783762e-17 5.597792103857113e-02
1 14 2.194967266325800e+02 7.075939231574173e-18 4.884635096835772e-02
0 24 2.285493833653233e+02 1.985034243809667e-17 5.597756101784673e-02
1 15 2.342929564596660e+02 7.162521932428295e-18 4.884947603071200e-02
0 25 2.379917526123047e+02 2.061277332737615e-17 5.597816369449664e-02
0 26 2.474342159423180e+02 1.926884781301817e-17 5.597178175411387e-02
1 16 2.490887132420633e+02 2.067845969950176e-14 4.885831852896638e-02
0 27 2.568763262834239e+02 2.089921733395540e-17 5.597031223980196e-02
1 17 2.638846419350012e+02 7.006047457082929e-18 4.885992335628854e-02
0 28 2.663185777098091e+02 2.127840900681398e-17 5.597158197356740e-02
