0 0 1.575692308187007e+00 1.647424776526294e-18 7.700403062067623e-02
0 1 3.802187535195043e+00 1.650108861350819e-18 7.699936134823780e-02
1 0 4.614421830687521e+00 2.017147351464525e-17 5.348760392770768e-02
0 2 6.028711984556413e+00 1.684010954951879e-18 7.699788538888400e-02
0 3 8.255298714005278e+00 1.826318135716356e-18 7.700278577311093e-02
1 1 1.033472320463711e+01 3.201033480164730e-18 5.348939244183815e-02
0 4 1.048179494245412e+01 1.635237255109274e-18 7.700568496497932e-02
0 5 1.270827385385530e+01 1.613557611307929e-18 7.700418575757359e-02
0 6 1.493480171148873e+01 1.731379879755480e-18 7.699780720163774e-02
1 2 1.605511030965498e+01 3.182214344386601e-18 5.348661509965536e-02
0 7 1.716133187537726e+01 1.635457191594748e-18 7.699778809973477e-02
0 8 1.938787210039960e+01 1.635398964458691e-18 7.700468038245717e-02
0 9 2.161435297088969e+01 1.601171233604503e-18 7.700619074181174e-02
1 3 2.177546973358961e+01 5.188489401419879e-16 5.348903493659329e-02
0 10 2.384084298826053e+01 1.647713152619378e-18 7.700322328809842e-02
0 11 2.606741547184473e+01 1.650017414056219e-18 7.699799208405637e-02
1 4 2.749581109492094e+01 3.158250825887294e-18 5.348748094867409e-02
0 12 2.829394317876796e+01 1.649977434824824e-18 7.699942613437982e-02
0 13 3.052044346554881e+01 1.613525893839595e-18 7.700476324851681e-02
0 14 3.274692221558907e+01 1.684213665619255e-18 7.700346422888933e-02
1 5 3.321619398775859e+01 2.511294625688332e-15 5.348887077186322e-02
0 15 3.497343009414668e+01 1.613604272278704e-18 7.700072338307491e-02
0 16 3.720003324606163e+01 1.649918442063151e-18 7.699992734056195e-02
1 6 3.893648109410322e+01 3.156751722645290e-18 5.348915793176092e-02
0 17 3.942654996153092e+01 1.613561983131550e-18 7.700251933445933e-02
0 18 4.165303094643780e+01 1.841847541070015e-18 7.700451977171500e-02
0 19 4.387952357675855e+01 1.648109987659890e-18 7.700015328197961e-02
1 7 4.465686872370245e+01 3.173037445132159e-18 5.348752136219439e-02
0 20 4.610604680661173e+01 1.635865314754191e-18 7.699852399806098e-02
0 21 4.833263760841432e+01 1.733528704588193e-18 7.700296190638500e-02
1 8 5.037716450623903e+01 3.171003659452875e-18 5.348924362589746e-02
0 22 5.055913600400410e+01 1.684484499578056e-18 7.700590681953189e-02
0 23 5.278561436605826e+01 1.648187207839820e-18 7.700469336616644e-02
0 24 5.501213771233103e+01 1.721310904682696e-18 7.699839030172502e-02
1 9 5.609755347598004e+01 3.199351820027938e-18 5.348638301969567e-02
0 25 5.723866766770419e+01 1.733821278101862e-18 7.699820183861689e-02
0 26 5.946521334786968e+01 1.648361885186570e-18 7.700506679361188e-02
0 27 6.169169540445218e+01 1.636003779878022e-18 7.700682205066481e-02
1 10 6.181790744998300e+01 3.177896704086510e-18 5.348873721656910e-02
0 28 6.391818368835714e+01 1.733816488796713e-18 7.700392351417273e-02
0 29 6.614475118326094e+01 1.881030515307278e-18 7.699838375484981e-02
1 11 6.753825589400959e+01 1.848713229814644e-15 5.348706199658992e-02
0 30 6.837127956491734e+01 1.636305844531753e-18 7.699966189714390e-02
0 31 7.059778333704865e+01 1.832807681806414e-18 7.700530138831589e-02
0 32 7.282426152831654e+01 1.648468860445298e-18 7.700435712835803e-02
1 12 7.325863795882962e+01 3.165700077436018e-18 5.348872115610871e-02
0 33 7.505076734562294e+01 1.636239222706397e-18 7.700153179733318e-02
0 34 7.727736889677625e+01 1.968877337865367e-18 7.700012354177155e-02
1 13 7.897892891733207e+01 2.981414820191771e-17 5.348875813975381e-02
0 35 7.950388730377367e+01 1.636463727869459e-18 7.700261239929213e-02
0 36 8.173036952333770e+01 1.684834356430117e-18 7.700501489849898e-02
0 37 8.395685977126396e+01 1.648713744326243e-18 7.700096547903038e-02
1 14 8.469931572125292e+01 3.162892030784021e-18 5.348744906861638e-02
0 38 8.618338166366455e+01 1.648787078199355e-18 7.699918683699281e-02
0 39 8.840997609229248e+01 1.735790516900488e-18 7.700312294015949e-02
1 15 9.041960670332638e+01 3.205121555931760e-18 5.348910398563244e-02
0 40 9.063647667877933e+01 1.847588585282999e-18 7.700609295049196e-02
0 41 9.286295465224916e+01 1.707842116607645e-18 7.700518595906976e-02
0 42 9.508947368046445e+01 1.685099368358761e-18 7.699899350168729e-02
1 16 9.613999694201759e+01 3.796180556786159e-16 5.348620227558092e-02
0 43 9.731600332453338e+01 1.649023503016302e-18 7.699863597772548e-02
0 44 9.954255452785740e+01 1.685092829541215e-18 7.700542449459157e-02
0 45 1.017690379385068e+02 1.648923648722773e-18 7.700740390334289e-02
1 17 1.018603449516111e+02 3.173992816685422e-18 5.348846389100190e-02
0 46 1.039955245905346e+02 1.736084820524943e-18 7.700459818349074e-02
0 47 1.062220869828182e+02 1.736615354769719e-18 7.699879594798296e-02
1 18 1.075807001055250e+02 3.031683108283022e-15 5.348664497906980e-02
0 48 1.084486159337201e+02 1.649207892596292e-18 7.699991507102343e-02
0 49 1.106751234713070e+02 1.636861101763359e-18 7.700583123877387e-02
0 50 1.129016013083996e+02 1.636832172268752e-18 7.700523672119214e-02
1 19 1.133010809543600e+02 3.186028516319285e-18 5.348853696623911e-02
0 51 1.151281050430908e+02 1.736665775748955e-18 7.700233890663172e-02
0 52 1.173547044264745e+02 1.886680237713754e-18 7.700033598627046e-02
1 20 1.190213766192371e+02 3.156759145008717e-18 5.348834349035443e-02
0 53 1.195812244153023e+02 1.649356319194769e-18 7.700271281659393e-02
0 54 1.218077080872267e+02 1.613410858407774e-18 7.700551664064177e-02
0 55 1.240341961642334e+02 1.737289595826945e-18 7.700179644158570e-02
1 21 1.247417627748523e+02 3.186396209991057e-18 5.348738299342924e-02
0 56 1.262607166045700e+02 1.685434858136983e-18 7.699987294900539e-02
0 57 1.284873141652413e+02 1.601221181235978e-18 7.700327226706445e-02
1 22 1.304620498719662e+02 3.158553705593370e-18 5.348894206264844e-02
0 58 1.307138169476756e+02 1.851985089159309e-18 7.700624792008468e-02
0 59 1.329402946971131e+02 1.743473061681388e-18 7.700566636301977e-02
0 60 1.351668096128466e+02 1.613513275205095e-18 7.699961730624817e-02
1 23 1.361824408115892e+02 3.162012523227134e-18 5.348602894655460e-02
0 61 1.373933388397697e+02 1.637418686778130e-18 7.699909138451440e-02
0 62 1.396198955842420e+02 1.649355627762003e-18 7.700575308924178e-02
0 63 1.418463805054485e+02 1.738414532739864e-18 7.700793475912412e-02
1 24 1.419027823382243e+02 1.523448315868055e-15 5.348816491842607e-02
0 64 1.440728656374223e+02 1.649558590129387e-18 7.700524660657908e-02
0 65 1.462994228647001e+02 1.685749055276528e-18 7.699922825109068e-02
1 25 1.476231437722828e+02 3.156717909066751e-18 5.348623232174070e-02
0 66 1.485259522822063e+02 1.739034699005271e-18 7.700018568731609e-02
0 67 1.507524638611611e+02 1.726795509552642e-18 7.700634976159028e-02
0 68 1.529789415485521e+02 1.649688914791562e-18 7.700609805738438e-02
1 26 1.533435231489764e+02 4.328110695565479e-17 5.348834161386742e-02
0 69 1.552054431941608e+02 1.649742283584348e-18 7.700314102146170e-02
0 70 1.574320398784406e+02 1.649974691941571e-18 7.700056643675808e-02
1 27 1.590638243147780e+02 3.345676586103680e-18 5.348791593143796e-02
0 71 1.596585613348940e+02 1.649974600107668e-18 7.700282324003201e-02
0 72 1.618850466863795e+02 1.649275125615325e-18 7.700602511696410e-02
0 73 1.641115328013427e+02 1.739526124167627e-18 7.700264420867019e-02
1 28 1.647842099261588e+02 3.180237218782920e-18 5.348730741893254e-02
0 74 1.663380516798798e+02 1.891029324477040e-18 7.700058095871179e-02
0 75 1.685646518349247e+02 1.728133018579784e-18 7.700341343155125e-02
1 29 1.705044939908351e+02 2.667701265770461e-16 5.348872099127381e-02
0 76 1.707911568001883e+02 1.776169028987965e-18 7.700637652976974e-02
0 77 1.730176344938906e+02 1.856084989952883e-18 7.700613748348552e-02
0 78 1.752441455113499e+02 1.613456131314203e-18 7.700026223688358e-02
1 30 1.762248851178646e+02 3.157180086723341e-18 5.348586557740106e-02
0 79 1.774706742119996e+02 1.613466131575599e-18 7.699956894895732e-02
0 80 1.796972364613805e+02 1.649172876053418e-18 7.700605270104782e-02
0 81 1.819237230365594e+02 1.650167099877397e-18 7.700841388254036e-02
1 31 1.819452197792506e+02 3.695764887423523e-15 5.348791856094028e-02
0 82 1.841502067695757e+02 1.601166606357211e-18 7.700586861583426e-02
0 83 1.863767588175744e+02 1.650395114199468e-18 7.699968027064341e-02
1 32 1.876655871576499e+02 3.162273405590486e-18 5.348587058385356e-02
0 84 1.886032886015198e+02 1.729124040692120e-18 7.700047377319207e-02
0 85 1.908298044893879e+02 1.613303597228548e-18 7.700685392767240e-02
0 86 1.930562822308993e+02 1.893812880271033e-18 7.700693618224642e-02
1 33 1.933859646219238e+02 3.197878280513639e-18 5.348814377617979e-02
0 87 1.952827817960434e+02 1.729006823374072e-18 7.700393453003154e-02
0 88 1.975093752922694e+02 1.777641434823295e-18 7.700081626611453e-02
1 34 1.991062718291131e+02 3.289061381339913e-18 5.348747597588278e-02
0 89 1.997358980993834e+02 1.601232802899215e-18 7.700294585985756e-02
0 90 2.019623853674603e+02 1.777600660996032e-18 7.700653991798811e-02
0 91 2.041888697271195e+02 1.743992782271866e-18 7.700350634386409e-02
1 35 2.048266569186258e+02 3.156792408438708e-18 5.348722562550148e-02
0 92 2.064153869406478e+02 1.686382862792191e-18 7.700130906657726e-02
0 93 2.086419891170567e+02 1.686490206016598e-18 7.700355004763100e-02
1 36 2.105469388633700e+02 3.237475248303341e-18 5.348849287591173e-02
0 94 2.108684962347652e+02 1.991101089789410e-18 7.700648369560389e-02
0 95 2.130949740450207e+02 1.742403437122304e-18 7.700660221376611e-02
0 96 2.153214813839679e+02 1.650780728737996e-18 7.700092877241260e-02
1 37 2.162673297898770e+02 1.259948560925127e-15 5.348575800057861e-02
0 97 2.175480094460081e+02 1.650848986781520e-18 7.700006952714218e-02
0 98 2.197745771064879e+02 1.861802848226437e-18 7.700632397511593e-02
0 99 2.220010654645726e+02 1.650790018557626e-18 7.700884137263196e-02
1 38 2.219876575032303e+02 3.157413306461750e-18 5.348772846675190e-02
0 100 2.242275479281110e+02 1.897147436655271e-18 7.700646455950515e-02
0 101 2.264540948266979e+02 2.028864944846355e-18 7.700015167819432e-02
1 39 2.277080302418950e+02 6.427002282279227e-17 5.348552611858372e-02
0 102 2.286806248788869e+02 1.836729427607178e-18 7.700077940211203e-02
0 103 2.309071453302343e+02 1.638847862001223e-18 7.700734080283467e-02
0 104 2.331336233283056e+02 1.601136715093160e-18 7.700774623025518e-02
1 40 2.334284052347955e+02 3.261682050959345e-18 5.348790891883845e-02
0 105 2.353601208366973e+02 1.850283474739378e-18 7.700471597721442e-02
0 106 2.375867107038592e+02 1.731990904889337e-18 7.700108646880938e-02
1 41 2.391487188735126e+02 3.180546834465427e-18 5.348702485778523e-02
0 107 2.398132347435090e+02 1.651209653442980e-18 7.700308241941045e-02
0 108 2.420397241750302e+02 1.779726859309846e-18 7.700706011743018e-02
0 109 2.442662069845475e+02 1.601200543972281e-18 7.700437993972493e-02
1 42 2.448691034987877e+02 2.046400199966636e-16 5.348714228766812e-02
0 110 2.464927224380066e+02 1.639102346608613e-18 7.700205506063690e-02
0 111 2.487193260358719e+02 1.780429297693173e-18 7.700368571849781e-02
1 43 2.505893844534974e+02 3.169747517870377e-18 5.348824992581021e-02
0 112 2.509458352595096e+02 1.601162790902401e-18 7.700657433143923e-02
0 113 2.531723133630255e+02 1.613233243614000e-18 7.700706334614410e-02
0 114 2.553988172461850e+02 1.601254661800968e-18 7.700161728682056e-02
1 44 2.563097750062075e+02 4.460914762690300e-15 5.348565271587763e-02
0 115 2.576253445543629e+02 1.744994738145212e-18 7.700059388229856e-02
0 116 2.598519174721138e+02 1.780951565044822e-18 7.700656807103998e-02
0 117 2.620784077262429e+02 1.651413549845988e-18 7.700921816707168e-02
1 45 2.620300956861968e+02 3.162484899907241e-18 5.348754838279515e-02
0 118 2.643048890572281e+02 1.639333115599715e-18 7.700703528638279e-02
0 119 2.665314308759354e+02 1.866482305049885e-18 7.700064224998653e-02
1 46 2.677504730739415e+02 3.171308295002152e-18 5.348519054281120e-02
0 120 2.687579610994226e+02 1.651662398088713e-18 7.700110273723236e-02
0 121 2.709844863507368e+02 1.651576328402208e-18 7.700780763278185e-02
0 122 2.732109648053810e+02 1.854714633556915e-18 7.700852352632817e-02
1 47 2.734708450248406e+02 3.171515479267203e-18 5.348765048550117e-02
0 123 2.754374602955571e+02 1.687136095763253e-18 7.700548214258264e-02
0 124 2.776640461447908e+02 1.734273734748062e-18 7.700137768819096e-02
1 48 2.791911654988425e+02 3.256934188962542e-18 5.348657351341527e-02
0 125 2.798905712990198e+02 1.781987508699548e-18 7.700323424838935e-02
0 126 2.821170631501788e+02 1.687250745832822e-18 7.700758430207277e-02
0 127 2.843435446136622e+02 1.651735657174973e-18 7.700526163878844e-02
1 49 2.849115498194999e+02 3.189287992853539e-18 5.348704840505784e-02
0 128 2.865700582216041e+02 1.639749989883438e-18 7.700281634508627e-02
0 129 2.887966626231625e+02 1.639938467042623e-18 7.700382395916207e-02
1 50 2.906318308943939e+02 9.899014478647434e-16 5.348794432702066e-02
0 130 2.910231738913614e+02 1.613200418212655e-18 7.700665324181247e-02
0 131 2.932496524697844e+02 1.601136791963623e-18 7.700752348618077e-02
0 132 2.954761531206815e+02 1.734985192545772e-18 7.700232798508833e-02
1 51 2.963522207458236e+02 3.158551660579085e-18 5.348554746673127e-02
