0 0 4.664415423484422e+00 8.222833707859404e-18 5.195782446652671e-02
0 1 1.766647950193467e+01 6.979952422735768e-18 5.195769278865699e-02
0 2 3.066839987038860e+01 6.842690755545064e-18 5.195839721508921e-02
1 0 3.108529396011730e+01 1.377439646767561e-17 3.641644160829106e-02
0 3 4.367030830975405e+01 7.349200792690524e-18 5.195749567336128e-02
0 4 5.667237273507813e+01 6.979979422285728e-18 5.195758366291284e-02
0 5 6.967428502272722e+01 6.693772379636712e-18 5.195810066846134e-02
1 1 7.071131116165230e+01 1.387199283681768e-17 3.641672955306612e-02
0 6 8.267620004197482e+01 7.349292049231737e-18 5.195711819973164e-02
0 7 9.567826325157466e+01 7.212547459736199e-18 5.195742998474744e-02
0 8 1.086801699417736e+02 7.165810368761195e-18 5.195772423982756e-02
1 2 1.103373307606700e+02 1.428623064836637e-17 3.641687637339640e-02
0 9 1.216820931711761e+02 6.979995659774119e-18 5.195672117013617e-02
0 10 1.346841536459200e+02 6.842891708487663e-18 5.195725542666549e-02
0 11 1.476860576126064e+02 6.831023167238515e-18 5.195730728356897e-02
1 3 1.499633470990381e+02 3.770526246343170e-14 3.641680441537966e-02
0 12 1.606879901999932e+02 6.842887897829248e-18 5.195633592833156e-02
0 13 1.736900464454782e+02 7.212694799507216e-18 5.195708529656438e-02
0 14 1.866919507477521e+02 7.052568487492931e-18 5.195689070398398e-02
1 4 1.895893557211375e+02 5.704619491645674e-15 3.641652031987241e-02
0 15 1.996938933644777e+02 7.349643765408085e-18 5.195599362028770e-02
0 16 2.126959438949678e+02 6.980111473004866e-18 5.195694417356965e-02
0 17 2.256978515806543e+02 6.842958422868298e-18 5.195651249702413e-02
1 5 2.292153523738096e+02 3.597578578207377e-16 3.641606656220287e-02
0 18 2.386998044360606e+02 7.571301291391298e-18 5.195572280662035e-02
0 19 2.517018477683086e+02 6.647422898748143e-18 5.195685363660077e-02
0 20 2.647037617030913e+02 6.693975159687929e-18 5.195620462724138e-02
1 6 2.688413330312239e+02 1.380131458341850e-17 3.641550092823315e-02
0 21 2.777057245596211e+02 6.796622889277772e-18 5.195554727517086e-02
0 22 2.907077592229500e+02 7.830603318805256e-18 5.195683027015534e-02
0 23 3.037096819526093e+02 6.693994814444544e-18 5.195599106110737e-02
1 7 3.084672942451078e+02 1.401896392319574e-17 3.641488827811706e-02
0 24 3.167116541408039e+02 6.843168779982085e-18 5.195548420559930e-02
0 25 3.297136787079304e+02 7.693814348892758e-18 5.195688410572700e-02
0 26 3.427156123555961e+02 6.796702934793225e-18 5.195588664827755e-02
1 8 3.480932335645147e+02 7.889827823927370e-17 3.641429484313054e-02
