1 0 1.446466244632350e+00 4.190095654130353e-18 6.863313035300091e-02
1 1 7.223231202731647e+00 7.013799022027034e-18 6.863403342544587e-02
1 2 1.300002966887812e+01 7.104020622584329e-18 6.863381207484447e-02
1 3 1.877680527476261e+01 1.194665168458774e-16 6.863282518125101e-02
0 0 2.135735333437432e+01 1.017679849610550e-17 4.404351258257398e-02
1 4 2.455358812957289e+01 3.138749121014547e-15 6.863296080235473e-02
1 5 3.033035023842291e+01 2.979756890800327e-15 6.863398960537617e-02
1 6 3.610714124676233e+01 4.185502649971029e-18 6.863382042660932e-02
1 7 4.188391218326342e+01 3.861665744540731e-18 6.863261439604658e-02
0 1 4.455604523324013e+01 9.925182213737560e-18 4.404353803216938e-02
1 8 4.766069032391369e+01 9.411817775871728e-16 6.863277629514834e-02
1 9 5.343745126254728e+01 6.883807878810902e-17 6.863395880508569e-02
1 10 5.921423446773250e+01 3.202240900267988e-12 6.863391282150338e-02
1 11 6.499099852841148e+01 1.119677795224188e-09 6.863245464730486e-02
0 2 6.775474731361106e+01 1.085448879305552e-17 4.404355888675421e-02
1 12 7.076777423014821e+01 8.946735873525279e-10 6.863257805852271e-02
1 13 7.654453658824092e+01 2.494323301869356e-10 6.863390590627730e-02
1 14 8.232131528278795e+01 1.332432204932405e-09 6.863401379035715e-02
1 15 8.809807346502198e+01 5.076179724566206e-18 6.863245992529104e-02
0 3 9.095345641966749e+01 9.818840705159546e-18 4.404357446478039e-02
1 16 9.387484745799730e+01 4.042396920558163e-18 6.863251281378843e-02
1 17 9.965161301610767e+01 4.560577083839699e-18 6.863370117241618e-02
1 18 1.054283946021967e+02 1.032414762367897e-13 6.863400045620237e-02
1 19 1.112051505684590e+02 5.614929971596388e-15 6.863253180077492e-02
0 4 1.141521662858561e+02 1.049691144800136e-17 4.404359173331655e-02
1 20 1.169819260705120e+02 7.278203719662425e-16 6.863250032301363e-02
1 21 1.227586953821535e+02 7.826986396065600e-17 6.863351287949700e-02
1 22 1.285354828388459e+02 7.542081153908159e-18 6.863392690260271e-02
1 23 1.343122415990806e+02 3.861669117033311e-18 6.863256417837305e-02
0 5 1.373508704676447e+02 1.017677770190318e-17 4.404362198563568e-02
1 24 1.400890215545066e+02 4.162589193767801e-18 6.863249341113013e-02
1 25 1.458657937022465e+02 5.191273978918131e-18 6.863333170989663e-02
1 26 1.516425880763662e+02 1.026171512352333e-17 6.863378734270759e-02
1 27 1.574193530163488e+02 4.811729294942096e-18 6.863253590054534e-02
0 6 1.605495654065198e+02 1.145528698983855e-17 4.404367555607160e-02
1 28 1.631961375346973e+02 9.913788241064662e-18 6.863246958327467e-02
1 29 1.689729104403430e+02 1.248808430015587e-13 6.863315285870052e-02
1 30 1.747497103498675e+02 2.042473485665026e-14 6.863359474788901e-02
1 31 1.805264821266220e+02 2.774193396038726e-15 6.863244213920711e-02
0 7 1.837482521037675e+02 1.017676645518274e-17 4.404375693522099e-02
1 32 1.863032684592176e+02 2.865564439887316e-16 6.863241896067772e-02
1 33 1.920800395111343e+02 1.914465496305710e-17 6.863298021578058e-02
1 34 1.978568416208693e+02 9.763236883215737e-18 6.863337920454823e-02
1 35 2.036336182635363e+02 7.941088218695485e-18 6.863229488706671e-02
0 8 2.069469356389805e+02 1.017675848182361e-17 4.404386238069621e-02
1 36 2.094104021845434e+02 9.404093543079623e-18 6.863234483381384e-02
1 37 2.151871692174635e+02 3.039746939069843e-14 6.863282596857928e-02
1 38 2.209639694764861e+02 2.940939889944393e-14 6.863318001578526e-02
1 39 2.267407475143521e+02 9.451699385201639e-18 6.863211809774089e-02
0 9 2.301456228633996e+02 1.085541369627182e-17 4.404398111499014e-02
1 40 2.325175253961467e+02 6.681035217498322e-18 6.863225918636034e-02
1 41 2.382942875656514e+02 5.650514226292614e-18 6.863270617700770e-02
1 42 2.440710826786002e+02 6.807826195944837e-17 6.863303435935202e-02
1 43 2.498478587538883e+02 6.297182148803104e-16 6.863193955447934e-02
0 10 2.533443193670875e+02 9.819152884354761e-18 4.404409971278214e-02
1 44 2.556246293453435e+02 3.997090168411369e-15 6.863217524833559e-02
1 45 2.614013875159052e+02 1.741573924511158e-14 6.863263377835151e-02
1 46 2.671781760727108e+02 5.354713208289832e-14 6.863296620518254e-02
1 47 2.729549483705008e+02 8.112453751053122e-16 6.863178207727817e-02
0 11 2.765430270149150e+02 1.085569757867209e-17 4.404420779223731e-02
1 48 2.787317135208836e+02 8.971088140106443e-14 6.863209966053070e-02
1 49 2.845084700158943e+02 1.416603558310375e-14 6.863261106719391e-02
1 50 2.902852528466134e+02 4.208704075138179e-18 6.863297933659941e-02
1 51 2.960620217523864e+02 4.182534602394736e-18 6.863165715745927e-02
0 12 2.997417430771991e+02 1.017674854643970e-17 4.404430238399030e-02
1 52 3.018387858157028e+02 4.156278114054771e-18 6.863202726247705e-02
1 53 3.076155436312168e+02 1.460920054614544e-17 6.863262462770552e-02
1 54 3.133923232387517e+02 3.205746578748219e-16 6.863305741620000e-02
1 55 3.191690909105416e+02 8.116328466426914e-15 6.863156394130676e-02
0 13 3.229404613844430e+02 1.017675299429489e-17 4.404438888558321e-02
1 56 3.249458590521348e+02 7.923269344307030e-15 6.863194129126167e-02
1 57 3.307226208394094e+02 4.689133405557019e-18 6.863264580348331e-02
1 58 3.364994001488811e+02 5.801201877333333e-18 6.863317143251765e-02
1 59 3.422761691611168e+02 1.602393893600980e-14 6.863149440195637e-02
0 14 3.461391751037596e+02 9.819403141260121e-18 4.404447814670164e-02
1 60 3.480529451883318e+02 8.846703208690173e-11 6.863181973105971e-02
