0 0 9.851025071952214e-02 1.409876453379698e-15 6.899834006141277e-02
1 0 2.096477132938956e+00 1.045289827206254e-15 4.411882627660445e-02
0 1 4.547969449955752e+00 1.412998183599791e-15 6.899834557622726e-02
0 2 8.997430440149362e+00 1.409343357303429e-15 6.899849835663494e-02
0 3 1.344689491087025e+01 1.404029983938017e-15 6.899870060402533e-02
0 4 1.789636107213525e+01 1.398915523300049e-15 6.899826606805975e-02
0 5 2.234581655219296e+01 1.402284639608832e-15 6.899854481064796e-02
1 1 2.278611290298683e+01 1.148830476574297e-15 4.412198091984847e-02
0 6 2.679527702761325e+01 1.399986848290568e-15 6.899816935482699e-02
0 7 3.124473914333288e+01 1.401276141576674e-15 6.899860351542356e-02
0 8 3.569420537615111e+01 1.390946894585192e-15 6.899854296369060e-02
0 9 4.014366773233240e+01 1.389382888076675e-15 6.899814623004950e-02
1 2 4.347580125876654e+01 1.238098265693002e-15 4.412089756398907e-02
0 10 4.459312460810437e+01 1.393240806116322e-15 6.899848566222777e-02
0 11 4.904258504581603e+01 1.391372667795098e-15 6.899824243009407e-02
0 12 5.349204822238920e+01 1.390926310296902e-15 6.899862978888602e-02
