0 0 1.005762902445260e+00 8.767389526257663e-18 9.725235790605219e-02
0 1 2.559766928407285e+00 8.875219596599538e-18 9.725235771045264e-02
0 2 4.113770963127283e+00 9.016415724068107e-18 9.725235389666124e-02
0 3 5.667774997919538e+00 9.073227903135970e-18 9.725234700315362e-02
0 4 7.221779023025357e+00 8.834647952753461e-18 9.725233875536703e-02
0 5 8.775783031634557e+00 8.829185506801664e-18 9.725233126428322e-02
0 6 1.032978702197290e+01 8.925654112873970e-18 9.725232608062395e-02
0 7 1.188379099679972e+01 8.774389899966121e-18 9.725232368756762e-02
0 8 1.343779496142784e+01 9.162195884842148e-18 9.725232360409845e-02
0 9 1.499179892169769e+01 8.677943748722895e-18 9.725232486451270e-02
0 10 1.654580288264957e+01 9.114445522845467e-18 9.725232651921722e-02
1 0 1.675170275014205e+01 1.296881474397541e-17 3.425778459237243e-02
0 11 1.809980684792453e+01 8.969016765938537e-18 9.725232792707095e-02
0 12 1.965381081962337e+01 9.111766935801794e-18 9.725232880801786e-02
0 13 2.120781479837918e+01 9.215331247541325e-18 9.725232915636302e-02
0 14 2.276181878353203e+01 9.114445092177381e-18 9.725232913352323e-02
0 15 2.431582277340618e+01 9.016413051129373e-18 9.725232900379291e-02
0 16 2.586982676574562e+01 8.925641900928821e-18 9.725232911138959e-02
0 17 2.742383075836611e+01 8.871481983960699e-18 9.725232985676138e-02
0 18 2.897783475001474e+01 8.824790392347077e-18 9.725233161895923e-02
0 19 3.053183874126182e+01 8.915579940579996e-18 9.725233458818532e-02
0 20 3.208584273499251e+01 8.683365726605337e-18 9.725233852797248e-02
0 21 3.363984673586876e+01 8.875210605060878e-18 9.725234258319541e-02
0 22 3.519385074834836e+01 9.170785936911579e-18 9.725234533972504e-02
0 23 3.674785477377411e+01 9.174139461027829e-18 9.725234529817550e-02
0 24 3.830185880826077e+01 9.114445165350707e-18 9.725234164715367e-02
0 25 3.985586284326868e+01 8.915581260973612e-18 9.725233486251440e-02
0 26 4.140986686899414e+01 9.019447228708506e-18 9.725232662955650e-02
0 27 4.296387087842793e+01 8.824796358427745e-18 9.725231906369816e-02
0 28 4.451787486956159e+01 8.770671584898439e-18 9.725231375667687e-02
0 29 4.607187884498680e+01 8.969016724711076e-18 9.725231124191945e-02
0 30 4.762588280994825e+01 8.677937582470034e-18 9.725231107316801e-02
0 31 4.917988677029734e+01 9.019444720580295e-18 9.725231229485451e-02
0 32 5.073389073112817e+01 8.918592968221692e-18 9.725231394837962e-02
1 1 5.101012300370058e+01 1.237688081562817e-17 3.425744649264535e-02
0 33 5.228789469615053e+01 9.016411993068558e-18 9.725231537596010e-02
0 34 5.384189866753440e+01 8.918591389945992e-18 9.725231628250999e-02
0 35 5.539590264597616e+01 8.690728980559223e-18 9.725231665242233e-02
0 36 5.694990663086937e+01 8.976074115132833e-18 9.725231664133786e-02
0 37 5.850391062057631e+01 8.969011022291804e-18 9.725231650958202e-02
0 38 6.005791461285492e+01 8.965989972824036e-18 9.725231659805819e-02
0 39 6.161191860550037e+01 8.918589844884236e-18 9.725231730575451e-02
0 40 6.316592259719739e+01 9.212636970568144e-18 9.725231901558282e-02
0 41 6.471992658841788e+01 8.963182128056638e-18 9.725232193115847e-02
0 42 6.627393058194367e+01 8.871475747873658e-18 9.725232584049105e-02
0 43 6.782793458238824e+01 8.767382378794317e-18 9.725232991789388e-02
0 44 6.938193859427932e+01 8.915578039911963e-18 9.725233276759220e-02
0 45 7.093594261916054e+01 8.770663004482376e-18 9.725233287831316e-02
0 46 7.248994665339556e+01 9.114444560333873e-18 9.725232939104665e-02
0 47 7.404395068859810e+01 9.069881189976392e-18 9.725232271887452e-02
0 48 7.559795471492822e+01 8.915579640131905e-18 9.725231450525749e-02
0 49 7.715195872518240e+01 8.770666674905346e-18 9.725230686798195e-02
0 50 7.870596271711690e+01 9.013594176503006e-18 9.725230143867238e-02
0 51 8.025996669315144e+01 8.915579407575311e-18 9.725229880121125e-02
0 52 8.181397065845826e+01 9.066841291135012e-18 9.725229854512844e-02
0 53 8.336797461889695e+01 9.073213552307993e-18 9.725229972607118e-02
0 54 8.492197857961416e+01 8.824782611507020e-18 9.725230137706128e-02
1 2 8.526854405068528e+01 1.254305144247516e-17 3.425704691512595e-02
0 55 8.647598254438816e+01 9.120324610254035e-18 9.725230282378082e-02
0 56 8.802998651545825e+01 8.865174785355640e-18 9.725230375592105e-02
0 57 8.958399049358447e+01 9.123664419384719e-18 9.725230414772963e-02
0 58 9.113799447821441e+01 8.829153744368123e-18 9.725230414893686e-02
0 59 9.269199846774922e+01 9.260506720985043e-18 9.725230401585634e-02
0 60 9.424600245996210e+01 8.918586294413281e-18 9.725230408604134e-02
0 61 9.580000645262943e+01 8.921891890264155e-18 9.725230475687502e-02
0 62 9.735401044437548e+01 9.016408377185881e-18 9.725230641479460e-02
0 63 9.890801443557501e+01 8.733757428833729e-18 9.725230927632515e-02
0 64 1.004620184289058e+02 9.162199579595004e-18 9.725231315350966e-02
0 65 1.020160224289286e+02 9.069874287836808e-18 9.725231725015408e-02
0 66 1.035700264402349e+02 8.963181837149169e-18 9.725232018978187e-02
0 67 1.051240304645642e+02 8.871471597781249e-18 9.725232045089280e-02
0 68 1.066780344985300e+02 9.066838825274543e-18 9.725231712823237e-02
0 69 1.082320385339063e+02 9.016409653939115e-18 9.725231057203644e-02
0 70 1.097860425608260e+02 8.875202479703955e-18 9.725230238227797e-02
0 71 1.113400465718962e+02 9.109215878316693e-18 9.725229467702873e-02
0 72 1.128940505646370e+02 8.821063586861049e-18 9.725228912661303e-02
0 73 1.144480545412920e+02 9.069877358151290e-18 9.725228636552066e-02
0 74 1.160020585069566e+02 9.019437936636379e-18 9.725228602007958e-02
0 75 1.175560624674957e+02 8.918586544524971e-18 9.725228715824349e-02
0 76 1.191100664281072e+02 9.066837848798124e-18 9.725228880530727e-02
1 3 1.195269659952626e+02 2.342889950941023e-17 3.425661666505288e-02
0 77 1.206640703926375e+02 8.921889778032770e-18 9.725229027054592e-02
0 78 1.222180743633955e+02 9.022756725893808e-18 9.725229122824303e-02
0 79 1.237720783412051e+02 8.969004024720747e-18 9.725229164226605e-02
0 80 1.253260823255686e+02 8.965986106211156e-18 9.725229165629261e-02
0 81 1.268800863149267e+02 9.114443258813267e-18 9.725229152258094e-02
0 82 1.284340903070694e+02 9.111770900877077e-18 9.725229157530002e-02
0 83 1.299880942997561e+02 8.723956068566033e-18 9.725229221009080e-02
0 84 1.315420982915522e+02 8.716992850003958e-18 9.725229381658844e-02
0 85 1.330961022827368e+02 8.817768376439006e-18 9.725229662372964e-02
0 86 1.346501062758825e+02 8.925618665970229e-18 9.725230046713584e-02
0 87 1.362041102754938e+02 8.972315038280497e-18 9.725230458012649e-02
0 88 1.377581142862196e+02 8.824769023883852e-18 9.725230760642524e-02
0 89 1.393121183099904e+02 9.164881586378334e-18 9.725230801594728e-02
0 90 1.408661223436696e+02 8.969004051136529e-18 9.725230485860757e-02
0 91 1.424201263791991e+02 8.921889253585679e-18 9.725229842180245e-02
0 92 1.439741304066932e+02 8.925624907195525e-18 9.725229026042227e-02
0 93 1.455281344185746e+02 9.170776824688639e-18 9.725228249072741e-02
0 94 1.470821384121269e+02 8.821058312820236e-18 9.725227682049598e-02
0 95 1.486361423894135e+02 8.930016767680858e-18 9.725227393492172e-02
0 96 1.501901463554484e+02 9.016407193165146e-18 9.725227349811930e-02
0 97 1.517441503160989e+02 8.817769221744509e-18 9.725227459145094e-02
0 98 1.532981542766129e+02 9.069870333055255e-18 9.725227623316178e-02
1 4 1.537853888587097e+02 7.005901402410399e-17 3.425619261726216e-02
0 99 1.548521582409046e+02 8.965984996959571e-18 9.725227771626779e-02
0 100 1.564061622113524e+02 8.915573195678189e-18 9.725227869946755e-02
0 101 1.579601661888447e+02 9.069867972539193e-18 9.725227913601041e-02
0 102 1.595141701729387e+02 8.814778013122481e-18 9.725227916337606e-02
0 103 1.610681741621158e+02 8.683327769624788e-18 9.725227902971985e-02
0 104 1.626221781541837e+02 9.026498115997508e-18 9.725227906579442e-02
0 105 1.641761821468862e+02 8.829134742305794e-18 9.725227966536729e-02
0 106 1.657301861387327e+02 8.875182732610275e-18 9.725228122095460e-02
0 107 1.672841901299072e+02 8.918578227766729e-18 9.725228397341121e-02
0 108 1.688381941228772e+02 8.972309453626767e-18 9.725228778147196e-02
0 109 1.703921981220867e+02 9.111772318864002e-18 9.725229190795902e-02
0 110 1.719462021322362e+02 8.972309783701608e-18 9.725229501765408e-02
0 111 1.735002061554417e+02 8.834588583899765e-18 9.725229557351300e-02
0 112 1.750542101888171e+02 9.159643792590691e-18 9.725229258207319e-02
0 113 1.766082142244783e+02 8.821051759615926e-18 9.725228626797694e-02
0 114 1.781622182525305e+02 9.016405684675027e-18 9.725227813949214e-02
0 115 1.797162222652174e+02 8.821053214833852e-18 9.725227030896157e-02
0 116 1.812702262595856e+02 9.019431547462118e-18 9.725226452031326e-02
0 117 1.828242302375140e+02 9.016405520104486e-18 9.725226150948633e-02
0 118 1.843782342039312e+02 9.019430121890768e-18 9.725226097934668e-02
0 119 1.859322381647038e+02 8.972311068798837e-18 9.725226202577621e-02
0 120 1.874862421251280e+02 8.778713092986710e-18 9.725226366067254e-02
1 5 1.880438125689048e+02 1.444320586081961e-16 3.425581433910622e-02
0 121 1.890402460891857e+02 9.016403388067326e-18 9.725226516096162e-02
0 122 1.905942500593248e+02 9.066832340807691e-18 9.725226616958831e-02
0 123 1.921482540364985e+02 9.069863939015595e-18 9.725226662894484e-02
0 124 1.937022580203195e+02 8.925606578697815e-18 9.725226667016158e-02
0 125 1.952562620093108e+02 8.921875957176668e-18 9.725226653724045e-02
0 126 1.968102660012988e+02 8.968995474911418e-18 9.725226655748696e-02
0 127 1.983642699940141e+02 9.224580689651816e-18 9.725226712267260e-02
0 128 1.999182739859111e+02 8.968995083690109e-18 9.725226862788532e-02
0 129 2.014722779770807e+02 8.834576410563618e-18 9.725227132540978e-02
0 130 2.030262819698842e+02 8.778704227469465e-18 9.725227509662131e-02
0 131 2.045802859687022e+02 8.968994633509246e-18 9.725227923380178e-02
0 132 2.061342899782801e+02 8.871454447139676e-18 9.725228242360624e-02
0 133 2.076882940009144e+02 8.824755893928268e-18 9.725228312363639e-02
0 134 2.092422980339692e+02 9.013592368833615e-18 9.725228029854038e-02
0 135 2.107963020697412e+02 8.868165474767220e-18 9.725227411037012e-02
0 136 2.123503060983350e+02 8.921879176228223e-18 9.725226601929030e-02
0 137 2.139043101118213e+02 9.016403710678900e-18 9.725225813161281e-02
0 138 2.154583141070095e+02 8.728300755751393e-18 9.725225222605588e-02
0 139 2.170123180855903e+02 8.918577227056363e-18 9.725224908928656e-02
0 140 2.185663220524021e+02 8.968996830066398e-18 9.725224846386249e-02
0 141 2.201203260133076e+02 8.741100771328606e-18 9.725224946130508e-02
0 142 2.216743299736502e+02 8.824754725807189e-18 9.725225108789051e-02
1 6 2.223022369644279e+02 2.096724661454016e-16 3.425551936071516e-02
0 143 2.232283339374789e+02 8.918573583134329e-18 9.725225260464496e-02
0 144 2.247823379073112e+02 9.066830080924298e-18 9.725225363860043e-02
0 145 2.263363418841654e+02 8.968992553698337e-18 9.725225412105123e-02
0 146 2.278903458677104e+02 9.073184936760200e-18 9.725225417662225e-02
0 147 2.294443498565112e+02 8.875169558766510e-18 9.725225404510837e-02
0 148 2.309983538484146e+02 8.774337764635770e-18 9.725225405033916e-02
0 149 2.325523578411393e+02 8.965979558660261e-18 9.725225458197186e-02
0 150 2.341063618330869e+02 9.073183605555898e-18 9.725225603736855e-02
0 151 2.356603658242565e+02 9.120304996830648e-18 9.725225867976091e-02
0 152 2.372143698169028e+02 8.976034948801057e-18 9.725226241268241e-02
0 153 2.387683738153395e+02 8.669860689114388e-18 9.725226655780157e-02
0 154 2.403223778243509e+02 8.619488060599149e-18 9.725226982441960e-02
0 155 2.418763818464087e+02 8.875169053743992e-18 9.725227066636608e-02
0 156 2.434303858791266e+02 8.879548642152895e-18 9.725226800792264e-02
0 157 2.449843899149882e+02 9.064012403075954e-18 9.725226194879136e-02
0 158 2.465383939441070e+02 8.968994059916673e-18 9.725225389961398e-02
0 159 2.480923979583862e+02 8.875174357812333e-18 9.725224595855458e-02
0 160 2.496464019543981e+02 9.019423675365751e-18 9.725223993770570e-02
0 161 2.512004059336415e+02 8.968993847642333e-18 9.725223667438819e-02
0 162 2.527544099008602e+02 9.120307158154654e-18 9.725223595176363e-02
0 163 2.543084138619098e+02 9.019421295792253e-18 9.725223689812075e-02
0 164 2.558624178221792e+02 9.117266881695585e-18 9.725223851486453e-02
1 7 2.565606617991468e+02 2.081425286758377e-15 3.425534899642747e-02
0 165 2.574164217857833e+02 9.120304003693698e-18 9.725224004733335e-02
0 166 2.589704257553104e+02 9.215325754525002e-18 9.725224110649686e-02
0 167 2.605244297318439e+02 8.918568539002014e-18 9.725224161231029e-02
0 168 2.620784337151093e+02 8.868157073112927e-18 9.725224168273081e-02
0 169 2.636324377037145e+02 9.064011730274581e-18 9.725224155328910e-02
0 170 2.651864416955279e+02 9.019416938526345e-18 9.725224154431122e-02
0 171 2.667404456882580e+02 8.972293541487564e-18 9.725224204322976e-02
0 172 2.682944496802554e+02 8.865164632981682e-18 9.725224344939080e-02
0 173 2.698484536714290e+02 8.968987186031974e-18 9.725224603649676e-02
0 174 2.714024576639267e+02 9.114440700499369e-18 9.725224972974954e-02
0 175 2.729564616619917e+02 8.824740301908266e-18 9.725225388010310e-02
0 176 2.745104656704419e+02 9.114440712842639e-18 9.725225722023340e-02
0 177 2.760644696919176e+02 8.921864512800817e-18 9.725225820175668e-02
0 178 2.776184737242821e+02 8.918568314511615e-18 9.725225571014023e-02
0 179 2.791724777602119e+02 9.162204340551784e-18 9.725224978305437e-02
0 180 2.807264817898379e+02 8.784134437419569e-18 9.725224178026014e-02
0 181 2.822804858049023e+02 8.925596401501950e-18 9.725223378965671e-02
0 182 2.838344898017408e+02 9.019419737913941e-18 9.725222765524125e-02
0 183 2.853884937816565e+02 9.123636913752072e-18 9.725222426485486e-02
0 184 2.869424977492936e+02 8.968989222063238e-18 9.725222344314778e-02
0 185 2.884965017104979e+02 8.968988242963216e-18 9.725222433630852e-02
0 186 2.900505056707019e+02 9.073177493409381e-18 9.725222594164576e-02
1 8 2.908190868779221e+02 6.628239150779110e-16 3.425531363893823e-02
0 187 2.916045096340874e+02 8.829105399489234e-18 9.725222748904463e-02
0 188 2.931585136033121e+02 8.821030313753580e-18 9.725222857327245e-02
0 189 2.947125175795248e+02 8.965976051152010e-18 9.725222910270361e-02
0 190 2.962665215625082e+02 8.965975812344237e-18 9.725222918846041e-02
0 191 2.978205255509140e+02 8.921859476572920e-18 9.725222906174848e-02
0 192 2.993745295426332e+02 9.061356793828515e-18 9.725222903936410e-02
0 193 3.009285335353656e+02 8.965975433356281e-18 9.725222950641023e-02
0 194 3.024825375274132e+02 9.069850436534885e-18 9.725223086393696e-02
0 195 3.040365415185958e+02 9.066824262509113e-18 9.725223339564699e-02
0 196 3.055905455109545e+02 9.064011092325565e-18 9.725223704791518e-02
0 197 3.071445495086588e+02 8.817750532354891e-18 9.725224120085059e-02
0 198 3.086985535165541e+02 8.824733603174602e-18 9.725224461118967e-02
0 199 3.102525575374442e+02 8.972287988852640e-18 9.725224572986819e-02
0 200 3.118065615694404e+02 8.879530678463355e-18 9.725224340511948e-02
0 201 3.133605656054179e+02 9.016396481405709e-18 9.725223761297561e-02
0 202 3.149145696355342e+02 8.868155193854558e-18 9.725222966102445e-02
0 203 3.164685736513769e+02 9.016397178451771e-18 9.725222162478479e-02
0 204 3.180225776490456e+02 8.723927082524756e-18 9.725221537863733e-02
0 205 3.195765816296440e+02 8.723926227359678e-18 9.725221186074902e-02
0 206 3.211305855977126e+02 9.310968509937717e-18 9.725221093811363e-02
0 207 3.226845895590833e+02 8.968984442894390e-18 9.725221177595733e-02
0 208 3.242385935192313e+02 8.968983432575274e-18 9.725221336828963e-02
1 9 3.250775119324571e+02 1.515663466377408e-16 3.425540725378687e-02
0 209 3.257925974824037e+02 8.963180152030183e-18 9.725221492979946e-02
0 210 3.273466014513281e+02 8.875150662083997e-18 9.725221603892438e-02
0 211 3.289006054272196e+02 8.683279067741594e-18 9.725221659221452e-02
0 212 3.304546094099182e+02 8.929959215899940e-18 9.725221669378567e-02
0 213 3.320086133981202e+02 9.016393550306535e-18 9.725221657045396e-02
0 214 3.335626173897404e+02 8.683276561777387e-18 9.725221653546001e-02
0 215 3.351166213824715e+02 8.925576334030440e-18 9.725221697147833e-02
0 216 3.366706253745688e+02 8.875147039364723e-18 9.725221828099191e-02
0 217 3.382246293657647e+02 9.061358284511374e-18 9.725222075724084e-02
0 218 3.397786333579930e+02 9.111778278874059e-18 9.725222436727041e-02
0 219 3.413326373553472e+02 8.921852419036892e-18 9.725222852018796e-02
0 220 3.428866413626938e+02 8.868148674075902e-18 9.725223199743324e-02
0 221 3.444406453829945e+02 8.821022634378275e-18 9.725223325076691e-02
0 222 3.459946494146075e+02 9.016393758392698e-18 9.725223109279428e-02
0 223 3.475486534506115e+02 8.640226174412935e-18 9.725222543837585e-02
0 224 3.491026574812005e+02 9.212644147663725e-18 9.725221754170181e-02
0 225 3.506566614978133e+02 8.965974969475349e-18 9.725220946380056e-02
