2 0 2.539814970227671e+00 1.009513844892497e-16 6.307118845308556e-02
2 1 9.008807862344870e+00 1.436463348835089e-17 6.303863228132697e-02
0 0 9.830700788982517e+00 6.793496656208062e-18 5.524456644930909e-02
2 2 1.547658297853805e+01 4.498694649443448e-18 6.303186250009461e-02
1 0 1.906264497315050e+01 2.650723291146706e-15 4.553669938483312e-02
0 1 1.975753797462938e+01 5.582721797586964e-18 5.524828734606255e-02
2 3 2.194479525069164e+01 4.535388648883386e-18 6.303554707636001e-02
2 4 2.841440618292708e+01 4.510383637647717e-18 6.301316178646527e-02
0 2 2.968426898079712e+01 6.173577434262330e-18 5.525467682430416e-02
2 5 3.488218573359444e+01 4.201021582924302e-18 6.300754887485963e-02
0 3 3.961141779964031e+01 5.774619478272700e-18 5.525174874375723e-02
1 1 4.028435395251664e+01 8.624256117403991e-18 4.553742605279654e-02
2 6 4.135009138138513e+01 5.652761570172039e-18 6.301321634287331e-02
2 7 4.781985190388149e+01 5.777674994841087e-18 6.301380909559165e-02
0 4 4.953816766688963e+01 5.774700972350374e-18 5.524915124836643e-02
2 8 5.428772539363352e+01 4.200855247639635e-18 6.300975450573805e-02
0 5 5.946578346168572e+01 5.583654849698554e-18 5.524054026461805e-02
2 9 6.075539073041060e+01 4.912996238663647e-18 6.301478431084237e-02
1 2 6.150535553169487e+01 8.678018797718103e-18 4.554163197735939e-02
2 10 6.722481375920042e+01 5.928428744840021e-18 6.303708736264824e-02
0 6 6.939248942266939e+01 6.166431704077282e-18 5.523294810043293e-02
2 11 7.369286554648303e+01 4.845587248330463e-17 6.303460928731777e-02
0 7 7.932002109129131e+01 5.934156108621898e-18 5.522759751846209e-02
2 12 8.016046036687626e+01 3.508878036598790e-17 6.303750327666947e-02
1 3 8.272726834085506e+01 8.938883952187058e-18 4.554025062662677e-02
2 13 8.662923675696247e+01 1.964310475761364e-16 6.306925615019539e-02
0 8 8.924687305699874e+01 6.190935347976950e-18 5.521924645844253e-02
2 14 9.309749951399620e+01 4.930585383005275e-18 6.306832878113831e-02
0 9 9.917420425655116e+01 6.212245048872184e-18 5.521764412981003e-02
2 15 9.956514427559590e+01 4.902837084968601e-18 6.307063878640068e-02
1 4 1.039500628930225e+02 2.782446571488096e-15 4.553859657548257e-02
2 16 1.060332743049161e+02 5.444216751803740e-18 6.309220957936938e-02
0 10 1.091012913215462e+02 5.717595895330335e-18 5.521371879656835e-02
2 17 1.125017092717524e+02 5.444218859569504e-18 6.309240536665231e-02
0 11 1.190285279459923e+02 5.531140593369694e-18 5.521596429418317e-02
2 18 1.189695571169820e+02 6.335066858907541e-18 6.308648172430911e-02
1 5 1.251728859334551e+02 8.762795127841010e-18 4.553952104234104e-02
2 19 1.254373532757676e+02 4.537092377179751e-18 6.308878761614753e-02
0 12 1.289556414600076e+02 5.530835644114885e-18 5.521868410210919e-02
2 20 1.319058362177572e+02 4.263088248809691e-18 6.308922434484704e-02
2 21 1.383742591245577e+02 5.044482513690405e-18 6.306271534827446e-02
0 13 1.388826860936869e+02 5.769049364120437e-18 5.522798159910017e-02
2 22 1.448419944393870e+02 1.891073945755307e-17 6.305733811063173e-02
1 6 1.463954217155734e+02 8.633897901258579e-18 4.554091582263556e-02
0 14 1.488096412315965e+02 6.198753037224083e-18 5.523219897147352e-02
2 23 1.513103547299863e+02 9.391980818156775e-17 6.305888058302025e-02
2 24 1.577795529167904e+02 4.351979771873959e-16 6.302714977455175e-02
0 15 1.587364120742040e+02 5.928862136569515e-18 5.524353821482548e-02
2 25 1.642472962344611e+02 1.581889761994307e-15 6.302020876978945e-02
1 7 1.676177373690869e+02 8.654793642179075e-18 4.553928086063762e-02
0 16 1.686632650208737e+02 5.583448385578102e-18 5.524741086809440e-02
2 26 1.707153990188987e+02 5.653802599685713e-15 6.302406852637145e-02
2 27 1.771850906353270e+02 2.258713861807409e-14 6.300811174764501e-02
0 17 1.785899499542895e+02 6.196021638622577e-18 5.525352832415917e-02
2 28 1.836528684879953e+02 1.217513816938589e-14 6.300246158007239e-02
0 18 1.885170071235750e+02 5.765591707832245e-18 5.525262781299305e-02
1 8 1.888396509237050e+02 1.334406757164083e-15 4.553765251041919e-02
