0 0 4.652670219320339e+00 8.065376287541941e-17 5.512832631704034e-02
2 0 5.969163162611505e+00 8.474933561792161e-18 4.351772700413564e-02
1 0 8.866718987782706e+00 6.227970306359015e-18 5.116809159773080e-02
0 1 1.315648040605804e+01 9.671485094595828e-17 5.509659053209912e-02
0 2 2.166224942915838e+01 1.302043966551963e-16 5.503065018444392e-02
1 1 2.178959554396188e+01 6.358779207247919e-18 5.141387907593558e-02
2 1 2.578847483940130e+01 8.537648460702278e-18 4.349141095672204e-02
0 3 3.016426945935698e+01 1.382452925949149e-16 5.503102641359774e-02
1 2 3.465407090480509e+01 2.248215743147011e-17 5.137676727884012e-02
0 4 3.866844721928178e+01 1.762226643811202e-16 5.507254541594794e-02
2 2 4.561664456627727e+01 8.718522535506695e-18 4.349014220723312e-02
0 5 4.717057962693892e+01 1.758576433779634e-16 5.505387910576625e-02
1 3 4.750849283395837e+01 6.178738828064272e-18 5.146646051761488e-02
0 6 5.567016138452119e+01 1.470498006676934e-16 5.508231216955829e-02
1 4 6.038576833142088e+01 6.130350468953406e-18 5.186319381151820e-02
0 7 6.417152262389216e+01 1.377245217466656e-16 5.504337924317633e-02
2 3 6.544470006601814e+01 8.547109416204719e-18 4.345461219695176e-02
0 8 7.267348270771495e+01 1.414462010469690e-16 5.495304248470630e-02
1 5 7.324139789518794e+01 6.882552769520861e-18 5.187866527823744e-02
0 9 8.117079926609215e+01 1.123809614357152e-16 5.490855246579992e-02
2 4 8.527683197456598e+01 8.535704562273153e-15 4.344414683330679e-02
1 6 8.609037128085016e+01 3.176796355641578e-16 5.192440939781794e-02
0 10 8.966611351674139e+01 7.707619739997175e-17 5.491166219397905e-02
0 11 9.816363264317548e+01 6.260192707465376e-17 5.490030190908628e-02
1 7 9.893815694936639e+01 6.141558031582741e-18 5.215109042017022e-02
2 5 1.051119838404772e+02 8.493704342791329e-18 4.343296893012785e-02
0 12 1.066510981304728e+02 2.306684196119836e-17 5.492582788011596e-02
1 8 1.118060548464614e+02 6.129922093103254e-18 5.215321439477583e-02
0 13 1.151410487082846e+02 1.154788401172054e-17 5.496258354422599e-02
0 14 1.236328355009346e+02 6.820292637004944e-18 5.488464963780616e-02
1 9 1.246572588125416e+02 6.354929175021830e-18 5.210134598943301e-02
2 6 1.249465716563683e+02 8.502769781711240e-18 4.343483534080843e-02
0 15 1.321175874323490e+02 5.233128690651271e-18 5.484602736411956e-02
1 10 1.375178037189294e+02 3.223837587132106e-17 5.209878719671303e-02
0 16 1.406056309711074e+02 5.497061148082434e-18 5.481452703622092e-02
2 7 1.447804584752384e+02 5.397251697497410e-15 4.343785630194797e-02
0 17 1.490918025118086e+02 5.307275860011844e-18 5.479596991927795e-02
1 11 1.503953831280324e+02 6.315579023275900e-18 5.212856738115428e-02
0 18 1.575734778997518e+02 5.559829349684906e-18 5.482880729255069e-02
1 12 1.632803985327521e+02 6.262451030103023e-18 5.182410390136626e-02
2 8 1.646135240884286e+02 8.672583666860305e-18 4.346788969893062e-02
0 19 1.660538131564736e+02 5.404935663235204e-18 5.486668136941213e-02
0 20 1.745371317682166e+02 5.145053741359255e-18 5.488908608202330e-02
1 13 1.761610775802671e+02 2.358397077338870e-15 5.177772916446747e-02
0 21 1.830171363563633e+02 1.695114993535126e-16 5.483506272744956e-02
2 9 1.844426390418083e+02 8.518936642900896e-18 4.347478596024869e-02
1 14 1.890598792649959e+02 6.527012911267646e-18 5.181504547547066e-02
0 22 1.914968146995371e+02 2.034943859747282e-16 5.480978550730943e-02
0 23 1.999803898419333e+02 6.119923807537246e-18 5.477999824462175e-02
1 15 2.019950259421524e+02 6.433376126107829e-18 5.141377008710075e-02
2 10 2.042667246455997e+02 7.819300996200448e-17 4.350927551268068e-02
0 24 2.084581326672877e+02 5.041840483980604e-18 5.477628286770109e-02
1 16 2.149023030984814e+02 8.711498421977566e-16 5.135585022937000e-02
0 25 2.169366029646753e+02 5.143688143040382e-18 5.482409535383068e-02
2 11 2.240922143622531e+02 8.617326540346188e-18 4.351557634169809e-02
0 26 2.254152841034991e+02 5.034523278036018e-18 5.486946097832261e-02
1 17 2.278159603323944e+02 6.231046176622678e-18 5.139505062843162e-02
0 27 2.338937619625209e+02 5.088167868841413e-18 5.488988924751179e-02
1 18 2.407958928514450e+02 6.452397745045116e-18 5.123714937433892e-02
0 28 2.423727606466100e+02 5.489801242307369e-18 5.484415631127089e-02
2 12 2.439077059716684e+02 8.483778868397505e-18 4.353156140894685e-02
0 29 2.508540556688316e+02 6.562938335770954e-18 5.483545495677918e-02
1 19 2.537113011434046e+02 6.238323695014931e-18 5.116758897809881e-02
0 30 2.593364449449585e+02 1.658476943224533e-17 5.480270564487864e-02
2 13 2.637310138248644e+02 6.007009711777678e-17 4.352752409237604e-02
1 20 2.666265423832905e+02 6.217123254236898e-18 5.121751556588713e-02
0 31 2.678148417650075e+02 6.040005820065523e-17 5.481314882348805e-02
0 32 2.762980182616313e+02 1.456256542929438e-16 5.488737329139547e-02
1 21 2.795915028719587e+02 6.397008735735439e-18 5.144746719379326e-02
2 14 2.835492807584168e+02 8.503133709050491e-18 4.350592921166603e-02
0 33 2.847787807277461e+02 1.774650600393575e-16 5.491690698899080e-02
1 22 2.924971598922128e+02 6.207376432436746e-18 5.139555937592159e-02
0 34 2.932600299881736e+02 4.069272142405233e-17 5.494468406441842e-02
0 35 3.017477357941939e+02 1.516486302458241e-17 5.493035934159893e-02
2 15 3.033747868036033e+02 8.641046636034598e-18 4.350275680264305e-02
1 23 3.053867936146049e+02 5.857737871403472e-15 5.142181059040035e-02
0 36 3.102343142449911e+02 7.169743182018216e-18 5.489827405941704e-02
1 24 3.182981078404661e+02 6.408263371470037e-18 5.180565220521895e-02
0 37 3.187219551672881e+02 5.286380586912918e-18 5.487604049574068e-02
2 16 3.232014901737074e+02 2.090643976123523e-14 4.346216455400857e-02
0 38 3.272126546020950e+02 5.090988206433614e-18 5.492332017043871e-02
1 25 3.311755652103066e+02 6.145268379995311e-18 5.174667906458284e-02
0 39 3.357044642063884e+02 5.815594071847900e-18 5.496776041352740e-02
2 17 3.430327796843022e+02 8.503153721466305e-18 4.345858759033691e-02
1 26 3.440379992024847e+02 6.797418068731771e-18 5.178264306957082e-02
0 40 3.441932513579766e+02 5.300331250249166e-18 5.499855874046253e-02
