1 0 1.062008166636601e+00 6.337189114342071e-17 7.859629381538105e-02
1 1 3.515001497129393e+00 2.564721870573784e-18 7.858999537874323e-02
0 0 5.791420729748769e+00 2.121640587789006e-17 4.565214985255123e-02
1 2 5.967913171763713e+00 1.708180073166462e-18 7.859060624510740e-02
1 3 8.420814543264182e+00 2.385734733306577e-18 7.859036297819207e-02
1 4 1.087382135181133e+01 2.219672503826918e-15 7.859445972703441e-02
1 5 1.332669858432715e+01 3.052786325577242e-18 7.859559643752990e-02
0 1 1.376366472341753e+01 2.141755276214216e-17 4.565024051365649e-02
1 6 1.577958384239267e+01 4.535457475852857e-18 7.859431315967837e-02
1 7 1.823246822193661e+01 5.805925244087100e-15 7.860124961958008e-02
1 8 2.068529862936034e+01 4.109931355226244e-17 7.859905243248549e-02
0 2 2.173621172165659e+01 2.222964749319698e-17 4.564645633035675e-02
1 9 2.313817495979541e+01 7.477482355485539e-16 7.859851204242108e-02
1 10 2.559100649561134e+01 2.018287005566165e-18 7.860224406187161e-02
1 11 2.804386178168807e+01 1.918598586777323e-16 7.859496791420151e-02
0 3 2.970883417432344e+01 2.367277218201113e-17 4.564790972002895e-02
1 12 3.049674857026406e+01 3.394300395576488e-15 7.859595189238976e-02
1 13 3.294960892533199e+01 2.249269995752660e-17 7.859589955656217e-02
1 14 3.540259702340735e+01 3.220624465225892e-18 7.858963956609324e-02
0 4 3.768115165418754e+01 2.386980530721192e-17 4.565239039535222e-02
1 15 3.785550233904747e+01 1.746867605434633e-18 7.859026552298554e-02
1 16 4.030839790536970e+01 3.394639462542117e-18 7.859000163932438e-02
1 17 4.276139816533021e+01 3.828383377323540e-15 7.859413590622204e-02
1 18 4.521426943084045e+01 2.434493847797930e-18 7.859525914582263e-02
0 5 4.565340317632744e+01 2.308044678202068e-17 4.565045924103611e-02
1 19 4.766714885085698e+01 3.263452595711590e-18 7.859399185643196e-02
1 20 5.012002702493155e+01 3.121680345075639e-15 7.860090384036462e-02
1 21 5.257285146730078e+01 1.942777590968892e-17 7.859871687491250e-02
0 6 5.362595755878666e+01 2.354242187800943e-17 4.564668440241597e-02
