0 0 5.663325841463091e+00 8.402037267947792e-18 5.165386742105275e-02
1 0 9.393415599971918e+00 6.256895401954532e-18 5.658757496820027e-02
3 0 9.912018808565843e+00 8.137902370420327e-18 5.179477989681245e-02
1 1 1.969073622571003e+01 1.307435913043481e-14 5.657174092175130e-02
4 0 1.953218666326685e+01 1.939183429988938e-14 3.284828529440330e-02
2 0 1.983485334859600e+01 7.134751115231244e-14 3.813782620370708e-02
0 1 2.175528253901962e+01 7.842165687609565e-18 5.166027782501300e-02
3 1 2.648018439052825e+01 7.625820197557222e-18 5.180506130485024e-02
1 2 2.998709814479419e+01 1.281891242690929e-17 5.656843065529179e-02
0 2 3.785113440285519e+01 8.209671274148808e-18 5.165860773603375e-02
1 3 4.028450964645204e+01 6.443080549861156e-14 5.656695182698111e-02
3 2 4.304328633448899e+01 1.043952474001750e-15 5.182184273714902e-02
1 4 5.058359998140509e+01 9.557877122580195e-15 5.655846904540486e-02
0 3 5.394923867357993e+01 7.984235204645893e-18 5.165598752178894e-02
