0 0 2.957861363219391e+00 2.899341251739355e-18 7.434369697443236e-02
3 0 5.598641332508015e+00 4.973603072284127e-17 2.852473941257376e-02
0 1 6.863983370993880e+00 2.926912688869869e-18 7.434418951306995e-02
0 2 1.077010863326820e+01 2.996330902466964e-18 7.434368543274777e-02
2 0 1.328710720151473e+01 1.188094379911039e-17 3.685989206065816e-02
0 3 1.467622193984922e+01 3.242733940230258e-18 7.434367515904058e-02
1 0 1.695776696035843e+01 8.719291110255216e-18 4.288510498757900e-02
0 4 1.858234034734811e+01 3.161725012446079e-18 7.434371348411531e-02
0 5 2.248845432719148e+01 3.341889286808521e-18 7.434354612591913e-02
0 6 2.639457489466993e+01 2.926913116681651e-18 7.434421588433325e-02
0 7 3.030070347338073e+01 3.206936292612934e-18 7.434397722310233e-02
0 8 3.420681921890791e+01 2.996313796940201e-18 7.434354942183805e-02
1 1 3.737538000396693e+01 1.454198838190923e-17 4.290185507201667e-02
0 9 3.811293726725820e+01 2.996303590567106e-18 7.434386758782603e-02
0 10 4.201905230293847e+01 3.341860178131727e-18 7.434349111386021e-02
0 11 4.592516980266088e+01 3.134040265983674e-18 7.434401616596628e-02
2 1 4.608160238322210e+01 2.031098101404004e-15 3.684854038030522e-02
0 12 4.983129703667132e+01 2.968708005005469e-18 7.434399133997119e-02
0 13 5.373741439989175e+01 2.968721349850584e-18 7.434332909678643e-02
