1 0 5.914005885787169e-01 4.139460741562776e-18 6.182192595416554e-02
3 0 7.896765879451616e-01 7.176956777370825e-18 4.566428284881698e-02
4 0 2.761689682897754e+00 1.010679226062249e-17 3.854927928435593e-02
0 0 4.273500149609737e+00 3.793600630752033e-18 6.324780505856910e-02
2 0 5.901296448648698e+00 1.518480113512055e-16 5.168960100776876e-02
1 1 7.923736010157928e+00 4.402006480792346e-18 6.182208641987635e-02
0 1 9.756062973728463e+00 4.969120470705851e-18 6.324815364453945e-02
0 2 1.523860690360866e+01 4.681137730191553e-18 6.323926105834725e-02
1 2 1.525705147802062e+01 4.006263430529704e-18 6.179757575477314e-02
2 1 1.659521916587543e+01 4.267054379874749e-16 5.165587073802844e-02
3 1 1.753107052099045e+01 7.277592828501068e-18 4.567901074713746e-02
0 3 2.072122323500462e+01 4.371138488871105e-18 6.323725180704860e-02
1 3 2.259025037316893e+01 1.262416008185806e-15 6.179220041556188e-02
0 4 2.620386197657382e+01 3.782978838556870e-18 6.323477173168048e-02
2 2 2.728672123625503e+01 5.037854654107524e-16 5.165134483480795e-02
1 4 2.992417525475976e+01 4.085462426731459e-18 6.179097498832680e-02
4 1 3.122956934584926e+01 1.010839121135176e-17 3.855054743824094e-02
0 5 3.168642531321652e+01 3.620170243800721e-18 6.323069732416770e-02
3 2 3.427360439713611e+01 7.172534826001530e-18 4.568178944597383e-02
0 6 3.716903240404476e+01 3.783225646166610e-18 6.322252207980215e-02
1 5 3.725766906428441e+01 4.654692541739197e-18 6.178259615488155e-02
2 3 3.797891851827053e+01 6.675712667697510e-16 5.165518184721020e-02
0 7 4.265135721172241e+01 3.721412973735771e-18 6.322227524931304e-02
1 6 4.459120596098966e+01 4.187708411782748e-18 6.178815435749904e-02
0 8 4.813371974879157e+01 3.559042155911378e-18 6.321783426315521e-02
2 4 4.867301036452526e+01 9.936936424237676e-16 5.165099331773200e-02
3 3 5.101560042842399e+01 7.158171588268189e-18 4.568599843045476e-02
1 7 5.192489117367007e+01 4.859979503494483e-14 6.179157288291318e-02
0 9 5.361598721511103e+01 4.195094156146533e-18 6.321592650540095e-02
0 10 5.909835528355988e+01 3.722237649361317e-18 6.321229344674996e-02
1 8 5.925782363810696e+01 4.088837938678770e-18 6.179454413306473e-02
2 5 5.936335579300778e+01 9.783878744602534e-16 5.164677503320763e-02
4 2 5.969580218908890e+01 1.839244468529334e-14 3.853965180114580e-02
0 11 6.458020814460720e+01 3.795973476129817e-18 6.320837449336955e-02
1 9 6.659017065411797e+01 4.534316799528782e-18 6.179608645158335e-02
3 4 6.775987445264327e+01 7.309156682980270e-18 4.568559519814162e-02
0 12 7.006212420679071e+01 3.620812369226280e-18 6.320960453889377e-02
2 6 7.005369103409841e+01 9.590158631958811e-16 5.165090708891822e-02
1 10 7.392290319400740e+01 4.186395932651262e-18 6.179233891252040e-02
0 13 7.554392488145973e+01 3.620429923904847e-18 6.321134201889313e-02
2 7 8.074564890771396e+01 1.057487778598407e-15 5.166720314866565e-02
0 14 8.102589193146794e+01 3.959728880651081e-18 6.320691008523348e-02
1 11 8.125536221340832e+01 1.344207283670488e-17 6.179064795519131e-02
3 5 8.450393130314832e+01 7.375416284708225e-18 4.567645333689706e-02
0 15 8.650730310764912e+01 3.559282110850439e-18 6.320958233692095e-02
4 3 8.816219479036509e+01 8.152317651182181e-17 3.854817695220926e-02
1 12 8.858679641405632e+01 4.064011039567494e-18 6.182786604738419e-02
2 8 9.143673965621463e+01 1.076238072047432e-15 5.166263459046710e-02
0 16 9.198878699581917e+01 4.544265350652121e-18 6.321320294622863e-02
1 13 9.591750441610085e+01 4.280483118221769e-18 6.182794390315671e-02
0 17 9.747027641774818e+01 3.596676850443219e-15 6.321656362464624e-02
3 6 1.012484715301368e+02 4.291520884581927e-15 4.567339428439221e-02
2 9 1.021270304606775e+02 1.045125196235870e-15 5.166567215840982e-02
0 18 1.029518406684151e+02 2.659051898829670e-15 6.321660435344284e-02
1 14 1.032476016127364e+02 4.003225875677467e-18 6.183483262511594e-02
0 19 1.084330622482930e+02 1.811386370796430e-15 6.322504351441818e-02
1 15 1.105832710282071e+02 8.465129173762796e-16 6.185205975846832e-02
2 10 1.128188361586389e+02 9.985549852167071e-16 5.168099304637085e-02
0 20 1.139143184956863e+02 1.142091556470611e-15 6.322536117881143e-02
4 4 1.166295143402426e+02 1.037877887192787e-17 3.854604189834950e-02
1 16 1.179158003282674e+02 4.415927925162320e-18 6.185116633111801e-02
3 7 1.179914075322307e+02 3.350616291521638e-17 4.566747725136900e-02
0 21 1.193957165790361e+02 7.500071008265849e-16 6.323499495207886e-02
2 11 1.235113701898910e+02 8.961102842198781e-16 5.168081757479708e-02
0 22 1.248770667261064e+02 4.618123451443519e-16 6.323549487497075e-02
1 17 1.252482636288993e+02 4.584644928928440e-18 6.185296748958916e-02
0 23 1.303584033875225e+02 2.657038732013564e-16 6.324150412235405e-02
1 18 1.325829641027292e+02 4.364288380726511e-18 6.182425821567721e-02
2 12 1.342036813382075e+02 5.881551399285591e-16 5.165732335325243e-02
3 8 1.347342553300984e+02 7.199608351219884e-18 4.567895282004728e-02
0 24 1.358395659735707e+02 3.971649418943103e-15 6.324433670004499e-02
1 19 1.399174049715966e+02 5.023904247156010e-14 6.181857983030612e-02
0 25 1.413209945891511e+02 2.704722159283608e-15 6.325044840922912e-02
2 13 1.448956907152914e+02 3.476864104595140e-16 5.165406075977767e-02
4 5 1.450977221624681e+02 3.880024567665789e-15 3.853958970287253e-02
0 26 1.468023729102607e+02 1.746389244756450e-15 6.324913832917696e-02
1 20 1.472524844595060e+02 4.241410437122976e-18 6.181794545163566e-02
3 9 1.514763316575020e+02 5.507897886016165e-16 4.568203909925107e-02
0 27 1.522837035292155e+02 1.064642147917236e-15 6.325365634836558e-02
1 21 1.545876970666307e+02 4.761473428213236e-18 6.180347008004897e-02
2 14 1.555885604866816e+02 7.140996050910881e-17 5.165738777398023e-02
0 28 1.577648662124380e+02 6.042349433235943e-16 6.325435442769212e-02
1 22 1.619229555709969e+02 4.365531447699129e-18 6.180755048623453e-02
0 29 1.632463171177561e+02 3.549476133616393e-16 6.325460201288120e-02
2 15 1.662834190429198e+02 1.039799551511879e-15 5.164140382348793e-02
3 10 1.682175161243950e+02 1.469021576460386e-14 4.568799869254716e-02
0 30 1.687276099920456e+02 1.911865527440724e-16 6.325560211689431e-02
1 23 1.692583233160124e+02 5.814828878125227e-16 6.181202453272582e-02
4 6 1.735631434215531e+02 1.012532992028381e-17 3.854296576684039e-02
0 31 1.742088437207797e+02 9.218672723067028e-17 6.325372061739766e-02
1 24 1.765932017418662e+02 4.006000149557893e-18 6.180910831309938e-02
2 16 1.769739250804315e+02 9.127525580085826e-16 5.163740234911713e-02
0 32 1.796900349220828e+02 4.093581804664395e-17 6.325321028010684e-02
1 25 1.839274909586621e+02 6.318172729054526e-18 6.180762879592663e-02
3 11 1.849613377742668e+02 7.436414327547778e-18 4.568794262948798e-02
0 33 1.851712619942369e+02 1.517507478522980e-17 6.325217543206360e-02
2 17 1.876645790411791e+02 8.920124262820607e-16 5.164216792020977e-02
0 34 1.906524419701638e+02 6.705175997746558e-18 6.325018475839492e-02
1 26 1.912622905618536e+02 4.170409340393808e-18 6.180451976938725e-02
0 35 1.961335659128931e+02 4.465868621208658e-18 6.324613521331772e-02
1 27 1.985968802629065e+02 1.299021216854837e-16 6.180005735876487e-02
2 18 1.983568452304856e+02 2.282448861943781e-15 5.165429691279386e-02
0 36 2.016145639180177e+02 3.756374313491472e-18 6.324641500045458e-02
3 12 2.017047316766592e+02 7.147030074553013e-18 4.568191734867607e-02
4 7 2.020307857250594e+02 1.011052676290678e-17 3.854172664265394e-02
1 28 2.059301172543151e+02 4.162050135416218e-18 6.181519529256353e-02
0 37 2.070955675055702e+02 5.907065426006827e-18 6.324074148359683e-02
2 19 2.090475590495058e+02 2.287863304409487e-15 5.165015538738441e-02
0 38 2.125766427818175e+02 1.168174520960060e-17 6.323960297852327e-02
1 29 2.132635582139486e+02 7.909619938152603e-18 6.181537836828310e-02
0 39 2.180574884670885e+02 3.771449710237683e-17 6.323541338291108e-02
3 13 2.184490974543989e+02 7.221894694125610e-18 4.567972750533664e-02
2 20 2.197375706639953e+02 1.541655746222156e-15 5.165400407267760e-02
1 30 2.205964052921248e+02 4.165856235684559e-18 6.182045500507190e-02
0 40 2.235383145361164e+02 1.053120893675434e-16 6.323212752809607e-02
1 31 2.279314182792690e+02 1.020899447307849e-15 6.188465080721579e-02
0 41 2.290191650451015e+02 2.540385798545146e-16 6.322820412293945e-02
2 21 2.304293220317733e+02 2.974530271290251e-15 5.166999083201911e-02
4 8 2.304996657877578e+02 1.010752510571311e-17 3.854595293289046e-02
0 42 2.344999716623101e+02 5.587771319025802e-16 6.322650366399886e-02
1 32 2.352628756364749e+02 4.360183171409960e-18 6.188428751410459e-02
3 14 2.351924806275723e+02 7.148226261716306e-18 4.567240964342160e-02
0 43 2.399806371898951e+02 1.238817438252539e-15 6.322037823088522e-02
2 22 2.411215060680962e+02 6.093428206679265e-15 5.166900013287170e-02
1 33 2.425942235508939e+02 7.746053012059746e-18 6.188603474859034e-02
0 44 2.454613347819617e+02 2.417912532808128e-15 6.321909291902243e-02
1 34 2.499291002032134e+02 4.002370217835677e-18 6.185775804880238e-02
0 45 2.509419312185958e+02 1.853763277342892e-16 6.321530043152615e-02
2 23 2.518127102090389e+02 8.225584031346514e-15 5.166068253729948e-02
3 15 2.519365943484648e+02 7.207497356172980e-18 4.567468136679680e-02
0 46 2.564225576071368e+02 4.422989724138647e-16 6.321169615472513e-02
1 35 2.572630954060201e+02 1.529688503650786e-15 6.185208727946839e-02
4 9 2.589648121775811e+02 3.818798874537927e-15 3.854042854500085e-02
0 47 2.619031166223737e+02 9.973478816384220e-16 6.321019514121541e-02
2 24 2.625052453447086e+02 1.678744582300935e-14 5.166052023847244e-02
1 36 2.645976957361352e+02 4.268284929883925e-18 6.185044361705974e-02
0 48 2.673835695782165e+02 2.133236836860984e-15 6.320710618371431e-02
3 16 2.686784232586810e+02 7.147219666370524e-18 4.567708516247131e-02
1 37 2.719328125963322e+02 5.631747148013177e-18 6.183180720035200e-02
0 49 2.728640249969110e+02 4.382309470789160e-18 6.320489090367012e-02
2 25 2.731986840446027e+02 3.824844231963518e-14 5.166402850638387e-02
0 50 2.783445190070399e+02 4.749653211435002e-18 6.320487038257344e-02
1 38 2.792679917611190e+02 4.244064435177894e-18 6.183474573836201e-02
0 51 2.838248961929968e+02 4.227614376585891e-18 6.320385077938556e-02
2 26 2.838939482329283e+02 1.143291125339704e-13 5.163564987598593e-02
3 17 2.854188344612684e+02 7.526720572497521e-18 4.568750658210307e-02
1 39 2.866032887941589e+02 7.453556969868628e-17 6.183951241827672e-02
4 10 2.874322198774035e+02 1.017137148589683e-17 3.854865611764878e-02
0 52 2.893052158076019e+02 4.360237059120617e-18 6.320182610182808e-02
1 40 2.939381239726617e+02 4.069616144120655e-18 6.183283031675253e-02
0 53 2.947855842875190e+02 4.108041058498203e-18 6.320518345378850e-02
2 27 2.945848903399515e+02 1.211037897451143e-13 5.163151722795960e-02
0 54 3.002659264837816e+02 3.959493185117603e-18 6.320539889258828e-02
1 41 3.012725680986042e+02 4.496797678228392e-18 6.183030899753930e-02
3 18 3.021620292543723e+02 7.244640455928902e-18 4.568813706305534e-02
2 28 3.052761961027572e+02 1.380976840822846e-13 5.163596219928245e-02
0 55 3.057462430671979e+02 4.086631903244075e-18 6.320630683447431e-02
1 42 3.086075941490996e+02 4.147589739606222e-18 6.182752192955999e-02
0 56 3.112265673905528e+02 5.111139077598231e-18 6.321207148102342e-02
4 11 3.159003757716888e+02 8.179430894856526e-17 3.855051127169390e-02
1 43 3.159422776627329e+02 1.119950794431295e-14 6.182050749312094e-02
2 29 3.159691572453948e+02 5.577076899344824e-14 5.164318928477316e-02
0 57 3.167068562969546e+02 3.625716637364327e-18 6.321246278618894e-02
3 19 3.189048196213802e+02 1.810089623867636e-15 4.568522764540625e-02
0 58 3.221873094683035e+02 4.314037351077337e-18 6.321924416907788e-02
1 44 3.232759601731456e+02 4.067454363650668e-18 6.182418671599802e-02
2 30 3.266597269436275e+02 5.436578024936754e-14 5.163901899845610e-02
0 59 3.276676780514927e+02 3.695991624448588e-18 6.322308706161066e-02
1 45 3.306103043787413e+02 4.054511541681176e-18 6.182411922232636e-02
0 60 3.331482085978038e+02 3.958326320745731e-18 6.322905113428239e-02
3 20 3.356494544216137e+02 7.358380051137358e-18 4.568628998492776e-02
2 31 3.373498119185604e+02 4.867227025589874e-14 5.164263251202785e-02
1 46 3.379438702847263e+02 4.004371704290968e-18 6.182846914209880e-02
0 61 3.386286140668610e+02 3.689927631716331e-18 6.323065000117473e-02
0 62 3.441094005593874e+02 3.757489345441061e-18 6.324157016191369e-02
4 12 3.443663802188772e+02 1.881841063345672e-14 3.853795768762056e-02
1 47 3.452762946469572e+02 3.518483584412037e-14 6.188115378440639e-02
2 32 3.480418395966060e+02 5.819170656478609e-18 5.165947671346467e-02
0 63 3.495899658344587e+02 3.628489704715136e-18 6.324074713386141e-02
1 48 3.526070143119735e+02 4.063107571213903e-18 6.188157784460548e-02
3 21 3.523932232089522e+02 1.823114154884771e-17 4.567832735080380e-02
0 64 3.550708465315957e+02 3.957481658564451e-18 6.324704320282891e-02
2 33 3.587336409477800e+02 5.769224347065470e-18 5.165808033891198e-02
1 49 3.599374264546511e+02 4.521478279034662e-18 6.188361693892375e-02
0 65 3.605515058922164e+02 3.835033830998855e-18 6.325041763433574e-02
