0 0 2.986165798700836e+00 4.489105185836295e-18 6.748764199001943e-02
0 1 8.803715513779009e+00 3.701326646393592e-18 6.748755780805502e-02
1 0 1.163427444376169e+01 1.054834547779345e-17 3.902287901556996e-02
0 2 1.462128156923361e+01 3.877651122282715e-18 6.748758322173051e-02
0 3 2.043883252026672e+01 3.877619688299375e-18 6.748762438437136e-02
2 0 2.160108171586047e+01 2.108690350553068e-16 3.079460296624827e-02
0 4 2.625642208454856e+01 3.877598309613287e-18 6.748826253649147e-02
0 5 3.207398147599170e+01 4.087685012889762e-18 6.748724637242325e-02
0 6 3.789154078270116e+01 4.880840085807145e-18 6.748791532624838e-02
1 1 3.769412818132568e+01 5.336681411007929e-17 3.902359213343119e-02
0 7 4.370910258066848e+01 3.803933725063405e-18 6.748749879302735e-02
0 8 4.952667020079104e+01 3.877518088201761e-18 6.748845471706776e-02
0 9 5.534426270178038e+01 3.774966047583080e-18 6.748749991282460e-02
0 10 6.116181198512818e+01 3.877545056782955e-18 6.748755265482820e-02
1 2 6.375629666032898e+01 1.058534465534026e-17 3.900780376443112e-02
0 11 6.697937828610023e+01 3.774983532375230e-18 6.748753754316925e-02
2 1 7.239932819492712e+01 6.758670415307368e-15 3.079966159247349e-02
0 12 7.279692938479572e+01 3.877498433537493e-18 6.748763520282211e-02
0 13 7.861452070428977e+01 4.413778630969822e-18 6.748814882014344e-02
0 14 8.443207767280806e+01 3.877502900037297e-18 6.748721652670148e-02
1 3 8.981585683299457e+01 3.484124781474653e-15 3.900760655431756e-02
0 15 9.024963838735476e+01 4.138833379162797e-18 6.748791726239038e-02
0 16 9.606720069824276e+01 3.877453965899649e-18 6.748749829243128e-02
0 17 1.018847703418249e+02 3.877401951450212e-18 6.748841688584448e-02
0 18 1.077023591789579e+02 3.775014697892701e-18 6.748737286761301e-02
0 19 1.135199085527385e+02 4.138628787616815e-18 6.748756260027833e-02
1 4 1.158764718171852e+02 2.716531438327294e-16 3.899114301112948e-02
0 20 1.193374750919959e+02 4.138572195202611e-18 6.748749250382219e-02
2 2 1.231991038819596e+02 1.668544097833042e-17 3.080184395060693e-02
0 21 1.251550263459916e+02 3.775030340217211e-18 6.748763971064130e-02
0 22 1.309726190488276e+02 4.064771968404007e-18 6.748803049091837e-02
0 23 1.367901739107382e+02 3.985357238207958e-18 6.748720392692942e-02
1 5 1.419355228984940e+02 1.061385022618699e-17 3.898995454639243e-02
0 24 1.426077363570485e+02 4.087663053708508e-18 6.748792135440335e-02
0 25 1.484252990846995e+02 3.877335378287046e-18 6.748748164306773e-02
0 26 1.542428702455879e+02 4.087637332155528e-18 6.748836073279132e-02
0 27 1.600604553570977e+02 4.485829643891886e-18 6.748726524866944e-02
0 28 1.658780052876739e+02 3.701328558501169e-18 6.748758334182865e-02
1 6 1.679945406859595e+02 1.059617253093645e-17 3.897498086198088e-02
0 29 1.716955719761184e+02 4.087680791145892e-18 6.748744382713540e-02
2 3 1.740004530073875e+02 1.065412958871117e-15 3.080471683818743e-02
0 30 1.775131233819415e+02 4.348316502840829e-18 6.748763853611316e-02
0 31 1.833307171043243e+02 3.985454868636695e-18 6.748791230972079e-02
0 32 1.891482702709376e+02 3.877260676882067e-18 6.748720912776562e-02
1 7 1.940528886338224e+02 1.058145771962176e-17 3.897274874167808e-02
0 33 1.949658347439680e+02 3.803459787209014e-18 6.748792064816855e-02
0 34 2.007833975507077e+02 4.137707420243318e-18 6.748744512465037e-02
0 35 2.066009698479516e+02 4.087640245420074e-18 6.748829364766261e-02
0 36 2.124185513703283e+02 4.348156893825161e-18 6.748717877393962e-02
0 37 2.182361022331710e+02 4.137552095113924e-18 6.748760952968810e-02
1 8 2.201104468173056e+02 5.742780642613307e-15 3.896093624770732e-02
0 38 2.240536689137380e+02 4.087683216832116e-18 6.748738825298876e-02
2 4 2.248034256569204e+02 2.609907244792094e-15 3.080878767397907e-02
0 39 2.298712204767775e+02 3.803343358026124e-18 6.748763364776458e-02
0 40 2.356888148799154e+02 3.985622312996048e-18 6.748779883805144e-02
0 41 2.415063668507121e+02 3.701340321791082e-18 6.748723090139970e-02
1 9 2.461679637605181e+02 4.403553430512106e-15 3.895769351587305e-02
0 42 2.473239335404637e+02 4.410036825608222e-18 6.748790709217022e-02
0 43 2.531414958875163e+02 3.877100890084039e-18 6.748738939233309e-02
0 44 2.589590691552628e+02 3.803245088781178e-18 6.748822266827548e-02
0 45 2.647766473391444e+02 3.775155847904915e-18 6.748711278952452e-02
0 46 2.705941994045296e+02 3.701328416041484e-18 6.748763533029177e-02
1 10 2.722243348122549e+02 1.058800980051565e-17 3.895008547053904e-02
2 5 2.756078399142132e+02 1.672849391605480e-17 3.080965539376316e-02
0 47 2.764117658696638e+02 3.803233377762367e-18 6.748732404166878e-02
0 48 2.822293176228990e+02 4.347483993733387e-18 6.748762789329374e-02
0 49 2.880469124088087e+02 3.803194996586052e-18 6.748769409421713e-02
0 50 2.938644637506428e+02 3.701339336459967e-18 6.748726591100866e-02
1 11 2.982809913168103e+02 1.066249059962047e-17 3.894599491634172e-02
0 51 2.996820326607561e+02 4.062868748373945e-18 6.748787303898940e-02
0 52 3.054995939161703e+02 3.775185476892997e-18 6.748731928977204e-02
0 53 3.113171682201276e+02 4.087646481453070e-18 6.748815319605954e-02
0 54 3.171347433579537e+02 3.876985868239628e-18 6.748706477908320e-02
0 55 3.229522967907108e+02 3.876940695477624e-18 6.748765500599987e-02
1 12 3.243365375964100e+02 1.058176775860370e-17 3.894296460521751e-02
2 6 3.264132766369692e+02 1.676934700709973e-15 3.080763681636967e-02
0 56 3.287698628021263e+02 3.985957938336111e-18 6.748725122305736e-02
0 57 3.345874148222712e+02 4.087671322376388e-18 6.748762449169977e-02
0 58 3.404050097485475e+02 3.701322693946638e-18 6.748760118671612e-02
0 59 3.462225610546622e+02 3.803013545578055e-18 6.748730861986942e-02
1 13 3.503924183328645e+02 1.269647426130220e-16 3.893842678592884e-02
