1 0 1.211210221350554e-01 2.105440903645311e-18 1.121824866556584e-01
1 1 1.655305150786909e+00 1.742024914412379e-18 1.121843353747443e-01
1 2 3.189499756206379e+00 2.422729865581187e-18 1.121827934805838e-01
1 3 4.723684502443748e+00 2.335393280996399e-18 1.121823750139663e-01
0 0 5.155834447971361e+00 2.639417515111238e-14 7.200687764771750e-02
1 4 6.257871086483461e+00 2.121744445283413e-18 1.121818549373259e-01
1 5 7.792064549080394e+00 2.253481741661664e-18 1.121856565536292e-01
1 6 9.326249772005379e+00 7.820619736658107e-18 1.121829543648194e-01
0 1 1.074003273860055e+01 3.017409810369262e-14 7.200762420530776e-02
1 7 1.086043713111204e+01 1.032792626111124e-14 1.121836521431360e-01
1 8 1.239461794577150e+01 2.003117324021826e-17 1.121834837271116e-01
1 9 1.392881853455785e+01 1.969113181359433e-15 1.121844649063594e-01
1 10 1.546300416152773e+01 8.520826760497416e-17 1.121826786518615e-01
0 2 1.632422181013687e+01 3.471521295456245e-14 7.200570133874674e-02
1 11 1.699719195724035e+01 1.042983637306636e-14 1.121826806864674e-01
1 12 1.853137554822884e+01 3.021333577473045e-16 1.121856277884612e-01
1 13 2.006556785018617e+01 1.850710967485201e-15 1.121837585614134e-01
1 14 2.159975556806318e+01 9.718181273496108e-16 1.121834805844928e-01
0 3 2.190841230620732e+01 3.953537130508421e-14 7.200726564291660e-02
1 15 2.313394295084942e+01 3.191478373488685e-16 1.121824207465553e-01
1 16 2.466814338784939e+01 2.856907883008779e-15 1.121859066354642e-01
1 17 2.620233339287971e+01 5.273412387306169e-17 1.121838377105811e-01
0 4 2.749260350469861e+01 4.501046504381787e-14 7.200715941685625e-02
1 18 2.773652470077264e+01 7.892486356146357e-15 1.121843926976446e-01
1 19 2.927070860112655e+01 8.864504222604176e-18 1.121845022543338e-01
1 20 3.080491036408558e+01 2.058722497729319e-14 1.121845986779588e-01
1 21 3.233909973553280e+01 2.980950150736284e-18 1.121834321141857e-01
0 5 3.307678459557275e+01 5.142886851212720e-14 7.200562278254827e-02
1 22 3.387329503545553e+01 5.131448818784258e-14 1.121832706397347e-01
1 23 3.540748689503885e+01 1.859990801109229e-18 1.121863895743151e-01
1 24 3.694168099714931e+01 5.019143885797128e-14 1.121843316868786e-01
0 6 3.866097243561193e+01 5.814996533983614e-14 7.200741696322167e-02
1 25 3.847586969684712e+01 1.857682175661753e-18 1.121846956107589e-01
1 26 4.001005807799073e+01 1.691238963238253e-18 1.121838391394102e-01
1 27 4.154426028108919e+01 2.509236912940504e-18 1.121866426878367e-01
1 28 4.307844851613130e+01 2.822299109542664e-18 1.121842880923668e-01
0 7 4.424516255831307e+01 7.818318917888569e-15 7.200642563511704e-02
1 29 4.461264092371103e+01 3.859702956206542e-18 1.121850930331126e-01
1 30 4.614682397523165e+01 2.270042300621652e-18 1.121859986082668e-01
1 31 4.768102264275397e+01 1.889870436791166e-14 1.121854514215047e-01
1 32 4.921520768329155e+01 2.245973696202338e-18 1.121843740706362e-01
0 8 4.982934749154010e+01 9.138165741911359e-15 7.200571010041895e-02
1 33 5.074939602588930e+01 2.781600674164341e-18 1.121840389125530e-01
1 34 5.228358509173953e+01 2.243691442558685e-18 1.121879168977375e-01
1 35 5.381777369253594e+01 1.846024796842214e-18 1.121854590841685e-01
0 9 5.541354440116955e+01 1.066994427399683e-14 7.200735676168520e-02
1 36 5.535196088951528e+01 2.251860491983937e-18 1.121857116688240e-01
1 37 5.688614221783518e+01 1.890218231459159e-18 1.121849050490498e-01
1 38 5.842034152192074e+01 1.853898514678687e-18 1.121872418742613e-01
1 39 5.995452642329244e+01 8.883234860342734e-15 1.121853647684896e-01
0 10 6.099773768917402e+01 1.229775376195933e-14 7.200572622496486e-02
1 40 6.148871544116253e+01 2.149376295520938e-18 1.121856167809073e-01
1 41 6.302289581338233e+01 7.172489810725911e-17 1.121872440799007e-01
1 42 6.455709060647081e+01 3.572093624297881e-18 1.121860102264376e-01
1 43 6.609127771316996e+01 3.178461058907859e-15 1.121854835740898e-01
0 11 6.658192478523414e+01 1.422703710370717e-14 7.200608842186508e-02
1 44 6.762546647379426e+01 3.246342968319640e-18 1.121846761297529e-01
1 45 6.915966130343227e+01 5.191140458976144e-15 1.121883128816150e-01
1 46 7.069384997108077e+01 2.249154387783612e-18 1.121860496759358e-01
0 12 7.216611833890040e+01 1.641234889450156e-14 7.200718655423702e-02
1 47 7.222803933951985e+01 4.986497166862388e-15 1.121868912716752e-01
1 48 7.376222480413929e+01 3.057276487295325e-18 1.121863319806195e-01
1 49 7.529642914935002e+01 4.430123479516905e-14 1.121873602443531e-01
1 50 7.683061882807877e+01 6.374959712554001e-18 1.121855359785020e-01
0 13 7.775030215225469e+01 1.876943344047662e-14 7.200523631954850e-02
1 51 7.836481263933088e+01 2.169389585640131e-14 1.121860725367349e-01
1 52 7.989900069138130e+01 1.338601290999596e-17 1.121884560907747e-01
1 53 8.143319757780903e+01 9.913538817203053e-15 1.121866563677037e-01
1 54 8.296738563989470e+01 4.188955345345691e-17 1.121862826448828e-01
0 14 8.333448618257205e+01 2.156207284325991e-14 7.200644862362138e-02
1 55 8.450157629520896e+01 4.163811113022369e-15 1.121856770914908e-01
1 56 8.603577668500365e+01 1.329382306763149e-16 1.121894599392262e-01
1 57 8.756996819055691e+01 1.614069426177828e-15 1.121868986411001e-01
0 15 8.891867703311081e+01 2.459084404142543e-14 7.200672402594045e-02
1 58 8.910415970769556e+01 4.040922525584737e-16 1.121873194983543e-01
1 59 9.063834222732778e+01 5.632201111034565e-16 1.121874281532067e-01
1 60 9.217254253960110e+01 1.111689950984965e-15 1.121883016029390e-01
1 61 9.370672887641220e+01 1.763541193894477e-16 1.121867888753560e-01
0 16 9.450286269852019e+01 2.783708352934773e-14 7.200491096861794e-02
1 62 9.524092078580090e+01 2.706457322415473e-15 1.121864376383747e-01
1 63 9.677510574042357e+01 5.034191856560769e-17 1.121896319806530e-01
1 64 9.830929668147472e+01 5.917405028035861e-15 1.121877730720444e-01
0 17 1.000870553267143e+02 3.163319454816730e-14 7.200666793503416e-02
1 65 9.984348384492500e+01 1.058621428363453e-17 1.121878060206519e-01
1 66 1.013776682316285e+02 2.347151350969793e-14 1.121866719385864e-01
1 67 1.029118642932789e+02 2.101661260903831e-18 1.121898592125838e-01
1 68 1.044460474758374e+02 1.783526178216436e-18 1.121876937155695e-01
0 18 1.056712522324744e+02 3.560334956767173e-14 7.200609374249342e-02
1 69 1.059802369823116e+02 3.794801587404197e-18 1.121885914836521e-01
1 70 1.075144179649848e+02 1.839813304291639e-18 1.121890518433420e-01
1 71 1.090486158261590e+02 3.197082214712723e-18 1.121884627587450e-01
1 72 1.105828010776142e+02 1.704570580976695e-18 1.121872380771435e-01
0 19 1.112554385575440e+02 4.001860567324460e-14 7.200498336535748e-02
1 73 1.121169896761019e+02 2.077236657206892e-18 1.121873212411616e-01
1 74 1.136511792733975e+02 1.760881759523910e-18 1.121909446708409e-01
1 75 1.151853690331256e+02 2.044754495523244e-18 1.121883163227519e-01
0 20 1.168396321684543e+02 4.511754256188617e-14 7.200677861281495e-02
1 76 1.167195563207427e+02 1.090284254105925e-16 1.121884986185357e-01
1 77 1.182537425140502e+02 5.231445232264982e-14 1.121879648457642e-01
1 78 1.197879397459990e+02 7.633261177477709e-07 1.121896639672376e-01
1 79 1.213221380651791e+02 8.252672235544716e-17 1.121882162975978e-01
0 21 1.224238196692116e+02 4.054867266960870e-18 7.200542521402520e-02
1 80 1.228563300677711e+02 1.567606726500875e-12 1.121883989547588e-01
1 81 1.243905142717112e+02 3.066242088760820e-14 1.121900364461229e-01
1 82 1.259247132854767e+02 1.528861524195076e-11 1.121893993230197e-01
1 83 1.274589030752141e+02 1.035879561227072e-13 1.121884058684339e-01
0 22 1.280080007908346e+02 4.210805712529125e-18 7.200526543874317e-02
1 84 1.289930968818326e+02 1.276301700702701e-17 1.121875016743520e-01
1 85 1.305272925935968e+02 1.018612409730928e-14 1.121914664487296e-01
1 86 1.320614848841100e+02 1.723676454210941e-18 1.121894076388392e-01
0 23 1.335921910115527e+02 5.336604900131686e-18 7.200662632993592e-02
1 87 1.335956762137839e+02 2.422655832335766e-18 1.121898404517328e-01
1 88 1.351298617022894e+02 3.782238088782446e-16 1.121889897361845e-01
1 89 1.366640627723747e+02 2.642880971116331e-18 1.121908095284109e-01
1 90 1.381982486920323e+02 5.246307942652152e-18 1.121890525492725e-01
0 24 1.391763789585534e+02 4.255248652293689e-18 7.200473525500788e-02
1 91 1.397324427307332e+02 2.004066847458368e-18 1.121895476735249e-01
1 92 1.412666269826825e+02 1.748054529145227e-18 1.121914321855265e-01
1 93 1.428008215506877e+02 1.691152377249204e-18 1.121898734604332e-01
1 94 1.443350063692101e+02 2.218271982493694e-18 1.121894828108800e-01
0 25 1.447605665733439e+02 4.933563738282470e-18 7.200557042630475e-02
1 95 1.458691929520662e+02 3.859674694100047e-18 1.121889424831092e-01
1 96 1.474033865872825e+02 2.270864510999070e-14 1.121927283727827e-01
1 97 1.489375717705373e+02 1.366936543721318e-17 1.121900353615450e-01
0 26 1.503447647776222e+02 6.463052500857865e-18 7.200627281076333e-02
1 98 1.504717591979703e+02 4.184226296209005e-15 1.121907480695042e-01
1 99 1.520059399760765e+02 4.461641315611922e-17 1.121905955238571e-01
1 100 1.535401404970078e+02 2.332157415583959e-14 1.121915258572087e-01
1 101 1.550743260365681e+02 1.694063355332798e-16 1.121897594027502e-01
0 27 1.559289538499045e+02 4.208719692867588e-18 7.200435278416051e-02
1 102 1.566085137727181e+02 4.128757917356619e-15 1.121897602815951e-01
1 103 1.581426974381708e+02 5.720707665921218e-16 1.121927371253105e-01
1 104 1.596768895990534e+02 7.233386268125622e-16 1.121908397768529e-01
1 105 1.612110772541637e+02 1.757479373817528e-15 1.121905801113171e-01
0 28 1.615131445681455e+02 4.410384238928486e-18 7.200595310833630e-02
1 106 1.627452644601586e+02 1.246490849129620e-16 1.121895245665973e-01
1 107 1.642794649670130e+02 4.986352989440207e-15 1.121929874480406e-01
1 108 1.658136548997746e+02 1.895217293221657e-17 1.121909180959090e-01
0 29 1.670973357764281e+02 4.410394165508614e-18 7.200579193473175e-02
1 109 1.673478461663216e+02 1.335362939236289e-14 1.121914671484884e-01
1 110 1.688820299726798e+02 3.572348692053860e-18 1.121916131607232e-01
1 111 1.704162316415540e+02 3.395217063914559e-14 1.121916709173783e-01
1 112 1.719504210270445e+02 2.284337288355311e-18 1.121905220983445e-01
0 30 1.726815169053805e+02 4.410358558196962e-18 7.200429475904567e-02
1 113 1.734846162625727e+02 8.279500527548040e-14 1.121903370005958e-01
1 114 1.750188082629047e+02 2.276190009192519e-18 1.121934818515917e-01
1 115 1.765530022978344e+02 2.207370121521059e-18 1.121914171037619e-01
0 31 1.782657047935539e+02 4.603523879022119e-18 7.200609539580077e-02
1 116 1.780871910801009e+02 1.845683158810989e-18 1.121917995403419e-01
1 117 1.796213794393037e+02 2.422642335824363e-18 1.121909386892620e-01
1 118 1.811555817777239e+02 1.853769173693067e-18 1.121937018601139e-01
1 119 1.826897700524347e+02 1.691127356567004e-18 1.121913615556678e-01
0 32 1.838498947047643e+02 4.206645819277937e-18 7.200504951561763e-02
1 120 1.842239625725823e+02 4.612490448375237e-14 1.121921678135059e-01
1 121 1.857581457305166e+02 3.218275006572780e-18 1.121931069553565e-01
1 122 1.872923443635992e+02 2.243694725978252e-18 1.121925172973245e-01
1 123 1.888265294396342e+02 2.030999486186451e-18 1.121914599851731e-01
0 33 1.894340795873383e+02 5.873245825397087e-18 7.200439582274522e-02
1 124 1.903607178158133e+02 2.814019412143723e-18 1.121911212355191e-01
1 125 1.918949071145113e+02 2.208663826894029e-18 1.121950117811597e-01
1 126 1.934290956963598e+02 2.422626482133422e-18 1.121925397863206e-01
0 34 1.950182764647354e+02 4.410422494403749e-18 7.200602246316240e-02
1 127 1.949632829392386e+02 3.275427978103793e-18 1.121928023036067e-01
1 128 1.964974642038634e+02 2.832108242079348e-14 1.121920147494696e-01
1 129 1.980316635270844e+02 2.324534517052785e-18 1.121943162916991e-01
1 130 1.995658484005906e+02 9.154552304313168e-16 1.121924432904689e-01
0 35 2.006024696858455e+02 4.205388881530420e-18 7.200435233356207e-02
1 131 2.011000374068505e+02 1.841268932880253e-18 1.121926786185872e-01
1 132 2.026342177722816e+02 1.554101460890266e-15 1.121943538121453e-01
1 133 2.041684124045666e+02 2.701594671023548e-18 1.121930964251835e-01
1 134 2.057025994874435e+02 4.602257946750311e-15 1.121925843164142e-01
0 36 2.061866569739835e+02 4.410390175457387e-18 7.200477967222617e-02
1 135 2.072367881117146e+02 1.996110487243753e-18 1.121917588590157e-01
1 136 2.087709830002235e+02 5.284873937362866e-15 1.121953980065569e-01
1 137 2.103051715271305e+02 2.422619938219625e-18 1.121931369884971e-01
0 37 2.117708506002050e+02 4.204590968593181e-18 7.200584289574725e-02
1 138 2.118393609144426e+02 5.995375506334163e-14 1.121939845511222e-01
1 139 2.133735462721328e+02 2.298835850847844e-18 1.121934414267885e-01
1 140 2.149077505267040e+02 3.047123463642510e-14 1.121944222472649e-01
1 141 2.164419401417806e+02 8.379091727374711e-18 1.121926141436911e-01
0 38 2.173550344120115e+02 5.679386586868077e-18 7.200387925551882e-02
1 142 2.179761339304856e+02 1.434584556780638e-14 1.121931426922872e-01
1 143 2.195103220846967e+02 2.402279760193759e-17 1.121955634330214e-01
1 144 2.210445188521482e+02 6.284165563391175e-15 1.121937332486651e-01
1 145 2.225787069303290e+02 7.994506894125706e-17 1.121933770692178e-01
0 39 2.229392185621063e+02 5.325782189240886e-18 7.200514081761308e-02
1 146 2.241128975529238e+02 2.522608656362639e-15 1.121927725018450e-01
1 147 2.256470981549322e+02 2.459236680480499e-16 1.121965398368474e-01
1 148 2.271812896862058e+02 9.272423398254293e-16 1.121939727902363e-01
0 40 2.285234092399893e+02 4.203319190517430e-18 7.200536616777641e-02
1 149 2.287154812788783e+02 7.091426356709989e-16 1.121943911280318e-01
1 150 2.302496638405167e+02 3.079188816270742e-16 1.121945381205292e-01
1 151 2.317838641647531e+02 1.836011644877762e-15 1.121953740998838e-01
1 152 2.333180505819626e+02 8.927252346127397e-17 1.121938680378184e-01
0 41 2.341075947655424e+02 4.951139293684509e-18 7.200357370144243e-02
1 153 2.348522425471542e+02 4.142075571085584e-15 1.121934954145302e-01
1 154 2.363864276938593e+02 2.541961202983331e-17 1.121967313179657e-01
1 155 2.379206185883993e+02 1.055261910862018e-14 1.121948633815336e-01
0 42 2.396917874263205e+02 4.410432135854953e-18 7.200535147493513e-02
1 156 2.394548058409449e+02 6.018322161704609e-18 1.121949046603269e-01
1 157 2.409889902005322e+02 2.176322901951273e-18 1.121937656548151e-01
1 158 2.425231863391268e+02 1.691049990565728e-18 1.121969315787569e-01
1 159 2.440573694711173e+02 1.974518573614433e-18 1.121947754267278e-01
0 43 2.452759842229939e+02 4.054950407043959e-18 7.200471941664252e-02
1 160 2.455915590576718e+02 3.204374743372439e-18 1.121956658830581e-01
1 161 2.471257400285677e+02 1.888971045725706e-18 1.121961614181504e-01
1 162 2.486599377225367e+02 2.080898010953929e-18 1.121955355513225e-01
1 163 2.501941228926977e+02 1.714439749542439e-18 1.121943271524499e-01
0 44 2.508601706471908e+02 4.201609851465482e-18 7.200366144482109e-02
1 164 2.517283114271439e+02 2.422606219783162e-18 1.121943991600136e-01
1 165 2.532625011210468e+02 8.155229008850549e-18 1.121980462582115e-01
1 166 2.547966907034425e+02 3.979704022929141e-18 1.121954012842925e-01
0 45 2.564443644218221e+02 5.336649980959124e-18 7.200544983137115e-02
1 167 2.563308779575155e+02 3.300406327355820e-15 1.121955940803778e-01
1 168 2.578650640291453e+02 1.109694457558508e-14 1.121950737711934e-01
1 169 2.593992684837334e+02 4.847496688211328e-12 1.121976904423356e-01
1 170 2.609334594900175e+02 4.646463378045067e-15 1.121952910760490e-01
0 46 2.620285519046346e+02 4.054941460244593e-18 7.200404872659559e-02
1 171 2.624676514289238e+02 9.894794048862792e-12 1.121954803960893e-01
1 172 2.640018356678004e+02 8.513778832273880e-14 1.121971483850306e-01
1 173 2.655360346008794e+02 9.292975536414844e-17 1.121964672695033e-01
1 174 2.670702243651821e+02 5.269403689219826e-14 1.121954959702728e-01
0 47 2.676127331345278e+02 4.264994812816633e-18 7.200395581183194e-02
1 175 2.686044180746645e+02 2.081664323049148e-18 1.121945889518774e-01
1 176 2.701386140248238e+02 5.280996514335532e-14 1.121985542494787e-01
1 177 2.716728063419880e+02 3.870404630456662e-15 1.121964890293076e-01
0 48 2.731969232784964e+02 4.265462832440214e-18 7.200528939158404e-02
1 178 2.732069977177139e+02 3.776461747210677e-18 1.121969274260168e-01
1 179 2.747411831657292e+02 3.076694132954160e-17 1.121960942859422e-01
1 180 2.762753843345364e+02 2.422575348140308e-18 1.121978733439330e-01
1 181 2.778095703552995e+02 1.885294047381941e-18 1.121961344618431e-01
0 49 2.787811110274330e+02 4.410421349493931e-18 7.200336971813473e-02
1 182 2.793437644649823e+02 4.791990475439301e-18 1.121966077814443e-01
1 183 2.808779488431163e+02 1.872813472864084e-18 1.121985282701565e-01
1 184 2.824121433744361e+02 4.360490359495068e-18 1.121969529637871e-01
1 185 2.839463282674733e+02 5.060409963469741e-14 1.121965897507275e-01
0 50 2.843652986749348e+02 4.199110926454788e-18 7.200426329778210e-02
1 186 2.854805148498235e+02 6.139125330387927e-18 1.121960295640136e-01
1 187 2.870147086581055e+02 9.047098807580275e-15 1.121997991941056e-01
1 188 2.885488938044120e+02 2.444774777003941e-17 1.121971154993581e-01
0 51 2.899494967814588e+02 5.846481301155855e-18 7.200492235122864e-02
1 189 2.900830813028604e+02 1.724519076001977e-15 1.121978426239229e-01
1 190 2.916172620473345e+02 9.431435751048520e-17 1.121977065622526e-01
1 191 2.931514624994336e+02 9.241675933246448e-15 1.121985862476620e-01
1 192 2.946856479537569e+02 3.341708688765233e-16 1.121968395923687e-01
0 52 2.955336858523209e+02 4.410423764091723e-18 7.200300392620468e-02
1 193 2.962198356322018e+02 1.630081335312169e-15 1.121968391296178e-01
1 194 2.977540193747241e+02 1.064964197678268e-15 1.121998455366923e-01
1 195 2.992882113948644e+02 2.802913578028381e-16 1.121979204341251e-01
1 196 3.008223989885485e+02 3.120692819576540e-15 1.121976789118939e-01
0 53 3.011178767979631e+02 4.197878139624703e-18 7.200464080419408e-02
1 197 3.023565860187015e+02 4.627873683384013e-17 1.121966280010258e-01
1 198 3.038907865921546e+02 8.555645218279939e-15 1.122000673768632e-01
1 199 3.054249764515082e+02 8.475119483416656e-18 1.121979976409928e-01
0 54 3.067020680071102e+02 4.054986144755929e-18 7.200442506024536e-02
1 200 3.069591676757101e+02 2.227218943042187e-14 1.121985404578569e-01
1 201 3.084933513887733e+02 3.635796345104701e-18 1.121987234907690e-01
1 202 3.100275529597146e+02 5.530263142906686e-14 1.121987428252439e-01
1 203 3.115617423574499e+02 1.859638761169413e-18 1.121976115503243e-01
0 55 3.122862491850130e+02 5.840456836427658e-18 7.200296643602645e-02
1 204 3.130959375256526e+02 5.421682831384618e-14 1.121974029193385e-01
1 205 3.146301296660556e+02 1.841831108864756e-18 1.122005733321958e-01
1 206 3.161643236323592e+02 1.901903205611020e-18 1.121985019656660e-01
0 56 3.178704371243952e+02 4.410472940190687e-18 7.200477431692895e-02
1 207 3.176985124965291e+02 2.162251528915817e-18 1.121989024602079e-01
1 208 3.192327008322587e+02 2.422568284554956e-18 1.121980377856356e-01
1 209 3.207669033018850e+02 2.019701751207931e-18 1.122007602419459e-01
1 210 3.223010916159433e+02 2.804890321701851e-18 1.121984342834973e-01
0 57 3.234546268153814e+02 4.778380974184822e-18 7.200367370848733e-02
1 211 3.238352842479426e+02 3.243851731451371e-14 1.121992414265963e-01
1 212 3.253694675141580e+02 2.788866187746167e-18 1.122002145071194e-01
1 213 3.269036661116472e+02 3.316114420816453e-18 1.121995827280548e-01
1 214 3.284378512245519e+02 2.378125950312106e-18 1.121985453925340e-01
0 58 3.290388116591254e+02 4.195749323548860e-18 7.200308141569908e-02
1 215 3.299720396350612e+02 2.413331023339342e-18 1.121982030346808e-01
1 216 3.315062291684768e+02 3.132045041485896e-18 1.122021055643072e-01
1 217 3.330404177331992e+02 2.282808521185202e-18 1.121996196539533e-01
0 59 3.346230084971052e+02 4.410491273873560e-18 7.200468905841446e-02
1 218 3.345746050242307e+02 2.171415506690542e-18 1.121998918064630e-01
1 219 3.361087862283946e+02 6.888558178712015e-15 1.121991238229732e-01
1 220 3.376429855699448e+02 2.010308390029609e-18 1.122013899214861e-01
1 221 3.391771704174091e+02 1.961319533474488e-16 1.121995210255490e-01
0 60 3.402072016407116e+02 4.194934799946393e-18 7.200297839933119e-02
1 222 3.407113594134400e+02 1.691002717718591e-18 1.121997394609703e-01
1 223 3.422455397763063e+02 3.427034273438493e-15 1.122014627508309e-01
1 224 3.437797342484910e+02 1.690999242495847e-18 1.122001822200603e-01
1 225 3.453139213088361e+02 5.264747831383120e-15 1.121996843982464e-01
0 61 3.457913891319069e+02 4.410459377501339e-18 7.200347089865433e-02
1 226 3.468481097973408e+02 1.992881980789867e-18 1.121988412121779e-01
1 227 3.483823047438444e+02 4.888592814379325e-15 1.122024822019193e-01
1 228 3.499164931300751e+02 2.050702163574118e-18 1.122002235737588e-01
0 62 3.513755828244914e+02 4.772962008858406e-18 7.200450022671070e-02
