1 0 3.166222861959708e+00 6.776170469980649e-16 6.212025057604836e-02
0 0 6.543401239117589e+00 1.161533061085334e-17 3.788964588437152e-02
1 1 9.108320068801481e+00 3.124076806467112e-14 6.212028737008848e-02
1 2 1.505040329587717e+01 5.152643420024150e-15 6.212070841309764e-02
1 3 2.099252119616882e+01 5.405458590566560e-18 6.212075478170337e-02
1 4 2.693461735953745e+01 3.120749631505774e-14 6.211997455855085e-02
0 1 3.089571002365852e+01 1.224848319823042e-17 3.788983506499831e-02
1 5 3.287671672137934e+01 8.519948292195781e-14 6.211990833346603e-02
1 6 3.881880307130529e+01 3.973630511838745e-18 6.212043549859220e-02
1 7 4.476091691671314e+01 5.691820437918131e-18 6.212095654473091e-02
1 8 5.070300411933012e+01 2.016328000370637e-14 6.212029088021926e-02
0 2 5.524801725421732e+01 9.745729765907224e-18 3.789011600024045e-02
