0 0 3.412797441145999e+00 3.619660203868549e-18 6.631500068532679e-02
1 0 5.202069625794381e+00 5.069788862853136e-18 5.923575855250087e-02
3 0 5.318320022699153e+00 7.185359443936222e-18 4.493023639836446e-02
4 0 7.457035786304967e+00 9.704165006852767e-18 3.968062089385830e-02
0 1 8.711673592368811e+00 3.552472870838247e-18 6.630901457559982e-02
2 0 1.000593327150974e+01 5.039813286998720e-18 5.581277140038735e-02
1 1 1.228902535690349e+01 2.154050943975062e-14 5.923589995300706e-02
0 2 1.401034051241401e+01 3.900085359191789e-18 6.630973856728330e-02
0 3 1.930913086835821e+01 3.901098179230671e-18 6.629975710737097e-02
1 2 1.937631303043524e+01 4.152322191436546e-18 5.922161743164044e-02
2 1 2.034063961374061e+01 5.274925945384892e-18 5.579529073533054e-02
3 1 2.149891067039036e+01 7.226500828679884e-18 4.493596803433875e-02
0 4 2.460790603605068e+01 3.429570956644513e-18 6.629742648962465e-02
1 3 2.646227956970298e+01 5.707975681194665e-18 5.921789573082879e-02
0 5 2.990679223476000e+01 4.254011805091743e-18 6.629300617541017e-02
2 2 3.067576782760760e+01 5.264468977428649e-18 5.579108120408936e-02
1 4 3.354874104487386e+01 4.318584993226842e-18 5.921530735851135e-02
4 1 3.497454781272025e+01 9.704019344956656e-18 3.968078095195084e-02
0 6 3.520549484819960e+01 3.740328238699795e-18 6.628912480197079e-02
3 2 3.767841839287303e+01 7.239597260865124e-18 4.493813840824588e-02
0 7 4.050433119306837e+01 3.621868604101434e-18 6.628070512315980e-02
1 5 4.063506788527608e+01 5.274325443938575e-14 5.920127235213018e-02
2 3 4.101164835008748e+01 5.324274184943367e-18 5.579530932722966e-02
0 8 4.580322668059834e+01 3.774173122399118e-18 6.628090021632557e-02
1 6 4.771949363372355e+01 4.455986655182863e-18 5.920687247438388e-02
0 9 5.110218175113481e+01 3.895764140942837e-18 6.627587373970262e-02
2 4 5.135184862086147e+01 5.026307973858743e-18 5.576503908222610e-02
3 3 5.385542350870174e+01 7.277135718366562e-18 4.495227501271544e-02
