0 0 1.597602982841439e+01 1.135003451679855e-17 3.748252814242893e-02
1 0 2.205701312739018e+01 1.921417046051840e-13 3.254056916680934e-02
0 1 4.106287112460889e+01 1.104233913402142e-17 3.747992581563729e-02
1 1 6.583293420962414e+01 3.857970163978038e-17 3.253573016117422e-02
0 2 6.614839281862871e+01 1.079438709913143e-17 3.748073449284006e-02
0 3 9.123454286295458e+01 1.037909442718870e-17 3.748190708639230e-02
1 2 1.096074924727377e+02 1.748701269322463e-13 3.253831059020135e-02
0 4 1.163217734660564e+02 1.192089859468751e-17 3.748444878096342e-02
0 5 1.414120720888448e+02 1.104120767545487e-17 3.749225403559492e-02
1 3 1.533755352012776e+02 1.453155482823990e-17 3.253196068966190e-02
0 6 1.665012030593923e+02 1.048259297088185e-17 3.749193925414036e-02
