0 0 4.125096404643562e+00 4.556021997130370e-18 7.784737773518932e-02
1 0 7.863341031480211e+00 8.282176491874414e-18 5.140146661684534e-02
0 1 8.387699326177870e+00 3.750616159535806e-18 7.784781439605939e-02
0 2 1.265029769453441e+01 4.473090245093452e-18 7.784756370190996e-02
0 3 1.691290797917560e+01 3.556179068850837e-18 7.784794497920917e-02
0 4 2.117551134739067e+01 4.258747998948545e-18 7.784740351176088e-02
1 1 2.425298621135764e+01 8.328112789035419e-18 5.140062619655680e-02
0 5 2.543811501866597e+01 4.258760476227394e-18 7.784769873821681e-02
0 6 2.970071391313019e+01 3.632316111693043e-18 7.784770785518016e-02
0 7 3.396332469992382e+01 3.750560315545991e-18 7.784790754447654e-02
0 8 3.822592637466954e+01 3.895257988586813e-18 7.784750072098644e-02
1 2 4.064261918438347e+01 9.145341963286096e-14 5.139986195539743e-02
0 9 4.248852993762083e+01 3.632354662291064e-18 7.784756638511552e-02
0 10 4.675113047043230e+01 4.542031763504068e-18 7.784783577012878e-02
0 11 5.101374091214499e+01 4.064512890606341e-18 7.784782519699600e-02
0 12 5.527634149263736e+01 3.996004913814313e-18 7.784765740968842e-02
1 3 5.703224956097726e+01 2.165587936741894e-15 5.140006971148040e-02
0 13 5.953894410352326e+01 3.487661174561259e-18 7.784747898295140e-02
0 14 6.380154702980546e+01 3.750515012261654e-18 7.784793925765307e-02
0 15 6.806415645423517e+01 5.030858054043437e-18 7.784771680277476e-02
0 16 7.232675685509646e+01 3.895249671933989e-18 7.784783650018839e-02
1 4 7.342189044363570e+01 8.506669064027357e-18 5.140094587787296e-02
0 17 7.658935796809331e+01 4.064629265668332e-18 7.784746806942544e-02
0 18 8.085196354448770e+01 3.632400762544853e-18 7.784801983827450e-02
0 19 8.511457148183014e+01 4.044599896219141e-18 7.784761345814420e-02
0 20 8.937717263020016e+01 3.996206812500235e-18 7.784797183311098e-02
1 5 8.981154272472386e+01 1.224602492137624e-17 5.140159496524660e-02
0 21 9.363977218320903e+01 3.750479746898940e-18 7.784753505447634e-02
0 22 9.790238017002892e+01 4.542647960651508e-18 7.784807758995670e-02
0 23 1.021649863210120e+02 3.632459741424693e-18 7.784754721643472e-02
1 6 1.062011971434845e+02 1.633454963835580e-14 5.140165094830267e-02
0 24 1.064275887094487e+02 3.750437927858048e-18 7.784799942366388e-02
0 25 1.106901872282098e+02 3.700951412693803e-18 7.784765763752768e-02
0 26 1.149527969892440e+02 3.632461926898454e-18 7.784810461031680e-02
0 27 1.192154012145322e+02 3.750423570602196e-18 7.784754144080407e-02
1 7 1.225908469233179e+02 8.453174048120123e-18 5.140110073947560e-02
0 28 1.234780046414452e+02 4.064908649343102e-18 7.784791594247567e-02
0 29 1.277406031492342e+02 3.632482066192611e-18 7.784780224717774e-02
0 30 1.320032138218968e+02 3.487638145023904e-18 7.784808891056615e-02
0 31 1.362658162091211e+02 3.556133932980848e-18 7.784760680876575e-02
1 8 1.389804850517771e+02 8.301318812880283e-18 5.140015054283298e-02
0 32 1.405284199345039e+02 3.556129166738649e-18 7.784778201981662e-02
0 33 1.447910196081451e+02 3.556119948327401e-18 7.784793942795155e-02
0 34 1.490536303011411e+02 3.487640090344241e-18 7.784802552250958e-02
0 35 1.533162312764853e+02 3.895249351647352e-18 7.784773951658602e-02
1 9 1.553701147847914e+02 8.287509185595369e-18 5.139987090853863e-02
0 36 1.575788344073584e+02 3.701019474819934e-18 7.784766854164805e-02
0 37 1.618414361914569e+02 3.632536645267711e-18 7.784805409554997e-02
0 38 1.661040461445199e+02 3.556108437878893e-18 7.784792554261140e-02
0 39 1.703666465025236e+02 3.996701457008294e-18 7.784791511676950e-02
1 10 1.717597499448769e+02 8.301532660046279e-18 5.140056128312891e-02
0 40 1.746292483311430e+02 4.065185504947582e-18 7.784762125222255e-02
0 41 1.788918527140441e+02 3.632565367825980e-18 7.784814466757639e-02
0 42 1.831544613680935e+02 3.996802590873440e-18 7.784781574515069e-02
0 43 1.874170620825331e+02 3.556098233145099e-18 7.784807957715827e-02
1 11 1.881493978660372e+02 8.427395546895005e-18 5.140141520277827e-02
0 44 1.916796623098764e+02 3.996813468993995e-18 7.784765467385761e-02
0 45 1.959422692684518e+02 3.996842893884144e-18 7.784821317991254e-02
0 46 2.002048762519230e+02 3.701074356799757e-18 7.784772921357966e-02
0 47 2.044674780636786e+02 3.556088262378811e-18 7.784816091909717e-02
1 12 2.045390524409086e+02 8.521084166980986e-14 5.140171771040263e-02
0 48 2.087300769461096e+02 3.632623902226246e-18 7.784775602984918e-02
0 49 2.129926860053541e+02 4.044114658848300e-18 7.784825550879916e-02
0 50 2.172552911037312e+02 4.065447750910307e-18 7.784769406687733e-02
1 13 2.209287051392544e+02 1.907030690531229e-15 5.140147760456439e-02
0 51 2.215178941300752e+02 4.044089412576915e-18 7.784812286284953e-02
0 52 2.257804924960240e+02 4.919421373606345e-18 7.784789495120560e-02
0 53 2.300431028711586e+02 3.701094656424498e-18 7.784826039157235e-02
0 54 2.343057060566723e+02 3.556083323716941e-18 7.784772690129151e-02
1 14 2.373183491286159e+02 8.327415857347129e-18 5.140059979483797e-02
0 55 2.385683097583510e+02 3.750202912611839e-18 7.784800225051751e-02
0 56 2.428309087677098e+02 3.701108471600808e-18 7.784803834551604e-02
0 57 2.470935195566360e+02 3.632690566207512e-18 7.784821822075177e-02
0 58 2.513561210906867e+02 3.487644656190589e-18 7.784783081951248e-02
1 15 2.537079811799955e+02 1.620321336279056e-17 5.139990683200510e-02
0 59 2.556187245948565e+02 3.997226231550002e-18 7.784787203790260e-02
0 60 2.598813253365051e+02 3.701127710814392e-18 7.784816402730978e-02
0 61 2.641439357050605e+02 3.701144787094251e-18 7.784813223880471e-02
0 62 2.684065362240461e+02 3.632730389218251e-18 7.784799186181830e-02
1 16 2.700976121311056e+02 1.802660966033694e-14 5.140021185134320e-02
0 63 2.726691387055710e+02 3.487646704167426e-18 7.784779127420070e-02
0 64 2.769317418892474e+02 4.043886168947677e-18 7.784826516115721e-02
0 65 2.811943511852359e+02 4.188975673078512e-18 7.784802288264735e-02
0 66 2.854569516223221e+02 3.701168144231775e-18 7.784816997015294e-02
1 17 2.864872543591939e+02 8.325496736954281e-18 5.140110629593929e-02
0 67 2.897195525756861e+02 5.079345166362749e-18 7.784778840429930e-02
0 68 2.939821584073485e+02 3.750094564962162e-18 7.784834361601201e-02
0 69 2.982447661794614e+02 4.739027921094730e-18 7.784792186884922e-02
0 70 3.025073674387701e+02 3.632782527954237e-18 7.784829700680808e-02
1 18 3.028769072827815e+02 8.344908909392361e-18 5.140170115019788e-02
0 71 3.067699668568414e+02 3.632790984501636e-18 7.784786214098509e-02
0 72 3.110325750519849e+02 3.895226223032847e-18 7.784839882996848e-02
0 73 3.152951810162648e+02 3.701216202176781e-18 7.784786073991468e-02
1 19 3.192665614468894e+02 8.284104332686763e-18 5.140171064077923e-02
0 74 3.195577835273570e+02 4.066006942099517e-18 7.784831255067823e-02
0 75 3.238203819933194e+02 3.750059735053043e-18 7.784798843986297e-02
0 76 3.280829918849274e+02 4.553714240883524e-18 7.784842216767045e-02
0 77 3.323455959203126e+02 4.188883186132922e-18 7.784786170917281e-02
1 20 3.356562103627600e+02 8.301985126271693e-18 5.140108392598742e-02
0 78 3.366081994154408e+02 3.632845169910053e-18 7.784822084025625e-02
0 79 3.408707979860772e+02 3.997706829272638e-18 7.784813346967108e-02
0 80 3.451334086998731e+02 3.487623755784572e-18 7.784840180249707e-02
0 81 3.493960109227024e+02 4.066183840105662e-18 7.784793413870993e-02
1 21 3.520458473021918e+02 8.282095710882254e-18 5.140015383065340e-02
0 82 3.536586146289016e+02 4.739563507121570e-18 7.784808607160157e-02
0 83 3.579212144737937e+02 5.033156204013909e-18 7.784826888060351e-02
0 84 3.621838251252647e+02 4.553804849671600e-18 7.784833406052036e-02
0 85 3.664464259993817e+02 3.556010692643757e-18 7.784807257769936e-02
1 22 3.684354768528066e+02 7.936055561458925e-14 5.139998532626092e-02
0 86 3.707090290288040e+02 4.477392673487987e-18 7.784797759218152e-02
0 87 3.749716310546918e+02 3.701268476762402e-18 7.784838113291459e-02
0 88 3.792342409016997e+02 3.749939676740430e-18 7.784823176576133e-02
0 89 3.834968412518600e+02 4.066364563996156e-18 7.784824999984821e-02
1 23 3.848251131385091e+02 1.643622326675885e-15 5.140072616826251e-02
0 90 3.877594429284197e+02 3.632933656756454e-18 7.784793808062034e-02
0 91 3.920220475736793e+02 3.701289090827931e-18 7.784846950891387e-02
0 92 3.962846560770456e+02 4.188746575150038e-18 7.784812281578435e-02
0 93 4.005472568746576e+02 4.066458182895834e-18 7.784840944630311e-02
1 24 4.012147621937456e+02 8.396205078843132e-18 5.140154431949848e-02
0 94 4.048098569484759e+02 3.895237536619741e-18 7.784797912490866e-02
0 95 4.090724641413724e+02 4.188717020323575e-18 7.784853578062279e-02
0 96 4.133350709459294e+02 3.632982744064504e-18 7.784804026169528e-02
0 97 4.175976728841765e+02 5.399157108672005e-18 7.784847955800674e-02
1 25 4.176044168872383e+02 2.626376189790629e-17 5.140178916586766e-02
0 98 4.218602716704912e+02 4.066555531497772e-18 7.784808569451741e-02
0 99 4.261228808980275e+02 3.749851231266549e-18 7.784857499372552e-02
0 100 4.303854858051313e+02 3.749859331869369e-18 7.784801128184259e-02
1 26 4.339940690822928e+02 1.967138930158940e-14 5.140148811198531e-02
0 101 4.346480889307847e+02 3.487625308352829e-18 7.784843072392798e-02
0 102 4.389106873058591e+02 3.701351756024620e-18 7.784822645394573e-02
0 103 4.431732977626185e+02 4.066703702288371e-18 7.784857555544585e-02
0 104 4.474359007679176e+02 3.487633267985986e-18 7.784805120628872e-02
1 27 4.503837118013792e+02 8.413052752807984e-18 5.140057358562957e-02
0 105 4.516985044912490e+02 3.749817243764750e-18 7.784830590428153e-02
0 106 4.559611036262933e+02 3.487621327819466e-18 7.784836887312961e-02
0 107 4.602237144091609e+02 3.749788318049758e-18 7.784852867844633e-02
0 108 4.644863158087847e+02 3.555960800999974e-18 7.784816170696414e-02
1 28 4.667733431246566e+02 8.284668373409526e-18 5.139995279001003e-02
0 109 4.687489192459731e+02 3.998521065881412e-18 7.784817840994646e-02
0 110 4.730115202034688e+02 3.555946122716398e-18 7.784849226103072e-02
0 111 4.772741304924834e+02 3.895222782793016e-18 7.784843926553274e-02
0 112 4.815367309593072e+02 3.555948644063586e-18 7.784832672209219e-02
1 29 4.831629748808561e+02 8.314458483386225e-18 5.140035503868424e-02
0 113 4.857993333064076e+02 3.895233484370755e-18 7.784810455607946e-02
0 114 4.900619367495327e+02 3.701409476447920e-18 7.784859106636452e-02
0 115 4.943245459126684e+02 3.701431797045567e-18 7.784832926279196e-02
0 116 4.985871463951444e+02 3.998693993798070e-18 7.784850316300063e-02
1 30 4.995526183712309e+02 8.383601302620362e-18 5.140126206520725e-02
0 117 5.028497471886533e+02 3.895232313125156e-18 7.784810971177129e-02
0 118 5.071123532728217e+02 3.701430486094250e-18 7.784866739213570e-02
0 119 5.113749608768995e+02 3.749707831514084e-18 7.784823089040589e-02
0 120 5.156375622515178e+02 3.998797879052209e-18 7.784862126249034e-02
1 31 5.159422718101017e+02 8.329414505744041e-18 5.140179151738849e-02
0 121 5.199001615403002e+02 3.555935477691570e-18 7.784818995877212e-02
0 122 5.241627699372314e+02 3.998842293752170e-18 7.784871997965795e-02
0 123 5.284253757135479e+02 4.188486745379255e-18 7.784817508993264e-02
1 32 5.323319257745394e+02 7.408045525531362e-14 5.140174647397891e-02
0 124 5.326879783445327e+02 3.633171528831036e-18 7.784862480838425e-02
0 125 5.369505767681812e+02 3.749673181907092e-18 7.784831963665723e-02
0 126 5.412131867817716e+02 3.633179394282515e-18 7.784873951189482e-02
0 127 5.454757906283027e+02 3.895228846174808e-18 7.784818289498953e-02
1 33 5.487215737858388e+02 1.439778235812431e-15 5.140105879150170e-02
0 128 5.497383941838432e+02 4.042855843881450e-18 7.784852554207015e-02
0 129 5.540009928289446e+02 4.067295221234455e-18 7.784846480745243e-02
0 130 5.582636035751819e+02 3.895213045947980e-18 7.784871444102782e-02
0 131 5.625262056381350e+02 3.487624255202003e-18 7.784826233897746e-02
1 34 5.651112094930902e+02 8.327376120522206e-18 5.140016473727956e-02
0 132 5.667888093163050e+02 3.895224850532886e-18 7.784839061835747e-02
0 133 5.710514093414118e+02 3.895214994471591e-18 7.784859832017606e-02
0 134 5.753140199440825e+02 3.555891111764638e-18 7.784864247198056e-02
0 135 5.795766207251768e+02 3.633255161230098e-18 7.784840625762812e-02
1 35 5.815008390459014e+02 3.693683348240751e-17 5.140010067074941e-02
0 136 5.838392236464235e+02 4.042740969770456e-18 7.784828754894108e-02
0 137 5.881018259184369e+02 3.633253393608055e-18 7.784870815745228e-02
0 138 5.923644356541196e+02 5.016590869979096e-18 7.784853814031671e-02
0 139 5.966270360062335e+02 4.067562684272595e-18 7.784858494408990e-02
1 36 5.978904765711864e+02 2.166351325884350e-14 5.140089077689356e-02
0 140 6.008896375281477e+02 3.999309901086475e-18 7.784825592264757e-02
0 141 6.051522424350946e+02 4.067593761188803e-18 7.784879435958077e-02
0 142 6.094148507842939e+02 4.067657151124995e-18 7.784843036493722e-02
0 143 6.136774516721342e+02 3.999393010616515e-18 7.784873863543634e-02
1 37 6.142801266477047e+02 8.352323070312335e-18 5.140167255767242e-02
0 144 6.179400515953864e+02 4.067665511357805e-18 7.784830443692570e-02
0 145 6.222026590175902e+02 3.999434842373890e-18 7.784885834070585e-02
0 146 6.264652656412351e+02 3.895222683177942e-18 7.784835205392637e-02
0 147 6.307278677064215e+02 3.701590925317594e-18 7.784879719969333e-02
1 38 6.306697813171726e+02 8.284752691416180e-18 5.140186363683764e-02
0 148 6.349904664052546e+02 3.895219964628820e-18 7.784841590724173e-02
0 149 6.392530757931758e+02 3.701594675125193e-18 7.784889431811627e-02
0 150 6.435156805088722e+02 3.701619031834331e-18 7.784832938900546e-02
1 39 6.470594328759787e+02 8.284871059827300e-18 5.140149712811828e-02
0 151 6.477782837278337e+02 3.749458476442604e-18 7.784873804836603e-02
0 152 6.520408821236814e+02 3.633364482850812e-18 7.784855818240555e-02
0 153 6.563034926531884e+02 4.067903133602274e-18 7.784889046660926e-02
0 154 6.605660954811075e+02 3.895221188814887e-18 7.784837642237169e-02
1 40 6.634490743701061e+02 8.284601914982627e-18 5.140055202034534e-02
0 155 6.648286992172436e+02 3.895217120356090e-18 7.784860976833734e-02
0 156 6.690912984884988e+02 4.261522663104760e-18 7.784869942551433e-02
0 157 6.733539092572593e+02 4.068007766701919e-18 7.784883893016349e-02
0 158 6.776165105290979e+02 3.999791553727849e-18 7.784849335912931e-02
1 41 6.798387050746492e+02 8.432556424222362e-18 5.140002331852990e-02
0 159 6.818791138913192e+02 4.042368259126882e-18 7.784848554153995e-02
0 160 6.861417150712115e+02 3.487602096797547e-18 7.784882047166986e-02
0 161 6.904043252745006e+02 3.555833158378810e-18 7.784874630491517e-02
0 162 6.946669256986729e+02 5.280161866579679e-18 7.784866193545383e-02
1 42 6.962283375697981e+02 6.865107609291955e-14 5.140051332680252e-02
0 163 6.989295279066922e+02 3.749380197169264e-18 7.784841883890772e-02
0 164 7.031921316108242e+02 3.895203656900771e-18 7.784891697569316e-02
0 165 7.074547406368711e+02 3.701693729284321e-18 7.784863597573669e-02
0 166 7.117173411736289e+02 4.554631573648011e-18 7.784883600309739e-02
1 43 7.126179823748953e+02 1.233504304714307e-15 5.140141068944106e-02
0 167 7.159799418076092e+02 3.895219063060155e-18 7.784843197645215e-02
0 168 7.202425481410899e+02 3.895201484698711e-18 7.784899116160644e-02
0 169 7.245051555744711e+02 4.068303696018737e-18 7.784854054904213e-02
0 170 7.287677570681004e+02 3.895207159715245e-18 7.784894456716483e-02
1 44 7.290076363107775e+02 8.510223950971919e-18 5.140187636718632e-02
0 171 7.330303562338133e+02 3.895215529828650e-18 7.784851847654972e-02
0 172 7.372929648257078e+02 4.068346024351683e-18 7.784904102681232e-02
0 173 7.415555704129821e+02 3.701739452728830e-18 7.784849028100527e-02
1 45 7.453972899968458e+02 4.985303445908104e-17 5.140178275307525e-02
0 174 7.458181731604469e+02 4.552722443336532e-18 7.784893624466716e-02
0 175 7.500807715525706e+02 4.068398402069639e-18 7.784865119580325e-02
0 176 7.543433816794550e+02 4.068450297464821e-18 7.784905663353993e-02
0 177 7.586059853384747e+02 4.550209960327139e-18 7.784850500021609e-02
1 46 7.617869369618085e+02 2.356476335075599e-14 5.140103336592443e-02
0 178 7.628685889463451e+02 3.701758115684750e-18 7.784883012325160e-02
0 179 7.671311876774140e+02 3.895205828638263e-18 7.784879624070534e-02
0 180 7.713937984474826e+02 3.633571022001112e-18 7.784902683070533e-02
0 181 7.756564003554603e+02 3.895213031373520e-18 7.784859139561982e-02
1 47 7.781765715438827e+02 8.409480481241771e-18 5.140017655437294e-02
0 182 7.799190039968444e+02 3.895212086183700e-18 7.784869571420706e-02
0 183 7.841816042107324e+02 3.555784549300012e-18 7.784892774225101e-02
0 184 7.884442147575129e+02 3.701787160028829e-18 7.784895077870529e-02
0 185 7.927068154540809e+02 3.701795316383009e-18 7.784874051623995e-02
1 48 7.945662013665499e+02 8.282062382567593e-18 5.140021682377541e-02
0 186 7.969694182607562e+02 3.701804271039765e-18 7.784859843544543e-02
0 187 8.012320207827362e+02 3.895198345401177e-18 7.784903517217687e-02
0 188 8.054946304020157e+02 4.262151850949559e-18 7.784884469818085e-02
0 189 8.097572307658235e+02 3.487600142944106e-18 7.784891987856273e-02
1 49 8.109558402203005e+02 8.285345891346805e-18 5.140105474347897e-02
0 190 8.140198321309962e+02 3.895213481894652e-18 7.784857477370639e-02
0 191 8.182824372984882e+02 3.701812285035119e-18 7.784911921857092e-02
0 192 8.225450454901896e+02 3.701836683817669e-18 7.784873842276345e-02
0 193 8.268076464747913e+02 3.487596437931088e-18 7.784906708258321e-02
1 50 8.273454911444414e+02 8.284631341703102e-18 5.140179172714256e-02
0 194 8.310702462510241e+02 3.555773701925020e-18 7.784863058414437e-02
0 195 8.353328538971604e+02 4.262254423487546e-18 7.784918085041657e-02
0 196 8.395954603380482e+02 4.068949643884340e-18 7.784866461032611e-02
0 197 8.438580625299013e+02 3.701852699861477e-18 7.784911385787684e-02
1 51 8.437351457438526e+02 8.400772467677436e-18 5.140192465601328e-02
0 198 8.481206611503497e+02 4.068951471842601e-18 7.784874663432327e-02
0 199 8.523832706905623e+02 3.895193017767202e-18 7.784921346971818e-02
0 200 8.566458752149562e+02 3.555758104432848e-18 7.784864839606719e-02
1 52 8.601247967513558e+02 6.414144661859883e-14 5.140148570687422e-02
0 201 8.609084785207589e+02 3.555747616027325e-18 7.784904490783291e-02
0 202 8.651710769490981e+02 3.749075384709955e-18 7.784889011010519e-02
0 203 8.694336875424827e+02 3.895193146550247e-18 7.784920512225252e-02
0 204 8.736962901962119e+02 3.895207912101552e-18 7.784870254363040e-02
1 53 8.765144369424423e+02 1.071343131418198e-15 5.140053775095391e-02
0 205 8.779588939362426e+02 3.701901329384682e-18 7.784891390924607e-02
0 206 8.822214933539384e+02 3.487591324838398e-18 7.784902999171230e-02
0 207 8.864841041006943e+02 4.555053020758489e-18 7.784914899024101e-02
0 208 8.907467052517528e+02 3.749024363643632e-18 7.784882574921653e-02
1 54 8.929040670724969e+02 8.474010003131230e-18 5.140010443301972e-02
0 209 8.950093085312561e+02 3.487602327899926e-18 7.784879346993979e-02
0 210 8.992719099396254e+02 3.701912170737349e-18 7.784914866033968e-02
0 211 9.035345200512044e+02 4.069308860375689e-18 7.784905338568730e-02
0 212 9.077971204423665e+02 3.487595001807136e-18 7.784899744362986e-02
1 55 9.092937004880835e+02 7.186146567206915e-17 5.140067184957152e-02
0 213 9.120597225070715e+02 4.187723940838891e-18 7.784873413023111e-02
0 214 9.163223264732748e+02 3.487584076539443e-18 7.784924289113375e-02
0 215 9.205849353581683e+02 3.701955644245653e-18 7.784894305381479e-02
0 216 9.248475359577816e+02 3.748957057136433e-18 7.784916841548535e-02
1 56 9.256833465615645e+02 2.585006338343603e-14 5.140155837174876e-02
0 217 9.291101364331179e+02 3.555723214244175e-18 7.784875518085109e-02
0 218 9.333727430122976e+02 3.555700762512247e-18 7.784931491848701e-02
0 219 9.376353502724651e+02 4.405601115594339e-18 7.784885086996715e-02
0 220 9.418979518881179e+02 4.041378831570965e-18 7.784926689574347e-02
1 57 9.420730008229652e+02 8.314518466254117e-18 5.140196286405389e-02
0 221 9.461605509375401e+02 3.701979504233276e-18 7.784884766224667e-02
0 222 9.504231597173033e+02 3.701975877261875e-18 7.784936195895928e-02
0 223 9.546857651146474e+02 3.702001043493028e-18 7.784880632643508e-02
1 58 9.584626541179302e+02 8.296500883715840e-18 5.140181931883013e-02
0 224 9.589483679745567e+02 3.555694952809493e-18 7.784924691328325e-02
0 225 9.632109663462091e+02 3.487591709638566e-18 7.784898308592793e-02
0 226 9.674735765776217e+02 3.487579623837985e-18 7.784937352410577e-02
0 227 9.717361800507800e+02 3.633920794589675e-18 7.784882802550423e-02
1 59 9.748522999175357e+02 8.312524174981250e-18 5.140100778907919e-02
0 228 9.759987837026596e+02 3.487591008305224e-18 7.784913465840257e-02
0 229 9.802613825310470e+02 4.069692570924985e-18 7.784912775117703e-02
0 230 9.845239933164343e+02 5.038320018822760e-18 7.784933897780145e-02
0 231 9.887865950747209e+02 3.555687284848883e-18 7.784892129265970e-02
1 60 9.912419335343803e+02 8.303723724930415e-18 5.140020142332057e-02
0 232 9.930491986706812e+02 3.633953007910618e-18 7.784900141030883e-02
0 233 9.973117990815035e+02 3.555672748326352e-18 7.784925714361486e-02
0 234 1.001574409565494e+03 4.262998293410718e-18 7.784925900394625e-02
0 235 1.005837010186302e+03 3.555675337104982e-18 7.784907531021866e-02
1 61 1.007631563685422e+03 8.321750208885617e-18 5.140035120289072e-02
0 236 1.010099612872357e+03 3.702065804509360e-18 7.784891027228331e-02
0 237 1.014362215647648e+03 3.702053060485974e-18 7.784936218016875e-02
0 238 1.018624825145636e+03 4.919382199475616e-18 7.784915147159899e-02
0 239 1.022887425530776e+03 3.748780678807410e-18 7.784925473040998e-02
1 62 1.024021203776579e+03 5.923139043645108e-14 5.140121589001057e-02
0 240 1.027150026737618e+03 3.702084809896919e-18 7.784889462671833e-02
0 241 1.031412632164051e+03 4.001917039726951e-18 7.784944408405790e-02
0 242 1.035675240195078e+03 3.895195250681093e-18 7.784904701868842e-02
0 243 1.039937841282416e+03 3.895188222568178e-18 7.784939473083280e-02
1 63 1.040410855596489e+03 9.117059705888548e-16 5.140189761510832e-02
0 244 1.044200440915768e+03 3.555661997650501e-18 7.784895753935084e-02
0 245 1.048463048780118e+03 3.634029049268331e-18 7.784950329933733e-02
0 246 1.052725655036565e+03 3.487591260378835e-18 7.784897794976242e-02
1 64 1.056800510118348e+03 8.305756347415972e-18 5.140198163624862e-02
0 247 1.056988257354102e+03 3.895187382026998e-18 7.784942955447945e-02
0 248 1.061250855905698e+03 3.555649624598707e-18 7.784907784214591e-02
0 249 1.065513465589944e+03 4.485631092270042e-18 7.784953243667651e-02
0 250 1.069776069923393e+03 3.748701287933238e-18 7.784896830950604e-02
1 65 1.073190160409103e+03 9.391290592282158e-17 5.140147366805799e-02
0 251 1.074038673309147e+03 3.895188914137536e-18 7.784935137590722e-02
0 252 1.078301271781726e+03 3.487581379344556e-18 7.784922221189511e-02
0 253 1.082563882430146e+03 3.555622419403572e-18 7.784951952105738e-02
0 254 1.086826484913241e+03 3.634112899961875e-18 7.784902956255857e-02
1 66 1.089579799306125e+03 2.810077955936789e-14 5.140052402113204e-02
0 255 1.091089088648231e+03 3.487585450488357e-18 7.784921839110434e-02
0 256 1.095351688222280e+03 3.555623087552782e-18 7.784936056228170e-02
0 257 1.099614298939296e+03 3.748630394250065e-18 7.784945887472522e-02
0 258 1.103876899976935e+03 3.555625543738433e-18 7.784915884773634e-02
1 67 1.105969429112433e+03 8.323299752240133e-18 5.140018659115923e-02
0 259 1.108139503166228e+03 3.634147013878528e-18 7.784910222938229e-02
0 260 1.112402104808680e+03 3.748617069457687e-18 7.784947682877751e-02
0 261 1.116664714822766e+03 3.634159353369473e-18 7.784936053747962e-02
0 262 1.120927315190655e+03 4.554317015678255e-18 7.784933318523768e-02
1 68 1.122359063635123e+03 8.296615472011249e-18 5.140083038856216e-02
0 263 1.125189917108253e+03 4.555620450713028e-18 7.784905043487139e-02
0 264 1.129452521337103e+03 4.002510586526779e-18 7.784956881416895e-02
0 265 1.133715130076949e+03 3.555606754403740e-18 7.784925052906516e-02
0 266 1.137977730747627e+03 3.555601275047804e-18 7.784950032662329e-02
1 69 1.138748710906891e+03 8.282098644240201e-18 5.140170374786002e-02
0 267 1.142240331065775e+03 4.747489613085933e-18 7.784907930548278e-02
0 268 1.146502937886634e+03 4.817802359882764e-18 7.784963865596221e-02
0 269 1.150765544971218e+03 3.702240926642753e-18 7.784916187733046e-02
0 270 1.155028146711204e+03 4.070702506893857e-18 7.784958823138693e-02
1 70 1.155138365333339e+03 8.314199554563015e-18 5.140204242172364e-02
0 271 1.159290745651662e+03 3.702240637801394e-18 7.784917748316283e-02
0 272 1.163553354611948e+03 3.555579341557051e-18 7.784968276347591e-02
0 273 1.167815959818678e+03 3.555595064890163e-18 7.784912323830805e-02
1 71 1.171528018268988e+03 8.473008471565291e-18 5.140183692608515e-02
0 274 1.172078562786406e+03 3.702257345816557e-18 7.784955687317399e-02
0 275 1.176341161148866e+03 3.702257388923665e-18 7.784931527652064e-02
0 276 1.180603771475985e+03 3.634255661229754e-18 7.784969017615478e-02
0 277 1.184866374765253e+03 5.095390973654261e-18 7.784915197016214e-02
1 72 1.187917662981183e+03 5.527324295723953e-14 5.140098108025215e-02
0 278 1.189128978452624e+03 3.634280226619220e-18 7.784943922096692e-02
0 279 1.193391577389498e+03 4.040450181932431e-18 7.784945932219858e-02
0 280 1.197654188181804e+03 4.070954081204140e-18 7.784965089033556e-02
0 281 1.201916789796070e+03 3.634304539705051e-18 7.784925201197992e-02
1 73 1.204307295560034e+03 7.809850240993330e-16 5.140024553003791e-02
0 282 1.206179393338117e+03 4.003003649177719e-18 7.784930775482070e-02
0 283 1.210441993953600e+03 4.070990370840845e-18 7.784958652217180e-02
0 284 1.214704604368098e+03 3.702311191304194e-18 7.784956717231517e-02
0 285 1.218967204922159e+03 3.702317675436854e-18 7.784941059301019e-02
1 74 1.220696926137666e+03 8.303596351473976e-18 5.140049279292538e-02
0 286 1.223229807481912e+03 3.748429077879511e-18 7.784922307715059e-02
0 287 1.227492410513361e+03 4.071090339779552e-18 7.784968918446801e-02
0 288 1.231755019885360e+03 3.895179767007666e-18 7.784945849304740e-02
0 289 1.236017620301325e+03 3.702334968484028e-18 7.784958942530440e-02
1 75 1.237086567556223e+03 1.266714202688234e-16 5.140137641507005e-02
0 290 1.240280221348761e+03 4.264013749656995e-18 7.784921547220347e-02
0 291 1.244542827032071e+03 3.702335488915731e-18 7.784976895336547e-02
0 292 1.248805434899391e+03 3.702360335000088e-18 7.784935618134034e-02
0 293 1.253068036094838e+03 3.634380952358740e-18 7.784972152909590e-02
1 76 1.253476220112587e+03 3.065988595779373e-14 5.140200337480170e-02
0 294 1.257330635590032e+03 4.040219337831168e-18 7.784928527402578e-02
0 295 1.261593243666543e+03 4.003322983590959e-18 7.784982567646004e-02
0 296 1.265855849737025e+03 3.748344072925939e-18 7.784929208991138e-02
1 77 1.269865874441850e+03 8.313602449920190e-18 5.140204066080355e-02
0 297 1.270118452178556e+03 4.264150183140080e-18 7.784974431928025e-02
0 298 1.274381050671228e+03 3.634413620054315e-18 7.784940949732895e-02
0 299 1.278643660491099e+03 3.702380133435675e-18 7.784985120766036e-02
0 300 1.282906264634220e+03 3.555535199486877e-18 7.784928913456679e-02
1 78 1.286255523849858e+03 8.295558072091942e-18 5.140146116885087e-02
0 301 1.287168868092645e+03 3.702400616451515e-18 7.784965752741925e-02
0 302 1.291431466621194e+03 3.487566291194292e-18 7.784955446402723e-02
0 303 1.295694077315844e+03 3.895167281496924e-18 7.784983366326442e-02
0 304 1.299956679632227e+03 3.748284213894621e-18 7.784935746997322e-02
1 79 1.302645161488801e+03 8.282047995885016e-18 5.140051290262549e-02
0 305 1.304219283353246e+03 4.071550325114670e-18 7.784952327537964e-02
0 306 1.308481883093208e+03 3.555511234321153e-18 7.784969112924578e-02
0 307 1.312744493772916e+03 3.895169071366281e-18 7.784976860132792e-02
0 308 1.317007094704829e+03 4.488614305507673e-18 7.784949262237725e-02
1 80 1.319034791167823e+03 8.372131804155643e-18 5.140028238069047e-02
0 309 1.321269697796696e+03 3.634505382698345e-18 7.784941185109526e-02
0 310 1.325532299678346e+03 3.555499125596802e-18 7.784980497922382e-02
0 311 1.329794909589350e+03 4.264423721711984e-18 7.784966779069996e-02
0 312 1.334057509943752e+03 4.003773779467524e-18 7.784966909593222e-02
1 81 1.335424426766131e+03 8.322658615529814e-18 5.140099343320607e-02
0 313 1.338320111710899e+03 4.186866531928571e-18 7.784936775496820e-02
0 314 1.342582716202483e+03 3.555487986125067e-18 7.784989474568495e-02
0 315 1.346845324793546e+03 4.003875085117800e-18 7.784955843312372e-02
0 316 1.351107925543082e+03 3.895169564866282e-18 7.784983166515456e-02
1 82 1.351814075154241e+03 5.095968017985456e-14 5.140183296504324e-02
0 317 1.355370525706069e+03 3.555499978119773e-18 7.784940432897053e-02
0 318 1.359633132764187e+03 3.748162376482999e-18 7.784996236636084e-02
0 319 1.363895739670960e+03 4.557121128571908e-18 7.784947359418103e-02
0 320 1.368158341536869e+03 3.702495731909582e-18 7.784990856571956e-02
1 83 1.368203729793869e+03 6.643299009885466e-16 5.140211167899500e-02
0 321 1.372420940376210e+03 4.264574667045949e-18 7.784950790612177e-02
0 322 1.376683549509435e+03 3.748129029142257e-18 7.785000342770121e-02
0 323 1.380946154525071e+03 4.557307712982991e-18 7.784944102749454e-02
1 84 1.384593382309387e+03 8.513721934820085e-18 5.140184727346247e-02
0 324 1.385208757595427e+03 3.555472541976993e-18 7.784986618775161e-02
0 325 1.389471355960152e+03 4.004079821681591e-18 7.784964773804712e-02
0 326 1.393733966374112e+03 3.487550585433427e-18 7.785000658341479e-02
0 327 1.397996569481785e+03 3.555474696480187e-18 7.784947683211201e-02
1 85 1.400983025798940e+03 1.624420714791251e-16 5.140095442509082e-02
0 328 1.402259173195968e+03 3.555467484726348e-18 7.784974388285455e-02
0 329 1.406521772252272e+03 4.557518886954771e-18 7.784979093868805e-02
0 330 1.410784383043216e+03 3.487551894920939e-18 7.784996257808273e-02
0 331 1.415046984519507e+03 3.634662540739320e-18 7.784958353320440e-02
1 86 1.417372657532709e+03 3.334319108109097e-14 5.140029068756014e-02
0 332 1.419309587999322e+03 3.895173676201905e-18 7.784961479287315e-02
0 333 1.423572188826745e+03 3.895161461390590e-18 7.784991587684308e-02
0 334 1.427834799165240e+03 4.072256088618094e-18 7.784987530968865e-02
0 335 1.432097399661778e+03 3.487559858450652e-18 7.784974631478297e-02
1 87 1.433762288781373e+03 8.315396952428333e-18 5.140063489124888e-02
0 336 1.436360002089925e+03 3.487566740985897e-18 7.784953686487671e-02
