1 0 1.634100196971414e+00 9.109921220239389e-18 4.640122043439936e-02
0 0 1.028442542530390e+01 7.797189563494662e-18 4.997279974875841e-02
1 1 2.080721816187593e+01 9.010765601924378e-18 4.639782827511746e-02
0 1 2.465878727548113e+01 7.419956985939910e-18 4.997776169467821e-02
0 2 3.904880178683412e+01 7.949110422968349e-18 4.987765527663179e-02
1 2 3.996591812286889e+01 9.159061705050091e-18 4.649244651718817e-02
0 3 5.340065926424619e+01 9.877763148736896e-18 4.987335973213321e-02
1 3 5.917526124521404e+01 9.236452597583611e-18 4.649810875955482e-02
0 4 6.775547952748212e+01 7.636045072247314e-18 4.987152049095633e-02
1 4 7.838189651702001e+01 9.096712349280714e-18 4.649447660259300e-02
0 5 8.210853178233540e+01 7.763908742948427e-18 4.987647068444056e-02
0 6 9.647385448382110e+01 7.588527862784041e-18 4.983134459954899e-02
1 5 9.757800336682578e+01 8.920047693667932e-18 4.653773075490259e-02
0 7 1.108031781306487e+02 2.366734121025424e-17 4.982690920641992e-02
1 6 1.168228769681260e+02 4.686615555914494e-15 4.654332846678852e-02
0 8 1.251354053446117e+02 1.211416422621751e-16 4.982554785228655e-02
1 7 1.360656518175801e+02 1.037502813118007e-17 4.653908737065228e-02
0 9 1.394656054725520e+02 4.818481828856676e-16 4.983041902467412e-02
0 10 1.538034115894006e+02 7.029303169417214e-16 4.983626822460138e-02
1 8 1.553031678915770e+02 9.352323149398437e-18 4.653416827785500e-02
0 11 1.681174521283684e+02 5.152623074677843e-17 4.983164407664484e-02
1 9 1.745721365933802e+02 8.793980430357516e-18 4.653946550741035e-02
0 12 1.824342099418332e+02 8.425440942689952e-18 4.983110882592513e-02
1 10 1.938401236896065e+02 9.246173813925234e-18 4.653455818416364e-02
0 13 1.967486077586958e+02 8.315180047439296e-18 4.983560873332692e-02
0 14 2.110680766197136e+02 7.925098506959911e-18 4.986111655922379e-02
1 11 2.131052903922671e+02 3.636613505073648e-17 4.651143764344781e-02
0 15 2.253745144016373e+02 4.112168628460509e-15 4.985627454820599e-02
1 12 2.323862315520102e+02 8.916830565731037e-18 4.651616702650127e-02
0 16 2.396832739337295e+02 5.161586825627763e-15 4.985679653092154e-02
1 13 2.516676588353164e+02 8.838883058819348e-18 4.651099585065383e-02
0 17 2.539894321227547e+02 9.440691752257973e-18 4.986036288680080e-02
0 18 2.683001774794138e+02 9.457936944130828e-18 4.989162856523305e-02
1 14 2.709457627392160e+02 1.019568846469109e-17 4.648310418671786e-02
0 19 2.826043120947003e+02 1.701116436549284e-17 4.988674093915671e-02
1 15 2.902303789738383e+02 9.601043148385191e-18 4.648678577914889e-02
0 20 2.969101797870573e+02 2.255059136041908e-16 4.988840583251553e-02
1 16 3.095169715934595e+02 9.466529226068003e-18 4.648223755057918e-02
0 21 3.112134520543759e+02 7.211443451593201e-16 4.989014858726950e-02
0 22 3.255223099863562e+02 3.929754020740257e-17 4.992294100778640e-02
1 17 3.287973370037294e+02 6.827901812463647e-17 4.645333099773658e-02
0 23 3.398283838686711e+02 7.615966503523503e-18 4.991825361379267e-02
1 18 3.480790482272807e+02 8.811819158164804e-18 4.645565043393209e-02
