1 0 1.099246696100536e+00 2.566900568945101e-18 9.576842034097745e-02
1 1 2.579544716874960e+00 2.468195589040659e-02 2.150293613481318e-09
0 0 4.213528727064506e+00 4.732779966178423e-18 5.785200244063889e-02
1 2 4.113793256562916e+00 2.468156681905124e-02 1.127833593258375e-09
1 3 5.798836000066092e+00 8.360930877639906e-10 9.576595063466735e-02
1 4 7.365360642914143e+00 2.591296419186423e-10 9.576853473413198e-02
1 5 8.931885611109136e+00 1.896125791977772e-18 9.576784988344848e-02
1 6 1.049841547762845e+01 5.066030728858454e-18 9.576581728991265e-02
0 1 1.192383690757616e+01 4.549534174797423e-18 5.785180006977635e-02
1 7 1.206493933560427e+01 3.813762415190645e-18 9.576651094928845e-02
1 8 1.363145281280599e+01 1.079428578207692e-17 9.576722999831426e-02
1 9 1.519797097384341e+01 2.028075934155664e-18 9.576764312513925e-02
1 10 1.676450031276012e+01 5.072009274967145e-18 9.576705460708780e-02
1 11 1.833102355207393e+01 3.014822525348796e-18 9.576670341382518e-02
0 2 1.963415133414246e+01 4.556386460301997e-18 5.785143070037047e-02
1 12 1.989753973106673e+01 2.579852344276833e-16 9.576678400902604e-02
1 13 2.146406343556268e+01 9.231631901530054e-15 9.576620339850163e-02
1 14 2.303059929082038e+01 2.737451178929262e-18 9.576760375881962e-02
1 15 2.459713121260640e+01 4.204560996790932e-16 9.576803179642443e-02
1 16 2.616365378337375e+01 1.635818913711936e-15 9.576625780241063e-02
0 3 2.734445372306888e+01 4.467483609359740e-18 5.785080341410752e-02
1 17 2.763892854518814e+01 2.468155522604473e-02 3.131659738104394e-09
1 18 2.917317854697157e+01 2.468165032718971e-02 2.233905288333690e-09
1 19 3.086323719972357e+01 2.238276843808399e-10 9.576887928879756e-02
1 20 3.957419716324952e+01 -4.410423864875684e-01 1.785499013880556e+00
1 21 3.399628064899284e+01 3.400747508229879e-15 9.576561692333567e-02
0 4 3.505476444280485e+01 4.599015014808253e-18 5.785002167012009e-02
1 22 3.556280221663062e+01 3.462729168215871e-18 9.576642823953214e-02
1 23 3.712931585070240e+01 2.792261325249590e-18 9.576756917311371e-02
1 24 3.869583766217600e+01 3.083459277148148e-15 9.576778153758335e-02
1 25 4.026237105578056e+01 2.540218693497641e-18 9.576653443099165e-02
1 26 4.182889906689131e+01 3.194475143371434e-16 9.576641768164014e-02
0 5 4.276507039356286e+01 4.467445275771842e-18 5.784944801493749e-02
1 27 4.260582786946312e+01 6.666700375626377e-10 1.038195535195822e-01
1 28 4.339542133490758e+01 1.923987970074456e-18 9.576656947413972e-02
1 29 4.496194848990778e+01 9.098310583805605e-16 9.576632964691313e-02
1 30 4.652848549751076e+01 3.347082795808992e-18 9.576761469638113e-02
1 31 4.809501551797671e+01 4.438135002195848e-18 9.576773323842526e-02
1 32 4.966153302748048e+01 5.610336315180133e-15 9.576640917669503e-02
0 6 5.047537034301585e+01 4.790545826294622e-18 5.784901333828189e-02
1 33 5.122805647972407e+01 1.805575081716009e-18 9.576538342310131e-02
1 34 5.269831812137246e+01 2.468171492333697e-02 1.957035651977594e-09
1 35 5.423256436900676e+01 2.468208415449220e-02 2.234496258304160e-09
1 36 5.592761862700718e+01 3.373764127459753e-10 9.576696554460934e-02
1 37 6.455920208067911e+01 -4.361417360925245e-01 1.766732403058688e+00
0 7 5.818568131368436e+01 4.580855560159636e-18 5.784903872712839e-02
1 38 5.906066986761270e+01 4.091071032533234e-16 9.576617595868185e-02
1 39 6.062718926901400e+01 2.139755280855451e-18 9.576778884885351e-02
1 40 6.219371675042505e+01 1.583572519224804e-18 9.576773480298707e-02
1 41 6.376025382774370e+01 7.320281847590209e-16 9.576612805931509e-02
1 42 6.532678405900818e+01 3.275622015218455e-18 9.576636243604643e-02
0 8 6.589598197715917e+01 4.568433335869747e-18 5.784956837354484e-02
1 43 6.689330634804398e+01 3.084061419787323e-18 9.576651857903462e-02
1 44 6.767025428755815e+01 2.480185583923351e-10 1.038197620356807e-01
1 45 6.845983115441004e+01 2.553717109221136e-18 9.576662273624997e-02
1 46 7.002636427808773e+01 2.979205795375851e-15 9.576757068339796e-02
1 47 7.159288844052038e+01 1.583567529719020e-18 9.576740591945071e-02
1 48 7.315940001587397e+01 1.771581198182635e-18 9.576658253612379e-02
0 9 7.360628945854799e+01 4.467434380491652e-18 5.785022845536206e-02
1 49 7.472591898528563e+01 4.099733174347310e-18 9.576562651149827e-02
1 50 6.581984430291349e+01 -6.486871845214688e-01 2.612762330582922e+00
1 51 7.775770475560115e+01 2.468211017621883e-02 7.092219533959275e-10
1 52 7.942548604202769e+01 3.589344048872613e-10 9.576631805014871e-02
1 53 8.099201712750461e+01 1.729900447278415e-10 9.576497091584889e-02
0 10 8.131660027374130e+01 4.567654688376205e-18 5.785101966550362e-02
1 54 8.255854995673688e+01 1.613114156075960e-18 9.576595186734484e-02
1 55 8.412507386728315e+01 8.208943856721628e-15 9.576797783223107e-02
1 56 8.569160290069441e+01 1.583573426438208e-18 9.576763197925953e-02
1 57 8.725813818833522e+01 7.423142676830671e-15 9.576589782616413e-02
1 58 8.882466462363932e+01 1.445245690667865e-16 9.576646288389437e-02
0 11 8.902690434986616e+01 4.803352361220199e-18 5.785161163994994e-02
1 59 9.039118112627214e+01 5.635401460118565e-18 9.576670902554163e-02
1 60 9.195770145162820e+01 1.178572250961738e-15 9.576702987770501e-02
1 61 9.273464227669871e+01 3.601274275524833e-10 1.038214558871110e-01
1 62 9.352423092423611e+01 2.023447154222449e-18 9.576733759769199e-02
1 63 9.509075163304837e+01 9.151590057764748e-15 9.576696709169663e-02
0 12 9.673721937318636e+01 4.538505311488837e-18 5.785190499962495e-02
1 64 9.665726348427549e+01 4.299963343129178e-18 9.576657039046693e-02
1 65 9.822378492008146e+01 1.583593142345938e-18 9.576575857484484e-02
1 66 9.979031661415011e+01 1.168798822736393e-17 9.576749772570831e-02
1 67 9.076209239669289e+01 -6.562858693680681e-01 2.642093267776575e+00
1 68 1.028170868380648e+02 2.468219213466847e-02 2.837585352081571e-09
0 13 1.044475265954167e+02 5.122104756716466e-18 5.785199113379130e-02
1 69 1.044899014316692e+02 8.585994886645135e-12 9.576470034709973e-02
1 70 1.060564355212181e+02 9.219518605971900e-11 9.576598704527843e-02
1 71 1.076229580403209e+02 2.966852778390781e-16 9.576826078077913e-02
1 72 1.091894829585820e+02 8.698871334222558e-16 9.576746268597468e-02
1 73 1.107560118563524e+02 2.183652255150319e-18 9.576573108294353e-02
0 14 1.121578365756918e+02 5.114616519648951e-18 5.785174120822069e-02
1 74 1.123225326630363e+02 1.665088220353404e-15 9.576652723181199e-02
1 75 1.138890445727421e+02 2.298002889655343e-17 9.576704020646772e-02
1 76 1.154555644963789e+02 3.020263238442765e-18 9.576735195542369e-02
1 77 1.170220951478729e+02 3.049843507720118e-18 9.576688891645292e-02
1 78 1.185886182772628e+02 1.277753985368274e-17 9.576654072862444e-02
0 15 1.198681496872231e+02 4.577687810020999e-18 5.785134907363625e-02
1 79 1.201551363708367e+02 5.499299092064003e-16 9.576638797459669e-02
1 80 1.217216634054744e+02 4.219503261833242e-18 9.576583086850461e-02
1 81 1.232881999749405e+02 2.259544093023556e-18 9.576754844809780e-02
1 82 1.248547301993586e+02 8.900486422857318e-16 9.576795430349483e-02
1 83 1.157173411594415e+02 -6.630382787725385e-01 2.668312949103445e+00
0 16 1.275784516804763e+02 4.462617925055039e-18 5.785068516089698e-02
1 84 1.278764714652595e+02 2.468174708893993e-02 2.198277402065535e-09
1 85 1.295543127664641e+02 5.855573245048455e-10 9.576637032312327e-02
1 86 1.311208306068500e+02 8.889825896910543e-10 9.576858780417964e-02
1 87 1.326873503572681e+02 2.265916497226379e-18 9.576708009604253e-02
1 88 1.342538749649173e+02 1.001474439958106e-16 9.576548762525454e-02
0 17 1.352887634396189e+02 4.481532625746413e-18 5.784993957386614e-02
1 89 1.358203955826009e+02 2.205407177069657e-18 9.576639328937459e-02
1 90 1.373869096681560e+02 2.971720879457208e-16 9.576731756951659e-02
1 91 1.389534345401021e+02 2.486842057616929e-18 9.576744977700977e-02
1 92 1.405199698998198e+02 3.992717250447902e-18 9.576640047643045e-02
1 93 1.420864976176642e+02 2.247033087265678e-15 9.576631278627099e-02
0 18 1.429990670069274e+02 4.583714276068000e-18 5.784941382256627e-02
1 94 1.436530204581463e+02 4.086607032894846e-17 9.576622580308372e-02
1 95 1.452195491399487e+02 1.804497313158867e-15 9.576600456346419e-02
1 96 1.467860851131738e+02 2.135053635688398e-18 9.576756252848616e-02
1 97 1.483526119414965e+02 8.759490238941308e-18 9.576763876712625e-02
1 98 1.499191280357405e+02 2.048116668740921e-18 9.576604645835217e-02
0 19 1.507093685139097e+02 4.854556298284804e-18 5.784903558808896e-02
1 99 1.514016113598605e+02 2.468172911057035e-02 2.454107574423946e-09
1 100 1.529358623988196e+02 2.468200438804003e-02 1.291389246916554e-09
1 101 1.546186938241370e+02 1.957919290839079e-10 9.576878939605296e-02
1 102 1.561852127927933e+02 6.759173972378445e-10 9.576647646431700e-02
1 103 1.577517400103641e+02 2.586731164388947e-18 9.576516421995238e-02
0 20 1.584196791002859e+02 4.537330656883196e-18 5.784915985749953e-02
1 104 1.593182667250979e+02 1.471791628128712e-17 9.576611251964523e-02
1 105 1.608847869960564e+02 1.804422438052059e-18 9.576748467387704e-02
1 106 1.624513169777939e+02 3.359523921018519e-17 9.576739222171614e-02
1 107 1.640178548186540e+02 2.888513916810965e-18 9.576605238272594e-02
1 108 1.655843828870844e+02 1.355575099453383e-16 9.576632814017190e-02
0 21 1.661299789189155e+02 4.608575050867435e-18 5.784972034631600e-02
1 109 1.671509035819430e+02 1.997656299311030e-18 9.576625043037899e-02
1 110 1.687174284777467e+02 1.508166547245450e-16 9.576635947968345e-02
1 111 1.702839600396590e+02 5.675154443712397e-15 9.576749694894904e-02
1 112 1.718504812124724e+02 2.184725167254267e-18 9.576724805857749e-02
1 113 1.734169925497011e+02 1.305240597752703e-16 9.576618470562256e-02
0 22 1.738402885252813e+02 4.948273460294329e-18 5.785038648684000e-02
1 114 1.749835135135202e+02 3.093002627699802e-17 9.576531647623981e-02
1 115 1.764610031771452e+02 2.468213377913976e-02 1.165014774018294e-09
1 116 1.664240269863748e+02 -7.242870501179215e-01 2.905906349123682e+00
1 117 1.796830841028449e+02 1.578327266391265e-12 9.576586294717850e-02
1 118 1.884292811430751e+02 -4.432196067899221e-01 1.793839364519674e+00
0 23 1.815505979122332e+02 4.593834861019434e-18 5.785116127218280e-02
1 119 1.828161496933677e+02 2.431438520797281e-18 9.576591913460784e-02
1 120 1.843826729579653e+02 3.076193736732245e-18 9.576767230034075e-02
1 121 1.859492027848480e+02 2.348826610426571e-18 9.576729315078400e-02
1 122 1.875157370945020e+02 5.484765336329372e-15 9.576585110125034e-02
1 123 1.890822599833471e+02 2.348827745397701e-18 9.576646270428429e-02
0 24 1.892609032349149e+02 4.614537967062513e-18 5.785168495465323e-02
1 124 1.906487743028213e+02 3.856521629216680e-18 9.576648761348808e-02
1 125 1.914257314051161e+02 2.502751230350867e-10 1.038202059483035e-01
1 126 1.922152952378245e+02 4.709501133418163e-18 9.576678869406267e-02
1 127 1.937818244230484e+02 5.315661396198273e-16 9.576722044901576e-02
1 128 1.953483439157402e+02 3.093648144624484e-18 9.576676005163225e-02
0 25 1.969712185997612e+02 4.536666189066170e-18 5.785194174896427e-02
1 129 1.969148576140031e+02 2.729442227898504e-18 9.576613352847460e-02
1 130 1.984813826476691e+02 1.798615928392945e-15 9.576541184483796e-02
1 131 2.000479154315192e+02 2.435956494522302e-18 9.576749112132397e-02
1 132 2.015203830801589e+02 2.468247591655365e-02 3.028510944074745e-09
1 133 2.030546288175984e+02 2.468241407082077e-02 1.106631621496227e-09
0 26 2.046815245516219e+02 4.536517946755094e-18 5.785196930737916e-02
1 134 2.047475026446658e+02 2.423968096420860e-10 9.576467437971489e-02
1 135 2.134176920321547e+02 -4.385469916460656e-01 1.775841704538820e+00
1 136 2.078805544086075e+02 1.017459130999207e-15 9.576796869700578e-02
1 137 2.094470793264117e+02 2.130298483837959e-18 9.576708938484996e-02
1 138 2.110136070838596e+02 2.271086534751917e-18 9.576565718730844e-02
0 27 2.123918363320452e+02 4.749884228389758e-18 5.785167911236107e-02
1 139 2.125801252653883e+02 1.396732896425702e-15 9.576649938513503e-02
1 140 2.141466366218519e+02 3.813761381915024e-18 9.576679711896206e-02
1 141 2.157131589089811e+02 1.044124294016663e-14 9.576707904339436e-02
1 142 2.164901088392869e+02 7.407813422410440e-10 1.038215991782562e-01
1 143 2.172796908677517e+02 2.348830598067012e-18 9.576676077004961e-02
1 144 2.188462140315685e+02 1.754401009047004e-15 9.576635289237312e-02
0 28 2.201021476652951e+02 4.603862293038156e-18 5.785126161081103e-02
1 145 2.204127343006839e+02 3.316298434739810e-18 9.576596552742810e-02
1 146 2.219792642797082e+02 5.064537552585032e-18 9.576549709424327e-02
1 147 2.235458006087148e+02 7.331929640909978e-18 9.576752638305643e-02
1 148 2.251123286266270e+02 1.330958604672079e-15 9.576784334374865e-02
1 149 2.265797639124793e+02 2.468241624054087e-02 2.658994598481352e-09
0 29 2.278124499299483e+02 4.536070707284381e-18 5.785056804818866e-02
1 150 2.282453810475374e+02 8.325515667854861e-10 9.576457039746003e-02
1 151 2.298119069941459e+02 2.947190770399439e-10 9.576644876894121e-02
1 152 2.313784231863391e+02 2.928204277883242e-18 9.576827466475268e-02
1 153 2.329449440477724e+02 1.305618217908921e-16 9.576664598127317e-02
1 154 2.345114692727791e+02 3.136797017545305e-18 9.576537029501106e-02
0 30 2.355227621732410e+02 5.210555420633853e-18 5.784986856682223e-02
1 155 2.360779894707062e+02 2.814713233098086e-18 9.576631316093015e-02
1 156 2.376445047750265e+02 3.063575672171657e-16 9.576701138761481e-02
1 157 2.392110328232245e+02 6.940041956860360e-18 9.576714032918436e-02
1 158 2.407775695750926e+02 1.971861493049577e-18 9.576631282984444e-02
1 159 2.415545096734061e+02 4.872496184016523e-10 1.038199296622785e-01
1 160 2.423440965262473e+02 2.978030002603251e-18 9.576619300338694e-02
0 31 2.432330635224661e+02 4.628316388464902e-18 5.784938746286814e-02
1 161 2.439106197002104e+02 5.594784581322781e-15 9.576586831405434e-02
1 162 2.454771493560101e+02 3.369493750917662e-18 9.576573136166940e-02
1 163 2.470436835239847e+02 2.509587180572281e-18 9.576753951953471e-02
1 164 2.486102070478210e+02 1.719037376758554e-18 9.576749012091253e-02
1 165 2.396466867674800e+02 -6.522604979610341e-01 2.626493959533297e+00
0 32 2.509433669341570e+02 4.480987108972816e-18 5.784907275632765e-02
1 166 2.516391556271789e+02 2.468195022959951e-02 1.840610741547403e-09
1 167 2.533097701970508e+02 7.157225816090427e-10 9.576704183276928e-02
1 168 2.548762862132026e+02 3.382835272178888e-10 9.576842109217283e-02
1 169 2.564428080918048e+02 1.689559204306325e-18 9.576602648622735e-02
1 170 2.580093374441327e+02 2.322142136092925e-15 9.576504820670098e-02
0 33 2.586536765624734e+02 4.480950753027599e-18 5.784929079209901e-02
1 171 2.595758644404880e+02 4.244195556556805e-18 9.576602175478700e-02
1 172 2.611423856647914e+02 3.298804935227195e-15 9.576714650722874e-02
1 173 2.627089177241422e+02 5.058476294053208e-17 9.576708113922851e-02
1 174 2.642754553796981e+02 2.001339577471466e-18 9.576601582139412e-02
1 175 2.658419807025165e+02 6.229280220017833e-18 9.576627323566303e-02
0 34 2.663639762117511e+02 4.480921772337863e-18 5.784987154075967e-02
1 176 2.674084998005397e+02 5.781168384154348e-18 9.576596538790393e-02
1 177 2.689750247153840e+02 3.145083716921654e-16 9.576614407386443e-02
1 178 2.705415545378667e+02 1.808139118403419e-18 9.576744250559446e-02
1 179 2.721080732183519e+02 2.471880531725022e-18 9.576702830888079e-02
1 180 2.736745854157227e+02 1.735834810717895e-16 9.576573833944246e-02
0 35 2.740742876033692e+02 4.636279302104797e-18 5.785054453464497e-02
1 181 2.645982765594139e+02 -6.592194484536946e-01 2.653604024389730e+00
1 182 2.766985465479527e+02 2.468245962869726e-02 2.570379801845160e-09
1 183 2.783741575143588e+02 8.375810344207937e-10 9.576837883761423e-02
1 184 2.799406835161629e+02 2.472802011973656e-10 9.576546526002966e-02
1 185 2.815072184071790e+02 1.886156312912437e-18 9.576480766546251e-02
0 36 2.817845954336156e+02 4.981793635746197e-18 5.785129267811679e-02
1 186 2.830737492857442e+02 2.580784195285078e-16 9.576587514281482e-02
1 187 2.846402717440280e+02 2.751003439907215e-18 9.576735049977031e-02
1 188 2.862068019826301e+02 6.480282552261720e-16 9.576698123768276e-02
1 189 2.877733346514345e+02 9.310970059771069e-18 9.576582259970756e-02
1 190 2.893398540051843e+02 1.993831650934515e-18 9.576642333691884e-02
0 37 2.894949024500822e+02 4.534965686440678e-18 5.785174938710853e-02
1 191 2.909063668520300e+02 6.238141737126195e-17 9.576623124065461e-02
1 192 2.924728888687716e+02 2.145671583644959e-17 9.576657935593783e-02
1 193 2.940394179100412e+02 1.065253078473538e-15 9.576712517736909e-02
1 194 2.956059367754032e+02 3.398166245774821e-18 9.576650751435256e-02
0 38 2.972052175422882e+02 4.623232290181125e-18 5.785197159659593e-02
1 195 2.971724531146727e+02 1.925421662292821e-18 9.576566324884594e-02
1 196 2.987389817450783e+02 5.497637187425554e-15 9.576509714550806e-02
1 197 3.002236820572491e+02 2.468262751488020e-02 2.360473877154594e-09
1 198 3.017579247541785e+02 2.468275853290287e-02 2.597550724386615e-09
1 199 3.034385677914378e+02 2.325741962515922e-11 9.576511231917953e-02
0 39 3.049155227028050e+02 4.644188953311018e-18 5.785193743423322e-02
1 200 3.050051030254402e+02 8.294945453980005e-10 9.576468814823133e-02
1 201 3.065716310133479e+02 1.805567946357398e-18 9.576604166679428e-02
1 202 3.081381496686221e+02 3.364943123965495e-17 9.576766262669031e-02
1 203 3.097046747499689e+02 2.680094775114421e-18 9.576673359802042e-02
1 204 3.112712013607157e+02 9.265451017337437e-17 9.576558641675212e-02
0 40 3.126258360700463e+02 4.908136477227576e-18 5.785161440127248e-02
1 205 3.128377175597100e+02 1.583579070266168e-18 9.576641745230133e-02
1 206 3.144042294203711e+02 3.458645030099813e-15 9.576650248025488e-02
1 207 3.159707544935935e+02 3.135131643653509e-18 9.576682865606291e-02
1 208 3.175372876002115e+02 8.374127312603529e-17 9.576666653509415e-02
1 209 3.191038108471167e+02 3.455279221643837e-15 9.576613900776124e-02
0 41 3.203361453235244e+02 4.480683455903128e-18 5.785116826991486e-02
1 210 3.206703333413042e+02 2.750091332963675e-18 9.576552971147491e-02
1 211 3.222368656435312e+02 3.881736975787601e-17 9.576521584446521e-02
1 212 3.238034007630312e+02 2.102028684521820e-18 9.576753266396804e-02
1 213 3.252830584261392e+02 2.468277636050181e-02 3.438345367555652e-09
1 214 3.268173066678569e+02 2.468261289683255e-02 2.653623482821166e-09
0 42 3.280464484721423e+02 5.073536732665721e-18 5.785045429224187e-02
1 215 3.285029775676660e+02 1.948559474739726e-11 9.576463408366619e-02
1 216 3.300695000114325e+02 4.397072303235816e-10 9.576650071238489e-02
1 217 3.316360153573547e+02 1.805546752640884e-18 9.576794308540386e-02
1 218 3.332025378732639e+02 3.298569129075391e-18 9.576623849762728e-02
1 219 3.347690639066662e+02 2.717813241151091e-18 9.576526381621209e-02
0 43 3.357567605645701e+02 4.634050545677188e-18 5.784980841144727e-02
1 220 3.363355841506994e+02 9.720892189763760e-15 9.576618606823653e-02
1 221 3.379021012637023e+02 2.348829171182277e-18 9.576666079160667e-02
1 222 3.394686323277199e+02 3.813765723990683e-18 9.576686064947212e-02
1 223 3.410351697322065e+02 3.149560510091829e-18 9.576626309792599e-02
1 224 3.426016954381828e+02 3.046192969834347e-16 9.576605216033601e-02
0 44 3.434670600802773e+02 4.533925431286199e-18 5.784936923889344e-02
1 225 3.441682186933171e+02 3.360151241087444e-18 9.576550504324086e-02
1 226 3.457347487550126e+02 2.735671844062836e-18 9.576551824744621e-02
1 227 3.473012805168657e+02 5.847433557063845e-16 9.576753729161860e-02
1 228 3.488678009119813e+02 5.512397102334728e-15 9.576727778222126e-02
1 229 3.503424463161213e+02 2.468260894021922e-02 1.085695548245058e-09
0 45 3.511773655156717e+02 4.480523558687517e-18 5.784912554951674e-02
