0 0 5.508305517406387e+00 5.408548404964154e-18 6.885934756528021e-02
1 0 1.264821292615779e+01 3.084949114429140e-17 4.353057391020105e-02
0 1 1.329234268951788e+01 5.247291594718559e-18 6.886138610539151e-02
0 2 2.107635620491234e+01 5.719307908848900e-18 6.886012056844966e-02
0 3 2.886040165708928e+01 5.408958355817234e-18 6.886156221456188e-02
0 4 3.664449966260388e+01 5.409356147191102e-18 6.886072106291233e-02
0 5 4.442849285775453e+01 6.178208019780342e-18 6.886100781364562e-02
1 1 4.684245494446930e+01 1.637703643593254e-14 4.352820564106676e-02
0 6 5.221254153901756e+01 5.783335936325328e-18 6.885986059377476e-02
0 7 5.999656238466697e+01 5.348897744878861e-18 6.886087515334058e-02
0 8 6.778064736142812e+01 5.349197928293931e-18 6.886150367786543e-02
0 9 7.556468343999404e+01 5.247288374585282e-18 6.885911897194449e-02
1 2 8.103688727213517e+01 4.332358074508811e-15 4.352838568904435e-02
0 10 8.334874364567166e+01 5.786494598896453e-18 6.886031869311596e-02
0 11 9.113275134031447e+01 5.410748591266488e-18 6.885994694048891e-02
0 12 9.891681120023185e+01 5.410920734233685e-18 6.886129333883029e-02
0 13 1.067009016457670e+02 5.247195206136619e-18 6.885949063057510e-02
0 14 1.144849123987563e+02 5.186305307605866e-18 6.886127208461074e-02
1 3 1.152311223112956e+02 1.353177077282342e-17 4.353068914045064e-02
0 15 1.222689396737499e+02 5.186379138592804e-18 6.885966548247756e-02
0 16 1.300529734371123e+02 5.411747764517975e-18 6.886102032166755e-02
0 17 1.378370683894372e+02 6.755624050932785e-18 6.886093437811905e-02
0 18 1.456210710052329e+02 5.412284586178037e-18 6.885968949167433e-02
1 4 1.494254716993827e+02 1.343621056906464e-17 4.352701718947894e-02
0 19 1.534051326069761e+02 5.247117944099672e-18 6.885952161085020e-02
0 20 1.611891448664742e+02 5.351940590975626e-18 6.886002215807639e-02
0 21 1.689732189337557e+02 5.352186573761206e-18 6.886106771247272e-02
0 22 1.767572853072142e+02 5.734853383843755e-18 6.885860468276915e-02
1 5 1.836198350050541e+02 1.343531396591974e-17 4.353066290562278e-02
0 23 1.845413274742237e+02 5.352752764269584e-18 6.886057610591077e-02
0 24 1.923253391685230e+02 5.590709832873799e-18 6.885943830411879e-02
0 25 2.001093870084785e+02 5.246934292148542e-18 6.886087847594295e-02
0 26 2.078934847377703e+02 5.798587024668074e-18 6.885987560308933e-02
0 27 2.156774788478098e+02 5.414187446069851e-18 6.886046860176173e-02
1 6 2.178140635885346e+02 1.938029890971181e-13 4.352896343945318e-02
0 28 2.234615240775518e+02 5.739098216140390e-18 6.885918016601593e-02
0 29 2.312455469374873e+02 5.414555897020660e-18 6.886027138071188e-02
0 30 2.390296338767395e+02 5.246856945037730e-18 6.886079723221047e-02
0 31 2.468136636086699e+02 5.801985446792943e-18 6.885852300948736e-02
1 7 2.520084942436361e+02 6.750212550324838e-17 4.352826430091659e-02
0 32 2.545977256250946e+02 5.354865718741731e-18 6.885950919879133e-02
0 33 2.623817334644896e+02 5.246912969959368e-18 6.885929571446368e-02
0 34 2.701657957240743e+02 5.355189232755909e-18 6.886060629475402e-02
0 35 2.779498833524331e+02 5.186452967456764e-18 6.885865926355406e-02
0 36 2.857338991235608e+02 5.805700435314471e-18 6.886057422586064e-02
1 8 2.862027444940611e+02 1.432850345581215e-14 4.353115883204552e-02
0 37 2.935179231226214e+02 5.416391654888140e-18 6.885898724690839e-02
0 38 3.013019591812370e+02 5.416500237749428e-18 6.886037254739807e-02
0 39 3.090860552249849e+02 5.246755018770902e-18 6.886014577187941e-02
0 40 3.168700542056034e+02 5.356633148384841e-18 6.885918496513689e-02
1 9 3.203970703989310e+02 5.917289106359220e-15 4.352743433261516e-02
0 41 3.246541140258950e+02 5.186454419291008e-18 6.885879485723839e-02
0 42 3.324381277467108e+02 5.246768998504254e-18 6.885941549478097e-02
0 43 3.402222040930911e+02 5.417625481863046e-18 6.886039020469391e-02
0 44 3.480062649236887e+02 5.594229767827172e-18 6.885788554341679e-02
1 10 3.545914553140510e+02 1.340620733640919e-17 4.353066066975625e-02
0 45 3.557903117231992e+02 5.357856462017556e-18 6.885975597565261e-02
0 46 3.635743219406886e+02 5.812981281162879e-18 6.885875850373124e-02
0 47 3.713583721771251e+02 5.186360755023388e-18 6.886019130766938e-02
0 48 3.791424692710268e+02 5.418880998029230e-18 6.885902542617242e-02
0 49 3.869264652008360e+02 5.186397799374452e-18 6.885990946241370e-02
1 11 3.887856756531078e+02 1.361964737447063e-17 4.352973354472710e-02
0 50 3.947105068456154e+02 5.419211567525726e-18 6.885850369791434e-02
0 51 4.024945317881072e+02 5.359082774868593e-18 6.885966323989837e-02
0 52 4.102786205886019e+02 5.817617619446310e-18 6.886007987089762e-02
0 53 4.180626441244281e+02 5.818301921363818e-18 6.885794941407215e-02
1 12 4.229800980637637e+02 1.345080864973881e-17 4.352818680275314e-02
0 54 4.258467073019682e+02 5.595868009749332e-18 6.885871155533659e-02
0 55 4.336307155604740e+02 5.759428356169488e-18 6.885865288168781e-02
0 56 4.414147802107646e+02 5.246520406063930e-18 6.885992198034183e-02
0 57 4.491988645380256e+02 5.761522711390792e-18 6.885784091571816e-02
0 58 4.569828855904349e+02 5.420921162936191e-18 6.885984829190825e-02
1 13 4.571743677620881e+02 2.517882937314978e-13 4.353156250883853e-02
0 59 4.647669065400340e+02 5.246572417595365e-18 6.885830733040528e-02
0 60 4.725509449195645e+02 5.763201027783551e-18 6.885971629550690e-02
0 61 4.803350418355668e+02 6.317633144872826e-18 6.885934320386296e-02
0 62 4.881190380039228e+02 5.186470120638815e-18 6.885868305442561e-02
1 14 4.913686698530344e+02 1.926722154128080e-16 4.352794726374417e-02
0 63 4.959030955845048e+02 5.422043895874713e-18 6.885808107139897e-02
0 64 5.036871109119020e+02 5.362116196831526e-18 6.885881317811669e-02
0 65 5.114711894943051e+02 5.246393028654650e-18 6.885971089068618e-02
0 66 5.192552444550598e+02 5.828149788525014e-18 6.885719116894432e-02
1 15 5.255630741390393e+02 1.229589553808937e-14 4.353057148801938e-02
0 67 5.270392954358891e+02 5.186472232112526e-18 6.885893027431840e-02
0 68 5.348233045213020e+02 6.266641016144435e-18 6.885808244415484e-02
0 69 5.426073571599667e+02 5.246347406757831e-18 6.885950209014900e-02
0 70 5.503914532308680e+02 6.006310670180842e-18 6.885817330349250e-02
0 71 5.581754518236826e+02 5.246346652879604e-18 6.885932681090408e-02
1 16 5.597572897532671e+02 8.372243842026233e-15 4.353048551983256e-02
0 72 5.659594898183233e+02 5.832358731494541e-18 6.885782948364266e-02
0 73 5.737435169012593e+02 6.273412767058603e-18 6.885904926080252e-02
0 74 5.815276074462186e+02 6.335407292548637e-18 6.885935013051285e-02
0 75 5.893116250584178e+02 5.421179445215716e-18 6.885739610275636e-02
1 17 5.939516997868108e+02 4.825016595933376e-13 4.352817915573864e-02
0 76 5.970956887532014e+02 6.010243378217171e-18 6.885792746942361e-02
0 77 6.048796976836853e+02 5.246320361702107e-18 6.885801859985728e-02
0 78 6.126637647119818e+02 5.365382912235402e-18 6.885924050973470e-02
0 79 6.204478452532679e+02 5.778198882237138e-18 6.885703830455422e-02
0 80 6.282318717113510e+02 5.246226959751067e-18 6.885909648817624e-02
1 18 6.281459912809223e+02 1.340654590913300e-17 4.353190790848750e-02
0 81 6.360158898778100e+02 5.425887938578353e-18 6.885762603216404e-02
0 82 6.437999305998518e+02 5.366274945851780e-18 6.885905209165105e-02
0 83 6.515840281433040e+02 5.426384004886242e-18 6.885852772180724e-02
0 84 6.593680223886714e+02 5.246211176904935e-18 6.885817920289321e-02
1 19 6.623402711845840e+02 1.351326609369586e-17 4.352853622165138e-02
0 85 6.671520773298527e+02 5.426787763797641e-18 6.885737874794814e-02
0 86 6.749360943904707e+02 5.601176032270558e-18 6.885821356917160e-02
0 87 6.827201751566504e+02 6.017774805144621e-18 6.885902802743706e-02
0 88 6.905042239913025e+02 5.427509616688898e-18 6.885652211505106e-02
1 20 6.965346899796326e+02 3.235364268476849e-13 4.353044356326471e-02
0 89 6.982882786298146e+02 5.246145871678752e-18 6.885810338756727e-02
0 90 7.060722869221875e+02 5.601922937613883e-18 6.885741137898385e-02
0 91 7.138563419659614e+02 5.186465509440343e-18 6.885881215395323e-02
0 92 7.216404365994363e+02 5.696079644149058e-18 6.885732216869819e-02
0 93 7.294244386137708e+02 5.246049390666382e-18 6.885871778021027e-02
1 21 7.307289067169331e+02 4.777529244315045e-16 4.353119127939797e-02
0 94 7.372084729597077e+02 5.246109798382375e-18 6.885715605876436e-02
0 95 7.449925022321214e+02 5.246017050043020e-18 6.885842823508005e-02
0 96 7.527765943877457e+02 5.245981158617947e-18 6.885860686040088e-02
0 97 7.605606064724948e+02 5.603149447379075e-18 6.885686046484936e-02
1 22 7.649232999897691e+02 1.029919573999701e-14 4.352828255948480e-02
0 98 7.683446700587446e+02 5.370144909815026e-18 6.885715798950313e-02
0 99 7.761286798919338e+02 5.603419815521804e-18 6.885739268719655e-02
0 100 7.839127492812189e+02 5.370479434054909e-18 6.885856163900164e-02
0 101 7.916968255599029e+02 5.794870052623952e-18 6.885625391235242e-02
1 23 7.991176147899758e+02 1.146715748153819e-14 4.353214966007219e-02
0 102 7.994808574125424e+02 5.245938319160964e-18 6.885832190557595e-02
0 103 8.072648730940306e+02 6.028875480464920e-18 6.885694397016646e-02
0 104 8.150489161765115e+02 5.371374220088219e-18 6.885838075938590e-02
0 105 8.228330140754797e+02 5.431147627332533e-18 6.885770081209142e-02
0 106 8.306170073302677e+02 5.245908193235703e-18 6.885766873401303e-02
1 24 8.333118747597440e+02 3.676656884379522e-13 4.352920636299321e-02
0 107 8.384010592951553e+02 5.245944239133420e-18 6.885668613173121e-02
0 108 8.461850781985098e+02 5.604910949178950e-18 6.885761489907287e-02
0 109 8.539691610858786e+02 5.859907685886004e-18 6.885833974853016e-02
0 110 8.617532036223274e+02 5.186658395820385e-18 6.885587844206095e-02
1 25 8.675063023837145e+02 1.340581609178712e-17 4.353028683080556e-02
0 111 8.695372613391905e+02 5.802298234933916e-18 6.885727935947733e-02
0 112 8.773212691667170e+02 5.605659189242465e-18 6.885674646385563e-02
0 113 8.851053266156483e+02 5.803528322683264e-18 6.885812270552061e-02
0 114 8.928894193731168e+02 6.037001482044609e-18 6.885647504851199e-02
0 115 9.006734254630006e+02 5.805150457429137e-18 6.885808038298967e-02
1 26 9.017005263563802e+02 1.341164322593369e-17 4.353184571359711e-02
0 116 9.084574562253331e+02 5.186619305150380e-18 6.885648226357381e-02
0 117 9.162414877287604e+02 6.394439892897789e-18 6.885779926825332e-02
0 118 9.240255813426213e+02 5.433884697763267e-18 6.885784928706520e-02
0 119 9.318095884173249e+02 5.434102424132725e-18 6.885633938669812e-02
1 27 9.358948987475039e+02 1.654761006992473e-13 4.352847269108102e-02
0 120 9.395936512982232e+02 5.375235359562218e-18 6.885640352986341e-02
0 121 9.473776622426160e+02 5.245725319427993e-18 6.885677461618708e-02
0 122 9.551617339708125e+02 5.375575981281288e-18 6.885788476258782e-02
0 123 9.629458055290435e+02 5.186687619292911e-18 6.885548993034681e-02
1 28 9.700892381082405e+02 1.032009965049789e-15 4.353231526162412e-02
0 124 9.707298426368877e+02 5.245650627469904e-18 6.885752833487090e-02
0 125 9.785138561551553e+02 5.435383272533405e-18 6.885626202947344e-02
0 126 9.862979016126097e+02 5.418044102353462e-18 6.885770336602449e-02
0 127 9.940819995668572e+02 6.409420707120199e-18 6.885686436253906e-02
0 128 1.001865992781108e+03 5.435993849269622e-18 6.885714698990179e-02
1 29 1.004283480293894e+03 8.432941355394306e-15 4.352993958318754e-02
0 129 1.009650041498694e+03 5.245649467977274e-18 6.885600132403008e-02
0 130 1.017434062338801e+03 6.930517076741406e-18 6.885701534883952e-02
0 131 1.025218147273217e+03 5.186552238479811e-18 6.885764415075940e-02
0 132 1.033002183436060e+03 6.322355373317820e-18 6.885525969203311e-02
1 30 1.038477912689886e+03 1.449486700330744e-14 4.353013088572761e-02
0 133 1.040786243612860e+03 5.417690160382916e-18 6.885646176137829e-02
0 134 1.048570251288799e+03 5.245567548427428e-18 6.885608868721894e-02
0 135 1.056354311140076e+03 5.245467170261576e-18 6.885743475869305e-02
0 136 1.064138401562632e+03 5.821500688817689e-18 6.885563499337088e-02
0 137 1.071922412261945e+03 5.186596047651786e-18 6.885741363707662e-02
1 31 1.072672147514946e+03 2.705749370227349e-13 4.353242264138824e-02
0 138 1.079706439565218e+03 7.451263621004910e-18 6.885580728706048e-02
0 139 1.087490473334867e+03 5.186584919507066e-18 6.885716181456887e-02
0 140 1.095274568234209e+03 5.883145185755335e-18 6.885707706250326e-02
0 141 1.103058570930513e+03 5.883599210629487e-18 6.885582929095764e-02
1 32 1.106866497237359e+03 1.342027433653007e-17 4.352875244570113e-02
0 142 1.110842632547618e+03 5.380324870615866e-18 6.885566391598866e-02
0 143 1.118626644789868e+03 5.245426963896049e-18 6.885616352438875e-02
0 144 1.126410718828961e+03 5.885859790315191e-18 6.885720892734735e-02
0 145 1.134194785239405e+03 6.434193290184447e-18 6.885474820734720e-02
1 33 1.141060860239458e+03 1.343102608979261e-17 4.353240688651358e-02
0 146 1.141978827345546e+03 5.186644187489614e-18 6.885672004809652e-02
0 147 1.149762839037748e+03 5.888053348227068e-18 6.885558129869719e-02
0 148 1.157546886881523e+03 5.245293370879045e-18 6.885702115743390e-02
0 149 1.165330984561819e+03 5.890001274985964e-18 6.885602061361097e-02
0 150 1.173114978676541e+03 5.186642751805606e-18 6.885660949025275e-02
1 34 1.175255089054722e+03 2.163435229312439e-13 4.353069648390698e-02
0 151 1.180899023943665e+03 5.612324585294185e-18 6.885532238922319e-02
0 152 1.188683046800741e+03 5.245272094566608e-18 6.885641313313358e-02
0 153 1.196467133695259e+03 5.441398507610036e-18 6.885693938560392e-02
0 154 1.204251163516711e+03 6.064562584977405e-18 6.885466487297359e-02
1 35 1.209449519722613e+03 1.978569706483237e-15 4.353000822620050e-02
0 155 1.212035225511923e+03 5.894250217961173e-18 6.885565359727379e-02
0 156 1.219819233331505e+03 5.894664445698692e-18 6.885543880929680e-02
0 157 1.227603295579313e+03 5.442226537847525e-18 6.885674907480968e-02
0 158 1.235387383192797e+03 5.245270213140939e-18 6.885480500918938e-02
0 159 1.243171398904197e+03 5.613646124564741e-18 6.885671763723750e-02
1 36 1.243643769822886e+03 6.718284284354601e-15 4.353289477423346e-02
0 160 1.250955422926953e+03 5.245225698722486e-18 6.885513069006675e-02
0 161 1.258739458992647e+03 5.898325649955682e-18 6.885651569286116e-02
0 162 1.266523554982611e+03 5.899527421994214e-18 6.885629029467620e-02
0 163 1.274307554034810e+03 5.245177549313356e-18 6.885532619244757e-02
1 37 1.277838095980692e+03 1.704463989890254e-14 4.352917284391495e-02
0 164 1.282091613876055e+03 5.385413690804638e-18 6.885493844841212e-02
0 165 1.289875627581724e+03 5.385513391098928e-18 6.885555824249637e-02
0 166 1.297659703896761e+03 5.186637800554688e-18 6.885653286436316e-02
0 167 1.305443764775330e+03 5.245185634422833e-18 6.885403020331049e-02
1 38 1.312032480751678e+03 1.928227351560359e-13 4.353240159850764e-02
0 168 1.313227811518623e+03 5.386341255648675e-18 6.885590156868890e-02
0 169 1.321011821729549e+03 5.186739723044324e-18 6.885490299831432e-02
0 170 1.328795871967950e+03 5.615456666425511e-18 6.885633548530569e-02
0 171 1.336579969015992e+03 5.445433948158572e-18 6.885517210078541e-02
0 172 1.344363964936488e+03 6.412815680593618e-18 6.885605210758274e-02
1 39 1.346226701230782e+03 1.341597856958454e-17 4.353146730297119e-02
0 173 1.352148006618645e+03 5.245059215116443e-18 6.885464745723027e-02
0 174 1.359932031560799e+03 6.348266168725183e-18 6.885580658311315e-02
0 175 1.367716120314355e+03 5.387890845057028e-18 6.885622375084363e-02
0 176 1.375500143942843e+03 5.446450050964057e-18 6.885409245101289e-02
1 40 1.380421123624521e+03 1.356617542878476e-17 4.352992803325048e-02
0 177 1.383284207106817e+03 5.852352736250354e-18 6.885485724369771e-02
0 178 1.391068215345082e+03 6.479214133841786e-18 6.885479731168395e-02
0 179 1.398852279980341e+03 5.414900810993238e-18 6.885606611379701e-02
0 180 1.406636364301748e+03 5.913047194635934e-18 6.885398799116679e-02
0 181 1.414420385290471e+03 5.447473970387985e-18 6.885599356042835e-02
1 41 1.414615393179744e+03 2.823525381562184e-13 4.353330115391948e-02
0 182 1.422204406258723e+03 5.447692525043425e-18 6.885445240738935e-02
0 183 1.429988444645657e+03 5.244830174586687e-18 6.885586108290208e-02
0 184 1.437772541507517e+03 5.414597913917901e-18 6.885548955946325e-02
