0 0 1.722624298110803e+00 2.885700133992755e-18 7.553418935671535e-02
2 0 3.643262750769905e+00 3.224241075924165e-15 4.506856870447306e-02
0 1 4.945600843903653e+00 2.679377577672231e-18 7.553421019767932e-02
0 2 8.168577528228804e+00 3.232429598653345e-18 7.553416877598704e-02
0 3 1.139155463837721e+01 2.773774772363785e-18 7.553421722347101e-02
0 4 1.461453155905117e+01 2.679376093459325e-18 7.553424860555681e-02
0 5 1.783750880109710e+01 3.232519318586118e-18 7.553422333984013e-02
1 0 2.003185793557794e+01 1.452867854666138e-17 3.351802191836562e-02
0 6 2.106048611761868e+01 2.838510637820838e-18 7.553410120254531e-02
0 7 2.428346217370427e+01 2.932909953207621e-18 7.553419970648843e-02
2 1 2.465354134473244e+01 8.387548088749766e-18 4.507175155169092e-02
0 8 2.750643859073631e+01 2.838533976245444e-18 7.553412665635313e-02
0 9 3.072941549433116e+01 2.862584145365768e-18 7.553416921733672e-02
0 10 3.395239260489407e+01 2.932930123030107e-18 7.553422876433566e-02
0 11 3.717536972878534e+01 3.208675842092915e-18 7.553425082114508e-02
0 12 4.039834747112263e+01 2.703417866139946e-18 7.553416754882143e-02
0 13 4.362132415020150e+01 2.773752149855393e-18 7.553413291138544e-02
2 2 4.566353338671058e+01 1.228456192994571e-15 4.507571728052624e-02
0 14 4.684430067832798e+01 2.679379267167812e-18 7.553416466835217e-02
0 15 5.006727734369914e+01 2.703417030199259e-18 7.553411717668246e-02
0 16 5.329025445273548e+01 2.838609765193055e-18 7.553416532933546e-02
0 17 5.651323137836079e+01 2.862655860713820e-18 7.553419765187630e-02
0 18 5.973620859266030e+01 2.862664488328168e-18 7.553417627030196e-02
1 1 6.206796852198185e+01 8.230970601780077e-17 3.351663276320668e-02
0 19 6.295918595687422e+01 3.208932000008115e-18 7.553405315676921e-02
0 20 6.618216200630999e+01 2.703415168937526e-18 7.553414779070404e-02
2 3 6.667321193350686e+01 9.108063481662146e-14 4.507851507607093e-02
0 21 6.940513842391860e+01 3.760132053659284e-18 7.553407744037140e-02
0 22 7.262811530246796e+01 2.933019721201538e-18 7.553411621230144e-02
0 23 7.585109241777864e+01 2.862712474030928e-18 7.553417666247168e-02
0 24 7.907406952857262e+01 2.862720576951895e-18 7.553420086063907e-02
0 25 8.229704725672499e+01 2.862728801601929e-18 7.553412272213941e-02
0 26 8.552002400256714e+01 2.862740545766084e-18 7.553407679414668e-02
2 4 8.768260530894707e+01 5.280893320197557e-15 4.508287842663593e-02
0 27 8.874300051093221e+01 3.209200667469025e-18 7.553411909945058e-02
0 28 9.196597715914318e+01 3.562424188208406e-18 7.553406573261902e-02
0 29 9.518895426602077e+01 2.885534794916300e-18 7.553411344613166e-02
0 30 9.841193119770305e+01 2.838748698086498e-18 7.553414666438842e-02
0 31 1.016349083853382e+02 2.933082940665114e-18 7.553412895137494e-02
1 2 1.041056515217959e+02 6.296485749986399e-16 3.351525406587970e-02
0 32 1.048578857921342e+02 2.885522018642189e-18 7.553400566124589e-02
0 33 1.080808618399642e+02 2.703408242986957e-18 7.553409511677206e-02
2 5 1.086916833707858e+02 2.066961201691892e-17 4.508522753012530e-02
0 34 1.113038382582334e+02 2.838792835865569e-18 7.553402847503662e-02
0 35 1.145268151108251e+02 3.209469496137360e-18 7.553406317177859e-02
0 36 1.177497922302685e+02 3.233522747498416e-18 7.553412447417440e-02
0 37 1.209727693293179e+02 2.838818201542481e-18 7.553415068931039e-02
0 38 1.241957470404848e+02 2.933133676866882e-18 7.553407770253831e-02
0 39 1.274187238547796e+02 2.838839290302318e-18 7.553402108594995e-02
2 6 1.297004745464245e+02 8.390280301750546e-18 4.509003534747885e-02
0 40 1.306417003415822e+02 3.044941458839873e-18 7.553407342403767e-02
0 41 1.338646769745418e+02 3.761291565357793e-18 7.553401445056364e-02
0 42 1.370876540782028e+02 2.885461820688926e-18 7.553406157231879e-02
0 43 1.403106310169565e+02 2.885455822069969e-18 7.553409564642177e-02
0 44 1.435336081791655e+02 3.191919683323944e-18 7.553408138928133e-02
1 3 1.461449121766078e+02 2.321659809528976e-16 3.351386255050638e-02
0 45 1.467565856234205e+02 2.773673204549803e-18 7.553395865054020e-02
0 46 1.499795616749854e+02 3.032395458563856e-18 7.553404172572081e-02
2 7 1.507089517268950e+02 1.752037709508165e-15 4.509189181637106e-02
0 47 1.532025380936391e+02 3.233880238053607e-18 7.553397975960355e-02
0 48 1.564255149195118e+02 3.209896129294231e-18 7.553401010520069e-02
0 49 1.596484920423936e+02 3.367517148505103e-18 7.553407220488870e-02
0 50 1.628714691309929e+02 2.838947715008669e-18 7.553410032218208e-02
0 51 1.660944468227738e+02 3.667587150060354e-18 7.553403246727466e-02
0 52 1.693174237064350e+02 3.416040166328797e-18 7.553396585440521e-02
2 8 1.717171370488423e+02 1.085265503845756e-15 4.509716042394824e-02
0 53 1.725404001702244e+02 2.885401349912740e-18 7.553402757285810e-02
0 54 1.757633767899129e+02 3.210089156401229e-18 7.553396333522117e-02
0 55 1.789863538892865e+02 2.863009369439552e-18 7.553400970464590e-02
0 56 1.822093308360258e+02 2.703393556744473e-18 7.553404459898588e-02
0 57 1.854323079741668e+02 2.933273474094267e-18 7.553403358951088e-02
1 4 1.881857552645077e+02 3.152028705500931e-17 3.351244631486952e-02
0 58 1.886552854508105e+02 2.679386315356586e-18 7.553391205707299e-02
0 59 1.918782615116444e+02 2.839040026945496e-18 7.553398767237282e-02
2 9 1.927250130660622e+02 8.384979461062466e-18 4.509850868835485e-02
0 60 1.951012379300676e+02 2.773634181587233e-18 7.553393129152208e-02
0 61 1.983242147286277e+02 2.679384811276270e-18 7.553395702365620e-02
0 62 2.015471918541895e+02 3.234358463711464e-18 7.553401986133432e-02
0 63 2.047701689335781e+02 2.679383032692247e-18 7.553404977505562e-02
0 64 2.079931466039611e+02 2.885338936244962e-18 7.553398699982371e-02
0 65 2.112161235571602e+02 3.207733443733488e-18 7.553391115349602e-02
2 10 2.137325888339046e+02 2.463265517282830e-15 4.510424191410132e-02
0 66 2.144390999968842e+02 2.863112277907683e-18 7.553398147602211e-02
0 67 2.176620766053093e+02 3.045055508657786e-18 7.553391238947410e-02
0 68 2.208850536993114e+02 2.679385180124064e-18 7.553395783850587e-02
0 69 2.241080306548427e+02 2.863138833118817e-18 7.553399352115517e-02
0 70 2.273310077703613e+02 2.703386127609593e-18 7.553398555690118e-02
1 5 2.302281855744233e+02 1.448861991347958e-17 3.351099751010711e-02
0 71 2.305539852744323e+02 2.703388506183456e-18 7.553386581271625e-02
0 72 2.337769613501584e+02 2.773604602514749e-18 7.553393302325617e-02
2 11 2.347398633903349e+02 1.785173606086999e-14 4.510509013250585e-02
0 73 2.369999377674260e+02 2.863180032198770e-18 7.553388306592024e-02
0 74 2.402229145382619e+02 2.703384893892186e-18 7.553390393949398e-02
0 75 2.434458916656950e+02 3.032110243168596e-18 7.553396745115916e-02
0 76 2.466688687370607e+02 2.863203775621195e-18 7.553399906412903e-02
0 77 2.498918463844076e+02 2.773590020085194e-18 7.553394128909839e-02
0 78 2.531148234066208e+02 3.739023947025871e-18 7.553385702368078e-02
2 12 2.557468263098261e+02 7.645387747172295e-14 4.511127190780570e-02
0 79 2.563377998216640e+02 2.863232955963737e-18 7.553393506479437e-02
0 80 2.595607764208170e+02 2.863243333737753e-18 7.553386161467124e-02
0 81 2.627837535083511e+02 2.839257219523754e-18 7.553390596834039e-02
0 82 2.660067304733673e+02 2.863259577386344e-18 7.553394241050627e-02
0 83 2.692297075677674e+02 2.933464015134048e-18 7.553393729580705e-02
1 6 2.722722077299685e+02 1.425937344536427e-17 3.350950949071024e-02
0 84 2.724526850944613e+02 2.885229678221845e-18 7.553381985021983e-02
0 85 2.756756611906881e+02 2.679389613357784e-18 7.553387785425961e-02
2 13 2.767534993575788e+02 9.566362603610620e-16 4.511165311624503e-02
0 86 2.788986376056013e+02 2.863300725495840e-18 7.553383507509741e-02
0 87 2.821216143484950e+02 2.679388433818532e-18 7.553385086588724e-02
0 88 2.853445914769538e+02 3.235194197060713e-18 7.553391498255650e-02
0 89 2.885675685414360e+02 2.703374866699029e-18 7.553394820558927e-02
0 90 2.917905461644641e+02 2.863332518760344e-18 7.553389532862276e-02
0 91 2.950135232545306e+02 2.863343966170382e-18 7.553380349232269e-02
2 14 2.977598463359743e+02 8.189426830434533e-14 4.511822292220116e-02
0 92 2.982364996447432e+02 2.839367273864591e-18 7.553388827340848e-02
0 93 3.014594762365537e+02 2.773551235801568e-18 7.553381101093935e-02
0 94 3.046824533165112e+02 2.703373704849026e-18 7.553385408806824e-02
0 95 3.079054302915858e+02 2.703372657934187e-18 7.553389126357753e-02
0 96 3.111284073664018e+02 2.703372103013082e-18 7.553388881032819e-02
1 7 3.143178260869667e+02 1.425167807211403e-17 3.350797741810998e-02
0 97 3.143513849111089e+02 2.933567527267543e-18 7.553377410445208e-02
0 98 3.175743610333281e+02 2.839428394343497e-18 7.553382224815368e-02
2 15 3.187659175123334e+02 1.449892253453722e-14 4.511820009213421e-02
0 99 3.207973374444547e+02 2.773536910518222e-18 7.553378730806631e-02
0 100 3.240203141593867e+02 2.863429969508423e-18 7.553379781638991e-02
0 101 3.272432912879977e+02 2.703369165677911e-18 7.553386246387392e-02
0 102 3.304662683466884e+02 2.703367914344883e-18 7.553389721520869e-02
0 103 3.336892459444480e+02 2.863453288714039e-18 7.553384911570006e-02
0 104 3.369122231006331e+02 3.305854529498897e-18 7.553375057438554e-02
2 16 3.397716455018979e+02 2.084168490577064e-16 4.512510138160788e-02
0 105 3.401351994663463e+02 3.045214881769045e-18 7.553384104082711e-02
0 106 3.433581760526436e+02 2.839507975843543e-18 7.553376057749105e-02
0 107 3.465811531239100e+02 2.679390460023290e-18 7.553380219151098e-02
0 108 3.498041301094959e+02 2.703365692248359e-18 7.553384007632775e-02
