1 0 8.273424858209794e-02 4.634941297985794e-18 5.844537154132037e-02
2 0 1.177268036672801e+00 2.691524835927644e-18 7.877121992780356e-02
3 0 1.546779783874366e+00 4.365432536379181e-15 4.537038759894262e-02
0 0 3.024131254277707e+00 3.575690383228872e-18 6.626271933484346e-02
2 1 4.382788776911325e+00 2.546400687910980e-18 7.878029806913472e-02
2 2 7.588683214459428e+00 3.806176473205121e-18 7.875780882769573e-02
0 1 8.509760488532466e+00 3.600023850592973e-18 6.627193171443926e-02
1 1 8.373647768230354e+00 2.338283985255555e-17 5.843405426973579e-02
2 3 1.079412566009319e+01 3.044642029311006e-18 7.874867483240780e-02
0 2 1.399561856435649e+01 3.650201365766730e-18 6.628934226919699e-02
2 4 1.399947548985166e+01 2.555028218940221e-18 7.874750132268070e-02
1 2 1.666567242957499e+01 4.543806006705267e-18 5.841251432847990e-02
2 5 1.720467749409071e+01 2.691944819670311e-18 7.875248436605806e-02
3 1 1.828231991071045e+01 4.247689316761579e-15 4.537342796099380e-02
0 3 1.948189996790197e+01 3.721415026368012e-18 6.629368611398889e-02
2 6 2.041003324906032e+01 2.979907737129154e-18 7.876132678539194e-02
2 7 2.361604224643383e+01 1.047097173492573e-15 7.877109199276777e-02
0 4 2.496698312811296e+01 4.164062924441780e-18 6.628350628362582e-02
1 3 2.495790648854893e+01 4.567634117105535e-18 5.840262177036495e-02
2 8 2.682159409158854e+01 3.327087899950394e-18 7.876774328554115e-02
2 9 3.002718230972626e+01 2.980423610004743e-18 7.874310865539082e-02
0 5 3.045188166872949e+01 1.829329282230937e-17 6.630108071393237e-02
1 4 3.325169299842403e+01 4.547917311067663e-18 5.839529504078551e-02
2 10 3.323240235716476e+01 8.540415139764431e-17 7.873769908454700e-02
3 2 3.501715919251143e+01 3.645127341466276e-15 4.537763677369445e-02
0 6 3.593733255286305e+01 1.511311776506598e-17 6.630361499479775e-02
2 11 3.643764622378137e+01 3.803852416000671e-18 7.874265333428439e-02
2 12 3.964333047659366e+01 3.610693223446492e-18 7.877154130310399e-02
0 7 4.142198790503777e+01 1.044602966094595e-17 6.627612835877644e-02
1 5 4.154561431638587e+01 1.486795011278399e-14 5.839641443711290e-02
2 13 4.284887206447529e+01 5.387139899135224e-18 7.877498315062245e-02
2 14 4.605480533530124e+01 9.274056935699468e-17 7.875883879165570e-02
0 8 4.690572293568498e+01 6.644173598215248e-18 6.628485591850126e-02
2 15 4.926017880993950e+01 4.226906734327061e-18 7.874992582491439e-02
1 6 4.984126434936813e+01 5.743989056168174e-18 5.839438153904816e-02
3 3 5.175130446496615e+01 2.745012944157985e-15 4.538370910400471e-02
0 9 5.239032245949836e+01 5.528154024121769e-18 6.628355001541426e-02
2 16 5.246542155872748e+01 2.552259875138032e-18 7.874929496071743e-02
2 17 5.567074065508257e+01 5.387936957242135e-16 7.875365357785812e-02
0 10 5.787448408926402e+01 4.500048907718718e-18 6.625834391358768e-02
1 7 5.813695929336442e+01 4.514246529347412e-18 5.840869819702673e-02
2 18 5.887616396971498e+01 3.483504540577279e-18 7.876264692391501e-02
2 19 6.208216435333747e+01 2.688172746557528e-18 7.877739518962172e-02
0 11 6.335722904177732e+01 4.023558411152398e-18 6.625128996895716e-02
2 20 6.528766824218471e+01 2.425078182823833e-18 7.876873188517643e-02
1 8 6.643445281340539e+01 4.530563191509663e-18 5.840465889074598e-02
2 21 6.849312629572495e+01 2.785875020945720e-18 7.874206215216852e-02
3 4 6.848478533869881e+01 1.788991416618747e-15 4.538928845587568e-02
0 12 6.884092630450658e+01 3.948979461542826e-18 6.626311802647894e-02
2 22 7.169845292297529e+01 4.232210081942881e-18 7.873686174981726e-02
0 13 7.432435361137007e+01 3.509952482933319e-18 6.622936425397206e-02
1 9 7.473182066169173e+01 5.141950304107335e-18 5.842941108149018e-02
2 23 7.490373366701385e+01 2.453984333284222e-18 7.874749343353256e-02
2 24 7.810940129136347e+01 3.216312619662280e-18 7.878012783920700e-02
0 14 7.980650151282087e+01 3.958203118347078e-18 6.621190061190772e-02
2 25 8.131495391287744e+01 3.749719249815677e-18 7.877556347970438e-02
1 10 8.303097125255212e+01 4.805613261834132e-18 5.842492529238975e-02
2 26 8.452080664324488e+01 1.669277006119089e-15 7.874918455182747e-02
0 15 8.528916639774646e+01 3.499342903646107e-18 6.622641712035476e-02
3 5 8.521767647612815e+01 9.914408662581367e-16 4.539284771824306e-02
2 27 8.772624069357659e+01 2.982956699312908e-18 7.874845200471771e-02
0 16 9.077206853285496e+01 3.471553410685126e-18 6.618222983944216e-02
2 28 9.093144881525714e+01 3.526006133522772e-18 7.875311475414587e-02
1 11 9.132975173552816e+01 4.521102686692365e-18 5.845541273361426e-02
2 29 9.413671253846354e+01 1.012590956397193e-16 7.876269190762053e-02
0 17 9.625383997158647e+01 3.606006740481371e-18 6.617449279976197e-02
2 30 9.734222451774681e+01 3.198564046501533e-18 7.876413593509043e-02
1 12 9.963021377471844e+01 4.543887516891339e-18 5.845141302499209e-02
2 31 1.005482579494224e+02 1.259948993883517e-17 7.876947432249731e-02
0 18 1.017356935943692e+02 3.448241893726726e-18 6.617842731606391e-02
3 6 1.019500590085798e+02 4.523469667336340e-16 4.539592375615796e-02
2 32 1.037537423959712e+02 1.007554325489716e-17 7.877183323683314e-02
2 33 1.069590858461234e+02 3.985631982232059e-17 7.874785036278531e-02
0 19 1.072182776463647e+02 3.618553596147128e-18 6.614189416887424e-02
1 13 1.079300542942760e+02 5.142338784865489e-18 5.848116174808290e-02
2 34 1.101643293579144e+02 7.886494341003555e-16 7.873915975097140e-02
0 20 1.126995539513170e+02 4.486138932275332e-18 6.613875367874117e-02
2 35 1.133697526303463e+02 2.546651036154494e-18 7.874688091154758e-02
1 14 1.162314465894311e+02 4.945418700114927e-18 5.847840013430062e-02
2 36 1.165755364876164e+02 5.105958874985721e-16 7.878174954596290e-02
0 21 1.181810431933885e+02 3.881021902364955e-18 6.613200080035306e-02
3 7 1.186819819556240e+02 1.593609501909587e-16 4.540065155397821e-02
2 37 1.197810072561349e+02 2.979388169190703e-18 7.878288720309044e-02
2 38 1.229867714826324e+02 2.576192030518761e-18 7.874693264586913e-02
0 22 1.236632774214560e+02 3.559080614871367e-18 6.610325640997283e-02
1 15 1.245319409598845e+02 4.592097256965589e-18 5.850552827149874e-02
2 39 1.261921495872328e+02 2.423642405873953e-18 7.873990594090034e-02
0 23 1.291443096452415e+02 3.452755118300747e-18 6.609464840159791e-02
2 40 1.293974825950976e+02 2.423377917926353e-18 7.875169124006218e-02
2 41 1.326027955789840e+02 2.422651525529656e-18 7.877252423663685e-02
1 16 1.328338480561601e+02 4.493816401600035e-18 5.850287534603741e-02
0 24 1.346257775564861e+02 3.651792923422229e-18 6.609435065719219e-02
3 8 1.354134856632048e+02 3.894466808254977e-17 4.540606899075194e-02
2 42 1.358082257423449e+02 2.423911041867005e-18 7.877342330569050e-02
2 43 1.390143083631112e+02 2.422847837351123e-18 7.876363702064246e-02
0 25 1.401079099381607e+02 3.527100584500855e-18 6.606131926166948e-02
1 17 1.411344785483866e+02 3.059684643669895e-14 5.852747100186170e-02
2 44 1.422197906048485e+02 2.770067407028158e-18 7.876129071446718e-02
2 45 1.454251137038777e+02 1.770096862609654e-15 7.875622130563195e-02
0 26 1.455890201729023e+02 3.525174227232186e-18 6.605720448567917e-02
2 46 1.486303042730379e+02 2.566827919408579e-18 7.874701900902635e-02
1 18 1.494364732106770e+02 5.074672775236812e-18 5.852221997753351e-02
0 27 1.510703749907368e+02 3.671817380225307e-18 6.606681240899696e-02
2 47 1.518356688934446e+02 3.513077320865669e-18 7.875104248190644e-02
3 9 1.521446487331620e+02 9.191680315633014e-18 4.540964467800929e-02
2 48 1.550416522034922e+02 2.232458159657575e-16 7.877811007213117e-02
0 28 1.565528929963211e+02 4.004221553912638e-18 6.602823187345332e-02
1 19 1.577367311043375e+02 4.478409047722802e-18 5.854282314855589e-02
2 49 1.582471550278470e+02 2.793316789321984e-18 7.878085505871281e-02
2 50 1.614527581039353e+02 1.670163885118210e-16 7.875248256357414e-02
0 29 1.620340715288777e+02 3.701669691437843e-18 6.603410012471324e-02
2 51 1.646580904938490e+02 1.545336028752613e-17 7.873923919695862e-02
1 20 1.660384334405303e+02 4.536571870414995e-18 5.853412526996182e-02
0 30 1.675154763470289e+02 3.691300759851742e-18 6.603847235887643e-02
2 52 1.678633880723544e+02 2.631612344800925e-17 7.874563005922056e-02
3 10 1.688755786310082e+02 7.526954591286186e-18 4.541120995882768e-02
2 53 1.710689076107271e+02 6.835404960386479e-16 7.877707006196033e-02
0 31 1.729988197367090e+02 6.328658825877022e-15 6.601121497378389e-02
1 21 1.743378414279880e+02 3.908171183211076e-14 5.854800589277775e-02
2 54 1.742743507240405e+02 2.540926189861069e-18 7.878211903818821e-02
2 55 1.774803017958961e+02 4.004123434614511e-16 7.876576631824979e-02
0 32 1.784802085474089e+02 1.668001194123284e-15 6.601149292155183e-02
2 56 1.806858037846353e+02 4.135208456388413e-18 7.875542152773193e-02
1 22 1.826388302225384e+02 4.629088114584387e-18 5.853909827277316e-02
2 57 1.838910896764615e+02 3.012539992706359e-18 7.875190931767234e-02
0 33 1.839620033314503e+02 4.302132345366338e-17 6.601540801206295e-02
3 11 1.856063662987459e+02 7.340550649149572e-18 4.541317557076705e-02
2 58 1.870963361954058e+02 2.691895278833232e-18 7.875662597445446e-02
0 34 1.894461056125568e+02 3.867819233746743e-18 6.601375131163374e-02
2 59 1.903016917576041e+02 2.979941564472325e-18 7.876019156336753e-02
1 23 1.909369526573465e+02 4.510564059247390e-18 5.854270019540669e-02
2 60 1.935076766077347e+02 2.701445987602170e-18 7.877887596205232e-02
0 35 1.949281116245506e+02 5.042470415767947e-18 6.600069510580170e-02
2 61 1.967132783767263e+02 2.422699378007576e-18 7.877528286114914e-02
1 24 1.992368311446080e+02 4.473895730072175e-18 5.853408268024653e-02
2 62 1.999188221919524e+02 2.980286490844981e-18 7.874826273254024e-02
0 36 2.004103166457488e+02 3.148744719811303e-16 6.601664166015002e-02
3 12 2.023370689297724e+02 7.415879514542933e-18 4.541672785850680e-02
2 63 2.031240895674421e+02 2.980362894152079e-18 7.874565579379908e-02
0 37 2.058951542101399e+02 1.479073751524409e-15 6.602452084355503e-02
2 64 2.063293864249072e+02 2.668965546556740e-18 7.874745785215938e-02
1 25 2.075333721391895e+02 5.302459106919831e-14 5.852330090731531e-02
2 65 2.095349574831626e+02 3.305565920561930e-18 7.877848797146936e-02
0 38 2.113782438911610e+02 1.009236290638478e-14 6.600889233289167e-02
2 66 2.127405416306855e+02 2.746560607258142e-18 7.878359459294637e-02
1 26 2.158318322415187e+02 4.634458920343951e-18 5.851538193478550e-02
2 67 2.159464423321572e+02 3.666823598603927e-16 7.876572117474077e-02
0 39 2.168608898673847e+02 3.688428256984159e-18 6.602175873161868e-02
3 13 2.190677545597364e+02 7.531225690015225e-18 4.541988116042459e-02
2 68 2.191518223342576e+02 2.541477076632167e-18 7.875850008330416e-02
0 40 2.223466536915325e+02 3.693961881080640e-18 6.604129277744231e-02
2 69 2.223571196954913e+02 1.123613173345814e-15 7.875311688629222e-02
1 27 2.241266324763751e+02 4.502722899020948e-18 5.849182259213657e-02
2 70 2.255623518682262e+02 1.921196685639738e-17 7.875607591756824e-02
0 41 2.278307811163899e+02 3.628667304931513e-18 6.604123534574723e-02
2 71 2.287678073236602e+02 1.097013019511149e-17 7.876859635086796e-02
2 72 2.319738008295502e+02 1.540773810765461e-16 7.878168620036570e-02
1 28 2.324234659433810e+02 4.547434952713252e-18 5.848394547106255e-02
0 42 2.333141310831451e+02 4.105302081878120e-18 6.604027539293340e-02
2 73 2.351792934131939e+02 3.221931424195031e-18 7.877560881047671e-02
3 14 2.357985321662899e+02 1.176144663780679e-17 4.542086876289761e-02
2 74 2.383848399225161e+02 2.313579777421665e-16 7.874550544051247e-02
0 43 2.388006558315331e+02 3.972173781542185e-18 6.608728650930257e-02
1 29 2.407165486404598e+02 4.656224524742335e-18 5.844885433707085e-02
2 75 2.415901045293649e+02 3.198369333720129e-18 7.874109938666936e-02
0 44 2.442855670874654e+02 4.273424216877906e-18 6.608540670651415e-02
2 76 2.447954064541311e+02 2.995929427670537e-18 7.875485153901823e-02
2 77 2.480010483916230e+02 1.430921672946254e-15 7.878402891772382e-02
1 30 2.490117322910685e+02 5.977104163145112e-14 5.843824500465495e-02
0 45 2.497699720575621e+02 3.612984055853728e-18 6.607690548597968e-02
2 78 2.512065698878987e+02 2.769134320304504e-18 7.878338861090353e-02
3 15 2.525295185815224e+02 6.256112108580317e-17 4.542082523825446e-02
2 79 2.544125208870623e+02 3.365523708638820e-18 7.876072306141561e-02
0 46 2.552568711588596e+02 3.517083451472309e-18 6.613608729727254e-02
1 31 2.573034108226225e+02 4.551575419453545e-18 5.839472953739782e-02
2 80 2.576179063744241e+02 2.424493635053098e-18 7.875741879951645e-02
0 47 2.607425981168611e+02 3.518064643311241e-18 6.612984138023864e-02
2 81 2.608231195557543e+02 3.388152269028946e-18 7.876150896632340e-02
2 82 2.640283756625614e+02 2.422922583394705e-18 7.876259230158138e-02
1 32 2.655971421287176e+02 4.513778660846458e-18 5.838297587371986e-02
0 48 2.662279594187598e+02 4.058135156740025e-18 6.613490943212409e-02
2 83 2.672338090145690e+02 2.504954606361928e-18 7.876772665761556e-02
3 16 2.692607965695295e+02 2.409881724959842e-16 4.542212026933037e-02
2 84 2.704399057593442e+02 3.740210191275836e-18 7.878201211348725e-02
0 49 2.717150162269036e+02 3.602307747331536e-18 6.618921197314834e-02
2 85 2.736453743099262e+02 2.979520508323246e-18 7.877893511474095e-02
1 33 2.738879685729013e+02 4.641949020912458e-18 5.833458092266069e-02
2 86 2.768507679929521e+02 4.446087179240269e-16 7.875162483252489e-02
0 50 2.772013323743496e+02 3.668638721148669e-18 6.619523082792293e-02
2 87 2.800560629460194e+02 3.260649517664129e-18 7.874055375773582e-02
1 34 2.821806139870768e+02 2.860401870802207e-17 5.832415133446305e-02
0 51 2.826871131596886e+02 3.598907039007403e-18 6.620047252972089e-02
2 88 2.832613807982897e+02 2.423314061394807e-18 7.874967908055026e-02
3 17 2.859924274296943e+02 6.610249690254748e-16 4.542434663521257e-02
2 89 2.864671276305541e+02 3.718687307890382e-17 7.879113825265237e-02
0 52 2.881742453306580e+02 4.235366677779244e-18 6.624552084191061e-02
2 90 2.896726234144024e+02 9.320902539419078e-18 7.878817768959347e-02
1 35 2.904712842885904e+02 4.638349322925818e-18 5.827493992547145e-02
2 91 2.928784379160166e+02 1.070870383195804e-17 7.875916459100221e-02
0 53 2.936606359331675e+02 3.663424748345040e-18 6.625409237878957e-02
2 92 2.960839137826421e+02 3.225609762643588e-18 7.875195607941411e-02
1 36 2.987634193921709e+02 4.525742405111738e-18 5.826682445045509e-02
0 54 2.991466231029974e+02 3.445490763697878e-18 6.625329420429686e-02
2 93 2.992891591764233e+02 1.510984232919923e-16 7.875973538720994e-02
2 94 3.024943855200970e+02 2.979602610527708e-18 7.877519183954880e-02
3 18 3.027244985562156e+02 1.436421977897407e-15 4.542496792602401e-02
0 55 3.046335531078008e+02 3.590400285614324e-18 6.630289792694281e-02
2 95 3.056998233138340e+02 2.559026763128279e-18 7.877442797316235e-02
1 37 3.070546712936096e+02 4.623339224742531e-18 5.822295355273624e-02
2 96 3.089058640328852e+02 1.660036100212573e-15 7.877689480374359e-02
0 56 3.101197391349149e+02 3.658479382969804e-18 6.630096665165805e-02
2 97 3.121114515899181e+02 3.534695125648668e-18 7.877738686949071e-02
1 38 3.153469728596315e+02 4.497328974140431e-18 5.821652109103409e-02
2 98 3.153168066940132e+02 2.694851513286731e-18 7.875779963953680e-02
0 57 3.156056393063122e+02 3.512563639697693e-18 6.630907664837128e-02
2 99 3.185219725522118e+02 2.423977407719928e-18 7.874866450792524e-02
3 19 3.194571209590704e+02 2.564638033263235e-15 4.542340156658620e-02
0 58 3.210917157408970e+02 3.583265405182113e-18 6.634994198630995e-02
2 100 3.217273317202296e+02 2.980174018169691e-18 7.875101752673025e-02
1 39 3.236393760363875e+02 4.985649439509745e-18 5.818706793335481e-02
2 101 3.249331471637922e+02 2.979326991386453e-18 7.878484543352447e-02
0 59 3.265776170420859e+02 4.006543831400441e-18 6.633717696985938e-02
2 102 3.281387198923036e+02 2.483307814100173e-18 7.879279306093555e-02
2 103 3.313444592647900e+02 2.422936005230727e-18 7.876175139407320e-02
0 60 3.320628867384335e+02 4.200156845365748e-18 6.634692098116209e-02
1 40 3.319324977876601e+02 4.544842225981593e-18 5.818193015576875e-02
2 104 3.345498054349925e+02 2.980214817838093e-18 7.875110525022604e-02
3 20 3.361903825205981e+02 3.878120908416052e-15 4.542184533597277e-02
0 61 3.375479466331226e+02 3.439078641243346e-18 6.636690062556670e-02
2 105 3.377551379402015e+02 7.835197454807094e-16 7.875515128192755e-02
1 41 3.402263981651832e+02 4.534870317023210e-18 5.817019244449415e-02
2 106 3.409604635919669e+02 2.668000879800147e-18 7.877601730173128e-02
0 62 3.430334472689155e+02 3.851936498136414e-18 6.636238649277543e-02
2 107 3.441658965486148e+02 2.728559711618553e-18 7.878600575606753e-02
2 108 3.473719061527585e+02 6.647841712899937e-17 7.877890590438097e-02
0 63 3.485178919862387e+02 3.643009404713178e-18 6.635648945845288e-02
1 42 3.485208684970426e+02 4.661217167357233e-18 5.816766976168324e-02
2 109 3.505774119128409e+02 6.633833675586473e-18 7.877238042235690e-02
