0 0 8.844860696291605e-01 2.282709835070519e-18 8.842375252570542e-02
1 0 3.069529478732025e+00 2.339405180512174e-14 6.080732701665371e-02
0 1 3.275791324132571e+00 2.028025027435696e-18 8.842772499791306e-02
0 2 5.667080324006815e+00 2.098546472723786e-18 8.842558087408114e-02
0 3 8.058454273191211e+00 2.098742491548737e-18 8.841858195587290e-02
1 1 9.674623554456671e+00 4.202347881126076e-18 6.080554500924244e-02
0 4 1.044978477768506e+01 2.389605403765851e-18 8.842104873041988e-02
0 5 1.284107915017613e+01 2.924621893185386e-18 8.842562312192344e-02
0 6 1.523239323043336e+01 2.389359769844670e-18 8.841924297732882e-02
1 2 1.627971645363746e+01 4.150351876260512e-18 6.080455476963345e-02
0 7 1.762373114326969e+01 2.282096090879870e-18 8.841835822485460e-02
0 8 2.001508273437217e+01 2.098466622798110e-18 8.842671740883958e-02
0 9 2.240637076835280e+01 2.389074187936559e-18 8.842604713687799e-02
1 3 2.288481260519606e+01 3.609750087338102e-15 6.080668897789028e-02
0 10 2.479769117295634e+01 2.098449060510784e-18 8.842225665618160e-02
0 11 2.718910054048802e+01 2.389276657259843e-18 8.842488555936118e-02
0 12 2.958040048266885e+01 2.205703066240984e-18 8.842861673709473e-02
1 4 2.948989626298598e+01 6.000946970522141e-15 6.080714266346658e-02
0 13 3.197169340062763e+01 2.205748701934713e-18 8.842555137387693e-02
0 14 3.436307983964566e+01 2.205868470202370e-18 8.841950692565241e-02
1 5 3.609498760422829e+01 4.152138477981912e-18 6.080595965272829e-02
0 15 3.675440608764693e+01 2.205816436758382e-18 8.842252802502126e-02
0 16 3.914569522778785e+01 2.028059856562363e-18 8.842566735953906e-02
0 17 4.153701955425841e+01 2.135645709340248e-18 8.841855009402300e-02
1 6 4.270008105234687e+01 4.179157388032178e-18 6.080431064159576e-02
0 18 4.392835802933184e+01 2.135649596956488e-18 8.841837737165040e-02
0 19 4.631969476797813e+01 2.205729739041661e-18 8.842664438589010e-02
0 20 4.871098472419700e+01 2.281086711083100e-18 8.842470342951099e-02
1 7 4.930517671785307e+01 1.555284299423063e-14 6.080611453260643e-02
0 21 5.110231034837319e+01 2.205829535204192e-18 8.842135019867216e-02
0 22 5.349371313369088e+01 2.028046336700965e-18 8.842582897812777e-02
