0 0 4.694664767002695e+00 1.092044743687925e-17 4.124930855754989e-02
1 0 7.987050059317453e+00 2.796724356857986e-14 5.621477420609661e-02
1 1 1.901728695865649e+01 2.489412904921613e-16 5.622050430779747e-02
1 2 3.004730876476206e+01 2.729894800299673e-17 5.622128909152819e-02
0 1 3.045835343373163e+01 1.092133047623061e-17 4.124885457437344e-02
1 3 4.107726212353896e+01 6.423886609786831e-18 5.621966831385996e-02
1 4 5.210734838253872e+01 9.070611681987853e-18 5.621596373693804e-02
0 2 5.622225105342297e+01 1.575246866550236e-17 4.124843444614659e-02
1 5 6.313752828180599e+01 5.890026560684773e-18 5.621492711816585e-02
1 6 7.416811183144263e+01 7.754885319125251e-18 5.621415060865775e-02
0 3 8.198577530325629e+01 1.056264414966763e-17 4.124913268759385e-02
1 7 8.519834877240191e+01 7.960507874357342e-18 5.621545190400393e-02
1 8 9.622855597504690e+01 1.090355886451756e-16 5.622109676943723e-02
1 9 1.072585617270466e+02 1.674999528001268e-15 5.622180054393537e-02
0 4 1.077494954756529e+02 1.165330150488719e-17 4.124868854946730e-02
1 10 1.182885095571896e+02 8.992443838726409e-14 5.622010160327980e-02
1 11 1.293185935809411e+02 7.687827587080468e-18 5.621634510886435e-02
0 5 1.335134038793998e+02 1.297672610936475e-17 4.124823195430767e-02
1 12 1.403487657258947e+02 5.857318106852378e-18 5.621535960104043e-02
1 13 1.513793459835370e+02 3.117599588201370e-15 5.621480434175116e-02
0 6 1.592769310626605e+02 1.165034058434475e-17 4.124895708415145e-02
1 14 1.624095674211374e+02 6.653240029065528e-18 5.621613453657832e-02
1 15 1.734397475336259e+02 1.144933702199270e-17 5.622168319474302e-02
1 16 1.844697399512372e+02 5.234085242268641e-14 5.622229928471643e-02
0 7 1.850406792646150e+02 1.296590443215489e-17 4.124852587521334e-02
1 17 1.954996851419906e+02 3.641848470008049e-16 5.622053304545720e-02
1 18 2.065297700299465e+02 1.109651177499481e-17 5.621672329567279e-02
0 8 2.108045949510692e+02 1.092463208550159e-17 4.124803372898745e-02
1 19 2.175599386178915e+02 6.403748955772191e-18 5.621579133162905e-02
1 20 2.285905203749684e+02 6.138084060552411e-14 5.621545365872900e-02
0 9 2.365681195266200e+02 1.263804386069208e-17 4.124878498216657e-02
1 21 2.396207320725641e+02 6.061826950497196e-18 5.621680855179172e-02
1 22 2.506508911969294e+02 1.022236847726819e-17 5.622225254029625e-02
1 23 2.616808763131696e+02 8.015845590875572e-18 5.622277191993320e-02
0 10 2.623318886292374e+02 1.056314379312644e-17 4.124836885603932e-02
1 24 2.727108239496806e+02 1.438782314966527e-16 5.622095023624923e-02
1 25 2.837409149374330e+02 1.089601540855565e-15 5.621708714976986e-02
0 11 2.880958056598406e+02 1.056288348085309e-17 4.124784312243513e-02
1 26 2.947710864647475e+02 6.638644581598851e-18 5.621621056662231e-02
