0 0 8.483989831972711e+00 8.669965444915015e-18 4.362784477312012e-02
1 0 9.991029712488237e+00 7.422210973847463e-18 5.380530165941203e-02
1 1 2.004503321311736e+01 5.939800580696770e-15 5.381761068740172e-02
0 1 2.481708314204682e+01 7.356867160489980e-18 4.362623206355556e-02
1 2 3.009910127663582e+01 7.550323598304354e-17 5.381735224926069e-02
1 3 4.015307657692205e+01 2.911449631538207e-17 5.380513970922076e-02
0 2 4.115018117779727e+01 8.905421575200731e-18 4.362779269982862e-02
1 4 5.020740305487176e+01 9.820539267951115e-16 5.380243556460378e-02
0 3 5.748292708266415e+01 7.356558813006493e-18 4.362814126426232e-02
1 5 6.026201550202479e+01 5.305518541217000e-18 5.380491893150488e-02
1 6 7.031780937327878e+01 5.720917996173681e-16 5.381876834467000e-02
0 4 7.381551646433236e+01 8.431392704975038e-18 4.362598368590898e-02
1 7 8.037165319543973e+01 7.172045505296294e-18 5.381709211718451e-02
0 5 9.014872613434946e+01 7.830694342978164e-18 4.362535829729287e-02
1 8 9.042490807052872e+01 7.050588888891049e-18 5.381814240815635e-02
1 9 1.004782921285914e+02 9.084727676095834e-15 5.381983694158330e-02
0 6 1.064819179111783e+02 7.830141540055380e-18 4.362559427942610e-02
1 10 1.105322834713748e+02 5.262409437263705e-18 5.382106734452464e-02
1 11 1.205882508490517e+02 6.448897878824254e-18 5.380274781756870e-02
0 7 1.228144739639835e+02 7.356524253913932e-18 4.362848098385907e-02
1 12 1.306425734387188e+02 5.164011155246109e-18 5.380010909175774e-02
0 8 1.391473140102381e+02 7.829769607238268e-18 4.362822940418171e-02
1 13 1.406966552235196e+02 5.591350815637289e-18 5.380307329858511e-02
1 14 1.507507271347754e+02 5.075824764429703e-18 5.381570650593329e-02
0 9 1.554803853899548e+02 8.908714344740274e-18 4.362655669531279e-02
1 15 1.608048220236719e+02 1.050206834467507e-15 5.381539735444334e-02
1 16 1.708587804957163e+02 5.316231325848042e-18 5.380380380076270e-02
0 10 1.718134816919825e+02 7.783904804160923e-18 4.362800901211953e-02
1 17 1.809131071663905e+02 7.859335588035334e-16 5.380111531299159e-02
0 11 1.881462267497109e+02 7.661185173781415e-18 4.362837687293405e-02
1 18 1.909677365943799e+02 4.590992675613431e-17 5.380356518030262e-02
1 19 2.010236173369488e+02 4.084361739919616e-17 5.381686562419825e-02
0 12 2.044787880170240e+02 7.479570361171102e-18 4.362629943560530e-02
1 20 2.110774726977942e+02 4.416773940446823e-15 5.381514852461783e-02
0 13 2.208119877001427e+02 8.134057748600828e-18 4.362566833024663e-02
1 21 2.211307426854874e+02 5.915444425721480e-18 5.381638294422243e-02
1 22 2.311841274726067e+02 1.110710541582911e-15 5.381839369356146e-02
0 14 2.371451834243075e+02 7.479382959097028e-18 4.362584986943098e-02
1 23 2.412381187486218e+02 5.075434613077067e-18 5.381957498512459e-02
1 24 2.512940226172957e+02 6.837841358368008e-18 5.380059281803998e-02
0 15 2.534777576432774e+02 8.133548429500392e-18 4.362883493179981e-02
1 25 2.613483862550964e+02 5.082165355431973e-18 5.379793554538748e-02
0 16 2.698105757554490e+02 8.562445710621176e-18 4.362860309681437e-02
1 26 2.714025261914602e+02 6.519448960167697e-18 5.380090556047534e-02
1 27 2.814566691203393e+02 6.148406829272829e-18 5.381385981006532e-02
0 17 2.861436246235305e+02 8.912641244886946e-18 4.362687080453445e-02
1 28 2.915107912691253e+02 5.639216105485207e-18 5.381349986834783e-02
1 29 3.015647353512966e+02 5.582860031760307e-18 5.380252677421354e-02
0 18 3.024767186095795e+02 7.478842799342167e-18 4.362821424522947e-02
1 30 3.116190616577937e+02 7.151772724205145e-18 5.379985906852568e-02
0 19 3.188094634819773e+02 9.332754046358227e-18 4.362860128976653e-02
1 31 3.216737074165804e+02 6.989344558019812e-16 5.380227447387403e-02
1 32 3.317296748174174e+02 6.702731031447347e-18 5.381496666561676e-02
0 20 3.351419967443579e+02 9.445288749055845e-18 4.362661405562766e-02
1 33 3.417835427315617e+02 4.454877156247630e-15 5.381320875786134e-02
0 21 3.514751859524372e+02 9.604907445498628e-18 4.362598047102254e-02
