0 0 6.953732394636462e+00 5.136400505256729e-18 6.386572534242277e-02
1 0 6.789802504494803e+00 1.142909194095882e-17 5.766454025011638e-02
2 0 9.293360840627386e+00 6.796579961609953e-18 5.471289746757527e-02
0 1 1.408934490103196e+01 7.955358085870484e-18 6.389185418066169e-02
1 1 1.571182823931797e+01 8.032115709675498e-18 5.763886596887979e-02
2 1 2.117711330111701e+01 6.154362894228519e-18 5.471333681015100e-02
0 2 2.122434493112081e+01 5.149470266614471e-17 6.388877230089547e-02
1 2 2.463415536958117e+01 6.658110751590806e-18 5.764314817866901e-02
0 3 2.835940284328260e+01 2.610961942508006e-16 6.389242032255667e-02
2 2 3.306393983140771e+01 6.095379516589937e-18 5.470960453567751e-02
1 3 3.355529164761418e+01 5.549329662484676e-18 5.764307732030984e-02
0 4 3.549392106364063e+01 6.860066198227326e-16 6.389812959564202e-02
1 4 4.249754290131609e+01 5.812834083360024e-18 5.766545794888386e-02
0 5 4.262887636515327e+01 1.994296022924775e-15 6.388147012276781e-02
2 3 4.491795477313470e+01 6.087210855365289e-18 5.469500562758912e-02
0 6 4.976525744045482e+01 9.207920197926301e-15 6.390416498563836e-02
1 5 5.143384551555054e+01 5.205035271758152e-18 5.764316785846807e-02
2 4 5.677504937961064e+01 6.211221784388023e-18 5.469545378446712e-02
0 7 5.690116489991176e+01 2.572730271082697e-14 6.390170056106913e-02
1 6 6.037035198750443e+01 5.333110705719145e-18 5.764715691485658e-02
0 8 6.403711437562070e+01 1.909376567404452e-14 6.390748851598636e-02
2 5 6.863510673729597e+01 1.246907223421006e-13 5.469021336142323e-02
1 7 6.930575508850026e+01 5.912836096942124e-18 5.764685818514834e-02
0 9 7.117245975549903e+01 5.570551206737394e-18 6.391307701178896e-02
1 8 7.825390823697603e+01 2.626591485295332e-14 5.764905612091588e-02
0 10 7.830837368896096e+01 4.549932550762979e-18 6.389101732912883e-02
2 6 8.047602426021643e+01 1.150688292857098e-13 5.470146977328641e-02
