1 0 1.440853451736344e+00 3.298461180569499e-18 7.611122630236557e-02
3 0 1.760891783474096e+00 4.104570561921313e-18 6.440779219199246e-02
1 1 5.136462666778144e+00 3.561139868065268e-18 7.610949731261317e-02
0 0 8.359300831237045e+00 5.883260860207302e-18 5.314626329048952e-02
3 1 7.859033018438508e+00 4.035523057697024e-18 6.440134132943597e-02
1 2 8.832023883250239e+00 4.419230999442892e-18 7.611174539184742e-02
2 0 9.506169314169620e+00 2.087528567570188e-17 2.758741376524285e-02
1 3 1.252762418066846e+01 2.740839819873352e-18 7.611324051109034e-02
3 2 1.395662568823066e+01 2.237932212174373e-17 6.438713373711052e-02
1 4 1.622324615035316e+01 2.813263675784622e-18 7.611091311002778e-02
4 0 1.773618199552590e+01 8.729130316072753e-18 4.365914365320676e-02
0 1 1.921378534319453e+01 5.773620302720910e-18 5.314647461538476e-02
1 5 1.991879856040905e+01 2.740912351485157e-18 7.611179040551544e-02
3 3 2.005493129969975e+01 2.653928658477305e-17 6.439335233988538e-02
1 6 2.361432431700075e+01 5.487862405420638e-18 7.611238444575917e-02
3 4 2.615336327114490e+01 4.618345808385848e-18 6.441492206897824e-02
1 7 2.730993707823774e+01 2.740945194661586e-18 7.611002045795108e-02
0 2 3.006829602411682e+01 5.934535286070186e-18 5.314659141055700e-02
1 8 3.100557357503791e+01 3.033679217744373e-18 7.611176950341667e-02
3 5 3.225118984096078e+01 3.826911569555306e-18 6.441612299367802e-02
1 9 3.470112270634990e+01 3.640209811293055e-17 7.611301513417947e-02
4 1 3.731233563839501e+01 8.573868748206779e-18 4.365380691878909e-02
1 10 3.839670927433506e+01 3.190989866308772e-18 7.610970720027319e-02
3 6 3.835045930765617e+01 4.033084421914933e-18 6.441715381182790e-02
0 3 4.092274831428755e+01 5.673548823432978e-18 5.314626893940191e-02
1 11 4.209226985277463e+01 2.859563848254648e-18 7.611108363395663e-02
3 7 4.444905888497826e+01 4.245903276433817e-18 6.441812722469709e-02
1 12 4.578782310668116e+01 4.421441423546954e-18 7.611393599146855e-02
1 13 4.948347445228244e+01 2.740966589403325e-18 7.610938563726484e-02
3 8 5.054717302697738e+01 5.166071661273927e-18 6.440452717449704e-02
0 4 5.177737037828954e+01 5.735489180419510e-18 5.314754460475903e-02
1 14 5.317905380338876e+01 1.873701846910315e-16 7.610976866398211e-02
1 15 5.687459705816124e+01 6.471917305902573e-18 7.611316878374018e-02
3 9 5.664543651948220e+01 1.383928402458814e-16 6.439564691969325e-02
4 2 5.688715085785507e+01 8.393144089687296e-18 4.365033823547602e-02
1 16 6.057017407272209e+01 3.529064902722995e-18 7.611058646513034e-02
0 5 6.263190773849259e+01 5.637129872360653e-18 5.314672409877649e-02
3 10 6.274359946714707e+01 4.163665473388701e-18 6.439215326656662e-02
1 17 6.426576398734615e+01 2.833906167498521e-18 7.611116379578321e-02
1 18 6.796137918750176e+01 2.855318558193951e-18 7.611291265240204e-02
3 11 6.884122664348661e+01 2.293136658630038e-17 6.440519946008373e-02
1 19 7.165694602769454e+01 5.514306737083787e-18 7.610867472120236e-02
0 6 7.348652102821940e+01 5.767060366512949e-18 5.314555518291968e-02
3 12 7.493951868635740e+01 3.903017472671448e-18 6.440707774314763e-02
1 20 7.535251313170093e+01 5.814392963687966e-18 7.610916679769543e-02
4 3 7.646222100290413e+01 3.099278660855537e-16 4.365639338285119e-02
1 21 7.904809312997627e+01 3.697504738569812e-18 7.611491142961509e-02
3 13 8.103833855490498e+01 3.922019665616796e-18 6.441403526287093e-02
1 22 8.274366569575871e+01 3.513445488929506e-18 7.611158786566924e-02
0 7 8.434099064399499e+01 5.675645764987389e-18 5.314458383438897e-02
1 23 8.643928469060717e+01 2.894866013892235e-18 7.610875059549806e-02
2 1 8.710935084757109e+01 2.289972140506330e-17 2.758648646410416e-02
3 14 8.713652897705288e+01 5.556002553378852e-18 6.442974254066651e-02
1 24 9.013486102459399e+01 2.772138118191082e-18 7.611208933436250e-02
3 15 9.323561389940522e+01 6.107491618550453e-18 6.441832026975601e-02
1 25 9.383040551955835e+01 3.526434075143723e-18 7.610964516701503e-02
0 8 9.519540419165550e+01 5.904923398743594e-18 5.314471386682974e-02
4 4 9.603865371045354e+01 8.444030120887712e-18 4.365795960766310e-02
1 26 9.752600481857269e+01 3.710465480119216e-18 7.611123061314527e-02
3 16 9.933386420451384e+01 3.833694095092830e-18 6.440000563167904e-02
1 27 1.012216073675710e+02 2.740790821402685e-18 7.611473002487955e-02
1 28 1.049171716234879e+02 6.576075667667789e-18 7.611012982269807e-02
3 17 1.054320434736238e+02 4.438385250946815e-18 6.440172569182460e-02
0 9 1.060498787639321e+02 6.164150297786755e-18 5.314518403486637e-02
1 29 1.086127381970428e+02 2.967378662510928e-18 7.610836667096008e-02
3 18 1.115300949042454e+02 4.447496299301314e-18 6.439819767538264e-02
1 30 1.123083369988019e+02 2.742982764532137e-18 7.611208889721111e-02
4 5 1.156147378026895e+02 8.339986233604823e-18 4.366104197204018e-02
1 31 1.160039212411353e+02 2.740854843147948e-18 7.611283061109753e-02
0 10 1.169043557359039e+02 5.883176355826996e-18 5.314617560983737e-02
3 19 1.176279156445227e+02 9.878815424244363e-18 6.438916794125105e-02
1 32 1.196994992946263e+02 4.653276806967667e-18 7.611113453054451e-02
1 33 1.233951062953042e+02 5.912309911873465e-18 7.611215483303148e-02
3 20 1.237263057236309e+02 1.030295253527766e-16 6.441327926474626e-02
1 34 1.270906336643357e+02 2.740929452622433e-18 7.611106410982803e-02
0 11 1.277588707220920e+02 5.621542139248612e-18 5.314708212020321e-02
3 21 1.298247093695580e+02 4.608373284267234e-18 6.441945638775473e-02
1 35 1.307861989957266e+02 3.144893726731129e-18 7.610972793203206e-02
1 36 1.344818723302935e+02 2.813895900148263e-18 7.611327879377006e-02
4 6 1.351910501115180e+02 8.691248893628843e-18 4.365550093789464e-02
3 22 1.359233782688755e+02 4.092861097074583e-18 6.441853146072428e-02
1 37 1.381774240481886e+02 3.054054290074842e-18 7.611301443959757e-02
0 12 1.386133285834007e+02 5.802401485577519e-18 5.314710489348065e-02
1 38 1.418729722601169e+02 3.564441976007827e-18 7.611046544220022e-02
3 23 1.420219538216758e+02 3.827240216077976e-18 6.441901520963754e-02
1 39 1.455685769555105e+02 4.421497894416003e-18 7.611136924145138e-02
3 24 1.481208023149087e+02 5.987519696272110e-18 6.440396013194918e-02
1 40 1.492641231739061e+02 6.070474963319621e-18 7.611253191966796e-02
0 13 1.494679316365812e+02 6.033015139877722e-18 5.314900227222512e-02
1 41 1.529597366867103e+02 3.761608009259174e-17 7.611124799609918e-02
3 25 1.542184958864878e+02 3.828100435122425e-18 6.439730025388377e-02
4 7 1.547658722410996e+02 1.924237887874372e-16 4.364772492618710e-02
1 42 1.566553650354396e+02 2.913220901169105e-18 7.611119985335017e-02
0 14 1.603224741439734e+02 6.282771949060609e-18 5.314876399603308e-02
1 43 1.603509003851307e+02 3.027500736884403e-18 7.611255145014742e-02
3 26 1.603166467211925e+02 9.663373287782362e-17 6.439296623567589e-02
1 44 1.640464352318422e+02 4.421492359125840e-18 7.611158400580216e-02
2 2 1.647126041499333e+02 2.089045824123892e-17 2.758529695769806e-02
3 27 1.664148356177408e+02 7.308866886182209e-18 6.439557030109430e-02
1 45 1.677420644952496e+02 2.740900721887699e-18 7.611137408207261e-02
0 15 1.711771049914948e+02 5.655074118055744e-18 5.314796593841535e-02
1 46 1.714376771840591e+02 3.542831046954722e-18 7.611225173859247e-02
3 28 1.725125463202401e+02 1.111680579052100e-15 6.440520110937983e-02
4 8 1.743409012900784e+02 8.339880473515185e-18 4.365617694428076e-02
1 47 1.751332211668263e+02 3.280012188975051e-18 7.611121873912120e-02
1 48 1.788288247249536e+02 3.129319930776081e-18 7.611016941281859e-02
3 29 1.786113545703255e+02 4.145705857660733e-18 6.442023441876532e-02
0 16 1.820315891788353e+02 5.715675035173905e-18 5.314652218887492e-02
1 49 1.825243791322943e+02 2.804455554837273e-18 7.611310858711828e-02
3 30 1.847099168151943e+02 3.832600622310492e-18 6.441724622798300e-02
1 50 1.862199319741549e+02 3.440650137665913e-18 7.611347843168964e-02
1 51 1.899156000327697e+02 7.367956160642043e-18 7.610945910041300e-02
3 31 1.908086305424825e+02 4.070654498650472e-18 6.442039245897087e-02
0 17 1.928860119523488e+02 6.324688333863523e-18 5.314583772140457e-02
1 52 1.936111637445476e+02 4.915811229450441e-18 7.611075498034556e-02
4 9 1.939171900134762e+02 8.329919417283103e-18 4.366062741597362e-02
1 53 1.973066902145585e+02 3.778224151726656e-18 7.611204930080541e-02
3 32 1.969070316681856e+02 4.068068273121513e-18 6.441467251874337e-02
1 54 2.010023016531886e+02 4.198794797721915e-18 7.611123403101692e-02
3 33 2.030053688330349e+02 3.914408490443514e-18 6.438873327549352e-02
0 18 2.037405000164474e+02 5.914229163034450e-18 5.314568903880212e-02
1 55 2.046978831448137e+02 2.858757765238173e-18 7.611276756690824e-02
1 56 2.083934638692835e+02 2.740885952408170e-18 7.611210843827265e-02
3 34 2.091032471611679e+02 6.165158056161216e-18 6.439846938899295e-02
1 57 2.120890596601647e+02 6.768885064791833e-17 7.610831201247491e-02
4 10 2.134933809328164e+02 8.578236283006799e-18 4.365908199873506e-02
0 19 2.145949786236720e+02 6.013505219744511e-18 5.314550883203924e-02
3 35 2.152012905407751e+02 5.203823639937671e-17 6.440258292473902e-02
1 58 2.157846272962429e+02 3.751250907440980e-18 7.610997868543103e-02
1 59 2.194801979763612e+02 2.740786412735915e-18 7.611484555426562e-02
3 36 2.212993991793266e+02 5.166190619257353e-18 6.440012700931798e-02
1 60 2.231757981690161e+02 4.421492975569866e-18 7.611122476825133e-02
0 20 2.254494749004605e+02 6.245212917201828e-18 5.314551176465680e-02
1 61 2.268713920097895e+02 2.740969385082604e-18 7.610953091514840e-02
3 37 2.273977229973608e+02 2.252273070389230e-16 6.441762778436563e-02
1 62 2.305669380194319e+02 2.781539703945824e-18 7.611217188263139e-02
3 38 2.334967932130580e+02 6.272606339653293e-18 6.442980220821050e-02
4 11 2.330696933841857e+02 2.967002284164172e-16 4.365526527858208e-02
1 63 2.342625141152465e+02 3.154155787733813e-18 7.610880868008682e-02
0 21 2.363039199130359e+02 5.778403421308817e-18 5.314509394870459e-02
1 64 2.379581380033852e+02 6.557255678671791e-18 7.611143367277287e-02
3 39 2.395949214498042e+02 5.339729038089592e-18 6.441487286207197e-02
1 65 2.416537119834117e+02 3.569553718256495e-18 7.611483762734451e-02
2 3 2.423158833455246e+02 3.023560423074111e-17 2.758501101947114e-02
1 66 2.453492839341706e+02 5.552977920226719e-18 7.610936241135435e-02
3 40 2.456938128586671e+02 3.829203848127986e-18 6.440589807604520e-02
0 22 2.471585026109309e+02 5.915738421069123e-18 5.314700279336031e-02
1 67 2.490448500373598e+02 2.848943031352006e-18 7.610877654284298e-02
3 41 2.517921217851162e+02 5.943209292980471e-18 6.440456652653077e-02
1 68 2.527404210977661e+02 2.837214778339107e-18 7.611307485599617e-02
4 12 2.526446489404863e+02 8.340995247623865e-18 4.364985283361072e-02
1 69 2.564360391445437e+02 3.383239333259266e-18 7.611106996965825e-02
0 23 2.580130401103309e+02 5.869686970175713e-18 5.314683817847289e-02
3 42 2.578896898299043e+02 4.614067928518566e-18 6.439334631976634e-02
1 70 2.601316281069960e+02 1.357488400290866e-17 7.611037868514930e-02
1 71 2.638272058280597e+02 3.465369274036889e-18 7.611323681013291e-02
3 43 2.639878611309929e+02 5.060086523820661e-17 6.439376527594953e-02
1 72 2.675227457212415e+02 4.586255203570300e-18 7.611004523681945e-02
0 24 2.688676694349608e+02 5.731912873591303e-18 5.314652696800137e-02
3 44 2.700861537222150e+02 1.256256849056442e-17 6.440324572735302e-02
1 73 2.712183248746757e+02 3.666515579595489e-17 7.610955033308711e-02
4 13 2.722194770962610e+02 8.330294928066035e-18 4.365516205937302e-02
1 74 2.749139790144803e+02 3.665200585333214e-18 7.611359109149221e-02
3 45 2.761842311130653e+02 4.637472672725206e-18 6.441981387814080e-02
1 75 2.786095295403655e+02 2.773095673889965e-18 7.611092815906019e-02
0 25 2.797221697517725e+02 5.627833849485884e-18 5.314587463874361e-02
1 76 2.823050898746937e+02 3.136795066950713e-18 7.610974226922930e-02
3 46 2.822828051152616e+02 4.166952633387506e-18 6.441746435888848e-02
1 77 2.860006806187081e+02 4.421460902119844e-18 7.611314837961647e-02
3 47 2.883820922376484e+02 3.887590422416676e-18 6.441542539603161e-02
1 78 2.896962304446384e+02 3.538330287007390e-18 7.611209075988352e-02
0 26 2.905766035496867e+02 5.739795948771568e-18 5.314553498819168e-02
4 14 2.917958730936132e+02 8.443677423011182e-18 4.365896924740546e-02
1 79 2.933918632414185e+02 3.618611211161112e-18 7.610984096406805e-02
3 48 2.944799366001555e+02 5.442175796601524e-18 6.441675690359788e-02
1 80 2.970874745392413e+02 3.125392018075695e-18 7.611204607456117e-02
1 81 3.007830002540883e+02 2.766331147391928e-18 7.611169912655526e-02
3 49 3.005783657076278e+02 4.562791425397641e-18 6.439553268005649e-02
0 27 3.014310832582904e+02 6.031937414903440e-18 5.314611227278622e-02
1 82 3.044785558285141e+02 2.854667406159877e-18 7.611117545100088e-02
3 50 3.066766491116264e+02 1.636280143488919e-16 6.438623569065098e-02
1 83 3.081741818213384e+02 7.460592978953974e-18 7.611325982879696e-02
4 15 3.113719551414621e+02 8.508716451317004e-18 4.365996380528703e-02
0 28 3.122855551001888e+02 5.923483560321114e-18 5.314660402830655e-02
1 84 3.118697785322058e+02 3.642755450887254e-18 7.611167272477752e-02
3 51 3.127742795822149e+02 4.187718749367663e-18 6.440206640788938e-02
1 85 3.155653356516713e+02 3.052598798483337e-18 7.610940645720536e-02
1 86 3.192609454461784e+02 3.117331547901029e-18 7.611103366652305e-02
3 52 3.188723998139631e+02 5.165948465676744e-18 6.440907838300533e-02
2 4 3.199191435942918e+02 2.090435726403076e-17 2.758608653755190e-02
0 29 3.231400559590516e+02 7.124928241386275e-18 5.314711696406568e-02
1 87 3.229564922959029e+02 2.979322797025086e-18 7.611389751902282e-02
3 53 3.249708201704406e+02 5.927970799819204e-18 6.440195663288842e-02
1 88 3.266520536752374e+02 2.890085317783795e-18 7.611240491390986e-02
1 89 3.303477107215282e+02 1.147531144082724e-16 7.611033988423532e-02
3 54 3.310696130360440e+02 1.961629093329526e-16 6.443049753601796e-02
4 16 3.309483147157582e+02 8.673390201543026e-18 4.365710616329686e-02
0 30 3.339945114602432e+02 6.105617209875782e-18 5.314669744900524e-02
1 90 3.340432546327515e+02 4.421510623249630e-18 7.611116721893105e-02
3 55 3.371680000793134e+02 4.572439807011127e-18 6.442914518411808e-02
1 91 3.377387953415417e+02 4.828047766679554e-18 7.611051951165523e-02
1 92 3.414344417089903e+02 7.277898968663740e-18 7.611238490308542e-02
3 56 3.432667841410540e+02 3.827964255225506e-18 6.439741698589316e-02
0 31 3.448490807751776e+02 6.005942048318367e-18 5.314881213537971e-02
1 93 3.451300072939390e+02 3.469312174901395e-18 7.611398973307847e-02
1 94 3.488255681208483e+02 2.794169665947977e-18 7.611107822577101e-02
3 57 3.493649899788874e+02 3.878263299882606e-18 6.440757215256256e-02
4 17 3.505233670036361e+02 8.501636333668568e-18 4.364807205150758e-02
1 95 3.525211755904545e+02 3.714167875195081e-18 7.610903611359358e-02
3 58 3.554630418727278e+02 4.457935598205931e-18 6.440435510585714e-02
0 32 3.557036355385981e+02 6.765343812929515e-18 5.314882392746310e-02
1 96 3.562167310135198e+02 3.643464571881766e-18 7.611130711645259e-02
1 97 3.599123136139467e+02 3.573936078278797e-18 7.611368990160867e-02
3 59 3.615607683030214e+02 4.421453964583314e-18 6.438737444561687e-02
1 98 3.636079404981967e+02 4.711371637546156e-18 7.611130096268512e-02
0 33 3.665582860004553e+02 5.806876378399920e-18 5.314795565353417e-02
1 99 3.673035107658404e+02 3.753917472109592e-18 7.611106475328283e-02
3 60 3.676590036362023e+02 1.941686123431866e-17 6.440199653140001e-02
4 18 3.700982522453551e+02 8.396043028700260e-18 4.365432409932404e-02
1 100 3.709990399307061e+02 2.915577829350001e-18 7.611167600581525e-02
3 61 3.737575553714044e+02 3.862169294440635e-17 6.442407988290162e-02
1 101 3.746946446189751e+02 3.312185973121638e-18 7.610920928254859e-02
0 34 3.774127937859063e+02 5.707592560777068e-18 5.314625981510596e-02
1 102 3.783902684258967e+02 1.455557960171054e-17 7.611228450814068e-02
3 62 3.798555176059804e+02 4.581645934836558e-18 6.441615120191085e-02
1 103 3.820858227533672e+02 6.142628822576934e-18 7.611378512212458e-02
1 104 3.857814130735957e+02 4.421541828437975e-18 7.610947812914504e-02
3 63 3.859548650177985e+02 4.928186889886533e-18 6.441645154671342e-02
0 35 3.882672251540618e+02 5.634812913985979e-18 5.314469719719001e-02
1 105 3.894769763643678e+02 7.482433289262168e-17 7.611030827655389e-02
4 19 3.896743976754908e+02 8.440528071877358e-18 4.366108262980167e-02
3 64 3.920533112199622e+02 3.929329946159103e-18 6.441866269048835e-02
1 106 3.931725292967453e+02 2.904328661830214e-18 7.611320335344771e-02
1 107 3.968681793625266e+02 2.839971601329225e-18 7.611007267076154e-02
2 5 3.975223470318750e+02 9.924673514498181e-17 2.758737132356545e-02
3 65 3.981511914918280e+02 4.508304631505397e-18 6.439680493845784e-02
0 36 3.991217006574621e+02 5.636406640105674e-18 5.314474971892209e-02
1 108 4.005637642089852e+02 3.497274642807489e-18 7.611050052026401e-02
1 109 4.042593031697920e+02 4.421461575076004e-18 7.611350344919407e-02
3 66 4.042495156191886e+02 4.578911070468399e-18 6.438774829953325e-02
1 110 4.079548685348137e+02 4.968543568719526e-18 7.610997244524086e-02
4 20 4.092505394156279e+02 8.429088929903214e-18 4.365790561498972e-02
0 37 4.099761684482323e+02 5.833379699965256e-18 5.314458518658509e-02
3 67 4.103476868561237e+02 1.172959174689275e-16 6.439531095435587e-02
1 111 4.116504563088578e+02 3.615522389808506e-18 7.611060551988737e-02
1 112 4.153460862134507e+02 3.613740451336056e-18 7.611348958168483e-02
3 68 4.164452249779337e+02 5.663817550603046e-18 6.440677817837712e-02
1 113 4.190416603350624e+02 2.942800620884590e-18 7.610938296576494e-02
0 38 4.208306508904325e+02 5.621521527430660e-18 5.314505009420251e-02
3 69 4.225435984823908e+02 6.512580626387761e-18 6.440617867192699e-02
1 114 4.227372267627233e+02 3.577849923376375e-18 7.610963970802193e-02
1 115 4.264327912363212e+02 3.261203377899153e-18 7.611443034288053e-02
3 70 4.286427452818346e+02 4.193400969747032e-18 6.441873499087365e-02
4 21 4.288269341863249e+02 8.572535777463649e-18 4.365702368926006e-02
1 116 4.301283593290455e+02 4.421491743242767e-18 7.611136179760083e-02
0 39 4.316851047869411e+02 6.605955894598569e-18 5.314492744586274e-02
1 117 4.338239914255151e+02 3.688706066176053e-18 7.610900241354369e-02
3 71 4.347407555736912e+02 5.422960661279677e-16 6.442981513109401e-02
1 118 4.375195763571348e+02 3.504518592865516e-18 7.611231650215747e-02
3 72 4.408397031424734e+02 5.578727551081259e-18 6.441106988922635e-02
1 119 4.412151190963187e+02 3.079789909641041e-18 7.610983523876230e-02
0 40 4.425396591158159e+02 7.660476564664220e-18 5.314731667321108e-02
1 120 4.449107010814007e+02 2.771898419696804e-18 7.611088898830684e-02
3 73 4.469380905157167e+02 4.527388741679228e-18 6.439654827899291e-02
4 22 4.484022103882783e+02 8.442975369424954e-18 4.365022687855272e-02
1 121 4.486063033887789e+02 5.888929588171757e-17 7.611466719375315e-02
1 122 4.523018854621743e+02 3.719484963272276e-18 7.611017291630043e-02
3 74 4.530359188374194e+02 4.151812277002366e-18 6.440390870506726e-02
0 41 4.533942067967187e+02 6.158428643049111e-18 5.314776261578150e-02
1 123 4.559974527711932e+02 2.741008771127790e-18 7.610836673582783e-02
3 75 4.591339547586014e+02 5.850683001899570e-18 6.439894009695131e-02
1 124 4.596930487272893e+02 7.265316817693099e-18 7.611199406633549e-02
1 125 4.633886159613247e+02 2.857797547808241e-18 7.611295819360468e-02
0 42 4.642488491266934e+02 5.621436366860367e-18 5.314775434160309e-02
3 76 4.652320016539033e+02 4.645645803992598e-18 6.438957257410798e-02
1 126 4.670841963498197e+02 2.814806312351111e-18 7.611146170428255e-02
4 23 4.679768491566107e+02 8.509271178347185e-18 4.365338147728190e-02
1 127 4.707798290373242e+02 3.161770325184573e-18 7.611158555801158e-02
3 77 4.713303311015067e+02 1.163853455572555e-17 6.442200753158311e-02
1 128 4.744753593808541e+02 3.846887138845159e-18 7.611052289423098e-02
0 43 4.751033667123856e+02 5.797701159320348e-18 5.314718755353562e-02
2 6 4.751254901337201e+02 4.164958111221318e-16 2.758770970577877e-02
3 78 4.774287380547645e+02 9.835869366363600e-17 6.442562429210671e-02
1 129 4.781709158123911e+02 3.584105116463141e-18 7.610928765954109e-02
1 130 4.818665716394999e+02 4.700634395871870e-18 7.611339099417830e-02
3 79 4.835276486259834e+02 4.608139490908322e-18 6.441269063453310e-02
1 131 4.855621228384882e+02 3.466420424646553e-18 7.611357851629406e-02
0 44 4.859578161496716e+02 5.880172995449905e-18 5.314602397558792e-02
4 24 4.875529957217713e+02 8.960220633047289e-18 4.365891959955399e-02
1 132 4.892576861698452e+02 2.796004171376464e-18 7.610989785125093e-02
3 80 4.896261339921239e+02 4.094831932155121e-18 6.442091508304605e-02
1 133 4.929532947396838e+02 3.065952185629648e-18 7.611054313622355e-02
3 81 4.957246469539643e+02 3.839218299426175e-18 6.440508757038754e-02
0 45 4.968122877325681e+02 5.701074756566256e-18 5.314651816075497e-02
1 134 4.966488391335476e+02 4.421491114312642e-18 7.611191299779586e-02
1 135 5.003444434082213e+02 5.747194774888667e-18 7.611208747502901e-02
3 82 5.018224101047875e+02 4.493001125760843e-18 6.438922930772052e-02
1 136 5.040400732345745e+02 4.421481371482862e-18 7.611201043822702e-02
4 25 5.071291496919393e+02 8.369356561285397e-18 4.365895914885017e-02
0 46 5.076667618421894e+02 5.758048951176786e-18 5.314661218268572e-02
1 137 5.077356115980247e+02 6.594754648986021e-17 7.611248910896651e-02
3 83 5.079206436671749e+02 4.050918648770680e-18 6.439561186484458e-02
1 138 5.114311439914862e+02 2.930959257921746e-18 7.611099402949494e-02
3 84 5.140187505450828e+02 1.788292441489296e-16 6.440489374478194e-02
1 139 5.151267695046312e+02 2.844345913232303e-18 7.611066864257995e-02
0 47 5.185212567538307e+02 5.824454932178603e-18 5.314704930503881e-02
1 140 5.188223901620918e+02 3.500212971769458e-18 7.611301873475654e-02
3 85 5.201165035482780e+02 1.031510609339229e-17 6.440484832897114e-02
1 141 5.225179382872418e+02 2.740883814263597e-18 7.611206820665573e-02
1 142 5.262135417929647e+02 3.530015910511340e-18 7.611044795346940e-02
3 86 5.262155535697705e+02 2.000243849652829e-16 6.441859999998661e-02
4 26 5.267055972204995e+02 8.508713935605641e-18 4.365895195499370e-02
0 48 5.293757231754296e+02 6.118421458651211e-18 5.314631678460158e-02
1 143 5.299090851954566e+02 6.376172484846175e-18 7.611231706821896e-02
3 87 5.323141551562240e+02 5.806639377637666e-18 6.442231610795168e-02
1 144 5.336046317234560e+02 3.117216349074766e-18 7.611291646227224e-02
1 145 5.373003088262114e+02 3.868804700020954e-18 7.610998746653223e-02
3 88 5.384126563957452e+02 3.908097251448796e-18 6.441268261116996e-02
0 49 5.402302545141538e+02 5.621417538165104e-18 5.314803114514189e-02
1 146 5.409958804687378e+02 3.476145101446911e-18 7.611116607940385e-02
3 89 5.445110345122330e+02 6.142002455917703e-18 6.440403485343708e-02
1 147 5.446914103844628e+02 4.560243441441480e-18 7.611259514428287e-02
4 27 5.462809036933699e+02 8.443875709593917e-18 4.364856235190052e-02
1 148 5.483870064866967e+02 4.421508965627720e-18 7.611061016475813e-02
3 90 5.506093620842444e+02 4.300912321195675e-18 6.439174716815339e-02
0 50 5.510847986079623e+02 6.224572826726641e-18 5.314804976620301e-02
1 149 5.520825846968102e+02 4.421475671157590e-18 7.611229209928326e-02
2 7 5.527286249799606e+02 2.089522277514828e-17 2.758717986859157e-02
1 150 5.557781805982906e+02 5.086596608770153e-18 7.611244851198344e-02
3 91 5.567070036164118e+02 3.932912421687732e-18 6.439798083911014e-02
1 151 5.594737766937419e+02 3.068180004721862e-18 7.610845438902979e-02
0 51 5.619394466263352e+02 5.785817917774884e-18 5.314722653112264e-02
3 92 5.628051618115865e+02 5.799130880429151e-18 6.439987931992981e-02
1 152 5.631693416488210e+02 2.862355825837159e-18 7.610995652676662e-02
4 28 5.658555824798160e+02 8.330704133673150e-18 4.365210464654650e-02
1 153 5.668648959580289e+02 4.000948269089877e-18 7.611456198134596e-02
3 93 5.689035847390508e+02 1.959738541882153e-16 6.440698882450291e-02
1 154 5.705604950944182e+02 3.722486252882602e-18 7.611101107133043e-02
0 52 5.727939642900402e+02 5.936212402811807e-18 5.314589613636861e-02
1 155 5.742561131544032e+02 4.421534244072997e-18 7.610950700187878e-02
3 94 5.750016776407759e+02 7.351713048018471e-18 6.442408002359265e-02
1 156 5.779516647911580e+02 1.012690085483591e-17 7.611210662639407e-02
3 95 5.811008766497978e+02 7.379253881255796e-17 6.442749016123900e-02
1 157 5.816472328014009e+02 2.858272411986753e-18 7.610878355780261e-02
0 53 5.836484171945046e+02 5.621602387155246e-18 5.314415812616903e-02
1 158 5.853428334210378e+02 3.004213381130104e-18 7.611148800099615e-02
4 29 5.854315417853451e+02 8.431446396879969e-18 4.366159187003046e-02
3 96 5.871992136256442e+02 5.713049952063719e-18 6.441178842520363e-02
1 159 5.890384109510569e+02 3.056954008908215e-18 7.611509577923878e-02
1 160 5.927340022817127e+02 4.366624444473838e-18 7.610903683236776e-02
3 97 5.932977125175331e+02 4.492021457830470e-18 6.440668345108508e-02
0 54 5.945028863734584e+02 5.683527946440313e-18 5.314460290754401e-02
1 161 5.964295759378680e+02 4.421560040169546e-18 7.610837263345367e-02
3 98 5.993959088285035e+02 3.859338448053477e-18 6.440267096094039e-02
1 162 6.001251452178805e+02 4.804906989427149e-18 7.611254572974782e-02
1 163 6.038207389100681e+02 3.163385370630438e-18 7.611162039262213e-02
4 30 6.050078117770433e+02 8.508864627658925e-18 4.365695995208482e-02
0 55 6.053573590184209e+02 5.621616906273371e-18 5.314458387679729e-02
3 99 6.054937034245626e+02 4.477544247107818e-18 6.439003859362855e-02
1 164 6.075163281574881e+02 2.740911711927244e-18 7.611092328907558e-02
1 165 6.112119138484317e+02 2.857944144019636e-18 7.611279279608675e-02
3 100 6.115918459062182e+02 5.775254809598302e-18 6.440252440832794e-02
1 166 6.149074559607784e+02 3.215711708242160e-18 7.610957182959596e-02
0 56 6.162118339120774e+02 6.076195754955909e-18 5.314532505044543e-02
3 101 6.176901018776075e+02 8.495066598140642e-17 6.440985529823559e-02
1 167 6.186030337167848e+02 4.421543018454478e-18 7.610898901394916e-02
1 168 6.222986827858849e+02 4.652165303216443e-18 7.611426222726937e-02
3 102 6.237884970860712e+02 1.705937797865443e-17 6.441713588855597e-02
4 31 6.245841768184579e+02 8.581401205142409e-18 4.365813336738646e-02
1 169 6.259942378859176e+02 7.547682180748593e-17 7.611199512824564e-02
0 57 6.270662929499823e+02 5.821989444767908e-18 5.314537983734362e-02
1 170 6.296897996352144e+02 2.740973945593953e-18 7.610959134374662e-02
3 103 6.298871135544561e+02 4.030009584105660e-18 6.442127093601593e-02
2 8 6.303318266522227e+02 3.422752180174049e-17 2.758622391272316e-02
1 171 6.333853871661706e+02 2.880512079542563e-18 7.611239720840167e-02
3 104 6.359862889957268e+02 4.109028857754360e-18 6.441485131777695e-02
1 172 6.370809323499344e+02 3.503428865896276e-18 7.611139274115114e-02
0 58 6.379208073505433e+02 5.621422653849630e-18 5.314779307719800e-02
1 173 6.407765650164149e+02 4.832388224562417e-18 7.611040602301877e-02
3 105 6.420840942818247e+02 4.033687486940759e-18 6.440718797047376e-02
1 174 6.444721844729511e+02 2.740864785517882e-18 7.611267347067768e-02
4 32 6.441596707624672e+02 8.341133523344198e-18 4.365070292652179e-02
1 175 6.481677115330070e+02 3.899542638742798e-18 7.611206092505557e-02
3 106 6.481824072613446e+02 4.528658770482746e-18 6.439194908977371e-02
0 59 6.487753485307283e+02 6.198034919696274e-18 5.314860245170062e-02
1 176 6.518632583081558e+02 3.000051067810058e-18 7.611040017016499e-02
3 107 6.542806615579591e+02 4.322446020614586e-18 6.439145754615039e-02
1 177 6.555588790748984e+02 3.189595815227663e-18 7.611260277985091e-02
1 178 6.592544837378372e+02 3.614874153531906e-18 7.611219015119497e-02
0 60 6.596300022768970e+02 1.369663563129792e-17 5.314864189843618e-02
3 108 6.603782384885400e+02 1.040131370024604e-15 6.439992409386679e-02
1 179 6.629500438342756e+02 4.421523184493522e-18 7.611012406016564e-02
4 33 6.637342372787735e+02 8.340475279779004e-18 4.365228036256171e-02
3 109 6.664765869470556e+02 4.116356671011241e-18 6.441055433931009e-02
1 180 6.666456530612969e+02 3.629929080411150e-18 7.611139302068713e-02
1 181 6.703411900090979e+02 3.682498869481557e-18 7.611329794975150e-02
0 61 6.704845420476273e+02 6.819151538668129e-18 5.314797111884541e-02
3 110 6.725751089696665e+02 4.509077709602008e-18 6.441147984786849e-02
1 182 6.740367491168785e+02 3.498348406850008e-18 7.611203836325559e-02
1 183 6.777324259308346e+02 2.873898442255012e-18 7.611050438425503e-02
3 111 6.786738031130800e+02 4.390709483518116e-18 6.442837585618930e-02
0 62 6.813390228018853e+02 6.678775236832987e-18 5.314609792879641e-02
1 184 6.814279734665297e+02 3.023898222265498e-18 7.611147101534585e-02
4 34 6.833101945984878e+02 5.561743557860442e-16 4.365889050355137e-02
3 112 6.847722827632548e+02 1.752539057898637e-16 6.442398167357578e-02
1 185 6.851235054477297e+02 1.001403929610697e-17 7.611083968254082e-02
1 186 6.888191307401831e+02 3.725441270464381e-18 7.611197385389458e-02
3 113 6.908710376955297e+02 4.351154310509581e-18 6.439468739924278e-02
0 63 6.921934883130754e+02 5.779388169594352e-18 5.314655080941082e-02
1 187 6.925146965739261e+02 2.740826941107956e-18 7.611385576550736e-02
1 188 6.962102832726123e+02 7.460621819100470e-18 7.611108778812474e-02
3 114 6.969689596758452e+02 4.251749773703183e-18 6.440365012637113e-02
1 189 6.999058972817776e+02 3.182447838783549e-18 7.610896732206957e-02
0 64 7.030479627441179e+02 5.684026727495613e-18 5.314632938766045e-02
3 115 7.030669760597963e+02 3.932883581022903e-18 6.440332177828385e-02
4 35 7.028864283109122e+02 8.693514623126948e-18 4.365742151317664e-02
1 190 7.036014483283514e+02 2.872186214205563e-18 7.611118327441942e-02
1 191 7.072970059682721e+02 2.849233632617186e-18 7.611392464210635e-02
2 9 7.079351020733145e+02 2.086484083665153e-17 2.758534070608932e-02
3 116 7.091649527526741e+02 5.907111713506125e-18 6.438884322404276e-02
1 192 7.109926284431250e+02 3.069250080947762e-18 7.611159448324574e-02
0 65 7.139024428337375e+02 5.775137512742031e-18 5.314631811856099e-02
1 193 7.146882187478433e+02 2.740937209728432e-18 7.611077808928338e-02
3 117 7.152631014152369e+02 4.414703736524991e-18 6.440833699107444e-02
1 194 7.183837530493373e+02 3.644517698900190e-18 7.611125062178767e-02
3 118 7.213617694704482e+02 3.964965012516942e-17 6.442859661707258e-02
1 195 7.220793550991293e+02 3.897552822580527e-18 7.610874939434494e-02
4 36 7.224627519073268e+02 8.636424089508681e-18 4.366005325078923e-02
0 66 7.247569116868518e+02 6.092876025516387e-18 5.314527374982084e-02
1 196 7.257749630860020e+02 2.740864540847173e-18 7.611247591530849e-02
3 119 7.274599662927754e+02 3.035244789324121e-17 6.441487692035482e-02
1 197 7.294705166188677e+02 3.348107957381319e-18 7.611447144418704e-02
1 198 7.331661168869617e+02 5.287593540778896e-18 7.610908516447169e-02
3 120 7.335591821537913e+02 4.628654737807736e-18 6.441769745990839e-02
0 67 7.356114072564865e+02 6.054993452538046e-18 5.314679886013879e-02
1 199 7.368616803378354e+02 3.482660015056139e-18 7.610962115389933e-02
3 121 7.396575443389825e+02 4.102919232709116e-18 6.441732653820932e-02
1 200 7.405572315787356e+02 3.717495735556448e-18 7.611266976209403e-02
4 37 7.420383760780543e+02 8.441171257131640e-18 4.364991715465072e-02
1 201 7.442528753361115e+02 1.323412411051617e-16 7.611075476050777e-02
3 122 7.457553605706059e+02 3.950920908237200e-18 6.439169904997293e-02
0 68 7.464659443658805e+02 6.605791725674478e-18 5.314722353433388e-02
1 202 7.479484642514999e+02 3.195531353198751e-18 7.611120699473614e-02
1 203 7.516440154167857e+02 2.884672011350570e-18 7.611336107534780e-02
3 123 7.518535955103662e+02 5.399705673880284e-18 6.439111588482797e-02
1 204 7.553395759390692e+02 3.131668086866376e-18 7.610911470347595e-02
0 69 7.573205982400499e+02 5.482747405490400e-17 5.314685274131799e-02
3 124 7.579517741510965e+02 4.574316156953770e-18 6.440022834847824e-02
1 205 7.590351577761760e+02 2.740955091411068e-18 7.610974299031092e-02
4 38 7.616130537555642e+02 7.945816903993777e-16 4.365055323113727e-02
1 206 7.627307857196428e+02 3.640928545790054e-18 7.611401487041504e-02
3 125 7.640494390837737e+02 7.487307395094378e-16 6.440853186260949e-02
1 207 7.664263607379712e+02 2.740946873757934e-18 7.611008347370471e-02
0 70 7.681751317347387e+02 5.939251990574062e-17 5.314611557201002e-02
1 208 7.701219302964546e+02 2.995952941566982e-18 7.610975324508391e-02
3 126 7.701479107501095e+02 5.578512554927457e-18 6.440880176552151e-02
1 209 7.738174924912423e+02 2.806849896211172e-18 7.611359656563686e-02
3 127 7.762471475929826e+02 4.488771253366481e-18 6.442320927864474e-02
1 210 7.775130570645388e+02 3.123904060365458e-18 7.611054891366023e-02
0 71 7.790296150362931e+02 6.138016812918007e-18 5.314437376236607e-02
1 211 7.812086975094232e+02 3.888405367023889e-18 7.610957536500078e-02
4 39 7.811887304424994e+02 8.690948587867744e-18 4.366089927909213e-02
3 128 7.823450369783098e+02 4.993853537195388e-18 6.442484105031943e-02
1 212 7.849042870578401e+02 3.625630597126537e-18 7.611284422826937e-02
2 10 7.855383862667510e+02 2.193970905901152e-17 2.758536072758736e-02
1 213 7.885998238207562e+02 5.341464450506927e-18 7.611051734362928e-02
3 129 7.884439163457309e+02 1.383208163515160e-16 6.440144381711359e-02
0 72 7.898840725678181e+02 5.869384353871706e-18 5.314521744069803e-02
1 214 7.922953922808741e+02 4.850582025344899e-18 7.611038372508720e-02
3 130 7.945423065995166e+02 4.062519435449491e-18 6.439488408012674e-02
1 215 7.959909975991560e+02 2.772954894858549e-18 7.611407741606444e-02
1 216 7.996866004357984e+02 3.194038977684728e-18 7.611047813292666e-02
0 73 8.007385477653953e+02 6.614509233239293e-18 5.314538612367121e-02
3 131 8.006398564128018e+02 4.077726641875769e-18 6.440287107106248e-02
4 40 8.007650293750231e+02 8.585906745008784e-18 4.365622705296792e-02
1 217 8.033821732544598e+02 4.670195944257887e-17 7.610869349873063e-02
3 132 8.067379197047270e+02 3.834091240164644e-18 6.439810191758208e-02
1 218 8.070777627168567e+02 6.209855984154395e-18 7.611231474563675e-02
1 219 8.107733040608997e+02 5.734506619473601e-18 7.611298648525444e-02
0 74 8.115930217701217e+02 5.786923418431821e-18 5.314617832945628e-02
3 133 8.128362299047171e+02 4.445999964305857e-18 6.439370778574377e-02
1 220 8.144688825134019e+02 5.316902027504746e-18 7.611143739745006e-02
1 221 8.181645373360740e+02 3.059709377977380e-18 7.611160071361876e-02
3 134 8.189345434861306e+02 4.556594543093254e-18 6.442747385178611e-02
4 41 8.203413485028158e+02 8.339279563147918e-18 4.365916936587232e-02
1 222 8.218600776133553e+02 2.802949193828849e-18 7.611060082693866e-02
0 75 8.224475011925078e+02 5.806010947883738e-18 5.314616284699909e-02
3 135 8.250329219461580e+02 1.729511770541437e-17 6.442767904430517e-02
1 223 8.255556311507246e+02 2.740973805705979e-18 7.610941416959721e-02
1 224 8.292512649210923e+02 3.655314915868286e-18 7.611356589623818e-02
3 136 8.311320584234222e+02 4.521239499977831e-18 6.440810837699107e-02
1 225 8.329468167817230e+02 5.128527125625737e-18 7.611394533483504e-02
0 76 8.333019911930335e+02 5.770970711567646e-18 5.314801001522947e-02
1 226 8.366423929370479e+02 3.073952471879128e-18 7.610968193158442e-02
3 137 8.372303386045548e+02 4.612802034387768e-18 6.441985323876251e-02
4 42 8.399171859675224e+02 4.099843099461005e-17 4.365187168024315e-02
1 227 8.403380071584562e+02 3.155621283824726e-18 7.611005330337739e-02
3 138 8.433286184992589e+02 3.827850040656485e-18 6.440403876742624e-02
0 77 8.441565242699905e+02 5.870344974595981e-18 5.314871188713778e-02
1 228 8.440335486993105e+02 2.783087427605156e-18 7.611151242426095e-02
1 229 8.477291370518855e+02 2.857248452457157e-18 7.611253127721743e-02
3 139 8.494264997738703e+02 3.845299862025568e-18 6.438418837644989e-02
1 230 8.514247705957546e+02 8.409964163652210e-18 7.611255223597393e-02
0 78 8.550111764033460e+02 6.792864243760660e-18 5.314874018905304e-02
1 231 8.551203252132785e+02 5.770385762477625e-18 7.611193107540865e-02
3 140 8.555246149429286e+02 4.496614450715456e-18 6.440001015024140e-02
1 232 8.588158577058178e+02 3.714558045584277e-18 7.611040364109124e-02
4 43 8.594917091850519e+02 8.330989604393656e-18 4.365095678888097e-02
3 141 8.616227890271875e+02 4.365642061581680e-18 6.441310660089201e-02
1 233 8.625114772908131e+02 1.764369690398500e-16 7.610998418691507e-02
2 11 8.631416292449277e+02 2.087493911240767e-17 2.758660287188941e-02
0 79 8.658657218117685e+02 2.581586484719643e-17 5.314829357111218e-02
1 234 8.662070861149523e+02 2.918512903631547e-18 7.611347141636719e-02
3 142 8.677206892510571e+02 3.131287174073744e-16 6.440569407595798e-02
1 235 8.699026397337378e+02 2.981825188472182e-18 7.611296406016631e-02
1 236 8.735982525943407e+02 2.740963198778726e-18 7.610994541249913e-02
3 143 8.738198642825467e+02 4.074163112779132e-18 6.442336370185732e-02
0 80 8.767202330452677e+02 1.323629715471001e-16 5.314599530223135e-02
1 237 8.772938001418308e+02 3.693477967333977e-18 7.611134047776477e-02
4 44 8.790673120467347e+02 8.407705541192125e-18 4.365787224465151e-02
3 144 8.799183747138064e+02 5.165053753490404e-18 6.442735762185241e-02
1 238 8.809893411091510e+02 2.740883325160017e-18 7.611202279558701e-02
1 239 8.846850133306971e+02 4.421511173451330e-18 7.611043167514928e-02
3 145 8.860167175157296e+02 6.518424141540653e-18 6.440437169664934e-02
0 81 8.875746909077130e+02 5.959430170630284e-18 5.314619987501514e-02
1 240 8.883805869285513e+02 2.854869378164567e-18 7.611179542369170e-02
1 241 8.920761163669455e+02 2.786817227354147e-18 7.611285237257588e-02
3 146 8.921151639071718e+02 4.117763350260516e-18 6.439732768282296e-02
1 242 8.957717083323320e+02 2.740958103432799e-18 7.610975603810226e-02
3 147 8.982133157441017e+02 6.153941425460695e-18 6.439823485724439e-02
0 82 8.984291746699201e+02 6.294314561271291e-18 5.314565899759339e-02
4 45 8.986436929207962e+02 8.447188505003689e-18 4.365759990197199e-02
1 243 8.994672871525406e+02 4.592457485102303e-18 7.611148510985301e-02
1 244 9.031628979248738e+02 2.740846118153980e-18 7.611312390366914e-02
3 148 9.043107954399527e+02 5.166431769059188e-18 6.439672071409926e-02
1 245 9.068584972900611e+02 3.358728710302767e-18 7.610933637711714e-02
0 83 9.092836485685121e+02 5.760780529583277e-18 5.314527276462655e-02
1 246 9.105540571788487e+02 3.492528281191600e-18 7.611064374531222e-02
3 149 9.104091120258694e+02 3.828168939544133e-18 6.439713746162413e-02
1 247 9.142495966287809e+02 3.212737084712455e-18 7.611414719301861e-02
3 150 9.165078038673579e+02 5.818477824716220e-18 6.441468279901424e-02
1 248 9.179451906352379e+02 3.219966948072290e-18 7.611057715178488e-02
4 46 9.182199701802490e+02 7.881903860195470e-17 4.366089049761814e-02
0 84 9.201381234620465e+02 5.873100565713299e-18 5.314428333632337e-02
1 249 9.216408299410235e+02 6.434147142682066e-17 7.610968577979010e-02
3 151 9.226057395975084e+02 5.114700203325550e-16 6.442556453969969e-02
1 250 9.253363887805491e+02 4.581169605395352e-18 7.611251062971511e-02
1 251 9.290319535505030e+02 3.462857414175722e-18 7.610930032583146e-02
3 152 9.287049453552049e+02 3.906805697041457e-18 6.441986697831348e-02
0 85 9.309925838700783e+02 5.625370160821032e-18 5.314562436820007e-02
1 252 9.327275310436067e+02 1.790100017574580e-17 7.611120125739351e-02
3 153 9.348034762003930e+02 4.384200710056690e-17 6.440812056725291e-02
1 253 9.364231059283236e+02 3.854296094669124e-18 7.611499348951457e-02
4 47 9.377958352488866e+02 8.391649649503727e-18 4.365133733958493e-02
1 254 9.401187146487122e+02 2.773734519729653e-18 7.610899205855029e-02
2 12 9.407448144166283e+02 2.110504580510170e-16 2.758786638704302e-02
3 154 9.409015898508078e+02 5.166140094012195e-18 6.440446271242990e-02
0 86 9.418470992038332e+02 6.622674271837037e-18 5.314670739744996e-02
1 255 9.438142924140056e+02 3.145396197853834e-18 7.610830770684329e-02
3 155 9.469997047383131e+02 5.044269356031030e-18 6.439808457924408e-02
1 256 9.475098636416487e+02 3.658405534260068e-18 7.611262003625129e-02
1 257 9.512054386495020e+02 3.595379214789475e-18 7.611178307899466e-02
0 87 9.527017442187307e+02 5.928819344469555e-18 5.314700765951533e-02
3 156 9.530977334980428e+02 3.829067879401496e-18 6.438823478681975e-02
1 258 9.549010266941686e+02 3.858104514571569e-18 7.611114574293271e-02
4 48 9.573704710349471e+02 8.404934833357442e-18 4.364903464635628e-02
1 259 9.585966364355255e+02 2.850869096056513e-18 7.611239420686505e-02
3 157 9.591957157514344e+02 4.480071529776868e-18 6.441130002291102e-02
1 260 9.622921766160224e+02 2.930253881755811e-18 7.610906440584626e-02
0 88 9.635562834695199e+02 5.979210879228502e-18 5.314713859332520e-02
3 158 9.652940234515097e+02 5.918249234078853e-18 6.441595422746087e-02
1 261 9.659877480726485e+02 2.965853336423280e-18 7.610865267027365e-02
1 262 9.696833808137799e+02 4.421427724722928e-18 7.611458492488107e-02
3 159 9.713927766038460e+02 7.672556645370948e-17 6.441656762119773e-02
1 263 9.733789369858343e+02 2.740865049924996e-18 7.611258474064880e-02
0 89 9.744108121088763e+02 1.102968407386725e-17 5.314550950970197e-02
1 264 9.770745185623118e+02 2.740985700345530e-18 7.610909872096160e-02
4 49 9.769459157433693e+02 8.590540771931786e-18 4.366015540907301e-02
3 160 9.774912368969707e+02 4.830214989762485e-18 6.442844564687025e-02
1 265 9.807701115901931e+02 3.527516409869032e-18 7.611153541307041e-02
3 161 9.835902174434331e+02 5.165647428976767e-18 6.441457853733119e-02
1 266 9.844656511751651e+02 2.914219906649386e-18 7.611081094239025e-02
0 90 9.852652712999692e+02 5.621598649682034e-18 5.314633878786648e-02
1 267 9.881612680551901e+02 2.861447771064536e-18 7.611112185689201e-02
3 162 9.896881317698993e+02 4.437998616055689e-18 6.439868888325194e-02
1 268 9.918568895420904e+02 3.129045131759525e-18 7.611326444416104e-02
1 269 9.955524242446922e+02 3.696474200562653e-18 7.611169036595761e-02
3 163 9.957863673044192e+02 3.893681285316472e-18 6.439760146587124e-02
0 91 9.961197583035319e+02 6.900318499005119e-18 5.314635573238940e-02
4 50 9.965223389513994e+02 3.030362009032784e-17 4.365739491923545e-02
1 270 9.992479731594178e+02 3.649807915773301e-18 7.610945419412933e-02
3 164 1.001884454887955e+03 4.531984661249445e-18 6.439744474474153e-02
1 271 1.002943594100187e+03 4.421492491423486e-18 7.611152288034508e-02
1 272 1.006639196162888e+03 3.101657003200602e-18 7.611304421938328e-02
0 92 1.006974227524393e+03 5.672716558831989e-18 5.314648600801481e-02
3 165 1.007982121003915e+03 4.555943921651154e-18 6.439618517975224e-02
1 273 1.010334758183200e+03 2.809808386152401e-18 7.611103284126315e-02
1 274 1.014030361798203e+03 3.885940621494045e-18 7.611162349628084e-02
3 166 1.014080769205551e+03 3.849922118151219e-18 6.441220629422437e-02
4 51 1.016098524707990e+03 8.448358053411432e-18 4.365939528122685e-02
0 93 1.017828708704908e+03 6.187495897368301e-18 5.314618431586760e-02
1 275 1.017725893006024e+03 4.421478211991918e-18 7.611260244357464e-02
2 13 1.018347957576021e+03 2.548743581033207e-16 2.758789318137834e-02
3 167 1.020179284416708e+03 4.807479308074625e-18 6.441883645906679e-02
1 276 1.021421449540225e+03 5.075111879515908e-17 7.611145516404984e-02
1 277 1.025117139010515e+03 3.354446572651874e-18 7.611118843174809e-02
3 168 1.026277926807669e+03 5.935513579632720e-18 6.442128526913322e-02
0 94 1.028683163691607e+03 5.668442869233831e-18 5.314745659923253e-02
1 278 1.028812694891170e+03 4.123765224144687e-18 7.611229387378374e-02
1 279 1.032508223507658e+03 2.861065413656451e-18 7.611157587526554e-02
3 169 1.032376440084401e+03 5.260106082872831e-18 6.441420729456218e-02
4 52 1.035674552064902e+03 8.399409837846655e-18 4.365321379845916e-02
1 280 1.036203829855976e+03 2.860935138126555e-18 7.611133512463539e-02
3 170 1.038475130943470e+03 6.426607057140263e-17 6.439464923029135e-02
0 95 1.039537675262260e+03 5.852313281162310e-18 5.314852570704418e-02
1 281 1.039899393061733e+03 2.333475280673487e-17 7.611327159432807e-02
1 282 1.043594991821580e+03 3.721222813335064e-18 7.611141778775479e-02
3 171 1.044572840605509e+03 4.582562030222105e-18 6.439927942073632e-02
1 283 1.047290612922539e+03 3.458683657165193e-18 7.610926923417860e-02
0 96 1.050392329518462e+03 5.621405078055159e-18 5.314867699583650e-02
1 284 1.050986163639707e+03 2.473332941574192e-17 7.611146843263469e-02
3 172 1.050670893519164e+03 4.085624830398491e-18 6.439921444817119e-02
1 285 1.054681702766560e+03 3.280127627882590e-18 7.611367053652959e-02
4 53 1.055249201334795e+03 8.480259385961770e-18 4.365047587308062e-02
3 173 1.056769095661060e+03 3.974756679193950e-18 6.439614292909718e-02
1 286 1.058377322562838e+03 2.947308019151767e-18 7.611131606413903e-02
0 97 1.061246883655875e+03 6.569829994377570e-18 5.314823826831957e-02
1 287 1.062072931935110e+03 2.740934917363591e-18 7.611069764666840e-02
3 174 1.062867067514079e+03 5.215739871739394e-18 6.441416638080656e-02
1 288 1.065768471489055e+03 4.421498806192572e-18 7.611146830449945e-02
1 289 1.069464067017617e+03 2.740991731779792e-18 7.610887242706621e-02
3 175 1.068965986217305e+03 4.618882048967070e-18 6.442921795316385e-02
0 98 1.072101433690328e+03 5.988795462023019e-18 5.314548753058907e-02
1 290 1.073159656826757e+03 5.745412634810782e-18 7.611259300420414e-02
4 54 1.074824559949120e+03 1.557488541860475e-16 4.365682932187424e-02
3 176 1.075064376925871e+03 2.577763395917395e-17 6.441611514710856e-02
1 291 1.076855213146477e+03 3.154980287362989e-18 7.611464441983561e-02
1 292 1.080550834376388e+03 2.774715130686882e-18 7.610857489221400e-02
3 177 1.081163229797079e+03 7.780079446549232e-18 6.441640576517382e-02
0 99 1.082955881126232e+03 6.139509633572827e-18 5.314536241977234e-02
1 293 1.084246403405506e+03 2.970031668178816e-18 7.610908883011332e-02
3 178 1.087261569510905e+03 5.165785199070436e-18 6.441283035373006e-02
1 294 1.087941946870999e+03 3.096537004883710e-18 7.611236522085869e-02
1 295 1.091637565569841e+03 4.421496590921117e-18 7.611108326664859e-02
3 179 1.093359468624660e+03 4.894690622446121e-18 6.438914397037424e-02
0 100 1.093810362673864e+03 5.771936877113197e-18 5.314489545652213e-02
4 55 1.094400955896071e+03 8.330065057920108e-18 4.365851240999495e-02
1 296 1.095333155033795e+03 5.621124729985100e-18 7.611165210213569e-02
2 14 1.095951109156471e+03 2.086436884596271e-17 2.758699113382160e-02
1 297 1.099028724726226e+03 3.524462764831333e-18 7.611269734002805e-02
3 180 1.099457554686973e+03 3.834230276476515e-18 6.439668872598313e-02
1 298 1.102724291642453e+03 3.001819351549213e-18 7.610843312715486e-02
0 101 1.104664824745700e+03 7.318539194965809e-18 5.314449421475851e-02
3 181 1.105555692508683e+03 4.516051165272252e-18 6.440421777873565e-02
1 299 1.106419871147459e+03 2.865866154760738e-18 7.610905605903551e-02
1 300 1.110115486878856e+03 5.122191566897086e-18 7.611470324917727e-02
3 182 1.111653687247210e+03 4.338714127016402e-18 6.440901586377683e-02
1 301 1.113811059808381e+03 4.421500697774343e-18 7.611099332142554e-02
4 56 1.113977076675162e+03 8.329853725099557e-18 4.366107327822737e-02
0 102 1.115519298631948e+03 5.893297980427743e-18 5.314414165950340e-02
1 302 1.117506632253089e+03 4.421542725656849e-18 7.610938562389948e-02
3 183 1.117752250717562e+03 4.656129137864574e-16 6.441751433073600e-02
1 303 1.121202197120413e+03 3.092669872317516e-18 7.611272462625744e-02
3 184 1.123851452743594e+03 4.400192539580355e-18 6.442573329630180e-02
1 304 1.124897758314376e+03 3.097621266937857e-18 7.610993096073355e-02
0 103 1.126373739990139e+03 5.636141385451620e-18 5.314548573762525e-02
1 305 1.128593401084728e+03 2.795150021487819e-18 7.611028706061049e-02
3 185 1.129949354726604e+03 6.541542186006468e-18 6.441723948677422e-02
1 306 1.132288994001562e+03 3.604271612840453e-18 7.611384970823634e-02
4 57 1.133553227993342e+03 8.330435063522329e-18 4.365338870785616e-02
1 307 1.135984529263532e+03 3.626468268212085e-18 7.611084604775126e-02
3 186 1.136048106272289e+03 4.125261719807444e-18 6.439612237427590e-02
0 104 1.137228247707413e+03 5.621399765728316e-18 5.314703958619095e-02
1 308 1.139680088109696e+03 5.044640315198355e-17 7.610966305383632e-02
3 187 1.142146435625265e+03 1.704815384770166e-16 6.439575261745602e-02
1 309 1.143375691872657e+03 3.349879444878602e-18 7.611341050963182e-02
1 310 1.147071304341501e+03 3.087313979599000e-18 7.611121557550773e-02
0 105 1.148082897055996e+03 6.129905110617953e-18 5.314786513364037e-02
3 188 1.148243909979154e+03 3.828147561249746e-18 6.439948185303718e-02
1 311 1.150766881703016e+03 2.740968727362324e-18 7.610945939521313e-02
4 58 1.153128024531553e+03 8.069178006519341e-17 4.364826935193634e-02
1 312 1.154462474124967e+03 2.860575018676552e-18 7.611269994888567e-02
3 189 1.154342021899894e+03 4.520434655453063e-18 6.439713976475300e-02
1 313 1.158158002080764e+03 9.895831726042560e-18 7.611216043989130e-02
0 106 1.158937441409856e+03 5.853546062568691e-18 5.314836849229438e-02
3 190 1.160440468433262e+03 3.827774629033145e-18 6.440134811754868e-02
1 314 1.161853575365925e+03 3.032907947609929e-18 7.611079020649479e-02
1 315 1.165549245742457e+03 3.454355757837553e-18 7.611175737262195e-02
3 191 1.166538826174230e+03 4.448951918930293e-18 6.442821413472791e-02
1 316 1.169244786456295e+03 1.573940299158744e-17 7.611110080129944e-02
0 107 1.169792008777725e+03 6.086654960077329e-18 5.314656035518386e-02
1 317 1.172940336571786e+03 3.756318229920015e-18 7.610982489213115e-02
3 192 1.172637285865125e+03 6.405213004068342e-18 6.442527463450214e-02
4 59 1.172703156731970e+03 8.450297719871972e-18 4.365848570648213e-02
2 15 1.173554333239058e+03 5.869332016895447e-17 2.758601357756775e-02
1 318 1.176635953912146e+03 3.106261199817317e-18 7.611309875311308e-02
3 193 1.178736457105344e+03 7.782562912542152e-18 6.440552818750460e-02
0 108 1.180646461134713e+03 5.783190960619128e-18 5.314685937063012e-02
1 319 1.180331507329106e+03 3.142648254023356e-18 7.611369127622088e-02
1 320 1.184027108151591e+03 4.421525941743987e-18 7.610989924667025e-02
3 194 1.184834449117051e+03 1.178072992078349e-17 6.441528953199274e-02
1 321 1.187722725917910e+03 1.756244249778390e-17 7.611008093160203e-02
3 195 1.190932631386295e+03 5.326420791312508e-18 6.440200308987364e-02
0 109 1.191500950944705e+03 5.756872506701307e-18 5.314658770744199e-02
1 322 1.191418260552731e+03 5.424749758692286e-18 7.611175869330293e-02
4 60 1.192279511164762e+03 8.382051397351677e-18 4.365885306992574e-02
1 323 1.195113823814779e+03 3.448332539431939e-18 7.611260878469631e-02
3 196 1.197030666575208e+03 3.828817164328329e-18 6.438407134109668e-02
1 324 1.198809456992190e+03 2.842415031006306e-18 7.611250012629264e-02
0 110 1.202355423349778e+03 5.774494196316880e-18 5.314641992822591e-02
1 325 1.202505039448082e+03 3.089579333443685e-18 7.611155938636094e-02
3 197 1.203128605308841e+03 3.850705971104115e-18 6.440424127697303e-02
1 326 1.206200578267131e+03 3.237105560403316e-18 7.611003351880472e-02
3 198 1.209226865224314e+03 5.165469099521137e-18 6.441989173679170e-02
1 327 1.209896192727389e+03 4.871871441598387e-18 7.610962269496066e-02
4 61 1.211855687297611e+03 8.452613638050257e-18 4.365934906796191e-02
0 111 1.213209917426536e+03 6.606092487086261e-18 5.314626520965642e-02
1 328 1.213591777998887e+03 3.046464220433992e-18 7.611382870572858e-02
3 199 1.215325048916595e+03 5.165807197398294e-18 6.440795913125152e-02
1 329 1.217287329446603e+03 3.137112785878848e-18 7.611348406598423e-02
1 330 1.220982955657855e+03 2.874658221102716e-18 7.610948489669125e-02
3 200 1.221424236692038e+03 1.251375095941942e-17 6.442743183850431e-02
0 112 1.224064360453885e+03 5.884663143886693e-18 5.314677670770885e-02
1 331 1.224678510499267e+03 2.901546319160805e-18 7.611064613967082e-02
3 201 1.227522627764854e+03 3.826343694941095e-18 6.442784757198515e-02
1 332 1.228374051901802e+03 3.126452077216090e-18 7.611163980306732e-02
4 62 1.231431967794274e+03 1.512860832724303e-17 4.365480619992255e-02
1 333 1.232069711748811e+03 3.702380948642548e-18 7.611118569759735e-02
3 202 1.233620927669092e+03 6.591943258183686e-18 6.439555967999677e-02
0 113 1.234918854592127e+03 5.996120415143501e-18 5.314751116315594e-02
1 334 1.235765288387172e+03 4.421472064293511e-18 7.611260843566697e-02
1 335 1.239460821965143e+03 2.740880020897409e-18 7.611253433966833e-02
3 203 1.239719304728424e+03 4.127349311876554e-18 6.439688294094506e-02
1 336 1.243156411334951e+03 3.410460784175904e-18 7.610890902072383e-02
0 114 1.245773497142004e+03 5.633225852043013e-18 5.314768051548336e-02
3 204 1.245817376278484e+03 3.850863826521764e-18 6.440176373472450e-02
1 337 1.246851987595843e+03 2.829909668756440e-18 7.611052012786697e-02
1 338 1.250547596393103e+03 2.851865688859043e-18 7.611387087319116e-02
2 16 1.251157624646658e+03 2.087633403336363e-17 2.758546891053661e-02
4 63 1.251006729517433e+03 8.584336775289582e-18 4.364997456372111e-02
3 205 1.251914877803416e+03 4.067647104030358e-18 6.439566024698830e-02
1 339 1.254243200004637e+03 3.291176453256977e-18 7.611008384424704e-02
0 115 1.256628041128231e+03 5.636555277880079e-18 5.314746548545381e-02
1 340 1.257938763770950e+03 4.663946435267757e-17 7.611063044450404e-02
3 206 1.258013250952622e+03 5.244796168064678e-18 6.439892552187457e-02
1 341 1.261634300919913e+03 4.421459692661255e-18 7.611325035215831e-02
3 207 1.264112135852984e+03 3.895635891715310e-18 6.442276953290958e-02
1 342 1.265329890434864e+03 3.141448392803500e-18 7.610980286808727e-02
0 116 1.267482619480039e+03 5.808597964375988e-18 5.314497397317645e-02
1 343 1.269025532942092e+03 3.128416424195134e-18 7.611017105865013e-02
3 208 1.270210012276156e+03 3.826396563567620e-18 6.442523230267826e-02
4 64 1.270581747634165e+03 8.510708115890697e-18 4.365521629766874e-02
1 344 1.272721098179437e+03 2.924166454880213e-18 7.611321534926339e-02
1 345 1.276416659094536e+03 8.821260529764241e-18 7.610965775355863e-02
3 209 1.276309214688466e+03 4.027987869414472e-18 6.441109859136372e-02
0 117 1.278337061151530e+03 5.807004679561262e-18 5.314505362075782e-02
1 346 1.280112229678203e+03 3.449800113593838e-18 7.611040256579760e-02
3 210 1.282407738658785e+03 8.562566379009796e-18 6.440852742136766e-02
1 347 1.283807806031739e+03 2.740807414714079e-18 7.611425261285133e-02
1 348 1.287503428508179e+03 2.030568531726465e-17 7.610948103024312e-02
3 211 1.288505477927312e+03 6.624888683502575e-17 6.440232038121703e-02
0 118 1.289191555229765e+03 6.166332676012289e-18 5.314492659491604e-02
4 65 1.290158168743759e+03 8.455957045216499e-18 4.365963309371393e-02
1 349 1.291199009201277e+03 3.043959164866412e-18 7.610877802077384e-02
3 212 1.294603636409972e+03 4.382670372328328e-18 6.439336925434161e-02
1 350 1.294894572031769e+03 2.773354111261063e-18 7.611305951142160e-02
1 351 1.298590128685532e+03 4.101719101454564e-18 7.611150921899980e-02
0 119 1.300046028174186e+03 6.121064807510352e-18 5.314469951767679e-02
3 213 1.300701827841050e+03 4.485368721089317e-18 6.439108391753237e-02
1 352 1.302285718857853e+03 6.449850851168774e-18 7.611091354810293e-02
1 353 1.305981357535118e+03 3.480256604946681e-17 7.611242308127546e-02
3 214 1.306799667313289e+03 3.829548246388698e-18 6.441708468514735e-02
1 354 1.309676904850524e+03 3.629627881010382e-18 7.610945640279705e-02
4 66 1.309734295392505e+03 2.897407665734741e-17 4.366060961387926e-02
0 120 1.310900509445793e+03 7.550785801944838e-18 5.314488336018240e-02
3 215 1.312898028588017e+03 4.483792660487022e-18 6.441826309068673e-02
1 355 1.313372467838589e+03 3.660190907160666e-18 7.610882700309191e-02
1 356 1.317068075811221e+03 2.830327224219038e-18 7.611456473275434e-02
3 216 1.318997141178382e+03 5.165490667721330e-18 6.441513749029551e-02
1 357 1.320763630448787e+03 3.408349478703063e-18 7.611268400336035e-02
0 121 1.321754936215608e+03 6.632963646527622e-18 5.314585555975453e-02
1 358 1.324459231910900e+03 3.594448562346531e-18 7.610871723892161e-02
3 217 1.325095413963035e+03 1.529048273769052e-17 6.442887371441386e-02
1 359 1.328154833424279e+03 2.740920267813167e-18 7.611119562761445e-02
2 17 1.328760907726690e+03 2.099614135332842e-17 2.758577389226996e-02
4 67 1.329310569376063e+03 8.330257232327453e-18 4.365522754838379e-02
3 218 1.331194126979941e+03 4.370172299463906e-18 6.441004123581656e-02
1 360 1.331850369320259e+03 3.047875574799688e-18 7.611076362739240e-02
0 122 1.332609422448611e+03 5.875971951834044e-18 5.314748713030503e-02
1 361 1.335545964489382e+03 4.421486457843991e-18 7.611158991849082e-02
3 219 1.337292211553695e+03 7.807541727583684e-17 6.439044719368005e-02
1 362 1.339241586636767e+03 2.772291501446530e-18 7.611387406087676e-02
1 363 1.342937136793892e+03 2.864253837078601e-18 7.611128105389481e-02
0 123 1.343464060489804e+03 5.738378361842415e-18 5.314856054861182e-02
3 220 1.343390292502850e+03 5.096859865012835e-18 6.440213287754780e-02
1 364 1.346632686314136e+03 3.521477023709345e-18 7.610907639270362e-02
4 68 1.348885485366337e+03 8.515454031812648e-18 4.364783519951877e-02
3 221 1.349488301390778e+03 3.903815999833108e-18 6.440316917474195e-02
1 365 1.350328305060836e+03 5.309347576727905e-18 7.611105535096838e-02
1 366 1.354023897463513e+03 3.662379648387082e-18 7.611368079614818e-02
0 124 1.354318601724313e+03 5.624361282963316e-18 5.314916606792226e-02
3 222 1.355586142969543e+03 4.073672369295588e-18 6.439533651540567e-02
1 367 1.357719461147914e+03 4.421483719370115e-18 7.611186843736586e-02
1 368 1.361415079570789e+03 2.856266279153651e-18 7.611100780890095e-02
3 223 1.361684927483098e+03 6.927559829858879e-18 6.442162873925079e-02
0 125 1.365173209721410e+03 5.947613868322937e-18 5.314722215123925e-02
1 369 1.365110609901712e+03 2.825095247297603e-18 7.611168107922353e-02
3 224 1.367783423421178e+03 3.939845373686531e-18 6.442731038273197e-02
4 69 1.368460441425531e+03 8.495944591929719e-18 4.365690371950331e-02
1 370 1.368806159433884e+03 2.851608195737713e-18 7.611076605193032e-02
1 371 1.372501842031205e+03 2.740891094553413e-18 7.611167342269475e-02
3 225 1.373882076241219e+03 3.902123225038208e-18 6.441415843198396e-02
0 126 1.376027664172219e+03 5.871133094261579e-18 5.314716040301428e-02
1 372 1.376197401033526e+03 1.571773459565268e-17 7.611299593143622e-02
1 373 1.379892936279639e+03 6.687316542516611e-18 7.611160342241172e-02
3 226 1.379980600553673e+03 1.171245678439205e-17 6.441019002623674e-02
1 374 1.383588542764086e+03 3.078747836805383e-18 7.611028497139710e-02
3 227 1.386079030563623e+03 5.264780762029425e-18 6.439886265267264e-02
0 127 1.386882163066647e+03 5.917291449866170e-18 5.314665266784589e-02
1 375 1.387284104063605e+03 2.824081464442480e-18 7.611235754596120e-02
4 70 1.388036750497563e+03 9.084425367407738e-18 4.365993395533579e-02
1 376 1.390979708085801e+03 3.375211718575683e-18 7.611217472450812e-02
3 228 1.392176614828119e+03 1.966475845005515e-16 6.439364600615287e-02
1 377 1.394675327022005e+03 2.343709436738229e-17 7.610990464692657e-02
0 128 1.397736639193290e+03 6.173247329425118e-18 5.314598372991741e-02
3 229 1.398274824378876e+03 5.166639844940737e-18 6.439366475354222e-02
1 378 1.398370875606732e+03 4.421499442027579e-18 7.611190179446807e-02
1 379 1.402066405216280e+03 2.740856899104014e-18 7.611288864871064e-02
3 230 1.404373125457392e+03 5.093666279345499e-18 6.440509207526050e-02
1 380 1.405762024802264e+03 2.154304339943053e-17 7.611055139973101e-02
2 18 1.406364129618237e+03 2.090278902136737e-17 2.758702205755201e-02
4 71 1.407612867652842e+03 8.667942616528670e-18 4.365849471706957e-02
0 129 1.408591127937808e+03 6.768247051500040e-18 5.314573400946813e-02
1 381 1.409457654451183e+03 3.190063887266224e-18 7.611096986656575e-02
3 231 1.410470960413898e+03 3.897101716560610e-18 6.441568351893924e-02
1 382 1.413153196816829e+03 2.824306448522018e-18 7.611205606111764e-02
3 232 1.416570100896958e+03 5.236173282849305e-18 6.442441780679881e-02
1 383 1.416848783538511e+03 5.047462777097839e-18 7.610939846826287e-02
0 130 1.419445551259393e+03 6.170218004183295e-18 5.314540783439430e-02
1 384 1.420544352377358e+03 3.061531009620245e-18 7.611216766034332e-02
3 233 1.422668675493213e+03 5.796323514406769e-18 6.441677140839074e-02
1 385 1.424239909618032e+03 9.101928728017095e-18 7.611442413001995e-02
4 72 1.427189214707628e+03 8.330224133534802e-18 4.365651091429598e-02
1 386 1.427935553028644e+03 3.626689342630988e-18 7.610880367630211e-02
3 234 1.428767166804836e+03 3.827278816300674e-18 6.441196283937448e-02
0 131 1.430300016990504e+03 5.621462414194372e-18 5.314618034140454e-02
1 387 1.431631129066710e+03 3.887762588052398e-18 7.610923437707723e-02
3 235 1.434865418751908e+03 5.686620587304745e-18 6.440576031654402e-02
1 388 1.435326671269736e+03 2.780626700293009e-18 7.611269920068246e-02
1 389 1.439022262931358e+03 4.309287075348140e-18 7.611110745747804e-02
3 236 1.440963516801943e+03 5.877258189717794e-18 6.438964591302453e-02
0 132 1.441154645770885e+03 5.866947398703201e-18 5.314700986819556e-02
1 390 1.442717851775929e+03 4.158103566042927e-18 7.611164274320678e-02
1 391 1.446413438979912e+03 3.508227611361158e-18 7.611251110109957e-02
4 73 1.446764265533383e+03 8.465095190644646e-18 4.365031329845664e-02
3 237 1.447061399426216e+03 4.106501697414919e-18 6.440219945342698e-02
1 392 1.450109007459744e+03 4.567757999022970e-18 7.610826325864446e-02
0 133 1.452009185952755e+03 5.713942037372618e-18 5.314713947978036e-02
3 238 1.453159550426743e+03 3.827640673315714e-18 6.440700179989350e-02
1 393 1.453804583076195e+03 3.829856415146383e-18 7.610890747851166e-02
1 394 1.457500183287414e+03 2.989841575823406e-18 7.611513511606004e-02
3 239 1.459257955800227e+03 6.220510815849624e-18 6.441138147841698e-02
