0 0 6.588244439527773e+01 2.556370101136765e-17 3.097171039892738e-02
1 0 8.229752693470296e+01 4.651608497681750e-17 2.297308707611927e-02
0 1 1.505702093982968e+02 1.025517592361105e-16 3.097047418928746e-02
0 2 2.352606012321028e+02 2.582872806268253e-17 3.096952084110825e-02
1 1 2.898703887189137e+02 4.647525332304034e-17 2.297259146190073e-02
0 3 3.199489429381574e+02 2.582794771859469e-17 3.097020295348462e-02
0 4 4.046372050452611e+02 2.563983234532607e-17 3.097259974337414e-02
0 5 4.893240884105461e+02 1.241862761045455e-16 3.097255969193637e-02
1 2 4.974433405667431e+02 4.648264847776349e-17 2.297311255419825e-02
0 6 5.740114220718847e+02 6.601719698884707e-16 3.097127205574242e-02
0 7 6.587012983367583e+02 2.568409030979056e-17 3.096936920025826e-02
1 3 7.050161097821333e+02 4.647325339321840e-17 2.297236157344414e-02
0 8 7.433898075687323e+02 2.557474842609917e-17 3.096959714882643e-02
0 9 8.280789401804508e+02 2.562217772906386e-17 3.097200879878996e-02
0 10 9.127659356817181e+02 2.562174612526896e-17 3.097291004965444e-02
1 4 9.125889426289555e+02 4.655136638158962e-17 2.297294563683518e-02
0 11 9.974529199164922e+02 2.274238737401749e-16 3.097203866039324e-02
0 12 1.082142015071844e+03 1.608227178732949e-16 3.096961599202923e-02
1 5 1.120161783054386e+03 4.647154350283939e-17 2.297236700773422e-02
0 13 1.166830520575319e+03 2.699669824123174e-17 3.096936787933356e-02
0 14 1.251520426246135e+03 2.581597638627217e-17 3.097123746712088e-02
1 6 1.327734553251199e+03 4.648361980428222e-17 2.297311845018908e-02
0 15 1.336207777953227e+03 2.574219631914597e-17 3.097253061128972e-02
0 16 1.420894663945203e+03 2.633531010908428e-17 3.097261901212083e-02
