1 0 1.891158988104100e-01 3.940047968553980e-18 6.697582060893066e-02
1 1 4.942608806877620e+00 3.723698973628580e-18 6.696182398087296e-02
0 0 5.837873087547496e+00 5.001326820938716e-18 5.429732644692001e-02
1 2 9.695968551712458e+00 3.103794292413516e-18 6.695761220674197e-02
0 1 1.476334904368483e+01 6.172378669040062e-18 5.429783699536900e-02
1 3 1.444925147874760e+01 5.324765658128161e-18 6.695281935991819e-02
1 4 1.920252374691884e+01 3.973241676112774e-18 6.694913028959081e-02
0 2 2.368880092605782e+01 4.722113732915798e-18 5.429771130751921e-02
1 5 2.395579170843788e+01 3.666555578632711e-18 6.695260331243547e-02
1 6 2.870906298561527e+01 3.481190441223826e-18 6.695645165400764e-02
0 3 3.261428689376596e+01 4.908234916517851e-18 5.429758520199574e-02
1 7 3.346241159233001e+01 3.279310326890685e-18 6.696066769942503e-02
1 8 3.821588028129062e+01 4.066460993804447e-17 6.697439779491131e-02
0 4 4.153965239498668e+01 4.825801558795073e-18 5.429240244436928e-02
1 9 4.296931937304995e+01 5.283316233875357e-18 6.697756794989050e-02
1 10 4.772307051127417e+01 3.384321796720417e-18 6.699032600347919e-02
0 5 5.046478474105432e+01 3.816920707525517e-16 5.428707093498664e-02
1 11 5.247656736400038e+01 7.731114317623948e-16 6.699165384343955e-02
1 12 5.723046848289499e+01 3.129491709703034e-18 6.699336554029636e-02
0 6 5.938978395318271e+01 5.144390535846925e-18 5.428627935491204e-02
1 13 6.198397080933034e+01 3.664947530048296e-17 6.699256200380165e-02
1 14 6.673777508013191e+01 6.561387965476747e-18 6.698190259110720e-02
0 7 6.831486928249417e+01 5.452987547796364e-18 5.429083343888570e-02
1 15 7.149122908967098e+01 3.984954889652649e-18 6.697914156493193e-02
1 16 7.624476358812872e+01 1.960385093577241e-17 6.696454948828459e-02
0 8 7.724018278900360e+01 5.112710557352008e-18 5.429659890537835e-02
1 17 8.099813548069147e+01 3.109016794056046e-18 6.696046103149066e-02
1 18 8.575143626376075e+01 9.101771252182823e-17 6.695366019791905e-02
0 9 8.616565618569622e+01 4.896753035163963e-18 5.429810587892115e-02
1 19 9.050472404932705e+01 4.036999070503123e-18 6.694959721007084e-02
0 10 9.509110577744555e+01 4.829793428643817e-18 5.429715674146754e-02
1 20 9.525798692410984e+01 5.492757821149118e-18 6.695232276916079e-02
1 21 1.000112538750717e+02 1.757153313949769e-16 6.695426622781681e-02
0 11 1.040165801066505e+02 5.150616332755487e-18 5.429797856614191e-02
1 22 1.047645943188432e+02 3.124454674274630e-18 6.695853361367379e-02
1 23 1.095180224521722e+02 6.010411247948268e-16 6.697116983330791e-02
0 12 1.129419728455316e+02 5.279634792801116e-18 5.429337262079132e-02
1 24 1.142714527901513e+02 4.840141553401538e-18 6.697459844506512e-02
1 25 1.190251574512285e+02 3.365913289474949e-18 6.698845388822135e-02
0 13 1.218671453636956e+02 5.897776763061046e-18 5.428762479395992e-02
1 26 1.237786450549823e+02 6.989831496941725e-17 6.699013091461309e-02
1 27 1.285325317901331e+02 3.138075961988585e-18 6.699421128418628e-02
0 14 1.307921608793493e+02 4.785422631653073e-18 5.428586286901586e-02
1 28 1.332860295478079e+02 5.758031393100194e-16 6.699377439335474e-02
1 29 1.380398608927873e+02 3.677633042004239e-18 6.698482815620140e-02
0 15 1.397172264949508e+02 5.081439406832261e-18 5.428965488107687e-02
1 30 1.427933213904308e+02 3.359345254963636e-18 6.698237387029411e-02
1 31 1.475469020054067e+02 5.272156812678398e-18 6.696754222597813e-02
0 16 1.486425042077978e+02 4.949360019637426e-18 5.429562241852387e-02
1 32 1.523002924741961e+02 3.103512751636040e-18 6.696361477804562e-02
1 33 1.570536246254292e+02 3.451989991515891e-18 6.695486832599509e-02
0 17 1.575679598076258e+02 4.722099072295701e-18 5.429821628925862e-02
1 34 1.618069329427620e+02 5.002392368523545e-18 6.695060813337407e-02
0 18 1.664934072360832e+02 5.296921549147748e-18 5.429661636265344e-02
1 35 1.665601974639901e+02 3.354983447003971e-18 6.695228396690013e-02
1 36 1.713134628025169e+02 1.007831106410207e-17 6.695250362026378e-02
0 19 1.754188688590398e+02 4.789227530480833e-18 5.429819369491038e-02
1 37 1.760667921758274e+02 3.517391068247449e-18 6.695680517920087e-02
1 38 1.808201760267908e+02 3.869552232000389e-18 6.696799418966159e-02
0 20 1.843442945912032e+02 5.344469104754380e-18 5.429429160712351e-02
1 39 1.855735893853156e+02 6.591424337308951e-18 6.697165722455083e-02
1 40 1.903272397831142e+02 4.058029313354393e-18 6.698623112596346e-02
0 21 1.932695160342919e+02 5.083889895440494e-18 5.428828345755465e-02
1 41 1.950807126077706e+02 6.460547646619425e-18 6.698824714286974e-02
1 42 1.998345773768306e+02 3.501468170750050e-18 6.699450979427923e-02
0 22 2.021945546573900e+02 5.391399679455670e-18 5.428565465413929e-02
1 43 2.045880719227802e+02 4.238645049065847e-18 6.699444285279614e-02
1 44 2.093419282784062e+02 3.614111943116343e-18 6.698739535505747e-02
0 23 2.111195999846838e+02 4.784756329063506e-18 5.428861625025288e-02
1 45 2.140954008460425e+02 2.457875613631010e-16 6.698526295738295e-02
1 46 2.188490341681455e+02 6.498650896713020e-18 6.697058697387089e-02
0 24 2.200448317644076e+02 4.722294668217542e-18 5.429463626446453e-02
1 47 2.236024461214135e+02 3.131147666099818e-18 6.696685389849608e-02
1 48 2.283558190395711e+02 3.103878233294067e-18 6.695632170969718e-02
0 25 2.289702578309080e+02 5.724775211970611e-18 5.429825387033157e-02
1 49 2.331091451921583e+02 3.412941274040959e-18 6.695198832363439e-02
1 50 2.378624117603138e+02 2.271697986333171e-17 6.695230884643329e-02
0 26 2.378957109864552e+02 3.781589885852399e-16 5.429652163267401e-02
1 51 2.426156735445839e+02 3.872890213254003e-18 6.695105936679567e-02
0 27 2.468211658906295e+02 4.881790629049583e-18 5.429827793120767e-02
1 52 2.473689850725186e+02 3.511920693446445e-18 6.695532315113874e-02
1 53 2.521223255473415e+02 3.130390288876319e-18 6.696479099286234e-02
0 28 2.557466243976106e+02 6.172847519862799e-18 5.429526068135353e-02
1 54 2.568757173231000e+02 3.417705285592353e-18 6.696866124319528e-02
1 55 2.616293140206320e+02 4.654355068787012e-18 6.698353155010521e-02
0 29 2.646718934484459e+02 4.942538478434764e-18 5.428921289697657e-02
1 56 2.663827740498030e+02 3.570211218309162e-18 6.698587434253928e-02
1 57 2.711366153777220e+02 3.573722904452688e-18 6.699411874649690e-02
0 30 2.735969522037454e+02 4.722851493092730e-18 5.428575570268313e-02
1 58 2.758901122488922e+02 3.129431953298850e-18 6.699442226758347e-02
1 59 2.806439926503475e+02 4.654156691657101e-18 6.698949128511168e-02
0 31 2.825219735488516e+02 5.001572910480687e-18 5.428787000720656e-02
1 60 2.853974796468257e+02 6.168354749063045e-18 6.698769376652544e-02
1 61 2.901511672554363e+02 3.594851604727961e-18 6.697359177846221e-02
0 32 2.914471570432144e+02 5.761405788952431e-18 5.429369652034763e-02
1 62 2.949045964988337e+02 3.393523518511393e-18 6.697008225437290e-02
1 63 2.996580117533355e+02 3.224414259260835e-18 6.695800960771951e-02
0 33 3.003725523057798e+02 6.128387528373704e-18 5.429803900288859e-02
1 64 3.044113493110359e+02 3.103979288410930e-18 6.695368754367358e-02
0 34 3.092980189105037e+02 4.783308737220573e-18 5.429689457261194e-02
1 65 3.091646159116202e+02 9.732394246757534e-16 6.695238193465537e-02
1 66 3.139178751439295e+02 3.104151493903054e-18 6.694996731049085e-02
0 35 3.182234728880879e+02 5.281611265718632e-18 5.429815116180819e-02
1 67 3.186711662552640e+02 3.104004007943425e-18 6.695408680908201e-02
1 68 3.234244728588017e+02 3.131773062210944e-18 6.696163805519248e-02
0 36 3.271489521100144e+02 5.170521485378088e-18 5.429623861695902e-02
1 69 3.281778462436512e+02 5.430528684141027e-18 6.696568438741836e-02
1 70 3.329313958374461e+02 4.654452512337682e-18 6.698044768003437e-02
0 37 3.360742588796303e+02 5.131741014060731e-18 5.429034109849890e-02
1 71 3.376848492505734e+02 6.778941922408201e-18 6.698310291739873e-02
1 72 3.424386655810693e+02 4.143696021059604e-18 6.699315968643663e-02
0 38 3.449993357028608e+02 4.868240209435584e-18 5.428607163436646e-02
1 73 3.471921671481376e+02 3.109256478867196e-18 6.699383150308470e-02
1 74 3.519460652037269e+02 3.442149113578379e-18 6.699122739931700e-02
0 39 3.539243379499752e+02 5.195273827907214e-18 5.428724725639424e-02
1 75 3.566995619788141e+02 3.102280734653855e-18 6.698977564884895e-02
1 76 3.614532975132520e+02 3.102875549305298e-18 6.697663163873216e-02
0 40 3.628494809476839e+02 4.791387750083224e-18 5.429270534657425e-02
1 77 3.662067363639650e+02 3.731656042516188e-18 6.697337131374807e-02
1 78 3.709601913480283e+02 3.268664274324618e-18 6.696005855790209e-02
0 41 3.717748498009585e+02 8.371558391946229e-18 5.429765968978053e-02
1 79 3.757135375432314e+02 4.291915782260069e-18 6.695580634687541e-02
0 42 3.807003281629972e+02 9.446534886655046e-18 5.429751643298150e-02
1 80 3.804668069763811e+02 4.655373062812778e-18 6.695266562628886e-02
1 81 3.852200711544687e+02 4.655424806160427e-18 6.694939949237555e-02
0 43 3.896257811020516e+02 1.465917300506232e-17 5.429786417443111e-02
1 82 3.899733471238605e+02 9.922732172902175e-16 6.695321952054151e-02
1 83 3.947266338198777e+02 3.103739583261080e-18 6.695875439370542e-02
0 44 3.985512636946527e+02 4.976713609025307e-18 5.429703657317402e-02
1 84 3.994799958932506e+02 6.792444690280411e-17 6.696294067939619e-02
1 85 4.042335032796411e+02 4.819073881868664e-18 6.697723254725108e-02
0 45 4.074766002907517e+02 5.193056727699914e-18 5.429144613591552e-02
1 86 4.089869527465803e+02 3.381490314368724e-18 6.698018374917845e-02
1 87 4.137407367719168e+02 5.111885900722685e-16 6.699187199330349e-02
0 46 4.164017028497281e+02 4.852763174680621e-18 5.428648471480335e-02
1 88 4.184942381571559e+02 3.150119426082485e-18 6.699290731083761e-02
1 89 4.232481410705648e+02 6.290475712536923e-17 6.699274000400302e-02
0 47 4.253267003747271e+02 5.129937852456966e-18 5.428660245714442e-02
1 90 4.280016393139559e+02 3.999011916678016e-18 6.699164286815057e-02
1 91 4.327554128739577e+02 6.674064192377354e-18 6.697975824696638e-02
0 48 4.342518135153348e+02 4.981436930949048e-18 5.429158433127647e-02
1 92 4.375088572001559e+02 7.027015153841511e-18 6.697676975285630e-02
1 93 4.422623521593655e+02 3.152444984867909e-18 6.696255112689581e-02
0 49 4.431771571085764e+02 5.280695251696305e-18 5.429702416335934e-02
1 94 4.470157111073024e+02 4.634586888532404e-17 6.695840782512828e-02
0 50 4.521026368207506e+02 5.616907766834951e-18 5.429779084940031e-02
1 95 4.517689938560426e+02 6.450309022903275e-18 6.695330197440527e-02
1 96 4.565222727833468e+02 5.221233047195106e-18 6.694946679312340e-02
0 51 4.610280835088506e+02 5.000019665879372e-18 5.429737902967231e-02
1 97 4.612755425719131e+02 8.163483631284632e-17 6.695277453628114e-02
1 98 4.660288195107748e+02 3.111298540919069e-18 6.695629062141814e-02
0 52 4.699535588263864e+02 4.722131872093568e-18 5.429751417272647e-02
1 99 4.707821733875977e+02 8.362378426122655e-16 6.696057490780398e-02
1 100 4.755356371078343e+02 3.383948568755675e-18 6.697405162052396e-02
0 53 4.788789258204577e+02 4.973213247878811e-18 5.429242921339042e-02
1 101 4.802890778010305e+02 3.363097624378038e-18 6.697728017422350e-02
1 102 4.850428180689651e+02 4.349645613661635e-17 6.699033461016664e-02
0 54 4.878040679881425e+02 5.313827883899676e-18 5.428695273522448e-02
1 103 4.897963105293008e+02 3.149046152779795e-18 6.699172661160417e-02
1 104 4.945502051373218e+02 3.459332837677909e-18 6.699395641532670e-02
0 55 4.967290762444709e+02 5.222224138789844e-18 5.428597277610157e-02
1 105 4.993037000142316e+02 3.389861230014052e-18 6.699322070366769e-02
1 106 5.040575051533925e+02 3.355799705958740e-18 6.698282972102360e-02
0 56 5.056541652035591e+02 5.359834704193917e-18 5.429039447974119e-02
1 107 5.088109576122480e+02 3.821443892582829e-18 6.698013297678984e-02
1 108 5.135644984120075e+02 3.202586244938721e-18 6.696539445231467e-02
0 57 5.145794753097251e+02 4.997706863109008e-18 5.429620748872111e-02
1 109 5.183178770898128e+02 3.204454177785967e-18 6.696136899057646e-02
0 58 5.235049407203617e+02 2.723029911887611e-16 5.429794383439775e-02
1 110 5.230711866892608e+02 3.940282985591715e-18 6.695426345484784e-02
1 111 5.278244851025393e+02 5.989285334519484e-18 6.695008593298345e-02
0 59 5.324303821918563e+02 5.551091158074533e-18 5.429684707750370e-02
1 112 5.325777540030412e+02 5.419562231628656e-18 6.695261514544244e-02
1 113 5.373310235360185e+02 3.103955182821679e-18 6.695421055193654e-02
0 60 5.413558497370485e+02 4.879739150225945e-18 5.429781991595170e-02
1 114 5.420843649495403e+02 3.492348935074417e-18 6.695854222273670e-02
1 115 5.468377807781879e+02 3.626742078266716e-18 6.697086753989315e-02
0 61 5.502812532834242e+02 5.177764701134848e-18 5.429336610086637e-02
1 116 5.515912043954991e+02 4.683899337762262e-18 6.697435263438445e-02
1 117 5.563448927164043e+02 6.085517901959579e-18 6.698840584618450e-02
0 62 5.592064441536157e+02 4.722740502707877e-18 5.428754564969494e-02
1 118 5.610983713902675e+02 3.130265005709870e-18 6.699014579846582e-02
1 119 5.658522503434521e+02 3.102040095760510e-18 6.699463273740751e-02
0 63 5.681314698378845e+02 5.090722051261986e-18 5.428559540636506e-02
1 120 5.706057440646340e+02 3.602871342522067e-18 6.699426314113328e-02
1 121 5.753595797960592e+02 3.303918578037214e-17 6.698559728842349e-02
0 64 5.770565324153515e+02 5.343474173088531e-18 5.428931775185621e-02
1 122 5.801130460091698e+02 3.866309519926604e-18 6.698320967894356e-02
1 123 5.848666402259836e+02 3.264830769806907e-18 6.696834085428602e-02
0 65 5.859817969022344e+02 4.961591180587861e-18 5.429531783599906e-02
1 124 5.896200409437732e+02 3.275743370118764e-18 6.696447384961250e-02
1 125 5.943733864053395e+02 4.176608717094315e-18 6.695544285509410e-02
0 66 5.949072386340429e+02 5.896609940094850e-18 5.429806769778048e-02
1 126 5.991267012234302e+02 3.889214547568375e-18 6.695109016585453e-02
0 67 6.038326839156562e+02 4.722177203235358e-18 5.429644111069295e-02
1 127 6.038799681365500e+02 4.195842964048422e-18 6.695254157832800e-02
1 128 6.086332289398985e+02 3.364137882196205e-18 6.695241796199985e-02
0 68 6.127581491812952e+02 4.722109319307101e-18 5.429807720726659e-02
1 129 6.133865508716231e+02 3.257408866602686e-18 6.695673330069669e-02
1 130 6.181399197280234e+02 5.642895406924028e-18 6.696759520589891e-02
0 69 6.216835900981594e+02 5.756464785281878e-18 5.429437196332239e-02
1 131 6.228933223406790e+02 3.869379462734946e-18 6.697131355038073e-02
1 132 6.276469588544927e+02 5.813515348025864e-18 6.698595054189513e-02
0 70 6.306088261711182e+02 4.722687498387699e-18 5.428838162042670e-02
1 133 6.324004264154904e+02 3.605723976439732e-18 6.698802762496557e-02
1 134 6.371542880137213e+02 3.786447764263216e-18 6.699462466575211e-02
0 71 6.395338669699212e+02 5.089073743156402e-18 5.428560015037367e-02
1 135 6.419077861105181e+02 3.539506111366539e-18 6.699462363421171e-02
1 136 6.466616518690286e+02 8.815172294955062e-17 6.698794747646812e-02
0 72 6.484589006338281e+02 4.960625749803165e-18 5.428843855620281e-02
1 137 6.514151334712850e+02 3.102465454403386e-18 6.698588398576094e-02
1 138 6.561687830630067e+02 3.206918140181393e-18 6.697129896463302e-02
0 73 6.573841154678619e+02 4.914223189424428e-18 5.429442619654242e-02
1 139 6.609222010327310e+02 3.239976277290393e-18 6.696762569449929e-02
1 140 6.656755838011682e+02 5.443145417957729e-18 6.695684687885335e-02
0 74 6.663095329468708e+02 4.722103169846427e-18 5.429815496623001e-02
1 141 6.704289089049006e+02 3.104037695623560e-18 6.695243640321576e-02
0 75 6.752349936709682e+02 5.391471662944796e-18 5.429650273150773e-02
1 142 6.751821711237940e+02 3.403530323528441e-18 6.695250798702336e-02
1 143 6.799354257443986e+02 3.732297976498975e-18 6.695095274956010e-02
0 76 6.841604569243069e+02 5.084309486483374e-18 5.429828598730771e-02
1 144 6.846887261384519e+02 3.103941728893056e-18 6.695517115201509e-02
1 145 6.894420575967789e+02 5.421648820025684e-18 6.696431058571829e-02
0 77 6.930859234618010e+02 5.451535822797783e-18 5.429541338310351e-02
1 146 6.941954430196175e+02 3.952151799844708e-18 6.696823587682960e-02
1 147 6.989490332668972e+02 3.396387835955987e-18 6.698305999610138e-02
0 78 7.020111955473460e+02 7.264770789976525e-18 5.428939929435472e-02
1 148 7.037024957947946e+02 3.440320203296103e-18 6.698546135752878e-02
1 149 7.084563375825597e+02 3.299201409331763e-18 6.699405138183817e-02
0 79 7.109362504322258e+02 4.819269562112186e-16 5.428581796407059e-02
1 150 7.132098416574212e+02 1.289266463515540e-17 6.699441904850618e-02
1 151 7.179637309543467e+02 4.035534779900789e-18 6.698998340169440e-02
0 80 7.198612607631986e+02 4.882583077209608e-18 5.428769000650623e-02
1 152 7.227172226067054e+02 5.730399648291104e-18 6.698825674259561e-02
1 153 7.274709216377713e+02 1.877777967337364e-17 6.697434166063988e-02
0 81 7.287864334055288e+02 4.722364213685126e-18 5.429345930329473e-02
1 154 7.322243493610191e+02 3.335364843121814e-18 6.697089308375996e-02
1 155 7.369777676333761e+02 8.339301884025383e-18 6.695861991045385e-02
0 82 7.377118293515281e+02 4.890651752477843e-18 5.429795566816864e-02
1 156 7.417311012391618e+02 3.761537001600204e-18 6.695423310200491e-02
1 157 7.464843617300909e+02 3.384952349350823e-18 6.695265086103507e-02
0 83 7.466373070605742e+02 5.311168860746071e-18 5.429688364805252e-02
1 158 7.512376192019019e+02 5.793104854595614e-16 6.694999402503389e-02
0 84 7.555627630284224e+02 4.786073145002668e-18 5.429808877947258e-02
1 159 7.559909037910840e+02 3.132004488648458e-18 6.695401106055032e-02
1 160 7.607442112242954e+02 1.115128325209678e-16 6.696123673441100e-02
0 85 7.644882387126531e+02 5.753921762220519e-18 5.429632330026633e-02
1 161 7.654975863488872e+02 3.742444393611885e-18 6.696533887770947e-02
1 162 7.702511335443977e+02 4.047761618668237e-18 6.697998932660765e-02
0 86 7.734135424290367e+02 4.722549664292913e-18 5.429047689940390e-02
1 163 7.750045928649140e+02 4.216310544747016e-16 6.698270012311734e-02
1 164 7.797584063997592e+02 3.102148188879266e-18 6.699314337112848e-02
0 87 7.823386186992725e+02 5.547956506300543e-18 5.428607153795069e-02
1 165 7.845119108485347e+02 1.839331462200865e-16 6.699387756742452e-02
1 166 7.892658108665639e+02 4.038523124133908e-18 6.699182779763589e-02
0 88 7.912636197718720e+02 5.835036230315038e-18 5.428696961082987e-02
1 167 7.940193043631181e+02 3.732500174963494e-18 6.699044852340735e-02
1 168 7.987730439367070e+02 4.176153005961099e-18 6.697752046143965e-02
0 89 8.001887618892912e+02 5.171026662560839e-18 5.429233049353684e-02
1 169 8.035264781324089e+02 3.103009436378094e-18 6.697432329455061e-02
1 170 8.082799338288119e+02 9.900263450212975e-17 6.696085785336410e-02
0 90 8.091141343133589e+02 6.198534640374596e-18 5.429741053889162e-02
1 171 8.130332808820840e+02 3.382732149553963e-18 6.695655255163376e-02
1 172 8.177865504183037e+02 5.470466943843325e-18 6.695310019828291e-02
0 91 8.180396171564747e+02 4.866989278517654e-18 5.429737140592407e-02
1 173 8.225398212145714e+02 3.982842107886275e-17 6.694966151575465e-02
0 92 8.269650618800365e+02 5.385558725036844e-18 5.429760653517018e-02
1 174 8.272930988746723e+02 3.299612192143792e-18 6.695336092099552e-02
1 175 8.320463909651761e+02 1.368650619758950e-15 6.695853288014615e-02
0 93 8.358905354252089e+02 5.038636537924618e-18 5.429699903889099e-02
1 176 8.367997580101504e+02 3.387878152169861e-18 6.696277686499320e-02
1 177 8.415532590866840e+02 6.710845510071906e-18 6.697690323628601e-02
0 94 8.448158743928528e+02 1.631111356912396e-17 5.429145636956891e-02
1 178 8.463067095984599e+02 3.128115039709003e-17 6.697990674200012e-02
1 179 8.510604828329399e+02 3.280094286103642e-18 6.699196309374444e-02
0 95 8.537409869481080e+02 1.005161147803506e-17 5.428632303801172e-02
1 180 8.558139789073549e+02 3.449355958075335e-18 6.699306059512491e-02
1 181 8.605678767251625e+02 4.654036586267675e-18 6.699339605286264e-02
0 96 8.626659934073122e+02 1.379599815200157e-17 5.428625333539723e-02
1 182 8.653213680522829e+02 3.960402240465230e-18 6.699237260168911e-02
1 183 8.700751431341317e+02 3.829924464314650e-18 6.698069716154832e-02
0 97 8.715911092355277e+02 4.938685662913520e-18 5.429112732701686e-02
1 184 8.748285871239485e+02 3.297644558941921e-18 6.697777351356259e-02
1 185 8.795820880033957e+02 3.752459341433522e-18 6.696346090391193e-02
0 98 8.805164483774831e+02 5.373913310541071e-18 5.429667017970292e-02
1 186 8.843354553099774e+02 3.931362158862241e-18 6.695928029355587e-02
1 187 8.890887471725457e+02 3.940737935229441e-18 6.695383072365646e-02
0 99 8.894419205630031e+02 4.852567738785388e-18 5.429770400957933e-02
1 188 8.938420358628492e+02 4.655411792653406e-18 6.694988135445873e-02
0 100 8.983673573436286e+02 5.859679325671849e-18 5.429701822151974e-02
1 189 8.985953107761067e+02 3.639519964687336e-18 6.695306518665932e-02
1 190 9.033485889757468e+02 3.309017976151666e-18 6.695617081562244e-02
0 101 9.072928287207484e+02 4.977655076933811e-18 5.429741564640517e-02
1 191 9.081019428560651e+02 3.615219013437526e-18 6.696051495697726e-02
1 192 9.128553927521968e+02 2.247592237867974e-15 6.697375874781254e-02
0 102 9.162182089232197e+02 5.063235717049882e-18 5.429241638111264e-02
1 193 9.176088261871540e+02 4.226892263098009e-18 6.697703639885329e-02
1 194 9.223625506170504e+02 3.130040158403735e-18 6.699035544816741e-02
0 103 9.251433682320171e+02 6.077887928461676e-18 5.428683237744533e-02
1 195 9.271160342207070e+02 3.684531451262835e-18 6.699180892273326e-02
1 196 9.318699228726462e+02 4.165204805294976e-18 6.699443883067091e-02
0 104 9.340683852348452e+02 5.059809612641409e-18 5.428572703514196e-02
1 197 9.366234149493231e+02 1.086077807242015e-17 6.699377748188937e-02
1 198 9.413772257079207e+02 3.874785853971887e-18 6.698362728211163e-02
0 105 9.429934699760485e+02 4.722582160234473e-18 5.429003820081885e-02
1 199 9.461306850528237e+02 3.275675018948228e-18 6.698099743188654e-02
1 200 9.508842395053470e+02 3.290625470849907e-18 6.696622673992188e-02
0 106 9.519187653657056e+02 4.935477801750319e-18 5.429589027406839e-02
1 201 9.556376287833033e+02 4.772025279015628e-18 6.696220518509916e-02
0 107 9.608442184708044e+02 5.313477846254800e-18 5.429787867422096e-02
1 202 9.603909513241579e+02 3.876902979763387e-18 6.695474651832903e-02
1 203 9.651442546436608e+02 4.655392924832222e-18 6.695049534225130e-02
0 108 9.697696581156205e+02 4.887630849937308e-18 5.429655670568700e-02
1 204 9.698975243377530e+02 3.610148029317423e-18 6.695288592549779e-02
1 205 9.746507878725548e+02 3.103961245329721e-18 6.695405915751915e-02
0 109 9.786951310725077e+02 5.859655100297990e-18 5.429775949771713e-02
1 206 9.794041214807032e+02 4.207322248328061e-18 6.695845227978871e-02
1 207 9.841575210148602e+02 4.857534409148587e-17 6.697046402002388e-02
0 110 9.876205512063551e+02 5.008974298770949e-18 5.429346563977570e-02
1 208 9.889109341708399e+02 5.587327794178906e-18 6.697399527738693e-02
1 209 9.936646095040445e+02 3.686002042007081e-18 6.698817703122589e-02
0 111 9.965457552459987e+02 3.439749889949377e-16 5.428760629969342e-02
1 210 9.984180839143987e+02 3.102248745387675e-18 6.698997643234540e-02
1 211 1.003171961615450e+03 5.557210997735764e-18 6.699481103863457e-02
0 112 1.005470781209604e+03 5.661837766946460e-18 5.428550299766201e-02
1 212 1.007925459852209e+03 3.102050746647558e-18 6.699451583171728e-02
1 213 1.012679306185756e+03 5.632678371121981e-18 6.698619663507953e-02
0 113 1.014395831354710e+03 5.860064952348390e-18 5.428911818004218e-02
1 214 1.017432781757552e+03 3.708855259348689e-18 6.698387810729405e-02
1 215 1.022186391991882e+03 3.228080600143398e-18 6.696906429368096e-02
0 114 1.023321079059756e+03 4.842584296479370e-18 5.429511419904758e-02
1 216 1.026939797992979e+03 3.840847214489701e-18 6.696523086781506e-02
1 217 1.031693152401941e+03 6.764383271027744e-18 6.695586961895994e-02
0 115 1.032246513401345e+03 5.213961284092586e-18 5.429803728060516e-02
1 218 1.036446464756440e+03 3.399901145775996e-18 6.695146824502191e-02
0 116 1.041171967690363e+03 4.793569582218863e-18 5.429635677619764e-02
1 219 1.041199725885918e+03 3.869477575973089e-18 6.695274842665913e-02
1 220 1.045952978829539e+03 3.245729268390773e-18 6.695224290436094e-02
0 117 1.050097440847316e+03 5.341624056272891e-18 5.429805505783830e-02
1 221 1.050706290652765e+03 8.080271818479258e-18 6.695661999287167e-02
1 222 1.055459649298217e+03 6.289835291993182e-18 6.696709259047839e-02
0 118 1.059022889815232e+03 5.158093327231866e-18 5.429455255587403e-02
1 223 1.060213046562041e+03 4.654738482482368e-18 6.697085460703801e-02
1 224 1.064966677239410e+03 3.824536900164977e-18 6.698551821438384e-02
0 119 1.067948129011953e+03 6.101367889158527e-18 5.428857691827658e-02
1 225 1.069720148299777e+03 3.387577886723055e-18 6.698765075735603e-02
1 226 1.074474011850979e+03 1.822352329788157e-17 6.699462902126406e-02
0 120 1.076873164195315e+03 5.205071133532380e-18 5.428560960821269e-02
1 227 1.079227517035714e+03 4.654000596196765e-18 6.699470172531162e-02
1 228 1.083981392454426e+03 3.964556596957154e-18 6.698849998568193e-02
0 121 1.085798185900858e+03 4.722687888895523e-18 5.428827186413960e-02
1 229 1.088734878293872e+03 1.063775207422916e-16 6.698650776262818e-02
1 230 1.093488538770951e+03 3.119730419804215e-18 6.697204411394438e-02
0 122 1.094723391360947e+03 4.722322697935392e-18 5.429419938735383e-02
1 231 1.098241954361597e+03 4.799174213853612e-18 6.696842459561719e-02
1 232 1.102995339607080e+03 4.655190195222207e-18 6.695736131629018e-02
0 123 1.103648810656512e+03 5.019067909266945e-18 5.429803525557601e-02
1 233 1.107748660312787e+03 6.463084904095048e-18 6.695291701786854e-02
0 124 1.112574282661106e+03 4.722177286096537e-18 5.429646383392343e-02
1 234 1.112501915887049e+03 2.823054461889285e-16 6.695276188766273e-02
1 235 1.117255168796010e+03 3.144813898854427e-18 6.695090773982665e-02
0 125 1.121499746968208e+03 4.891163270874765e-18 5.429817218816234e-02
1 236 1.122008464869371e+03 1.464616409669485e-16 6.695518357546987e-02
1 237 1.126761795270114e+03 3.999727093484693e-18 6.696387139491249e-02
0 126 1.130425209437769e+03 5.345812248771087e-18 5.429552543429995e-02
1 238 1.131515183257959e+03 3.993413061900559e-18 6.696783851177564e-02
1 239 1.136268770806163e+03 2.737532606166670e-16 6.698263531130158e-02
0 127 1.139350479427374e+03 4.844966124447062e-18 5.428955346091300e-02
1 240 1.141022239411713e+03 3.102594822269464e-18 6.698508588768082e-02
1 241 1.145776079432347e+03 3.055293463028069e-16 6.699411312614660e-02
0 128 1.148275533423171e+03 4.896796454282086e-18 5.428576142443538e-02
1 242 1.150529585301863e+03 4.049272590151645e-18 6.699455329096000e-02
1 243 1.155283477107788e+03 3.744470191367756e-18 6.699064748464470e-02
0 129 1.157200541981334e+03 4.839872303083470e-18 5.428738003905915e-02
1 244 1.160036965222990e+03 1.661510535303361e-17 6.698899417597155e-02
1 245 1.164790668070099e+03 3.135448925287503e-18 6.697522387063508e-02
0 130 1.166125714575048e+03 5.856604287961353e-18 5.429309939118059e-02
1 246 1.169544091041987e+03 1.391746556773827e-17 6.697183537883411e-02
1 247 1.174297510553551e+03 4.655120249634367e-18 6.695933442237342e-02
0 131 1.175051114644495e+03 5.650670456176071e-18 5.429774873818741e-02
1 248 1.179050845397699e+03 6.718692959815876e-18 6.695492344956600e-02
1 249 1.183804106176138e+03 1.737114190791511e-17 6.695304064541262e-02
0 132 1.183976595279029e+03 5.227272968586668e-16 5.429676259148818e-02
1 250 1.188557370234489e+03 3.111464077641536e-18 6.695018098083452e-02
0 133 1.192902042752463e+03 4.810685970555235e-18 5.429792646188313e-02
1 251 1.193310658505652e+03 3.459902002229307e-18 6.695424260219142e-02
1 252 1.198063968464403e+03 3.954687752073907e-18 6.696096714483719e-02
0 134 1.201827510039371e+03 5.412106145736905e-18 5.429628390594435e-02
1 253 1.202817348449865e+03 3.785365804497273e-18 6.696511013342453e-02
1 254 1.207570888238888e+03 1.670804340187307e-17 6.697969029814158e-02
0 135 1.210752817223944e+03 4.944273531902196e-18 5.429047747040293e-02
1 255 1.212324347990775e+03 3.305425661385014e-18 6.698244653823404e-02
1 256 1.217078151713723e+03 3.102110485480933e-18 6.699331098336055e-02
0 136 1.219677904340545e+03 5.106388321047443e-18 5.428591744647520e-02
1 257 1.221831649877326e+03 3.937786825170851e-18 6.699411599963884e-02
1 258 1.226585545648740e+03 5.394238864045545e-18 6.699254450466471e-02
0 137 1.228602913190305e+03 5.003501957480339e-18 5.428657495822032e-02
1 259 1.231339032887134e+03 4.254547141531302e-18 6.699124043691369e-02
1 260 1.236092774545567e+03 3.196964813733765e-18 6.697846457617034e-02
0 138 1.237528056509874e+03 5.042524377220859e-18 5.429189146322249e-02
1 261 1.240846209096095e+03 3.102961863313709e-18 6.697532637304673e-02
1 262 1.245599671983994e+03 3.621689331717372e-18 6.696170356347328e-02
0 139 1.246453424818743e+03 5.003225711370248e-18 5.429710058312119e-02
1 263 1.250353027721651e+03 3.928251119002408e-18 6.695738172393567e-02
1 264 1.255106306361430e+03 5.679125894346953e-18 6.695355724772699e-02
0 140 1.255378900390541e+03 5.216613434338051e-18 5.429717985381718e-02
1 265 1.259859586079231e+03 3.245809987223534e-18 6.694999952182203e-02
0 141 1.264304334316391e+03 5.282978807094230e-18 5.429732116442774e-02
1 266 1.264612869343365e+03 3.692576672241569e-18 6.695369269669324e-02
1 267 1.269366159634093e+03 3.103760222813775e-18 6.695835846548737e-02
0 142 1.273229806553313e+03 4.787977765446860e-18 5.429688981093464e-02
1 268 1.274119525777958e+03 2.656327173367668e-16 6.696264324929062e-02
1 269 1.278873011938911e+03 3.426817560258307e-18 6.697663249070843e-02
0 143 1.282155159264774e+03 6.049208244282903e-18 5.429143159435992e-02
1 270 1.283626454708044e+03 3.263787677066365e-18 6.697967720641824e-02
1 271 1.288380213360090e+03 4.002268058028621e-18 6.699205082952925e-02
0 144 1.291080288805183e+03 4.722829291500887e-18 5.428622245117957e-02
1 272 1.293133700553869e+03 3.892905845309146e-18 6.699321589481218e-02
1 273 1.297887593846498e+03 4.654019732069965e-18 6.699393804812515e-02
0 145 1.300005302541036e+03 6.540605353746312e-18 5.428596517919770e-02
1 274 1.302641083767603e+03 3.565070966205916e-18 6.699299126580065e-02
1 275 1.307394865618799e+03 3.260307316267157e-18 6.698151781668930e-02
0 146 1.308930412164181e+03 4.789565588333872e-18 5.429075693265147e-02
1 276 1.312148317172470e+03 3.278592981309054e-18 6.697865447068854e-02
1 277 1.316901832584266e+03 5.517947635048854e-18 6.696427581482710e-02
0 147 1.317855736540639e+03 7.193427557283585e-18 5.429639713218782e-02
1 278 1.321655210230548e+03 3.894355335683988e-18 6.696008589096411e-02
1 279 1.326408514134417e+03 3.898965864890027e-18 6.695422315029995e-02
0 148 1.326781198000288e+03 8.909664262284306e-18 5.429770610022516e-02
1 280 1.331161806267881e+03 3.618901582772721e-18 6.695021450844400e-02
0 149 1.335706632796790e+03 1.759261821664212e-17 5.429677211234532e-02
1 281 1.335915081069198e+03 3.131727232712951e-18 6.695333213121782e-02
1 282 1.340668351097743e+03 3.539539045478357e-18 6.695595837311044e-02
0 150 1.344632111653362e+03 4.837710724500626e-18 5.429742112917985e-02
1 283 1.345421696370765e+03 5.398836647251681e-16 6.696034382767269e-02
1 284 1.350175129543126e+03 4.151461928081082e-18 6.697336200886268e-02
0 151 1.353557508921343e+03 5.391242480974399e-18 5.429250459928468e-02
1 285 1.354928552889318e+03 3.694470241271804e-18 6.697667633977289e-02
1 286 1.359682265749993e+03 3.102258741177943e-18 6.699018141627726e-02
0 152 1.362482679871137e+03 4.722788624044004e-18 5.428686078613380e-02
1 287 1.364435745830954e+03 5.441256159797136e-18 6.699169939361976e-02
1 288 1.369189634845562e+03 5.407345272941785e-18 6.699468280530968e-02
0 153 1.371407695852743e+03 5.860247959181556e-18 5.428564625054625e-02
1 289 1.373943132636814e+03 3.927166684868960e-18 6.699409903872172e-02
1 290 1.378696955087665e+03 3.490137258256809e-18 6.698426859182000e-02
0 154 1.380332766987555e+03 5.608749358136087e-18 5.428980958338274e-02
1 291 1.383450423745082e+03 3.349040126256640e-18 6.698170154860007e-02
1 292 1.388203994158079e+03 5.057238954102609e-18 6.696696438788582e-02
0 155 1.389258045134488e+03 5.279404606521419e-18 5.429568904615689e-02
1 293 1.392957387994210e+03 4.049462556173269e-18 6.696294096029358e-02
1 294 1.397710717948663e+03 3.651858450251146e-18 6.695507295940861e-02
0 156 1.398183493767437e+03 5.561681461627078e-18 5.429792430092120e-02
1 295 1.402464017645176e+03 3.345473622525051e-18 6.695079902099350e-02
0 157 1.407108942313807e+03 5.058080063924824e-18 5.429641612448537e-02
1 296 1.407217280415170e+03 3.300580620706179e-18 6.695307279731351e-02
1 297 1.411970535333157e+03 1.375364439995476e-17 6.695381554204387e-02
0 158 1.416034423687541e+03 4.722129025716722e-18 5.429780159898027e-02
1 298 1.416723858872366e+03 3.103778638908965e-18 6.695824990354858e-02
1 299 1.421477248227742e+03 3.956826919919353e-18 6.696994957501169e-02
0 159 1.424959852461944e+03 4.997662678245130e-18 5.429365452603550e-02
1 300 1.426230657043288e+03 3.201995108167554e-18 6.697351282699036e-02
1 301 1.430984327438591e+03 3.147412887569012e-18 6.698779228818720e-02
0 160 1.433885057888952e+03 4.925515706549588e-18 5.428776896777990e-02
1 302 1.435737805957143e+03 4.746505756301100e-17 6.698965355707819e-02
1 303 1.440491686832162e+03 6.628483197785178e-18 6.699489149313456e-02
0 161 1.442810077153983e+03 5.023290229014563e-18 5.428552735697561e-02
1 304 1.445245192438038e+03 3.691766474226028e-18 6.699467417476171e-02
1 305 1.449999049082204e+03 9.561843251600393e-17 6.698680357266212e-02
0 162 1.451735115378012e+03 6.109380218980218e-18 5.428892172215900e-02
1 306 1.454752528356897e+03 3.104397034636898e-18 6.698455141914725e-02
1 307 1.459506148753819e+03 8.288494486582849e-18 6.696984219698003e-02
