1 0 1.364959871384899e+00 1.584993359564533e-17 7.502420902158197e-02
3 0 2.511939988617091e+00 5.332274656672372e-18 6.383267355415256e-02
2 0 3.116980667594132e+00 3.468400868173758e-18 8.666254034327255e-02
0 0 6.035559896428722e+00 7.646356557753835e-18 5.197101459771608e-02
1 1 6.266859417449831e+00 3.824823992275138e-18 7.502128989613485e-02
2 1 6.296312779448993e+00 3.602239984021958e-18 8.666198459771202e-02
2 2 9.475737445820890e+00 4.387454500478927e-18 8.666563901585171e-02
3 1 1.047115204544903e+01 4.951278314556167e-18 6.382993678527325e-02
1 2 1.116865006316464e+01 4.301083632842226e-18 7.502206844763512e-02
2 3 1.265532197547710e+01 4.757688031333324e-18 8.666688135003103e-02
2 4 1.583487836774153e+01 2.086107057398873e-17 8.664893247406810e-02
1 3 1.607051139555723e+01 9.006938329878810e-18 7.503843642932817e-02
3 2 1.843068814941434e+01 6.298868185587728e-18 6.380798030322425e-02
2 5 1.901429396976739e+01 3.046421616605840e-18 8.664574752192980e-02
0 1 2.078364765012045e+01 7.843469387498382e-18 5.197043196862353e-02
1 4 2.097227318797450e+01 1.116519618724546e-15 7.504361329716223e-02
2 6 2.219386124405273e+01 2.978841274602184e-18 8.664798639347443e-02
2 7 2.537365255899897e+01 2.744926913457379e-18 8.662499195729569e-02
1 5 2.587373312811095e+01 4.313340907473898e-18 7.505603919006597e-02
3 3 2.638988415124535e+01 5.481959717246906e-18 6.381434956334188e-02
2 8 2.855303125789635e+01 3.724471773838156e-18 8.662214126262967e-02
1 6 3.077552529896819e+01 3.617830581446432e-18 7.505693639374034e-02
2 9 3.173249912000661e+01 4.199980595880188e-18 8.662414932107904e-02
3 4 3.434900907621184e+01 7.015546278856252e-18 6.380711267474869e-02
2 10 3.491241228872170e+01 4.672240458423515e-18 8.661637765895561e-02
0 2 3.553181110438437e+01 7.628195882235754e-18 5.197237937581698e-02
1 7 3.567682820702218e+01 3.606431533032920e-18 7.506519429040975e-02
2 11 3.809180770822798e+01 4.872194113641590e-18 8.661314905447479e-02
1 8 4.057874153659422e+01 3.670440236219434e-18 7.506590576719391e-02
2 12 4.127119381920711e+01 3.415482804516347e-18 8.661672514580745e-02
3 5 4.230741483254754e+01 6.193390819750035e-18 6.379743626909955e-02
2 13 4.445112566250391e+01 1.739916502488471e-17 8.662897975454920e-02
1 9 4.548010651573125e+01 7.817635162158689e-18 7.505534455631686e-02
2 14 4.763065937112894e+01 2.686893213519036e-18 8.662564424731907e-02
0 3 5.028001857549027e+01 7.565627288225625e-18 5.197218533555902e-02
1 10 5.038176656230014e+01 5.806946893562182e-18 7.505396734389025e-02
3 6 5.026644799299193e+01 5.736633958552825e-18 6.379520535319258e-02
2 15 5.081008051417680e+01 3.127680336345176e-18 8.662959341026699e-02
2 16 5.398981519935143e+01 2.777811850634261e-18 8.665423424681915e-02
1 11 5.528323801573522e+01 4.459139444767158e-18 7.503594223501345e-02
2 17 5.716940667975979e+01 4.387705548002400e-18 8.665307313493956e-02
3 7 5.822550483175301e+01 5.145360649964107e-18 6.379391546758953e-02
1 12 6.018507110789548e+01 7.720021455570234e-18 7.503166271868664e-02
2 18 6.034884190457866e+01 4.387735744811205e-18 8.665438251316701e-02
2 19 6.352828029305326e+01 4.373735565639981e-18 8.666710927447384e-02
0 4 6.502820178814993e+01 9.130614344186463e-17 5.197123376792304e-02
1 13 6.508706224753269e+01 8.188370372619930e-18 7.502168454613718e-02
3 8 6.618404207601736e+01 5.569155573011924e-18 6.380832273915961e-02
2 20 6.670780699930336e+01 4.387410765318545e-18 8.666740536166397e-02
2 21 6.988718936347861e+01 6.156152496746267e-18 8.665946565478005e-02
1 14 6.998893745247474e+01 8.655193525201280e-18 7.502313282155568e-02
2 22 7.306651063919838e+01 9.656537267836763e-17 8.665775967098434e-02
3 9 7.414313805065194e+01 5.282939044806095e-18 6.381662184172424e-02
1 15 7.489088311845263e+01 4.296693869343366e-18 7.502843521520648e-02
2 23 7.624599410743816e+01 4.030237344133261e-18 8.665756957447038e-02
2 24 7.942557288870556e+01 2.811672166595405e-18 8.663363027483438e-02
0 5 7.977637618650041e+01 7.506157567580819e-18 5.197191270949711e-02
1 16 7.979266425979505e+01 1.339289563999301e-17 7.505166389973128e-02
3 10 8.210215202041564e+01 4.202847299484504e-17 6.380798695228596e-02
2 25 8.260497332320841e+01 2.742568551097494e-18 8.663084398838448e-02
1 17 8.469442092222285e+01 1.288529995848897e-15 7.505370991931809e-02
2 26 8.578448967699445e+01 3.931500097418647e-18 8.663468769611114e-02
2 27 8.896439795537798e+01 3.114418746502368e-18 8.661458201411501e-02
1 18 8.959580385421869e+01 3.947445480006560e-18 7.506473153555647e-02
3 11 9.006183609179871e+01 5.692596046150816e-18 6.382654736683842e-02
2 28 9.214388611132091e+01 3.630778211888256e-18 8.660988833725448e-02
0 6 9.452448003335579e+01 7.504136089789507e-18 5.197026815560413e-02
1 19 9.449739605969435e+01 3.582403792753727e-18 7.506584726878406e-02
2 29 9.532342011241741e+01 3.580109630746146e-18 8.661371107277792e-02
2 30 9.850340718026477e+01 3.390897502617473e-18 8.661895511147794e-02
3 12 9.802109378765402e+01 8.373651546771935e-18 6.383073358202376e-02
1 20 9.939858946271039e+01 3.908489932870965e-18 7.506211362154944e-02
2 31 1.016828741769651e+02 1.256653879423564e-17 8.661708772120234e-02
1 21 1.043005307500303e+02 3.670275955021363e-18 7.506214881378843e-02
2 32 1.048622907090706e+02 3.101529155937907e-18 8.661880473144817e-02
3 13 1.059803360789353e+02 6.046022940405814e-18 6.382459185672168e-02
2 33 1.080420633821048e+02 2.961589036700071e-18 8.664087391374754e-02
0 7 1.092725116875187e+02 7.469356977616290e-18 5.196972045873029e-02
1 22 1.092020145912851e+02 4.987431820243889e-18 7.504542500743841e-02
2 34 1.112215391883043e+02 2.686450735507600e-18 8.663910132107214e-02
1 23 1.141038105600521e+02 3.860399812994821e-18 7.504100205217389e-02
3 14 1.139396768788831e+02 3.065880917504656e-17 6.382068647852407e-02
2 35 1.144008582634120e+02 4.996840133982713e-18 8.664356272006218e-02
2 36 1.175804148888199e+02 5.476601521685111e-18 8.666562953890113e-02
1 24 1.190055816232645e+02 4.364667157610755e-18 7.502777958138347e-02
2 37 1.207599598953691e+02 4.387502638052445e-18 8.666280867871295e-02
3 15 1.218993773690314e+02 5.455973229120538e-18 6.380694587508595e-02
1 25 1.239074534450037e+02 4.227334025335655e-18 7.502594131440680e-02
0 8 1.240206223437658e+02 7.602063012932006e-18 5.197228004296760e-02
2 38 1.239393383492196e+02 3.325036963469868e-16 8.666137266335518e-02
2 39 1.271187958545099e+02 6.203461912371255e-18 8.666652429495329e-02
1 26 1.288093715928006e+02 4.988194889304765e-18 7.502114970889887e-02
3 16 1.298580976008764e+02 7.340526710932322e-18 6.381560395538359e-02
2 40 1.302983959443068e+02 2.429226391662046e-16 8.666863730479653e-02
2 41 1.334779550317914e+02 3.967312309921597e-18 8.665059873589716e-02
1 27 1.337111472523850e+02 5.218082857701423e-18 7.503234936418589e-02
2 42 1.366573302821799e+02 3.211863901856163e-17 8.664596660039513e-02
3 17 1.378171031523734e+02 6.437768886837911e-18 6.380565238533939e-02
0 9 1.387688184856160e+02 7.472280389818182e-18 5.197164018416211e-02
1 28 1.386129098551369e+02 3.583241847721666e-18 7.503832545332616e-02
2 43 1.398368648766208e+02 2.759076866827250e-18 8.664760740833388e-02
2 44 1.430166264654885e+02 3.536324792642694e-18 8.662542662676449e-02
1 29 1.435144829355668e+02 1.830674499299232e-17 7.505921269608958e-02
3 18 1.457758900364080e+02 9.523129225880736e-18 6.379050466365992e-02
2 45 1.461959767136375e+02 5.202441165251539e-18 8.662345130129771e-02
1 30 1.484163619114348e+02 5.919397861877060e-18 7.506159499238947e-02
2 46 1.493754010879771e+02 3.331455105011435e-18 8.662550029384093e-02
2 47 1.525553110663818e+02 1.285218267932376e-17 8.661456456123386e-02
0 10 1.535169887477838e+02 8.402664161920582e-18 5.197150752061056e-02
1 31 1.533176578578721e+02 3.606120350709196e-18 7.506641965638410e-02
3 19 1.537349089112209e+02 4.953788402707544e-18 6.379914759253741e-02
2 48 1.557347509704577e+02 4.577848892133665e-18 8.661083696871494e-02
1 32 1.582193357080103e+02 3.583829555327379e-18 7.506414024667216e-02
2 49 1.589141861735083e+02 1.598455651135701e-16 8.661559156654280e-02
3 20 1.616938373544805e+02 6.500177412829817e-18 6.380399992783266e-02
2 50 1.620941486675428e+02 2.686779528557495e-18 8.662879459329223e-02
1 33 1.631206441414052e+02 3.900548913451937e-18 7.505543545199909e-02
2 51 1.652737004901394e+02 3.183356019144482e-17 8.662509938863137e-02
1 34 1.680224662951480e+02 3.884765766153216e-18 7.505462482917577e-02
0 11 1.682651979895142e+02 7.774130127180494e-18 5.197276136735750e-02
2 52 1.684531585910179e+02 3.076982848900052e-16 8.662754982810884e-02
3 21 1.696522297288491e+02 5.860490304829251e-18 6.380380889366388e-02
2 53 1.716328745197838e+02 4.336856399871451e-18 8.665221817096339e-02
1 35 1.729240197281001e+02 6.660991923876093e-18 7.503411689891433e-02
2 54 1.748124397350050e+02 3.151056751991276e-18 8.665241937957410e-02
1 36 1.778258323690610e+02 3.583676731468288e-18 7.503070842658138e-02
3 22 1.776115398637859e+02 9.082381406292514e-18 6.381260344441850e-02
2 55 1.779918360818122e+02 4.518911639657147e-18 8.665500270776029e-02
2 56 1.811712202216062e+02 3.540330725394277e-18 8.666735303035705e-02
1 37 1.827277054120687e+02 4.123956673662750e-18 7.502579018019076e-02
0 12 1.830133614970157e+02 7.716190715799436e-18 5.197022106606837e-02
2 57 1.843507141098357e+02 4.387423020046443e-18 8.666633464473643e-02
3 23 1.855708903755648e+02 5.527386771220380e-18 6.381166923776274e-02
1 38 1.876296590916465e+02 4.232986769232338e-18 7.502775128394938e-02
2 58 1.875300701825244e+02 1.130167344845318e-15 8.665826570910901e-02
2 59 1.907094331704250e+02 3.081663907700455e-18 8.665821068531857e-02
1 39 1.925317059155206e+02 4.987969991121111e-18 7.502850017808406e-02
3 24 1.935302101512185e+02 6.342019269362666e-18 6.383311632226382e-02
2 60 1.938889476979436e+02 4.119586154423886e-16 8.665878317511110e-02
2 61 1.970685388515497e+02 2.256171633519946e-16 8.663450445540019e-02
0 13 1.977614224906642e+02 7.680644410297540e-18 5.197036513437343e-02
1 40 1.974333714933032e+02 5.445810669164752e-18 7.504570523013751e-02
2 62 2.002479833859838e+02 2.976670865083189e-18 8.663036682406279e-02
3 25 2.014894049621100e+02 5.091724126081112e-18 6.383215355761980e-02
1 41 2.023350447867944e+02 5.150155147207224e-18 7.504863138278764e-02
2 63 2.034275432889854e+02 1.233365132190719e-15 8.663355406873788e-02
2 64 2.066074811715577e+02 4.558064772220160e-18 8.661633171174796e-02
1 42 2.072364723855985e+02 1.459611883024069e-17 7.506798061569651e-02
2 65 2.097869353234827e+02 7.441095270771644e-18 8.661234153920234e-02
3 26 2.094490138727365e+02 5.421820305721788e-18 6.381672237747316e-02
1 43 2.121381494669729e+02 4.222531961276891e-18 7.506939434240276e-02
0 14 2.125094905074438e+02 8.235814461804378e-18 5.197103899238363e-02
2 66 2.129664234650129e+02 4.388385439326160e-18 8.661577894545287e-02
2 67 2.161463828511622e+02 5.458806205377099e-18 8.661961357212049e-02
1 44 2.170393831616524e+02 3.924325043531630e-18 7.506153845944268e-02
3 27 2.174083725206247e+02 5.131367381961476e-18 6.382048759660913e-02
2 68 2.193258162646761e+02 3.843481221568770e-18 8.661751378022224e-02
1 45 2.219411731932641e+02 3.582353344739506e-18 7.506006832660848e-02
2 69 2.225052029282861e+02 2.687005566655732e-18 8.662080186341362e-02
3 28 2.253678408270589e+02 4.952640518659500e-18 6.381222584598460e-02
2 70 2.256849848745228e+02 2.136812567688266e-17 8.664236408778589e-02
1 46 2.268426345493742e+02 3.607029256559041e-18 7.504486847028262e-02
0 15 2.272576061770804e+02 7.927643761059402e-18 5.197075299547945e-02
2 71 2.288644630173135e+02 3.408386203125004e-18 8.664024638654237e-02
1 47 2.317446183997268e+02 4.833942761742416e-18 7.504053690650579e-02
2 72 2.320438076601773e+02 1.529681921581055e-16 8.664316688647372e-02
3 29 2.333263080106953e+02 5.276614694357437e-18 6.380653578302335e-02
2 73 2.352234156032941e+02 3.368228402338424e-18 8.666482294235993e-02
1 48 2.366463688269225e+02 4.217105669647589e-18 7.502557508964926e-02
2 74 2.384030137916968e+02 2.275626782118947e-17 8.666353816498100e-02
1 49 2.415481236289116e+02 4.295078069999894e-18 7.502370926827125e-02
2 75 2.415824304389174e+02 3.323781177218593e-18 8.666263819805176e-02
3 30 2.412853721153545e+02 5.641999193839836e-18 6.379797461821111e-02
0 16 2.420057942549569e+02 7.633220791989584e-18 5.197264621716909e-02
2 76 2.447618558596909e+02 3.062757732564170e-18 8.666729465213766e-02
1 50 2.464499263612378e+02 4.372861210263568e-18 7.502493629403624e-02
2 77 2.479414435408356e+02 4.847873955098696e-18 8.666800683716222e-02
3 31 2.492444720817733e+02 4.954170350042314e-18 6.378987691107332e-02
1 51 2.513517585382191e+02 3.583350810206536e-18 7.503777264507100e-02
2 78 2.511209898208483e+02 2.694587252559638e-18 8.664964374535672e-02
2 79 2.543003277969792e+02 1.664646288111525e-17 8.664671764135901e-02
0 17 2.567539945735851e+02 7.574518325838896e-18 5.197196697187080e-02
1 52 2.562537007136586e+02 3.583274291508150e-18 7.503781468370922e-02
3 32 2.572030522619582e+02 5.283776687437990e-18 6.380570888068750e-02
2 80 2.574798088113389e+02 3.102682660200492e-18 8.664914360439818e-02
2 81 2.606595096446648e+02 2.522363242298720e-16 8.662529406724849e-02
1 53 2.611552482036708e+02 4.362242159518385e-18 7.505330446849906e-02
2 82 2.638388753406307e+02 3.691625688305484e-18 8.662182341568342e-02
3 33 2.651619328435167e+02 3.878079907605909e-17 6.380790143405725e-02
1 54 2.660570723886337e+02 3.582377185419972e-18 7.505742148756116e-02
2 83 2.670183226148432e+02 4.388220143583582e-18 8.662376189204862e-02
2 84 2.701982662354431e+02 3.010804693310919e-18 8.661321971075781e-02
1 55 2.709584218003690e+02 7.071750388175375e-18 7.507052654781214e-02
0 18 2.715021786940940e+02 7.675663999451505e-18 5.197106287551187e-02
2 85 2.733777520872720e+02 3.068215287870999e-18 8.661030242091595e-02
3 34 2.731207212648021e+02 5.801240998740962e-18 6.380014192546868e-02
1 56 2.758601030480477e+02 4.128791821404917e-18 7.506872038431485e-02
2 86 2.765572205286262e+02 3.368658946986909e-18 8.661444392508762e-02
2 87 2.797372002080982e+02 2.741006060640533e-18 8.662750955026212e-02
1 57 2.807613688844025e+02 3.707174799313630e-18 7.505652194011284e-02
3 35 2.810801779945620e+02 5.478809158491132e-18 6.381645278003675e-02
2 88 2.829167540855598e+02 2.823216109155926e-18 8.662346785449540e-02
1 58 2.856629904006795e+02 3.623850714073400e-18 7.505356419842808e-02
0 19 2.862503266710630e+02 7.571328910485200e-18 5.197159712681727e-02
2 89 2.860962106759229e+02 4.649575626032865e-18 8.662761108633960e-02
3 36 2.890394405639072e+02 5.170673865134274e-18 6.382277478660422e-02
2 90 2.892758771351036e+02 4.397401094554082e-17 8.665318507684348e-02
1 59 2.905646003911653e+02 3.699410778260283e-18 7.503395806214747e-02
2 91 2.924553751432580e+02 4.387699294076708e-18 8.665261233109564e-02
1 60 2.954666741655902e+02 1.105164626401150e-16 7.503088846144516e-02
2 92 2.956347319811566e+02 3.488801289631724e-18 8.665394893704502e-02
3 37 2.969985863228419e+02 1.099503443953728e-16 6.382854010399648e-02
2 93 2.988141305778474e+02 4.394983914733780e-18 8.666627162792293e-02
1 61 3.003685755468465e+02 4.221374577614144e-18 7.502250536092168e-02
0 20 3.009984000780319e+02 8.571774118096750e-18 5.196969502427263e-02
2 94 3.019936371842673e+02 3.862301214942409e-18 8.666693195856102e-02
1 62 3.052704723544617e+02 4.027207423545267e-18 7.502463631912816e-02
2 95 3.051729938312794e+02 3.358332878426330e-18 8.665967431673077e-02
3 38 3.049578856221635e+02 5.457073383744865e-18 6.382635600068329e-02
2 96 3.083523857321618e+02 2.733415236985795e-18 8.665956854316688e-02
1 63 3.101723290808874e+02 5.245183334337188e-18 7.503278912100776e-02
2 97 3.115319554521112e+02 2.685842184403736e-18 8.665874524951803e-02
3 39 3.129178109873062e+02 6.657894464828650e-18 6.381387417448932e-02
1 64 3.150739702436305e+02 4.987304883879016e-18 7.505049503614246e-02
2 98 3.147115949302236e+02 3.028195992196014e-18 8.663476100326746e-02
0 21 3.157464427822746e+02 7.611571634976658e-18 5.197021987239143e-02
2 99 3.178910461609301e+02 7.195442913759929e-17 8.663202173789829e-02
1 65 3.199757609422322e+02 3.582775928834933e-18 7.504776626618732e-02
3 40 3.208767349814681e+02 5.691620533207764e-18 6.382514480118909e-02
2 100 3.210706009116676e+02 3.665216137793670e-18 8.663564755196550e-02
2 101 3.242505136094783e+02 6.024830079889999e-18 8.661864692830626e-02
1 66 3.248771063203768e+02 3.830659693952523e-18 7.506142717204119e-02
2 102 3.274299282658961e+02 5.462119815500407e-18 8.661312935968950e-02
3 41 3.288360090222509e+02 7.095112757477058e-18 6.381194338837101e-02
1 67 3.297788053500956e+02 4.567521073849316e-18 7.506343691037175e-02
0 22 3.304945964660131e+02 7.493015275888588e-18 5.197263993938863e-02
2 103 3.306093785536606e+02 3.980765933043859e-18 8.661638256967531e-02
2 104 3.337893203026818e+02 4.167668927643163e-18 8.662069728932442e-02
1 68 3.346801939709765e+02 3.582072712229896e-18 7.506392879307397e-02
2 105 3.369687363630053e+02 2.872298996884804e-18 8.661941550824362e-02
3 42 3.367947444945522e+02 5.493258976422365e-18 6.379745009314212e-02
1 69 3.395820513138937e+02 4.532790425021789e-18 7.506352289790426e-02
2 106 3.401480959462124e+02 3.606085427153114e-18 8.662213447512911e-02
2 107 3.433279213464402e+02 3.091646599488436e-18 8.664110405441620e-02
1 70 3.444834335909714e+02 3.702422381868372e-18 7.504537898784322e-02
3 43 3.447538481903920e+02 5.594913712249256e-18 6.379652982273147e-02
0 23 3.452427979623567e+02 7.860141958971615e-18 5.197104289780282e-02
2 108 3.465074520706206e+02 1.407184533715066e-17 8.663892435875997e-02
1 71 3.493851588429863e+02 3.597076938327115e-18 7.504012145754252e-02
2 109 3.496868496547745e+02 4.387905450711452e-18 8.664333004729735e-02
2 110 3.528664692975772e+02 3.610712779530998e-18 8.666561518810965e-02
3 44 3.527128490923204e+02 5.567948985428098e-18 6.379807024835801e-02
1 72 3.542868785005530e+02 3.800134026880348e-18 7.502658939804716e-02
2 111 3.560460708382603e+02 5.799488192206127e-18 8.666360276723691e-02
1 73 3.591888202684954e+02 2.446978729631475e-16 7.502296682442079e-02
2 112 3.592255105250991e+02 3.081429210481952e-18 8.666124212618563e-02
0 24 3.599909658636337e+02 7.737506333282903e-18 5.197184940315561e-02
3 45 3.606711492056318e+02 6.617109933106771e-18 6.380165375970873e-02
2 113 3.624049012506065e+02 2.685630837197956e-18 8.666562868389885e-02
1 74 3.640907132730864e+02 3.584007731100501e-18 7.502139685698588e-02
2 114 3.655844468236841e+02 2.729590549353110e-18 8.666811200356088e-02
1 75 3.689925410644848e+02 4.302916886777564e-18 7.503520671588013e-02
2 115 3.687639331413882e+02 2.808540863868936e-18 8.665079801278305e-02
3 46 3.686301660851964e+02 6.400356483863202e-18 6.380526016759912e-02
2 116 3.719432393664219e+02 3.714238129069452e-18 8.664681606418494e-02
1 76 3.738943915668552e+02 4.429932138255883e-18 7.504206979637494e-02
0 25 3.747391790081058e+02 7.577356904774843e-18 5.197218778073691e-02
2 117 3.751227075391931e+02 1.096940897324136e-17 8.664779649494765e-02
3 47 3.765893957266271e+02 7.704489520722837e-18 6.380143776623499e-02
1 77 3.787959945616569e+02 8.919102173284579e-16 7.505929853089884e-02
2 118 3.783024063125452e+02 4.778671037631889e-18 8.662302628923625e-02
2 119 3.814818211223037e+02 4.815935384639818e-18 8.662123819424652e-02
1 78 3.836978614163859e+02 4.357134127825259e-18 7.505829144569159e-02
2 120 3.846613093489886e+02 8.808775272572336e-18 8.662384478025445e-02
3 48 3.845485610948330e+02 5.156376534866953e-18 6.382734604105024e-02
2 121 3.878412742463534e+02 4.151350435282601e-18 8.661245881566831e-02
1 79 3.885990507220619e+02 4.986783877344972e-18 7.506514050277877e-02
0 26 3.894873022560439e+02 7.469294277559991e-18 5.196941625549846e-02
2 122 3.910207941394691e+02 2.878957491098107e-18 8.660826593173986e-02
3 49 3.925077254082852e+02 5.097781216454964e-18 6.382834039841669e-02
1 80 3.935006731628650e+02 3.996519703274482e-18 7.506449941360874e-02
2 123 3.942002951829697e+02 2.695413825850248e-18 8.661232014979892e-02
2 124 3.973802563510896e+02 2.686770114891863e-18 8.662862814775424e-02
1 81 3.984020851729393e+02 1.221483968121736e-17 7.505908409907214e-02
2 125 4.005597605913088e+02 4.388227387319466e-18 8.662525192465978e-02
3 50 4.004671833628705e+02 6.538611182181463e-18 6.382215367544643e-02
1 82 4.033038160822103e+02 4.178818346490531e-18 7.505586936786637e-02
2 126 4.037391614438485e+02 3.256567867648384e-18 8.662841427762055e-02
0 27 4.042353453107502e+02 5.085484519269456e-16 5.197028120016001e-02
2 127 4.069188114648935e+02 2.686009637143338e-18 8.665247880051075e-02
1 83 4.082054362837702e+02 3.607941156201782e-18 7.503393648634785e-02
3 51 4.084265998384348e+02 5.522956031934528e-18 6.382335843021018e-02
2 128 4.100982907633264e+02 3.636808238732051e-18 8.665186361218152e-02
1 84 4.131073314681253e+02 3.604346457618579e-18 7.503123199894507e-02
2 129 4.132776259088440e+02 4.387699435852150e-18 8.665504452385220e-02
2 130 4.164570569463504e+02 3.086208781095836e-18 8.666817435536876e-02
3 52 4.163864020918650e+02 6.041905600849603e-18 6.381932997317419e-02
1 85 4.180091848570722e+02 4.062884242151367e-18 7.502283412265243e-02
0 28 4.189834339993989e+02 7.549571267971295e-18 5.197090860500334e-02
2 131 4.196365854728354e+02 3.143504584306766e-18 8.666785640733347e-02
1 86 4.229112419723124e+02 6.231219857661626e-16 7.502352722310460e-02
2 132 4.228159886053951e+02 2.685983828234040e-18 8.665895692133267e-02
3 53 4.243449725620783e+02 5.206726725490011e-18 6.381851062705378e-02
2 133 4.259954173248336e+02 2.889376460938982e-18 8.665942125988964e-02
1 87 4.278130754615278e+02 4.229486102895330e-18 7.502861967211376e-02
2 134 4.291750229239004e+02 3.079646603798830e-18 8.666058795052015e-02
1 88 4.327146266677566e+02 4.987480351282408e-18 7.504605515836150e-02
2 135 4.323546814510543e+02 4.654018557590244e-18 8.663755729360706e-02
3 54 4.323042389092264e+02 5.431050295537392e-18 6.380503664632327e-02
0 29 4.337315819742392e+02 7.626873939551282e-18 5.197078196238389e-02
2 136 4.355340854844247e+02 4.388063132234732e-18 8.663375381583277e-02
1 89 4.376163710046216e+02 4.383871629344699e-18 7.505136164783494e-02
2 137 4.387136163688718e+02 2.686544860894217e-18 8.663584764314179e-02
3 55 4.402633743449130e+02 4.953884353099167e-18 6.379314307813884e-02
2 138 4.418935019110912e+02 2.193271793682104e-17 8.661889823542927e-02
1 90 4.425177999343609e+02 2.948570356351281e-16 7.506662710896404e-02
2 139 4.450728835797696e+02 2.687200546096716e-18 8.661513019077147e-02
1 91 4.474196314487538e+02 4.986889445947589e-18 7.506233565037183e-02
2 140 4.482522879468607e+02 3.270682207656299e-18 8.661869810110846e-02
3 56 4.482220847011774e+02 6.032230593408532e-18 6.380516935255716e-02
0 30 4.484797789919920e+02 7.572227923014707e-18 5.197206094167086e-02
2 141 4.514322144868723e+02 2.903514928430872e-18 8.662009404930641e-02
1 92 4.523209031817180e+02 4.986993735434079e-18 7.505869315108618e-02
2 142 4.546116657412542e+02 3.021665618497846e-18 8.661741055610088e-02
3 57 4.561809553559226e+02 5.253307317290442e-18 6.380260969178780e-02
1 93 4.572226851984447e+02 4.577778318917350e-18 7.505992236099637e-02
2 143 4.577910642879291e+02 3.093227576276893e-18 8.662067131031925e-02
2 144 4.609709339084442e+02 3.018753470766284e-18 8.664089425528675e-02
1 94 4.621241544739739e+02 1.726177609807028e-17 7.504774812085831e-02
0 31 4.632279789901031e+02 7.641414488872787e-18 5.197138693938105e-02
2 145 4.641504984943768e+02 3.472637974915054e-18 8.663922740685195e-02
3 58 4.641395089927452e+02 7.330523740216985e-18 6.379627531955114e-02
1 95 4.670258982518080e+02 3.672395577270785e-18 7.504275727010964e-02
2 146 4.673299258248633e+02 6.140909253216541e-18 8.664245223909359e-02
2 147 4.705095328602999e+02 6.280287511616767e-18 8.666380206891097e-02
1 96 4.719276009026552e+02 3.692582079441487e-18 7.502745287774765e-02
3 59 4.720987078802409e+02 6.047349528135132e-18 6.380441763780480e-02
2 148 4.736891161012895e+02 3.437786769910768e-18 8.666200910539466e-02
1 97 4.768293681316719e+02 3.776859495223273e-18 7.502300346059843e-02
2 149 4.768685279334994e+02 3.113203849829868e-18 8.666149528401872e-02
0 32 4.779761523940011e+02 7.577286359500497e-18 5.197045175548266e-02
2 150 4.800478683844781e+02 2.685608984641552e-18 8.666616574162533e-02
3 60 4.800579387996086e+02 1.132169908904598e-16 6.381211736020427e-02
1 98 4.817313227535054e+02 4.496633972704112e-18 7.502299934610658e-02
2 151 4.832273579160848e+02 2.803786577168611e-18 8.666728033571321e-02
1 99 4.866333936224139e+02 6.700824365637149e-16 7.503511320918513e-02
2 152 4.864068123085093e+02 3.491192028092812e-18 8.664941919527989e-02
3 61 4.880168569921728e+02 5.241501601605075e-18 6.382684303804827e-02
2 153 4.895861534758039e+02 4.387828109987390e-18 8.664546240123665e-02
1 100 4.915352308196454e+02 4.233183551336660e-18 7.503743360045254e-02
0 33 4.927242696603220e+02 1.203222784951520e-17 5.197060274039680e-02
2 154 4.927656469160524e+02 5.201175287814124e-18 8.664822306698397e-02
2 155 4.959453623276954e+02 2.686959419409192e-18 8.662352289599164e-02
3 62 4.959761046215019e+02 4.736809145291597e-17 6.382646631533738e-02
1 101 4.964367494629172e+02 5.233601405426123e-18 7.505588623697455e-02
2 156 4.991248074193672e+02 1.392014059931572e-16 8.662067448848879e-02
1 102 5.013384760834634e+02 5.779290902046998e-18 7.506371061121804e-02
2 157 5.023043526385522e+02 4.018172197036560e-18 8.662223411386578e-02
3 63 5.039360245274492e+02 5.246194775726478e-18 6.381865959088169e-02
2 158 5.054843439379450e+02 3.296268329044472e-18 8.661202506503859e-02
1 103 5.062396827140292e+02 4.331970610451201e-17 7.507022978464706e-02
0 34 5.074723239787360e+02 7.802328582560116e-18 5.196896592738659e-02
2 159 5.086638471460084e+02 2.687399288913419e-18 8.660964371513628e-02
1 104 5.111414060091410e+02 3.582078211485181e-18 7.506407465371173e-02
2 160 5.118433245023833e+02 3.125920221914928e-18 8.661388342984856e-02
3 64 5.118951245284261e+02 7.385809512879591e-18 6.383124322257420e-02
2 161 5.150232416706127e+02 5.161245428474491e-18 8.662972443251868e-02
1 105 5.160427223450265e+02 4.095695929753551e-18 7.505360660923505e-02
2 162 5.182027144267546e+02 5.503508484882990e-18 8.662527158884330e-02
3 65 5.198547194252145e+02 5.491592758331820e-18 6.382081797708573e-02
1 106 5.209444789385199e+02 3.582759413795637e-18 7.505092518174926e-02
2 163 5.213820785106265e+02 4.388150414848308e-18 8.662870577936219e-02
0 35 5.222203966637893e+02 7.573007859197475e-18 5.197047560552193e-02
2 164 5.245617371437149e+02 2.685963441400960e-18 8.665410230111968e-02
1 107 5.258462501567070e+02 1.720892126054683e-17 7.503540289266361e-02
2 165 5.277412156840104e+02 7.907239197177726e-17 8.665373113304808e-02
3 66 5.278134233813962e+02 6.497064150399744e-18 6.380877885411744e-02
1 108 5.307481875093210e+02 3.673280504674853e-18 7.503307855943646e-02
2 166 5.309205442537434e+02 3.571302948736996e-18 8.665569040559491e-02
2 167 5.341000356033078e+02 4.077944119811884e-18 8.666792537153378e-02
1 109 5.356499402496891e+02 3.583996765305849e-18 7.502223494431322e-02
3 67 5.357727400403799e+02 6.082582047300821e-18 6.379729118139983e-02
0 36 5.369685853176782e+02 7.939584113473921e-18 5.197199562690730e-02
2 168 5.372796183459177e+02 2.898520404392593e-18 8.666785112631002e-02
1 110 5.405517423499974e+02 3.616045268113808e-18 7.502415031250337e-02
2 169 5.404590673668462e+02 4.294337660385658e-18 8.666038620060139e-02
2 170 5.436384855363576e+02 2.685800164874240e-18 8.666130376098885e-02
3 68 5.437318563260241e+02 5.319923544671203e-18 6.379842295663166e-02
1 111 5.454535873743156e+02 3.722916738358623e-18 7.503064603503347e-02
2 171 5.468180765292757e+02 3.322109725262523e-18 8.666150097264320e-02
1 112 5.503553524019686e+02 5.394628212884591e-16 7.504456076397302e-02
2 172 5.499977398334134e+02 4.846417719279089e-16 8.663740495713312e-02
0 37 5.517167759014037e+02 7.469156301794093e-18 5.197006000895500e-02
3 69 5.516901454976426e+02 5.144661603044802e-18 6.380299960585871e-02
2 173 5.531771021441170e+02 5.615396489552216e-18 8.663403770868569e-02
1 113 5.552571630320317e+02 6.697000911511355e-18 7.504589866363486e-02
2 174 5.563565814065508e+02 6.018345711701873e-16 8.663781864034567e-02
2 175 5.595364162805894e+02 4.933353663379843e-18 8.662018956810784e-02
3 70 5.596490561301644e+02 5.134473892097780e-18 6.380055970084898e-02
1 114 5.601585766776653e+02 4.046727275316670e-18 7.506299552035549e-02
2 176 5.627157851731102e+02 3.219117399373221e-17 8.661513273976755e-02
1 115 5.650603516263155e+02 6.138335110872785e-18 7.506678921039638e-02
2 177 5.658952016112530e+02 3.057348303088054e-18 8.661726979075093e-02
0 38 5.664649597142778e+02 7.469360371509362e-18 5.197166282817185e-02
3 71 5.676081111689982e+02 5.349591977969953e-18 6.379383948567439e-02
2 178 5.690751631161554e+02 2.802169408853014e-18 8.661772426025847e-02
1 116 5.699616388977706e+02 4.986748167747335e-18 7.506535719450420e-02
2 179 5.722546640061501e+02 4.340322012664624e-18 8.661663532045263e-02
1 117 5.748634179361543e+02 4.197665061598084e-18 7.506131705284878e-02
2 180 5.754341076662633e+02 4.388311447832227e-18 8.662039638725434e-02
3 72 5.755671110276409e+02 5.100131008868009e-18 6.381706604609924e-02
2 181 5.786139837386112e+02 3.524627952959068e-18 8.663977691124677e-02
1 118 5.797647214522278e+02 6.007947722971435e-18 7.504311284330359e-02
0 39 5.812131541489889e+02 7.715004173814534e-18 5.197072260957784e-02
2 182 5.817935670100157e+02 3.359462559441918e-18 8.663710275505615e-02
3 73 5.835262202511549e+02 6.046363464741946e-18 6.382003540186278e-02
1 119 5.846664326761392e+02 3.982647660578578e-18 7.503942898341061e-02
2 183 5.849730077504337e+02 3.854695801507318e-16 8.664057090368717e-02
2 184 5.881525632242448e+02 4.387470696294898e-18 8.666424293447159e-02
1 120 5.895683463756061e+02 4.189525222375408e-18 7.502952908614072e-02
2 185 5.913320891237595e+02 1.341306823215722e-17 8.666278293987956e-02
3 74 5.914853679679577e+02 6.793165472313230e-18 6.382225426055828e-02
1 121 5.944702313074214e+02 3.855409676444906e-18 7.502419621535339e-02
2 186 5.945114432167519e+02 1.010905806749608e-16 8.666104942650760e-02
0 40 5.959612343490578e+02 7.469295943021693e-18 5.196846722612502e-02
2 187 5.976907887839360e+02 3.080818730370352e-18 8.666474010708196e-02
1 122 5.993721553652254e+02 3.681180021261974e-18 7.502306663868336e-02
3 75 5.994447821021237e+02 5.827982480576470e-18 6.382083003529566e-02
2 188 6.008702786353034e+02 4.373661205998231e-18 8.666598005528872e-02
1 123 6.042740300651476e+02 3.583397589364573e-18 7.503693741709204e-02
2 189 6.040497220134459e+02 4.387788090954782e-18 8.665056046024738e-02
2 190 6.072291032027730e+02 5.919329758204993e-18 8.664663604417711e-02
3 76 6.074047429893009e+02 6.173491160742873e-18 6.382429451028120e-02
1 124 6.091758313404555e+02 3.821141749224849e-18 7.503971709290681e-02
2 191 6.104086307652345e+02 3.343586895777232e-18 8.664805882396348e-02
0 41 6.107092815450786e+02 7.627360372094458e-18 5.197011354361199e-02
2 192 6.135883987752895e+02 3.920737123165829e-18 8.662273164960599e-02
1 125 6.140774949529754e+02 4.098057727551574e-16 7.505520510486516e-02
3 77 6.153634048504555e+02 6.045838548493085e-18 6.382830008341872e-02
2 193 6.167678629032243e+02 2.963880199886811e-18 8.662044328640399e-02
1 126 6.189791858665511e+02 3.582285713174764e-18 7.505885769862994e-02
2 194 6.199474204344964e+02 7.209708277999827e-16 8.662400023809237e-02
2 195 6.231273972229133e+02 5.046483644430928e-17 8.661490493758056e-02
3 78 6.233229442284622e+02 5.488712979205014e-18 6.381548732472281e-02
1 127 6.238803526205737e+02 3.582064769226003e-18 7.506478791624381e-02
0 42 6.254574014203413e+02 7.469196866594156e-18 5.197030497661602e-02
2 196 6.263068468149922e+02 3.403864958464100e-18 8.661126816194810e-02
1 128 6.287820939718088e+02 6.147406797646703e-18 7.506787305891635e-02
2 197 6.294862955788045e+02 3.265869270779863e-16 8.661416650345378e-02
3 79 6.312820853831579e+02 1.440833982604952e-17 6.380114569339530e-02
2 198 6.326661942323093e+02 4.388106548045615e-18 8.662989818020049e-02
1 129 6.336834877272601e+02 7.205373090748988e-18 7.505926294841729e-02
2 199 6.358456428172268e+02 5.939175888829896e-18 8.662738376387411e-02
1 130 6.385853251938543e+02 8.391363794670972e-18 7.505050345944810e-02
2 200 6.390249751813412e+02 5.546893429184478e-18 8.663076421399918e-02
3 80 6.392410820815544e+02 5.970042145267237e-18 6.380532849060441e-02
0 43 6.402055718753015e+02 1.024617256088655e-16 5.197039655437740e-02
2 201 6.422046618138983e+02 3.141837003953340e-18 8.665422779933764e-02
1 131 6.434868975473586e+02 3.839111409747131e-18 7.503093662051388e-02
2 202 6.453841938649599e+02 2.801319010989201e-18 8.665281758368104e-02
3 81 6.472000325710477e+02 7.332545616889542e-18 6.380234450367918e-02
1 132 6.483887510504413e+02 5.053718021288673e-18 7.502989521185230e-02
2 203 6.485635683269732e+02 2.793582039209559e-18 8.665532794737536e-02
2 204 6.517430897692506e+02 1.262952186888066e-17 8.666954855041503e-02
1 133 6.532906499772739e+02 2.324613689333362e-17 7.502287716496558e-02
0 44 6.549537670677014e+02 7.661879644839128e-18 5.197148059696011e-02
2 205 6.549226909209235e+02 3.104904669089413e-18 8.666945476352866e-02
3 82 6.551584129112468e+02 5.234392122385201e-18 6.379674855599389e-02
1 134 6.581924817262172e+02 3.931923372056384e-18 7.502481781625540e-02
2 206 6.581021571017490e+02 2.939007710964270e-16 8.666038065896638e-02
2 207 6.612815500120473e+02 4.387557455466061e-18 8.666026881490031e-02
1 135 6.630943124814660e+02 3.589861348183252e-18 7.503070566066417e-02
3 83 6.631174761825553e+02 1.225302453143003e-16 6.379420939486290e-02
2 208 6.644611061321452e+02 8.536024599500995e-16 8.666118557915257e-02
2 209 6.676407214890654e+02 4.387972922938424e-18 8.663844391793885e-02
1 136 6.679959390592749e+02 3.589365231163836e-18 7.504601380081181e-02
0 45 6.697019731167295e+02 7.654579793066631e-18 5.197027764275970e-02
2 210 6.708200423238858e+02 4.388023131884117e-18 8.663525268040059e-02
3 84 6.710766530040426e+02 6.882843017751922e-18 6.380188021106056e-02
1 137 6.728978082049715e+02 4.733563378459401e-18 7.504883244395341e-02
2 211 6.739994848369969e+02 3.053367287130419e-18 8.663751645451988e-02
2 212 6.771793168583066e+02 2.720629856748450e-18 8.661787222919315e-02
1 138 6.777994178432031e+02 2.429131168378659e-16 7.506352415642391e-02
3 85 6.790353042546978e+02 8.158806966036547e-17 6.381983614365702e-02
2 213 6.803587310900958e+02 5.980692070516098e-18 8.661348051601801e-02
1 139 6.827011385650350e+02 3.876104841041752e-18 7.506195641358367e-02
2 214 6.835381811209774e+02 3.422775733036666e-18 8.661721229681661e-02
0 46 6.844501211158946e+02 8.385413337713225e-18 5.196962587798454e-02
2 215 6.867181702152902e+02 6.526187885657864e-18 8.661737013163959e-02
3 86 6.869944467218537e+02 7.084786436304963e-18 6.382145110338608e-02
1 140 6.876023281446719e+02 5.009314964586313e-18 7.506183540408309e-02
2 216 6.898976964063337e+02 5.484047862562888e-18 8.661468464975644e-02
1 141 6.925040323698272e+02 4.986726876455117e-18 7.506716449762324e-02
2 217 6.930771901737434e+02 3.578101231114246e-18 8.661788340372586e-02
3 87 6.949541330449271e+02 1.721086079218690e-17 6.381837637186813e-02
2 218 6.962570534006156e+02 2.686454047515020e-18 8.663872598621644e-02
1 142 6.974054100000862e+02 7.809237876591851e-18 7.504872446450982e-02
0 47 6.991982115312692e+02 7.469350538919468e-18 5.196965510216357e-02
2 219 6.994365978516066e+02 3.068552427669577e-18 8.663770142152423e-02
1 143 7.023071999972892e+02 4.382205567821490e-18 7.503996450321475e-02
2 220 7.026159990564805e+02 2.803789097209659e-18 8.664086660725900e-02
3 88 7.029133740862302e+02 5.708108797369335e-18 6.383096217632148e-02
2 221 7.057955133587161e+02 2.768358448855885e-18 8.666372210641353e-02
1 144 7.072089852990662e+02 4.080547339446409e-18 7.502594196439667e-02
2 222 7.089750217378468e+02 2.952706028418412e-18 8.666155696103160e-02
3 89 7.108731742056582e+02 5.591584518044298e-18 6.382813326715742e-02
1 145 7.121108986762453e+02 3.584036962106060e-18 7.502120451431435e-02
2 223 7.121543474097049e+02 2.685924719212657e-18 8.666058688301860e-02
0 48 7.139462627127515e+02 7.513289591922710e-18 5.196834090475370e-02
2 224 7.153337160485362e+02 6.919368158068481e-17 8.666640028247816e-02
1 146 7.170129768357345e+02 8.459932586748969e-17 7.502362259527166e-02
2 225 7.185132242559147e+02 2.685575747348022e-18 8.666724143176584e-02
3 90 7.188318478390441e+02 4.951997113783763e-18 6.382000973433427e-02
2 226 7.216926858940994e+02 5.215887670316975e-18 8.665079172059603e-02
1 147 7.219148624182104e+02 4.569957633166215e-18 7.503694770402812e-02
2 227 7.248721226932284e+02 3.621127376099041e-18 8.664614313598527e-02
1 148 7.268165625190331e+02 3.650451528021572e-18 7.503884072050043e-02
3 91 7.267914509475073e+02 5.068737542029069e-18 6.380362938842860e-02
2 228 7.280516966209991e+02 3.072890121106769e-18 8.664807487099326e-02
0 49 7.286943733374361e+02 5.406646447745756e-17 5.197058742137946e-02
2 229 7.312314928415758e+02 3.030599068883248e-18 8.662508164853806e-02
1 149 7.317179970343080e+02 3.748597857307436e-18 7.505689781734180e-02
2 230 7.344109243430415e+02 2.695555579745230e-18 8.662282407273217e-02
3 92 7.347507101072902e+02 6.205443149650378e-18 6.380376204433530e-02
1 150 7.366197270754517e+02 3.582132616186723e-18 7.506198189686970e-02
2 231 7.375904519168967e+02 3.123092745383237e-18 8.662512400543995e-02
2 232 7.407704160484031e+02 3.032384489827471e-18 8.661554544601552e-02
1 151 7.415211219804133e+02 9.892930539920692e-17 7.506312179420624e-02
3 93 7.427091678045165e+02 6.517610772509525e-18 6.380515500320758e-02
0 50 7.434425865054984e+02 7.617367248267887e-18 5.197113743921446e-02
2 233 7.439498241047486e+02 1.846869133045407e-17 8.661254982758868e-02
1 152 7.464228942612995e+02 4.986926129149725e-18 7.506148064535897e-02
2 234 7.471292202860665e+02 3.661292493336502e-18 8.661689623458964e-02
2 235 7.503091062524501e+02 3.471556425500789e-18 8.663100233383664e-02
3 94 7.506680821106551e+02 5.091613269747077e-18 6.380110777883166e-02
1 153 7.513242325886987e+02 4.061711386943726e-18 7.505496198950236e-02
2 236 7.534885645316668e+02 5.343986881374415e-18 8.662713625313105e-02
1 154 7.562260554492296e+02 3.582564279222163e-18 7.505489587295532e-02
2 237 7.566679312252965e+02 4.388133141686317e-18 8.662948615997569e-02
0 51 7.581907629527871e+02 7.636269152322471e-18 5.196950663863819e-02
3 95 7.586269469909098e+02 5.019320117179743e-18 6.379137346215483e-02
2 238 7.598476715222604e+02 3.346636537114479e-18 8.665336386515417e-02
1 155 7.611276215799195e+02 4.279289402034479e-18 7.503666381746985e-02
2 239 7.630272458659803e+02 2.711027060083062e-18 8.665351445920948e-02
1 156 7.660294336653335e+02 4.183264854130120e-18 7.503053325072259e-02
2 240 7.662066585962571e+02 2.809121686243358e-18 8.665621969740719e-02
3 96 7.665858857152659e+02 5.565159511522028e-18 6.380586951588223e-02
2 241 7.693861626966727e+02 2.685541748885912e-18 8.666890012828637e-02
1 157 7.709311822572118e+02 4.333752750305233e-18 7.501909215033273e-02
0 52 7.729389569236992e+02 7.751560908239754e-18 5.197106904195473e-02
2 242 7.725657631430108e+02 8.508072598090716e-18 8.666812037365186e-02
3 97 7.745449367315241e+02 6.046991335760155e-18 6.381054988309802e-02
1 158 7.758330195133482e+02 4.255705626027364e-18 7.502228634283840e-02
2 243 7.757452157750902e+02 4.387616240164366e-18 8.665990263498076e-02
2 244 7.789245514389229e+02 2.685778609880583e-18 8.666104210722429e-02
1 159 7.807350893505541e+02 1.595184342476990e-16 7.503125569250092e-02
2 245 7.821040522820472e+02 6.396281674024008e-18 8.666193914740285e-02
3 98 7.825036837643752e+02 1.011226122297276e-17 6.381734316365476e-02
2 246 7.852836174032491e+02 2.686533685874582e-18 8.663711530932669e-02
1 160 7.856368335625507e+02 4.802841935278471e-18 7.504540398828392e-02
0 53 7.876871212900955e+02 7.849778235192820e-18 5.196937729168182e-02
2 247 7.884629663885414e+02 2.686630366426003e-18 8.663342009145804e-02
1 161 7.905386354219144e+02 3.639078829600063e-18 7.504830277303405e-02
3 99 7.904630157594412e+02 5.390836093663588e-18 6.381505691891018e-02
2 248 7.916424288449715e+02 2.722910600658215e-18 8.663626932653563e-02
2 249 7.948222681665974e+02 3.317292558549196e-18 8.661758828000961e-02
1 162 7.954400230404159e+02 3.640359879468733e-18 7.506727224935457e-02
2 250 7.980017252342451e+02 4.127789142713303e-18 8.661311654476783e-02
3 100 7.984229463860559e+02 6.046124792149885e-18 6.382426815234639e-02
1 163 8.003417114677829e+02 4.156678833874655e-18 7.506650882553066e-02
2 251 8.011812152915269e+02 8.537597593088311e-18 8.661535678309375e-02
0 54 8.024351704931865e+02 7.476152457981604e-18 5.196781166412673e-02
2 252 8.043612395323316e+02 5.738113171327046e-18 8.661606433050574e-02
1 164 8.052430381157550e+02 1.427509429629048e-17 7.506159941144490e-02
3 101 8.063817264641350e+02 5.157676917459526e-18 6.383297642820181e-02
2 253 8.075407651556563e+02 2.687272518084352e-18 8.661390676598221e-02
1 165 8.101446969187652e+02 4.249919152472450e-18 7.506174733167728e-02
2 254 8.107202477635684e+02 5.366745576505129e-18 8.661874900703391e-02
2 255 8.139000682677100e+02 4.141235786317969e-18 8.663997867805465e-02
3 102 8.143414707298589e+02 5.217597560877867e-18 6.382633857528107e-02
1 166 8.150460852900015e+02 3.583002204985334e-18 7.504341404534454e-02
0 55 8.171832339657026e+02 8.431937533655185e-18 5.197002667382760e-02
2 256 8.170795607209498e+02 2.874186766191800e-18 8.663739689669051e-02
1 167 8.199479570806758e+02 6.618157730594969e-18 7.504413986474011e-02
2 257 8.202589326582917e+02 2.689863846173399e-18 8.663967780171042e-02
3 103 8.223005580342686e+02 5.424314959475640e-18 6.381129543469496e-02
2 258 8.234384510819482e+02 2.685677824854146e-18 8.666365921666508e-02
1 168 8.248497893222137e+02 3.583569166293462e-18 7.503110532068001e-02
2 259 8.266179466085257e+02 5.077547041243842e-18 8.666328629782254e-02
1 169 8.297517289883647e+02 4.988247965341646e-18 7.502121417507752e-02
2 260 8.297972607127729e+02 4.387592259740563e-18 8.666190007694334e-02
3 104 8.302599452106055e+02 5.479960324416310e-18 6.380922912888730e-02
0 56 8.319313869653195e+02 8.235590277462059e-18 5.196991043607249e-02
2 261 8.329766697339523e+02 3.620563725837364e-18 8.666686085744059e-02
1 170 8.346535693791989e+02 4.068849309696758e-18 7.501995363437794e-02
2 262 8.361562409411491e+02 3.430108020223815e-18 8.666706557578484e-02
3 105 8.382190333049842e+02 5.453730540355459e-18 6.380748229337974e-02
2 263 8.393357539976450e+02 2.319860735046423e-17 8.665155365663624e-02
1 171 8.395553723695235e+02 6.600189214859964e-18 7.503432408878438e-02
2 264 8.425151898456133e+02 2.686192467326693e-18 8.664852801072455e-02
1 172 8.444572718419865e+02 2.406888370500985e-16 7.503810961849995e-02
2 265 8.456947662059081e+02 3.291045316576329e-18 8.664976377193138e-02
3 106 8.461773689553033e+02 6.887710952524743e-17 6.379934724974617e-02
0 57 8.466795694508377e+02 7.673214828454527e-18 5.196999997100697e-02
2 266 8.488745586933134e+02 2.739633391462196e-18 8.662584285530682e-02
1 173 8.493587657081556e+02 4.516304735020340e-18 7.505491922509305e-02
2 267 8.520539580014533e+02 3.717167094680630e-18 8.662322758166077e-02
1 174 8.542604865042574e+02 3.741347430471164e-18 7.505999517143895e-02
3 107 8.541364052953583e+02 6.048190971823447e-18 6.379173315333188e-02
2 268 8.552334407893743e+02 3.078326844138125e-18 8.662658163544695e-02
2 269 8.584133588459531e+02 4.388339165319897e-18 8.661746683018556e-02
1 175 8.591617596857728e+02 3.881238477161834e-18 7.506565015528600e-02
0 58 8.614277657535690e+02 9.469148477964389e-18 5.197123483902051e-02
2 270 8.615927422713008e+02 4.388428460627511e-18 8.661401064907352e-02
3 108 8.620955288823457e+02 2.123271361729099e-17 6.379604283717787e-02
1 176 8.640635709712330e+02 3.838726430542312e-18 7.506564165823229e-02
2 271 8.647721227983376e+02 2.687112624048189e-18 8.661682721210370e-02
2 272 8.679520526271832e+02 8.495074190495755e-18 8.662909605319268e-02
1 177 8.689650170945208e+02 3.678851195868790e-17 7.505528856654103e-02
3 109 8.700540552812649e+02 5.939933755717369e-18 6.381137435113257e-02
2 273 8.711315632673129e+02 3.669060917445280e-18 8.662619485615466e-02
1 178 8.738667416087471e+02 3.872566871196840e-18 7.504943822082685e-02
2 274 8.743109672858171e+02 2.686763955274436e-18 8.662953716722525e-02
0 59 8.761759662347461e+02 1.137715089909097e-17 5.196941143214662e-02
2 275 8.774907254107690e+02 2.717398623287018e-18 8.665319553190808e-02
3 110 8.780130948786629e+02 2.904994706601098e-17 6.381446995821008e-02
1 179 8.787682316233363e+02 5.056607798223996e-18 7.503222585999854e-02
2 276 8.806703131537245e+02 2.905689038371569e-18 8.665174815028369e-02
1 180 8.836700511275651e+02 4.181720805599217e-18 7.503498796762315e-02
2 277 8.838497610822220e+02 3.484603932773050e-18 8.665477761978266e-02
3 111 8.859723589511565e+02 6.264848544779824e-18 6.381373941114120e-02
2 278 8.870292245907110e+02 3.786159797385300e-18 8.666815489445685e-02
1 181 8.885719180150418e+02 5.711827552780301e-18 7.502405397982601e-02
2 279 8.902087672443510e+02 3.477319510085764e-18 8.666862715166863e-02
0 60 8.909240818512297e+02 7.620162329454170e-18 5.196910404210749e-02
2 280 8.933881672797330e+02 5.677592751694457e-18 8.666037905619493e-02
1 182 8.934738193600559e+02 6.627989663827748e-18 7.502265854127645e-02
3 112 8.939316515826830e+02 5.120225561313988e-18 6.382465176200229e-02
2 281 8.965674788821976e+02 8.091154700578416e-17 8.665983676877842e-02
1 183 8.983757171701250e+02 5.287911449359533e-18 7.502855501590158e-02
2 282 8.997469783460937e+02 3.627722011701425e-18 8.666071772734775e-02
3 113 9.018914828419190e+02 5.013681752862691e-18 6.383123686350552e-02
2 283 9.029265279664654e+02 3.506077274178355e-18 8.663612906196191e-02
1 184 9.032774816940142e+02 3.953740766521020e-18 7.504379402039615e-02
0 61 9.056721514458892e+02 7.600126904460107e-18 5.196910049585710e-02
2 284 9.061059065085456e+02 2.764906403417088e-18 8.663393449748950e-02
1 185 9.081794370341532e+02 3.192651187231040e-16 7.504848012716517e-02
2 285 9.092854026578171e+02 3.039260094180171e-18 8.663602068129929e-02
3 114 9.098501245399805e+02 5.534176585467833e-18 6.382766801359008e-02
2 286 9.124652724094950e+02 3.070902855205773e-18 8.661625715732084e-02
1 186 9.130808147957199e+02 4.045288237106236e-18 7.506598017787937e-02
2 287 9.156447751543561e+02 3.013765731395502e-18 8.661184204533974e-02
1 187 9.179824189291330e+02 3.634113242545165e-18 7.506507730092120e-02
3 115 9.178099600161033e+02 5.661565853998980e-18 6.381477694633439e-02
2 288 9.188242972837982e+02 3.492761483702785e-18 8.661482789472413e-02
0 62 9.204202180714852e+02 9.488760832255575e-18 5.196851836490234e-02
2 289 9.220043058060621e+02 4.388334673593871e-18 8.661829929810629e-02
1 188 9.228835901041645e+02 3.588298284227747e-18 7.506455475969304e-02
2 290 9.251837872071485e+02 7.196490885463432e-18 8.661542702085935e-02
3 116 9.257693112880135e+02 5.376750222519419e-18 6.381192596308151e-02
1 189 9.277853104613295e+02 4.829910232061850e-18 7.506594198944826e-02
2 291 9.283632300758132e+02 4.971904282241698e-18 8.661904775732185e-02
2 292 9.315430402238748e+02 3.340016717472192e-18 8.664007099837465e-02
1 190 9.326868931543430e+02 4.517082106523828e-17 7.504248456068409e-02
3 117 9.337281393921828e+02 5.348631424054589e-18 6.381062819151787e-02
2 293 9.347225022838256e+02 2.741619751638195e-18 8.663809679404623e-02
0 63 9.351683715528285e+02 7.667410596973029e-18 5.197091944730907e-02
1 191 9.375887372828968e+02 5.764973949982472e-18 7.503804258505507e-02
2 294 9.379018288728996e+02 4.275725818627093e-18 8.664188751037540e-02
2 295 9.410813720601924e+02 2.685653525858529e-18 8.666477515176743e-02
3 118 9.416871453642094e+02 5.018376302961457e-18 6.380691134346698e-02
1 192 9.424904719475204e+02 7.111468828847922e-18 7.502590540100668e-02
2 296 9.442608992163076e+02 3.313166036860511e-18 8.666325574110455e-02
1 193 9.473924384772927e+02 5.402884933180128e-18 7.502464696055169e-02
2 297 9.474402671985207e+02 3.569089618738345e-18 8.666151105251324e-02
0 64 9.499165849941393e+02 7.480416843421064e-18 5.197033808268089e-02
3 119 9.496458620584633e+02 5.387982556311730e-18 6.379247902256079e-02
2 298 9.506197169912350e+02 4.387415865877857e-18 8.666780315446412e-02
1 194 9.522942937755325e+02 4.297137381852422e-18 7.502414485348695e-02
2 299 9.537993143679034e+02 2.134648636567521e-16 8.666914022273069e-02
2 300 9.569788552517603e+02 2.686121571993822e-18 8.665296907824195e-02
1 195 9.571960451943322e+02 4.405443130647403e-18 7.503409322565806e-02
3 120 9.576048560013742e+02 5.522361075283526e-18 6.379810048615343e-02
2 301 9.601582545697725e+02 2.522122904893683e-17 8.664896371921807e-02
1 196 9.620978005392034e+02 3.846957619355805e-18 7.503506229771818e-02
2 302 9.633378149956666e+02 3.164861542282805e-18 8.664989252521280e-02
0 65 9.646647588682971e+02 1.208061198137120e-16 5.196975721021558e-02
3 121 9.655638522105846e+02 6.990790615053726e-18 6.380401036444683e-02
2 303 9.665175713795950e+02 4.305184605759914e-18 8.662696846119633e-02
1 197 9.669993311206879e+02 4.987218228269089e-18 7.505332307634581e-02
2 304 9.696969174636515e+02 5.016919824005378e-18 8.662507561080612e-02
1 198 9.719012967970787e+02 3.189463183615108e-16 7.505898940530559e-02
2 305 9.728763542196916e+02 3.328395523598305e-18 8.662797849917137e-02
3 122 9.735222691062698e+02 5.661071533408946e-18 6.380975705895689e-02
2 306 9.760562577553154e+02 5.049991263376321e-17 8.661584970105309e-02
1 199 9.768026440900732e+02 3.823826246534044e-18 7.506385886285270e-02
2 307 9.792356862596429e+02 2.687292618036641e-18 8.661235927540298e-02
0 66 9.794129522235806e+02 7.714441417692906e-18 5.197072226460549e-02
1 200 9.817043645874422e+02 3.648185777579588e-18 7.506445049640890e-02
3 123 9.814814813719461e+02 5.436183945185898e-18 6.380881542172696e-02
2 308 9.824150984040558e+02 2.002675605954391e-16 8.661600901024455e-02
2 309 9.855950515008641e+02 3.407594494364503e-18 8.662887507953623e-02
1 201 9.866055966858770e+02 3.747413527656058e-18 7.505996226331259e-02
2 310 9.887745988805027e+02 2.029899170258919e-17 8.662548129588475e-02
3 124 9.894411530107649e+02 4.952022874367246e-18 6.381861771278755e-02
1 202 9.915073086958757e+02 3.582517640734662e-18 7.505522855837173e-02
2 311 9.919540419124706e+02 2.768626266929837e-18 8.662724091632418e-02
0 67 9.941610747117892e+02 7.804936380759276e-18 5.196847250721950e-02
2 312 9.951338027562892e+02 3.072453118253142e-18 8.665180839437367e-02
1 203 9.964089484264413e+02 3.358744014813665e-17 7.503256351379292e-02
3 125 9.974000283435123e+02 3.101671961762167e-17 6.383108970768427e-02
2 313 9.983133696036944e+02 4.387740791638421e-18 8.665084115383231e-02
1 204 1.001310703023717e+03 4.262383275135980e-18 7.502959324937025e-02
2 314 1.001492784599760e+03 4.387717563784409e-18 8.665520234875126e-02
2 315 1.004672202353588e+03 3.529528285380382e-18 8.666793904907248e-02
3 126 1.005359833695935e+03 6.045684088402577e-18 6.383283789770135e-02
1 205 1.006212586699099e+03 3.839992326732315e-18 7.501941780175359e-02
2 316 1.007851702991577e+03 4.387413751758406e-18 8.666699766061493e-02
0 68 1.008909106672247e+03 7.737695353624973e-18 5.196826553588849e-02
1 206 1.011114616507051e+03 4.988062644759212e-18 7.502635540273360e-02
2 317 1.011031080373169e+03 9.106725774846488e-16 8.665947567529465e-02
3 127 1.013318835021274e+03 5.481217648173280e-18 6.381939793009071e-02
2 318 1.014210409259106e+03 3.595585881836451e-18 8.665979838263606e-02
1 207 1.016016543836679e+03 9.370010920454987e-18 7.503274785174326e-02
2 319 1.017389909793398e+03 3.007897058099269e-16 8.666199559229479e-02
2 320 1.020569468216817e+03 3.209484134318610e-16 8.663653284577875e-02
1 208 1.020918285351661e+03 6.650785727972270e-18 7.504420671262806e-02
3 128 1.021278603957029e+03 6.046762902533884e-18 6.381557257599690e-02
0 69 1.023657204037848e+03 7.600738637634259e-18 5.197049140620611e-02
2 321 1.023748890309586e+03 3.398824182483936e-18 8.663308367225024e-02
1 209 1.025819986823658e+03 5.256974185046080e-18 7.504711401216868e-02
2 322 1.026928450281508e+03 1.453636803273520e-15 8.663511800788054e-02
3 129 1.029237810015627e+03 8.064895884595123e-17 6.381581095906864e-02
2 323 1.030108353413531e+03 4.550375854648195e-18 8.661723084558831e-02
1 210 1.030721309811649e+03 5.975946663488210e-18 7.506501633930332e-02
2 324 1.033287832343679e+03 4.388449973465468e-18 8.661393633213658e-02
1 211 1.035623148587312e+03 2.691835865882696e-16 7.506415266553210e-02
2 325 1.036467341286500e+03 4.388385509374192e-18 8.661591656847419e-02
3 130 1.037196305545930e+03 5.169722791790384e-18 6.380429922411417e-02
0 70 1.038405382690246e+03 7.543656434315477e-18 5.196978883897780e-02
2 326 1.039647321051378e+03 4.388314088019725e-18 8.661887139424308e-02
1 212 1.040524398020646e+03 4.017416427329406e-18 7.506139948723396e-02
2 327 1.042826771648259e+03 2.960538207437239e-18 8.661622670240475e-02
3 131 1.045155389411323e+03 1.981019784680323e-17 6.379689400922053e-02
1 213 1.045426107475973e+03 3.865178801714021e-18 7.506293655242198e-02
2 328 1.046006163705913e+03 3.274789534910612e-18 8.662098451951591e-02
2 329 1.049185954747881e+03 2.550605851967733e-17 8.664209609456232e-02
1 214 1.050327567252256e+03 3.654559970451750e-18 7.504641297480681e-02
2 330 1.052365414243436e+03 2.984489220767256e-18 8.663906844056282e-02
0 71 1.053153562221662e+03 7.469155972520568e-18 5.197026216477284e-02
3 132 1.053114452256570e+03 5.943579689764335e-18 6.379371311744679e-02
1 215 1.055229439184280e+03 3.853871365741636e-18 7.504365756733104e-02
2 331 1.055544747957839e+03 1.566951433677108e-16 8.664172617687441e-02
2 332 1.058724359485196e+03 3.365263361028031e-18 8.666438989340704e-02
1 216 1.060131227493831e+03 9.153387607119544e-18 7.502558555344868e-02
3 133 1.061073023956613e+03 1.731193939467222e-17 6.380469365266783e-02
2 333 1.061903938926995e+03 9.057749277803984e-18 8.666401599811129e-02
1 217 1.065033055013641e+03 5.066890862717484e-18 7.501874105256194e-02
2 334 1.065083342375461e+03 4.476283723688708e-18 8.666288125010248e-02
0 72 1.067901770424694e+03 7.469152346462538e-18 5.197126468225312e-02
2 335 1.068262788496647e+03 5.467852295844239e-18 8.666836999111339e-02
3 134 1.069031962982627e+03 6.818399435880799e-18 6.380824367317818e-02
1 218 1.069934868515035e+03 3.838284414061004e-18 7.501952130080500e-02
2 336 1.071442384631723e+03 3.378699474191734e-18 8.666843341785052e-02
1 219 1.074836707898464e+03 4.987752193743046e-18 7.503704161675603e-02
2 337 1.074621935264741e+03 2.788605358730205e-18 8.665255877563069e-02
3 135 1.076990807164937e+03 6.648778968963378e-18 6.380580599669756e-02
2 338 1.077801284504361e+03 2.416190593125222e-17 8.664995675395094e-02
1 220 1.079738590667518e+03 5.216491543277390e-17 7.503852332758679e-02
2 339 1.080980779205608e+03 3.559665646745035e-18 8.665154353565331e-02
0 73 1.082649945196230e+03 7.767374506992964e-18 5.196891372690865e-02
2 340 1.084160485217331e+03 3.250224946111701e-16 8.662713078065568e-02
1 221 1.084640157371686e+03 6.605488730357990e-18 7.505409481032363e-02
3 136 1.084950109624737e+03 5.135128651054155e-18 6.381366934690297e-02
2 341 1.087339830370981e+03 5.502637693500445e-18 8.662365667604784e-02
1 222 1.089541919045026e+03 3.582372149345913e-18 7.505774275871090e-02
2 342 1.090519282908857e+03 3.503711929376265e-18 8.662711176964863e-02
3 137 1.092909761456629e+03 5.551400767720845e-18 6.382780586206829e-02
2 343 1.093699203582538e+03 4.687671470400515e-18 8.661458280859234e-02
1 223 1.094443256086770e+03 3.937754894051261e-18 7.506486628222436e-02
2 344 1.096878662477973e+03 2.687325947009492e-18 8.661180512774723e-02
0 74 1.097398029969997e+03 7.624664700153395e-18 5.196933936304161e-02
1 224 1.099345127254722e+03 1.611411733702711e-16 7.506528178332693e-02
2 345 1.100058119282033e+03 4.290877220854248e-18 8.661441429534383e-02
3 138 1.100868362292250e+03 5.530087787302834e-18 6.382864820337684e-02
2 346 1.103238093504016e+03 2.752285300747840e-18 8.662681542646126e-02
1 225 1.104246348073589e+03 4.095517741959512e-18 7.505739231552963e-02
2 347 1.106417666495495e+03 3.291571321338597e-18 8.662409194905912e-02
3 139 1.108828279826192e+03 5.373833910092457e-18 6.382444751875337e-02
1 226 1.109147995532802e+03 3.584247222009104e-18 7.505319437325192e-02
2 348 1.109597122819625e+03 3.424911489818855e-18 8.662682844530231e-02
0 75 1.112146095351079e+03 9.156994821024283e-18 5.196928319757742e-02
2 349 1.112776828610778e+03 4.945704764264565e-17 8.665267864107484e-02
1 227 1.114049557424584e+03 3.814586552349342e-18 7.503739654295065e-02
2 350 1.115956347152361e+03 3.390882942337562e-18 8.665046368205148e-02
3 140 1.116787651978939e+03 5.465557267775776e-18 6.381803693456083e-02
1 228 1.118951398600103e+03 5.451704536755048e-18 7.503550984594619e-02
2 351 1.119135719029877e+03 2.686101832297709e-18 8.665379247985219e-02
2 352 1.122315141407198e+03 2.685559186022014e-18 8.666745970490879e-02
1 229 1.123853421447344e+03 1.301218216204684e-17 7.501935393519922e-02
3 141 1.124746917691245e+03 5.165456136426860e-18 6.381882637173175e-02
2 353 1.125494627724230e+03 3.109857813459467e-18 8.666721747383309e-02
0 76 1.126894186573186e+03 7.511376996720428e-18 5.196925661599968e-02
1 230 1.128755365420699e+03 4.271377854478092e-18 7.502076850057995e-02
2 354 1.128673973199561e+03 3.127346043444081e-18 8.666077233741690e-02
2 355 1.131853340882812e+03 2.685811983841292e-18 8.666023582095270e-02
3 142 1.132706004316759e+03 5.130519280361068e-18 6.381582545239392e-02
1 231 1.133657193816896e+03 3.836232265066242e-18 7.502779777426634e-02
2 356 1.135032888157454e+03 3.513918792952649e-18 8.666150623071101e-02
1 232 1.138559001558852e+03 4.987415849710981e-18 7.504676573462836e-02
2 357 1.138212506394600e+03 4.049323952411804e-18 8.663721021705648e-02
3 143 1.140664744364665e+03 4.953870485428671e-18 6.379550776675193e-02
0 77 1.141642372586471e+03 7.754553106265371e-18 5.197158431094089e-02
2 358 1.141391949731089e+03 9.222096982389226e-17 8.663437111926349e-02
1 233 1.143460734673810e+03 2.421982290684963e-16 7.505053408102969e-02
2 359 1.144571515800998e+03 5.679696777984222e-18 8.663698685469660e-02
2 360 1.147751420865415e+03 3.479170661422363e-18 8.661896324022290e-02
1 234 1.148362016254179e+03 4.149178912921583e-18 7.506440833844052e-02
3 144 1.148623875922514e+03 5.459773817747320e-18 6.379537958737810e-02
2 361 1.150930857394860e+03 6.416880845643722e-18 8.661477849678736e-02
1 235 1.153263713505546e+03 3.850166179974973e-18 7.506248836038215e-02
2 362 1.154110338146409e+03 4.388351499680713e-18 8.661718815170824e-02
0 78 1.156390575879983e+03 8.235614028892905e-18 5.197035754488956e-02
3 145 1.156582849000879e+03 5.392373281795973e-18 6.380090570541166e-02
2 363 1.157290282485928e+03 2.805749601726731e-18 8.662044203617436e-02
1 236 1.158165010043523e+03 5.985142900039037e-18 7.506185870978423e-02
2 364 1.160469690293412e+03 2.689252657592612e-18 8.661825102718963e-02
1 237 1.163066953034742e+03 4.728228034912498e-17 7.506177236533358e-02
2 365 1.163649051930779e+03 2.810610880572760e-18 8.662206557212759e-02
3 146 1.164541113739537e+03 4.953320628411363e-18 6.380287163785085e-02
2 366 1.166828878503611e+03 3.442690780287341e-18 8.664110013125902e-02
1 238 1.167968412449621e+03 3.924214722920918e-18 7.504316262219622e-02
2 367 1.170008393398542e+03 1.725311700742784e-17 8.663863490801384e-02
0 79 1.171138756281652e+03 8.081128667116525e-18 5.197027338670421e-02
3 147 1.172500174574094e+03 5.277932045842978e-18 6.380368276510634e-02
1 239 1.172870176100198e+03 3.615209746130414e-18 7.504137519646149e-02
2 368 1.173187768410277e+03 2.686399951171096e-18 8.664235684862368e-02
2 369 1.176367393722235e+03 3.465314799732220e-18 8.666524919090537e-02
1 240 1.177771805729257e+03 4.020877651817066e-18 7.503009793392239e-02
2 370 1.179546998984095e+03 2.685714875674745e-18 8.666394850707240e-02
3 148 1.180459498837124e+03 4.035315240025157e-17 6.380822753433474e-02
1 241 1.182673646674923e+03 3.775382411302179e-18 7.502451859379651e-02
2 371 1.182726432479909e+03 4.190863831848715e-18 8.666170032766524e-02
0 80 1.185886929670065e+03 7.535872097439162e-18 5.197077749935285e-02
2 372 1.185905854873260e+03 4.081905725644211e-18 8.666770183090021e-02
1 242 1.187575602232019e+03 2.884944590898655e-17 7.501994170462105e-02
3 149 1.188418449070503e+03 6.604127484314716e-18 6.382359649659930e-02
2 373 1.189085413489109e+03 2.704768892511816e-18 8.666852446284866e-02
1 243 1.192477373902516e+03 4.274781676149520e-18 7.503140260323195e-02
2 374 1.192264903794558e+03 2.859699117130319e-18 8.665337155493229e-02
2 375 1.195444224290368e+03 5.042289801861708e-18 8.664977048607897e-02
3 150 1.196378089714541e+03 5.481928475896116e-18 6.383289976913657e-02
1 244 1.197379273296605e+03 4.101677492412740e-18 7.503402181017454e-02
2 376 1.198623692656187e+03 1.752248298909440e-17 8.665030426838428e-02
0 81 1.200635013879006e+03 7.774482569205442e-18 5.196848254819422e-02
1 245 1.202280996873321e+03 4.987077587505373e-18 7.505739669618841e-02
2 377 1.201803388724459e+03 4.388199311382921e-18 8.662601857115698e-02
3 151 1.204336969400702e+03 5.171946108335757e-18 6.382228934163847e-02
2 378 1.204982765526228e+03 5.760650984455184e-18 8.662321926596261e-02
1 246 1.207182767131125e+03 5.391129922120972e-16 7.506097876500695e-02
2 379 1.208162231913556e+03 7.507944417486150e-18 8.662722469718671e-02
2 380 1.211342182556850e+03 3.082846113480754e-18 8.661324769814699e-02
1 247 1.212084029206538e+03 4.424935090045661e-18 7.506605706483185e-02
3 152 1.212296974917518e+03 4.772046630043363e-17 6.382057115002375e-02
2 381 1.214521682275270e+03 2.808323283947725e-18 8.660929357281322e-02
0 82 1.215383048233357e+03 8.402540723186112e-18 5.196935306350297e-02
1 248 1.216985641939967e+03 4.986744820299601e-18 7.506624917972164e-02
2 382 1.217701195145874e+03 2.691066668960091e-18 8.661266883046563e-02
3 153 1.220256298075276e+03 6.119074973051837e-18 6.382303279001554e-02
2 383 1.220881162540702e+03 2.993849841633252e-18 8.662723544733802e-02
1 249 1.221886865164313e+03 4.624384938538423e-18 7.505833116015144e-02
2 384 1.224060692395692e+03 3.461165558974675e-18 8.662514482658261e-02
1 250 1.226788761856955e+03 2.398113665349008e-16 7.505249782743052e-02
2 385 1.227240123451463e+03 6.507189506051922e-18 8.662682991695256e-02
3 154 1.228215106661807e+03 1.171279244711440e-17 6.381314775195504e-02
0 83 1.230131185000846e+03 7.485847924856657e-18 5.197143923715879e-02
2 386 1.230419795812946e+03 2.686029523103936e-18 8.665193387434035e-02
1 251 1.231690387178753e+03 3.712486708220201e-18 7.503363906736965e-02
2 387 1.233599288676350e+03 3.440133155800229e-18 8.665054697184835e-02
3 155 1.236174231297654e+03 5.941365611132562e-18 6.380748680839210e-02
1 252 1.236592215144391e+03 3.690675420723478e-18 7.503213746147418e-02
2 388 1.236778615022911e+03 2.686056206954957e-18 8.665474608421132e-02
2 389 1.239958042308237e+03 3.724927681877275e-18 8.666927422289740e-02
1 253 1.241494122039383e+03 3.608387526291866e-18 7.502368062217724e-02
2 390 1.243137550990956e+03 2.807601619422215e-18 8.666744874144106e-02
3 156 1.244133337431426e+03 5.026073285181969e-18 6.379282906669582e-02
0 84 1.244879379062496e+03 7.723727901274289e-18 5.197025430956639e-02
1 254 1.246396071972613e+03 3.583777639584004e-18 7.502654053836877e-02
2 391 1.246316927308305e+03 2.686498170936184e-18 8.666008267351395e-02
2 392 1.249496354290403e+03 2.685807933902452e-18 8.666071877171362e-02
1 255 1.251297930018317e+03 3.175515156193740e-17 7.502710531748014e-02
3 157 1.252092096238883e+03 5.293723702257415e-18 6.380257052484534e-02
2 393 1.252675944771494e+03 4.172061096218501e-18 8.666307728382019e-02
1 256 1.256199578377835e+03 4.278510136032986e-18 7.504069381360537e-02
2 394 1.255855586246780e+03 5.817171660456161e-18 8.663976831004208e-02
2 395 1.259035007587067e+03 3.458516235085306e-18 8.663550683670175e-02
0 85 1.259627551420046e+03 7.469178563540905e-18 5.197131388091885e-02
3 158 1.260050952437854e+03 5.579499037740999e-18 6.380558132616083e-02
1 257 1.261101304102245e+03 4.355998197039885e-18 7.504587566676266e-02
2 396 1.262214555441655e+03 2.686500242798414e-18 8.663728544774078e-02
2 397 1.265394444409777e+03 1.294775391503781e-17 8.662037826409391e-02
1 258 1.266002762295149e+03 5.908705013639316e-18 7.506522679350078e-02
3 159 1.268009477326834e+03 5.016529745654225e-18 6.379831046036646e-02
2 398 1.268573830457307e+03 3.045757159440101e-18 8.661734844819800e-02
1 259 1.270904582076541e+03 9.326353119501402e-16 7.506382583917685e-02
2 399 1.271753248483376e+03 2.854782315860832e-18 8.661969052642528e-02
0 86 1.274375766476859e+03 7.506575969694814e-18 5.197149569510724e-02
2 400 1.274933179813727e+03 2.689172542098136e-18 8.661996887383021e-02
1 260 1.275805852261673e+03 4.986891971078791e-18 7.506260917489667e-02
3 160 1.275968713478181e+03 5.209320288972083e-18 6.380211733978586e-02
2 401 1.278112609073097e+03 3.018941156067609e-18 8.661679290060373e-02
1 261 1.280707562339961e+03 5.202820202911895e-18 7.506203186320280e-02
2 402 1.281292002119945e+03 4.988203253870609e-18 8.662174931412697e-02
3 161 1.283928121913398e+03 6.927116397057521e-18 6.381857698249944e-02
2 403 1.284471871557814e+03 3.019638123633546e-18 8.664110493802911e-02
1 262 1.285608979913174e+03 7.456067008778003e-18 7.504545577130754e-02
2 404 1.287651413912660e+03 5.252181661144226e-18 8.663871065890617e-02
0 87 1.289123906327215e+03 7.673493190231689e-18 5.196914991366949e-02
1 263 1.290510880403921e+03 3.482573063281776e-16 7.504154388303841e-02
2 405 1.290830836448635e+03 3.413790941924065e-18 8.664126448872823e-02
3 162 1.291886709634547e+03 5.133716640152555e-18 6.382418699840234e-02
2 406 1.294010457220895e+03 6.649947674933764e-18 8.666341869850472e-02
1 264 1.295412521503285e+03 3.731114482082432e-18 7.502570493580861e-02
2 407 1.297190064135595e+03 3.092992110578080e-18 8.666337051358590e-02
3 163 1.299846495612008e+03 5.650110838810670e-18 6.382945292249548e-02
1 265 1.300314327285939e+03 3.584451125241634e-18 7.502085740461573e-02
2 408 1.300369485576826e+03 2.685885412227778e-18 8.666218825733395e-02
2 409 1.303548844249726e+03 2.854287447955865e-18 8.666788433386649e-02
0 88 1.303871966065578e+03 2.270232331447011e-16 5.197003717968537e-02
1 266 1.305216262509665e+03 3.678134642820709e-18 7.502517562023714e-02
2 410 1.306728359504268e+03 3.355025253241291e-18 8.666735954020451e-02
3 164 1.307805813584516e+03 5.996477244996954e-18 6.382003131787400e-02
1 267 1.310118131694151e+03 3.923639809151660e-18 7.503714733396027e-02
2 411 1.309907805339676e+03 5.046303680766911e-18 8.665182433662999e-02
2 412 1.313087147137104e+03 3.293843000710292e-18 8.664933838078390e-02
1 268 1.315020108523172e+03 3.028709703244974e-17 7.503415480399225e-02
3 165 1.315765451615119e+03 7.030778353341592e-18 6.382681117528852e-02
2 413 1.316266617761972e+03 4.387712408017674e-18 8.665069546387974e-02
0 89 1.318620039082222e+03 7.565566447619224e-18 5.197000337784556e-02
2 414 1.319446299436717e+03 4.388207283728038e-18 8.662604631133126e-02
1 269 1.319921681966381e+03 6.764572351205739e-18 7.505308751397792e-02
2 415 1.322625723869703e+03 1.247227051621211e-16 8.662179809251726e-02
3 166 1.323724625831137e+03 5.519999081794346e-18 6.382517004871502e-02
1 270 1.324823360063032e+03 5.287755863618700e-18 7.505726696813385e-02
2 416 1.325805243519407e+03 4.669931110175830e-18 8.662529058412467e-02
2 417 1.328985237823372e+03 3.155695111908659e-18 8.661342208054425e-02
1 271 1.329724747784173e+03 6.265791935128389e-18 7.506769463393143e-02
3 167 1.331683513216155e+03 5.224444380197584e-18 6.380360209041824e-02
2 418 1.332164738458716e+03 2.695880377996919e-18 8.661001597617707e-02
0 90 1.333368164948290e+03 7.781659706909411e-18 5.197055357022374e-02
1 272 1.334626414292926e+03 5.566878395055329e-18 7.506831418199252e-02
2 419 1.335344237604276e+03 3.043281949283873e-18 8.661358519692572e-02
2 420 1.338524179897179e+03 3.114718275883811e-18 8.662749792550176e-02
1 273 1.339527629528182e+03 4.434621308280551e-18 7.505760980008298e-02
3 168 1.339642741929798e+03 5.212427126974660e-18 6.379902714355946e-02
2 421 1.341703666030196e+03 6.432809053937974e-18 8.662497481111872e-02
1 274 1.344429385913128e+03 3.854829558567023e-18 7.505285080128594e-02
2 422 1.344883061138424e+03 5.840699854821199e-18 8.662795553066593e-02
2 423 1.348062719069914e+03 3.685813883109199e-18 8.665350254169366e-02
3 169 1.347601820064438e+03 4.953732263413972e-18 6.379932334306307e-02
0 91 1.348116369110014e+03 9.636324766313707e-18 5.197214176399034e-02
1 275 1.349331025659370e+03 6.000672004433483e-18 7.503606671217768e-02
2 424 1.351242186269158e+03 6.235247937627033e-17 8.665196978011627e-02
1 276 1.354233050069229e+03 3.229540080587899e-16 7.503088522043372e-02
2 425 1.354421505658501e+03 4.387701303788441e-18 8.665460036840147e-02
3 170 1.355560159283073e+03 5.485467138665635e-18 6.380089088938572e-02
2 426 1.357600991234277e+03 4.020318310855597e-18 8.666926307888718e-02
1 277 1.359134907594941e+03 3.608094012763993e-18 7.501854018147358e-02
2 427 1.360780562207472e+03 2.755236226219281e-18 8.666837653558693e-02
0 92 1.362864560938430e+03 7.604616775160749e-18 5.197098369053683e-02
3 171 1.363519090490381e+03 4.340498699206843e-17 6.380284779857308e-02
1 278 1.364036739297840e+03 3.594098522960236e-18 7.502258588789511e-02
2 428 1.363959983261858e+03 3.835646022252281e-18 8.666181804870761e-02
2 429 1.367139404967101e+03 3.944451257798118e-18 8.666226330018620e-02
1 279 1.368938526676692e+03 3.909330750240244e-18 7.503107964173165e-02
2 430 1.370319007518455e+03 3.319133487160551e-18 8.666335248949214e-02
3 172 1.371478094259432e+03 5.818301829395434e-18 6.379774346518054e-02
1 280 1.373840221914989e+03 3.879746719189682e-18 7.504584861804307e-02
2 431 1.373498662330535e+03 9.931559385012961e-16 8.663987989221818e-02
2 432 1.376678043869477e+03 3.373565008148370e-18 8.663676646887912e-02
0 93 1.377612741658533e+03 7.836363068672997e-18 5.197100684403935e-02
1 281 1.378742064188609e+03 2.291087527691223e-17 7.504553856361011e-02
2 433 1.379857541184603e+03 5.458309562448186e-16 8.663944284469909e-02
3 173 1.379437086889605e+03 5.485419711520445e-18 6.381392275100847e-02
2 434 1.383037370321865e+03 3.412869540569065e-18 8.662149336987558e-02
1 282 1.383643428648615e+03 5.915150986503886e-18 7.505976383870332e-02
2 435 1.386216742240837e+03 2.669337632857717e-17 8.661737877274409e-02
3 174 1.387396456103105e+03 5.228026473444025e-18 6.382681658030798e-02
1 283 1.388545250518107e+03 4.362857547500251e-18 7.505991279978490e-02
2 436 1.389396153226580e+03 2.795401346905480e-18 8.661901166418864e-02
0 94 1.392360884870318e+03 1.563984134666371e-17 5.197087675968189e-02
2 437 1.392576109437910e+03 4.315359711142139e-18 8.661905193547616e-02
1 284 1.393446665686630e+03 4.986777029213717e-18 7.506495168259596e-02
3 175 1.395355175607286e+03 1.508340389863502e-16 6.382023004975509e-02
2 438 1.395755578425229e+03 7.825488997411229e-18 8.661640835169275e-02
1 285 1.398348379733587e+03 4.986857969120895e-18 7.506371723376665e-02
2 439 1.398934994867737e+03 3.332885880276241e-18 8.662113673337951e-02
2 440 1.402114894720085e+03 1.247312290037959e-17 8.663934697595171e-02
1 286 1.403249718565215e+03 6.717131979862155e-18 7.504604140377018e-02
3 176 1.403315158559939e+03 5.245251189230245e-18 6.382244826085312e-02
2 441 1.405294467009033e+03 2.686570339010839e-18 8.663629639008058e-02
0 95 1.407108938623673e+03 8.168889449075916e-18 5.196894800328774e-02
1 287 1.408151382253330e+03 4.021624976617208e-18 7.504374869764699e-02
2 442 1.408473924403065e+03 3.034673638406911e-16 8.664021206486064e-02
3 177 1.411274554556852e+03 1.011110257086976e-17 6.382638635746370e-02
2 443 1.411653505016534e+03 3.931978873631700e-18 8.666348581077983e-02
1 288 1.413053078494007e+03 6.816388995980024e-18 7.502851199113664e-02
2 444 1.414833054084265e+03 1.086595373193972e-17 8.666347804429347e-02
1 289 1.417955128275865e+03 3.891942513888884e-18 7.502052906054707e-02
2 445 1.418012439646098e+03 1.177440920069058e-16 8.666131467125747e-02
3 178 1.419233705714034e+03 5.182100799465580e-18 6.382352603769338e-02
2 446 1.421191780341672e+03 2.799871794652977e-18 8.666633856802332e-02
0 96 1.421856996843599e+03 7.524724330909435e-18 5.197086331134325e-02
1 290 1.422857078307682e+03 3.944024617856503e-18 7.502057747051087e-02
2 447 1.424371279623417e+03 4.365768590290650e-18 8.666713660963117e-02
3 179 1.427192890501510e+03 4.992581858511508e-18 6.382011367162260e-02
1 291 1.427758921124988e+03 3.583631379127181e-18 7.503268230170948e-02
2 448 1.427550692038220e+03 2.686124576011017e-18 8.665270266024282e-02
2 449 1.430730054603471e+03 4.387753429025533e-18 8.664989383716255e-02
1 292 1.432660821356697e+03 3.900942917148248e-18 7.503895507511903e-02
2 450 1.433909569039745e+03 5.595456748792097e-18 8.664969815907063e-02
3 180 1.435152143136304e+03 5.293710777573247e-18 6.379689643822953e-02
0 97 1.436605171036919e+03 7.883680421230230e-18 5.197212183013409e-02
2 451 1.437089295964415e+03 3.157290740229242e-18 8.662479273774762e-02
1 293 1.437562391051568e+03 4.227241960264416e-18 7.505915084198971e-02
2 452 1.440268764748416e+03 3.393938920105274e-18 8.662192164872858e-02
1 294 1.442464080450129e+03 1.697326577848757e-17 7.505722924065117e-02
3 181 1.443111114363435e+03 5.590329417374366e-18 6.380582261192720e-02
2 453 1.443448313168664e+03 5.683207466779297e-16 8.662638954454796e-02
2 454 1.446628298276892e+03 8.267958023131235e-17 8.661568496926600e-02
1 295 1.447365309833081e+03 5.152223460714507e-18 7.506256289853996e-02
2 455 1.449807766486423e+03 3.111291053686193e-18 8.661074721712016e-02
3 182 1.451069991662698e+03 5.135639100291821e-18 6.380481990442738e-02
0 98 1.451353359730153e+03 8.310324629488813e-18 5.197064665271892e-02
1 296 1.452266989515040e+03 3.827470145251997e-18 7.506458558039475e-02
2 456 1.452987234339634e+03 4.629757903522551e-16 8.661392653465781e-02
2 457 1.456167150135171e+03 3.357369964699558e-18 8.662887479463681e-02
1 297 1.457168427798210e+03 4.228571377263219e-18 7.505765027328992e-02
2 458 1.459346593289624e+03 3.548240178127928e-18 8.662728333040001e-02
3 183 1.459028382098003e+03 5.364365931342198e-18 6.379509351644032e-02
