0 0 4.431132441292748e-01 7.442325727310526e-18 5.433275715062942e-02
1 0 3.265121029888294e+00 4.245757543711868e-18 6.890924595676201e-02
1 1 9.502719427777913e+00 4.934617284436877e-18 6.891543193002037e-02
0 1 1.316401963159143e+01 7.053252989416244e-18 5.433210629276224e-02
1 2 1.573988387675596e+01 1.792543093324701e-17 6.891719897930117e-02
1 3 2.197742807983224e+01 4.804356368771333e-18 6.892654337216912e-02
0 2 2.588494623126625e+01 6.803300766109725e-18 5.433106595845599e-02
1 4 2.821457441232679e+01 4.757247499497423e-18 6.892907194595579e-02
1 5 3.445204285748074e+01 4.780051528818156e-18 6.894096518926178e-02
0 3 3.860590515805671e+01 6.955674533512021e-18 5.432973272398024e-02
1 6 4.068916332966624e+01 4.847999130872967e-18 6.894420780577833e-02
1 7 4.692654006649381e+01 5.662822978210364e-16 6.895784059287324e-02
0 4 5.132690298520907e+01 7.021534973484195e-18 5.432811078224095e-02
1 8 5.316362896109715e+01 4.184403422269615e-18 6.896173338948512e-02
1 9 5.940090495937199e+01 4.190145736246015e-18 6.897617707562882e-02
0 5 6.404794736165593e+01 6.869904470609023e-18 5.432630522916963e-02
1 10 6.563795816793966e+01 6.630448032820188e-18 6.898063666645488e-02
1 11 7.187512997391970e+01 5.092697382133450e-16 6.899491795080866e-02
0 6 7.676904098609259e+01 7.267037846873142e-18 5.432436817509143e-02
1 12 7.811214243433383e+01 4.407427518678409e-18 6.899983607357170e-02
1 13 8.434921436011857e+01 4.457006326902467e-18 6.901298105186809e-02
0 7 8.949018660113083e+01 6.895820898068864e-18 5.432238659260635e-02
1 14 9.058618432309198e+01 5.152468635245671e-18 6.901820780995842e-02
1 15 9.682316766237577e+01 5.606169263698383e-18 6.902932700841821e-02
0 8 1.022113810586901e+02 6.737313515249876e-18 5.432042274765612e-02
1 16 1.030600956431350e+02 4.130696862258084e-17 6.903465167969866e-02
1 17 1.092970054798838e+02 5.755172205397073e-18 6.904302556079618e-02
0 9 1.149326226120536e+02 7.057787056510345e-18 5.431860407246543e-02
1 18 1.155338925649385e+02 4.179272945469882e-18 6.904813767707509e-02
1 19 1.217707496255800e+02 4.806889890126652e-18 6.905330237048068e-02
0 10 1.276539031996341e+02 7.900005206995618e-18 5.431695178580413e-02
1 20 1.280076020905938e+02 4.264044369171874e-18 6.905774332445379e-02
1 21 1.342444288905373e+02 4.386256488158549e-18 6.905957782004181e-02
0 11 1.403752134489438e+02 6.875840225084096e-18 5.431593477274692e-02
1 22 1.404812568968203e+02 1.204339389108224e-17 6.906261201889401e-02
1 23 1.467180739939995e+02 5.596389633339226e-18 6.906149779140580e-02
1 24 1.529548905224121e+02 5.417428249140691e-18 6.906225566496847e-02
0 12 1.530965362076359e+02 8.650623381221225e-18 5.431601353001886e-02
1 25 1.591917174304354e+02 4.500934639989863e-18 6.905896221892889e-02
1 26 1.654285421059263e+02 6.363103822028167e-18 6.905673330472781e-02
0 13 1.658178493894131e+02 6.737714421511496e-18 5.431722312361829e-02
1 27 1.716653934787289e+02 5.911465900857714e-16 6.905211769182779e-02
1 28 1.779022489558792e+02 4.741200889529890e-18 6.904658258884203e-02
0 14 1.785391374992744e+02 7.188286886382876e-18 5.431882246604574e-02
1 29 1.841391328823223e+02 4.185908094534677e-18 6.904134880918325e-02
1 30 1.903760404797902e+02 4.745895558182785e-18 6.903263844270893e-02
0 15 1.912603902142117e+02 6.893599137160712e-18 5.432070632528856e-02
1 31 1.966129627285626e+02 1.058232377583065e-15 6.902726471344675e-02
1 32 2.028499435795783e+02 5.784811288662335e-18 6.901587773140594e-02
0 16 2.039816009003744e+02 7.900873553075837e-18 5.432263465171644e-02
1 33 2.090869070252882e+02 8.223730809800906e-18 6.901066660714282e-02
1 34 2.153239777116235e+02 5.433999711340777e-18 6.899735394569499e-02
0 17 2.167027639145906e+02 6.990166298157627e-18 5.432459976391775e-02
1 35 2.215609814906139e+02 4.425044803409925e-18 6.899249838501409e-02
1 36 2.277981514500543e+02 7.466571285519068e-17 6.897816177894826e-02
0 18 2.294238787735233e+02 6.784177403133693e-18 5.432649642091451e-02
1 37 2.340351948190125e+02 4.936406047337562e-18 6.897379333517636e-02
1 38 2.402724687158695e+02 4.269597016296513e-18 6.895941433406452e-02
0 19 2.421449435985355e+02 7.086440726369326e-18 5.432827263655379e-02
1 39 2.465095491255178e+02 4.809325851176612e-18 6.895562994461184e-02
1 40 2.527469243139834e+02 4.699613647087366e-18 6.894219926691916e-02
0 20 2.548659623157249e+02 6.813007663324667e-18 5.432982608179305e-02
1 41 2.589840364910455e+02 4.686079884429472e-18 6.893906531380503e-02
1 42 2.652215027221204e+02 7.169344068286002e-17 6.892747733687989e-02
0 21 2.675869384109269e+02 8.557879736913072e-18 5.433115158144708e-02
1 43 2.714586420669303e+02 5.063639535339619e-18 6.892505286936840e-02
1 44 2.776961843531150e+02 6.366345634733756e-18 6.891608606981513e-02
0 22 2.803078801005358e+02 6.860747387001373e-18 5.433212210708621e-02
1 45 2.839333447573586e+02 6.579704581024471e-18 6.891442349451345e-02
1 46 2.901709422392443e+02 5.798561654049674e-18 6.890868731405800e-02
0 23 2.930287949168171e+02 6.877359083617526e-18 5.433276690168029e-02
1 47 2.964081156292896e+02 5.060033654610035e-16 6.890782082111500e-02
1 48 3.026457434359447e+02 4.869206199115509e-18 6.890568232937304e-02
0 24 3.057496947676063e+02 8.500726663120639e-18 5.433299669826518e-02
1 49 3.088829232070703e+02 4.243695444813989e-18 6.890562876935319e-02
1 50 3.151205551203165e+02 5.438199630800137e-18 6.890724260066093e-02
0 25 3.184705893648759e+02 6.902499888550300e-18 5.433283939730387e-02
1 51 3.213577333766976e+02 1.669050559746329e-17 6.890800333471289e-02
1 52 3.275953422626574e+02 6.819003633276895e-18 6.891327527914590e-02
0 26 3.311914918018612e+02 7.576511858903017e-18 5.433228101106635e-02
1 53 3.338325103969959e+02 5.722702331048967e-18 6.891483629852549e-02
1 54 3.400700709737173e+02 5.437452420640315e-18 6.892339752482113e-02
0 27 3.439124122201696e+02 6.735618291912840e-18 5.433134033025453e-02
1 55 3.463072226001618e+02 4.186580426723015e-18 6.892573015381748e-02
1 56 3.525447128353894e+02 6.365817334061108e-17 6.893701576411584e-02
0 28 3.566333618947298e+02 4.497097152528437e-16 5.433008335787945e-02
1 57 3.587818409881996e+02 5.998651759413244e-18 6.894007621670492e-02
1 58 3.650192428461769e+02 4.460686188976478e-18 6.895333483068737e-02
0 29 3.693543486692292e+02 6.745095568427572e-18 5.432852416688543e-02
1 59 3.712563404583674e+02 4.824966475513948e-18 6.895706294494511e-02
1 60 3.774936434544742e+02 4.427997408026629e-18 6.897138473851878e-02
0 30 3.820753811106366e+02 5.530113270903547e-17 5.432676443956414e-02
1 61 3.837307061450369e+02 5.710739643098020e-18 6.897570225117701e-02
1 62 3.899679055885877e+02 2.346504712228027e-17 6.899012234009669e-02
0 31 3.947964612172298e+02 6.736659944517280e-18 5.432485774649359e-02
1 63 3.962049289869867e+02 4.541861246256084e-18 6.899492424388504e-02
1 64 4.024420263877749e+02 4.765528440898941e-18 6.900846920327042e-02
0 32 4.075175938552884e+02 7.728163434273372e-18 5.432287408041120e-02
1 65 4.086790071479062e+02 8.091090823352494e-18 6.901361511607187e-02
1 66 4.149160124782997e+02 5.823790636563535e-18 6.902536585990085e-02
0 33 4.202387758480896e+02 6.965568822155431e-18 5.432090543769402e-02
1 67 4.211529509539988e+02 8.045196042371111e-16 6.903066277544093e-02
1 68 4.273898787277046e+02 6.666839201793482e-18 6.903984739769457e-02
0 34 4.329600056705369e+02 7.095249630848944e-18 5.431903220767089e-02
1 69 4.336267762000824e+02 4.269139596156623e-18 6.904502674083966e-02
1 70 4.398636449320926e+02 5.431512056677674e-18 6.905109355083477e-02
0 35 4.456812769326501e+02 8.199636474352476e-18 5.431731453809698e-02
1 71 4.461005058136268e+02 7.071100699188975e-17 6.905576822849502e-02
1 72 4.523373379642762e+02 5.431168789347871e-18 6.905847197689152e-02
0 36 4.584025811287383e+02 7.062270665334557e-18 5.431608865994735e-02
1 73 4.585741712721522e+02 5.007574062790101e-18 6.906194416813241e-02
1 74 4.648109889736818e+02 6.077780674105985e-18 6.906156572421443e-02
0 37 4.711239023383245e+02 2.357798357631125e-17 5.431583497274164e-02
1 75 4.710478070144929e+02 4.416750879275036e-18 6.906298681751717e-02
1 76 4.772846296002883e+02 5.503483255595037e-17 6.906020411101797e-02
1 77 4.835214496958293e+02 4.692324947472972e-18 6.905880543552266e-02
0 38 4.838452201118051e+02 6.737971804479883e-18 5.431682684586970e-02
1 78 4.897582936516978e+02 4.229168196289502e-18 6.905447196513903e-02
1 79 4.959951385974402e+02 9.687772654668661e-18 6.904981222616295e-02
0 39 4.965665161893954e+02 6.559983101225816e-16 5.431832099084534e-02
1 80 5.022320136429365e+02 4.179410350321127e-18 6.904469041379344e-02
1 81 5.084689056479130e+02 4.880006609705275e-18 6.903677815917809e-02
0 40 5.092877786278751e+02 6.842890536585399e-18 5.432017978880552e-02
1 82 5.147058172951191e+02 5.410106893124604e-17 6.903141165601853e-02
1 83 5.209427770141490e+02 4.545416728568879e-18 6.902065675263266e-02
0 41 5.220090009674251e+02 7.153519077068790e-18 5.432207863063157e-02
1 84 5.271797294646552e+02 4.505142083671819e-18 6.901539049802964e-02
1 85 5.334167754060489e+02 8.711694925897633e-18 6.900248978497064e-02
0 42 5.347301766856946e+02 7.444184768438400e-18 5.432405419590138e-02
1 86 5.396537688294359e+02 4.182258332211908e-18 6.899753866963058e-02
1 87 5.458909124172367e+02 1.554940947793444e-15 6.898336633818676e-02
0 43 5.474513038659479e+02 7.327176677170912e-18 5.432596930569886e-02
1 88 5.521279453394510e+02 4.183386602473465e-18 6.897887242888985e-02
1 89 5.583651918859712e+02 4.196612256935021e-18 6.896439611472840e-02
0 44 5.601723816157185e+02 8.753278351579925e-18 5.432778835444851e-02
1 90 5.646022629267554e+02 4.884867997997375e-18 6.896045912153055e-02
1 91 5.708396122211296e+02 6.245057400168730e-16 6.894668950717404e-02
0 45 5.728934118241725e+02 6.748678856787678e-18 5.432940599803753e-02
1 92 5.770767168683725e+02 4.838199246190620e-18 6.894337181990688e-02
1 93 5.833141606011122e+02 4.722891689044724e-18 6.893122275688478e-02
0 46 5.856143980269458e+02 9.833848109213115e-18 5.433080230799729e-02
1 94 5.895512933054024e+02 4.186425702270449e-18 6.892860087892870e-02
1 95 5.957888173128442e+02 4.815214562776282e-18 6.891887393273199e-02
0 47 5.983353481914138e+02 6.735530646012360e-18 5.433185494060522e-02
1 96 6.020259730346452e+02 1.013046157401556e-16 6.891700421117089e-02
1 97 6.082635583134327e+02 5.809149545106281e-18 6.891036615162997e-02
0 48 6.110562685488195e+02 6.864144027615113e-18 5.433260889644149e-02
1 98 6.145007293721520e+02 4.237626638478322e-18 6.890928669354436e-02
1 99 6.207383516732821e+02 1.010714689607537e-17 6.890617661245474e-02
0 49 6.237771712757728e+02 6.855547974850157e-18 5.433293271893206e-02
1 100 6.269755302631531e+02 1.205391939401012e-15 6.890590797858724e-02
1 101 6.332131637580455e+02 5.438232052865594e-18 6.890652570389559e-02
0 50 6.364980660572346e+02 6.987575462302066e-18 5.433289269330473e-02
1 102 6.394503431805084e+02 5.015270103527750e-18 6.890707255569752e-02
1 103 6.456879608666042e+02 5.085913379576127e-18 6.891139953560589e-02
0 51 6.492189652149315e+02 7.682645271750044e-18 5.433243067242444e-02
1 104 6.519251325515419e+02 4.439723405374274e-18 6.891275182550945e-02
1 105 6.581627080180143e+02 4.695207907633372e-18 6.892049335079722e-02
0 52 6.619398799986913e+02 6.936815332538950e-18 5.433159149704373e-02
1 106 6.643998644515401e+02 4.649677829979791e-18 6.892262625540237e-02
1 107 6.706373750376395e+02 1.004562244325963e-15 6.893325466152024e-02
0 53 6.746608212883167e+02 6.873824689543128e-18 5.433041380831977e-02
1 108 6.768745101408052e+02 6.858119592692995e-16 6.893612812797556e-02
1 109 6.831119366571269e+02 4.214229506535936e-18 6.894894489924595e-02
0 54 6.873817974788319e+02 6.943626823091132e-18 5.432892685495527e-02
1 110 6.893490429559874e+02 5.860792238169954e-18 6.895250292440597e-02
1 111 6.955863725744687e+02 1.832141665769110e-16 6.896663758494186e-02
0 55 7.001028180203867e+02 7.167951195154487e-18 5.432721420337563e-02
1 112 7.018234444028527e+02 4.592999036489964e-18 6.897080506904800e-02
1 113 7.080606713637576e+02 4.451248983509269e-18 6.898529748451272e-02
0 56 7.128238850311752e+02 6.766533877827362e-18 5.432534296005000e-02
1 114 7.142977052544817e+02 4.466166637211003e-18 6.898997352991509e-02
1 115 7.205348291065344e+02 5.433709913000512e-18 6.900385208521777e-02
0 57 7.255450043200705e+02 7.242984533551884e-18 5.432336452672264e-02
1 116 7.267718210395595e+02 1.676389670322888e-16 6.900890441082407e-02
1 117 7.330088492403305e+02 4.379970386570967e-18 6.902123141334184e-02
0 58 7.382661737402191e+02 6.918092433533160e-18 5.432139540270106e-02
1 118 7.392457982134799e+02 4.283638948428866e-18 6.902648149088222e-02
1 119 7.454827449689386e+02 1.781713158196675e-16 6.903643875288276e-02
0 59 7.509873917164190e+02 6.975065391681390e-18 5.431947656066238e-02
1 120 7.517196533147230e+02 1.189718426256962e-15 6.904169344545948e-02
1 121 7.579565352198259e+02 4.651083288635776e-18 6.904861028101422e-02
0 60 7.637086527028019e+02 7.128362493259585e-18 5.431770966603408e-02
1 122 7.641934055126662e+02 5.214811939327224e-18 6.905348604437073e-02
1 123 7.704302443721509e+02 4.775913278738020e-18 6.905706100364054e-02
0 61 7.764299499472055e+02 6.924340069548305e-18 5.431631253192844e-02
1 124 7.766670837919629e+02 4.519714411624694e-18 6.906092339368354e-02
1 125 7.829039031331816e+02 4.474545637543845e-18 6.906131642118755e-02
0 62 7.891512683151492e+02 7.066805599379196e-18 5.431574519023389e-02
1 126 7.891407238286098e+02 5.636035560162902e-18 6.906334708609507e-02
1 127 7.953775434352540e+02 9.199634725311109e-16 6.906113612909262e-02
1 128 8.016143609823152e+02 7.487954739260168e-16 6.906052912573542e-02
0 63 8.018725892043003e+02 6.810212823073491e-18 5.431644539329004e-02
1 129 8.078511979064100e+02 4.392587218915589e-18 6.905653749980266e-02
1 130 8.140880337780816e+02 6.060617490451929e-18 6.905274853543700e-02
0 64 8.145938925623141e+02 6.845928174366679e-18 5.431783862910195e-02
1 131 8.203249000956461e+02 2.827741022867120e-16 6.904778188154595e-02
1 132 8.265617778097381e+02 5.432029222469317e-18 6.904069375797578e-02
0 65 8.273151644223955e+02 6.795437236522345e-18 5.431966451794815e-02
1 133 8.327986794300579e+02 5.432240584792491e-18 6.903536244519905e-02
1 134 8.390356196741199e+02 4.469007493148364e-18 6.902528536737025e-02
0 66 8.400363977158030e+02 6.874055252344886e-18 5.432152650247572e-02
1 135 8.452725609000510e+02 4.581004566749297e-18 6.901998303303147e-02
1 136 8.515095827567326e+02 2.187623066418824e-16 6.900755049526948e-02
0 67 8.527575861989241e+02 6.888830996789049e-18 5.432350751139629e-02
1 137 8.577465655174549e+02 6.553126869415582e-18 6.900251831782972e-02
1 138 8.639836830403015e+02 4.322954427780601e-18 6.898857253126732e-02
0 68 8.654787257854846e+02 6.997633505568343e-18 5.432543549446238e-02
1 139 8.702207056783294e+02 2.171035012708894e-16 6.898396497625847e-02
1 140 8.764579250461680e+02 4.134371381201837e-15 6.896947793811520e-02
0 69 8.781998162745780e+02 7.604787408214404e-18 5.432729179212918e-02
1 141 8.826949862703990e+02 6.448161555758626e-18 6.896538011258239e-02
1 142 8.889323088761716e+02 2.817445941781917e-17 6.895133541687500e-02
0 70 8.909208585330867e+02 7.353681179233585e-18 5.432896799739603e-02
1 143 8.951694055390610e+02 4.534154246063192e-18 6.894783833937455e-02
1 144 9.014068257210935e+02 4.526115481097974e-18 6.893518206378073e-02
0 71 9.036418552582322e+02 7.576781946899497e-18 5.433043301575157e-02
1 145 9.076439517904444e+02 1.366510131517770e-17 6.893236641030315e-02
1 146 9.138814563295755e+02 4.403192073249601e-18 6.892193095202295e-02
0 72 9.163628141598678e+02 6.765721604337809e-18 5.433157029500855e-02
1 147 9.201186066311996e+02 1.967414148631283e-15 6.891985697663669e-02
1 148 9.263561778516095e+02 4.156443034694693e-16 6.891234528394448e-02
0 73 9.290837410877524e+02 7.668783123820659e-18 5.433242363371624e-02
1 149 9.325933459391742e+02 4.289764249102687e-18 6.891105465180938e-02
1 150 9.388309610635151e+02 4.916824618825671e-18 6.890698291963555e-02
0 74 9.418046472677736e+02 6.735365099294200e-18 5.433284195062087e-02
1 151 9.450681383448043e+02 9.343446291641195e-17 6.890649914028331e-02
1 152 9.513057715379907e+02 4.824975180742154e-18 6.890612551942590e-02
0 75 9.545255429790574e+02 7.178878827841540e-18 5.433291682738447e-02
1 153 9.575429512864437e+02 5.079585943738613e-18 6.890645736516929e-02
1 154 9.637805758478197e+02 5.322599747764516e-18 6.890981676407065e-02
0 76 9.672464398034288e+02 6.901195358489358e-18 5.433255351570393e-02
1 155 9.700177505715774e+02 5.708344261382237e-18 6.891095814319818e-02
1 156 9.762553395110353e+02 8.010284578535952e-17 6.891784026433084e-02
0 77 9.799673493902370e+02 7.107945050298224e-18 5.433181975542024e-02
1 157 9.824925006388053e+02 6.070098087264255e-18 6.891977022711762e-02
1 158 9.887300300825017e+02 4.214965496156205e-18 6.892969766759650e-02
0 78 9.926882830725247e+02 7.576738327858575e-18 5.433072261523123e-02
1 159 9.949671713575872e+02 1.145606046511458e-15 6.893237994232089e-02
1 160 1.001204621743601e+03 1.066920942652870e-15 6.894469214155531e-02
0 79 1.005409249240894e+03 6.784275594158295e-18 5.432931437703521e-02
1 161 1.007441736278306e+03 4.403728500719828e-18 6.894807501968568e-02
1 162 1.013679092324622e+03 9.891603816725977e-18 6.896195376142135e-02
0 80 1.018130257926948e+03 6.736216748191893e-18 5.432765372926268e-02
1 163 1.019916173336154e+03 4.184147351803045e-18 6.896596405589558e-02
1 164 1.026153427501181e+03 4.430570980881463e-18 6.898046316171222e-02
0 81 1.030851312403402e+03 6.736722875990090e-18 5.432582045994955e-02
1 165 1.032390471322762e+03 2.549864810570183e-17 6.898500480617487e-02
1 166 1.038627622181480e+03 4.876112707067277e-18 6.899914981868287e-02
0 82 1.043572418238128e+03 2.947582573866516e-17 5.432385621315576e-02
1 167 1.044864625326058e+03 2.388440414549299e-15 6.900409759156724e-02
1 168 1.051101677582997e+03 2.446332801845975e-17 6.901694073905376e-02
0 83 1.056293574642570e+03 6.833090403785219e-18 5.432189106505445e-02
1 169 1.057338637702361e+03 4.316094221996774e-18 6.902215436684850e-02
1 170 1.063575604011901e+03 4.902513767221158e-18 6.903281317677847e-02
0 84 1.069014780815130e+03 7.025784243878250e-18 5.431993468724516e-02
1 171 1.069812522994607e+03 7.200035103819487e-17 6.903812041099301e-02
1 172 1.076049419776620e+03 5.654445952802130e-18 6.904586267226560e-02
0 85 1.081736030902109e+03 6.961929863746642e-18 5.431813053756240e-02
1 173 1.082286300063489e+03 4.736919190977882e-18 6.905090635743427e-02
1 174 1.088523147506580e+03 4.449811530587374e-18 6.905535203682656e-02
0 86 1.094457320058610e+03 8.066853179744018e-18 5.431659323993225e-02
1 175 1.094759994121002e+03 4.826643904504029e-18 6.905955990478560e-02
1 176 1.100996816099183e+03 3.899005565436149e-17 6.906075075601804e-02
0 87 1.107178634548527e+03 7.926208052111359e-18 5.431574808942562e-02
1 177 1.107233640280430e+03 4.916544386738787e-18 6.906334251325068e-02
1 178 1.113470458123962e+03 4.200515687984277e-18 6.906175422408566e-02
0 88 1.119899956966048e+03 6.880729260977154e-18 5.431611903404438e-02
1 179 1.119707274862102e+03 1.212431242331664e-15 6.906190036050568e-02
1 180 1.125944105659203e+03 1.098972220340514e-15 6.905830696229458e-02
0 89 1.132621266578278e+03 1.082078697029730e-16 5.431737994173877e-02
1 181 1.132180934381195e+03 4.858876102573842e-18 6.905537778980830e-02
1 182 1.138417791969688e+03 1.048237402350769e-17 6.905061157354946e-02
1 183 1.144654656537790e+03 4.516568290815473e-18 6.904436708534935e-02
0 90 1.145342547712814e+03 6.741509175190612e-18 5.431916239061822e-02
1 184 1.150891548518906e+03 4.428418753455055e-18 6.903910138961671e-02
1 185 1.157128470833617e+03 2.414085227536454e-17 6.902974359920042e-02
0 91 1.158063791398877e+03 4.780745179778461e-16 5.432098003079307e-02
1 186 1.163365401060367e+03 4.956478872628910e-18 6.902442608170872e-02
1 187 1.169602400039110e+03 3.872786365377857e-15 6.901251624422930e-02
0 92 1.170784992277141e+03 7.102387971124945e-18 5.432296134597617e-02
1 188 1.175839371599182e+03 1.460812266793004e-16 6.900741898301016e-02
1 189 1.182076463122929e+03 4.220630696859214e-18 6.899377504628956e-02
0 93 1.183506144569021e+03 6.736654042043171e-18 5.432489605786193e-02
1 190 1.188313475611804e+03 4.908354988759255e-18 6.898905109787651e-02
1 191 1.194550668027975e+03 2.585315164964863e-16 6.897462423804154e-02
0 94 1.196227247654159e+03 7.102508173292626e-18 5.432678523105185e-02
1 192 1.200787719379644e+03 4.419084220380132e-18 6.897037129673056e-02
1 193 1.207025014951415e+03 4.739757040060079e-18 6.895612104515063e-02
0 95 1.208948302162979e+03 6.736079005654809e-18 5.432851287635666e-02
1 194 1.213262102914648e+03 5.720528859983051e-18 6.895244949662735e-02
1 195 1.219499498377562e+03 5.020870082052315e-18 6.893934039153102e-02
0 96 1.221669310080008e+03 6.735829913281134e-18 5.433004426756375e-02
1 196 1.225736617697636e+03 3.598062655394479e-16 6.893633513699084e-02
1 197 1.231974101671312e+03 4.382133742525330e-18 6.892524163898670e-02
0 97 1.234390277896206e+03 7.535818717367366e-18 5.433126897821378e-02
1 198 1.238211246240303e+03 4.188146714663913e-18 6.892296681356755e-02
1 199 1.244448801774989e+03 3.092430380946184e-15 6.891462052295207e-02
0 98 1.247111212222093e+03 9.819317326145066e-18 5.433221063521739e-02
1 200 1.250685965898835e+03 1.109840776479695e-15 6.891311999997544e-02
1 201 1.256923572065175e+03 4.862086714046666e-18 6.890809931189161e-02
0 99 1.259832122689908e+03 6.930479731004858e-18 5.433272432477179e-02
1 202 1.263160747840819e+03 4.701705001972860e-18 6.890740078481714e-02
1 203 1.269398378988512e+03 4.515732302125194e-18 6.890604035475988e-02
0 100 1.272553019861148e+03 8.456513848359427e-18 5.433291300754722e-02
1 204 1.275635558619808e+03 4.433443419491911e-18 6.890615655426423e-02
1 205 1.281873188051827e+03 4.891932294828987e-18 6.890853744365566e-02
0 101 1.285273915335777e+03 6.850520830001032e-18 5.433264781762463e-02
1 206 1.288110364944657e+03 5.438089007413923e-18 6.890946623634409e-02
1 207 1.294347965770713e+03 4.625436858837740e-18 6.891545026457500e-02
0 102 1.297994820366044e+03 6.888069375210069e-18 5.433202436731278e-02
1 208 1.300585131461176e+03 6.181029594733221e-18 6.891717460469390e-02
1 209 1.306822678579465e+03 4.260554896309594e-18 6.892635620279611e-02
0 103 1.310715746938740e+03 6.735669541895552e-18 5.433100959056588e-02
1 210 1.313059825451108e+03 4.390830684827835e-18 6.892884424496462e-02
1 211 1.319297298430201e+03 5.272322272339906e-17 6.894059795113795e-02
0 104 1.323436703900321e+03 6.780862946412508e-18 5.432968438722245e-02
1 212 1.325534420484104e+03 4.185485185309155e-18 6.894380014197961e-02
1 213 1.331771802635277e+03 4.490080290565797e-18 6.895735326798257e-02
0 105 1.336157700872693e+03 6.875463552929827e-18 5.432808181914766e-02
1 214 1.338008892906081e+03 6.164772040672998e-18 6.896119993259651e-02
1 215 1.344246174134085e+03 5.534702879441821e-18 6.897563785472523e-02
0 106 1.348878743236558e+03 6.813562546013831e-18 5.432628745540815e-02
1 216 1.350483227640497e+03 4.972773467835114e-16 6.898003750949873e-02
1 217 1.356720405564011e+03 5.927385432330935e-18 6.899438257189315e-02
0 107 1.361599835752893e+03 7.658174158697629e-18 5.432434708646641e-02
1 218 1.362957419520199e+03 4.200968496848006e-18 6.899921629915895e-02
1 219 1.369194496995525e+03 6.646296822484812e-18 6.901251204437883e-02
0 108 1.374320978686488e+03 6.750434779694199e-18 5.432239102563129e-02
1 220 1.375431468791327e+03 6.661292187974024e-16 6.901769133890345e-02
1 221 1.381668455636414e+03 4.403400082163893e-18 6.902898545743973e-02
0 109 1.387042172845316e+03 6.737314262673266e-18 5.432040433117610e-02
1 222 1.387905385261907e+03 6.992917217801375e-18 6.903432095121347e-02
1 223 1.394142298160492e+03 6.357791282601659e-18 6.904286135380568e-02
0 110 1.399763411850774e+03 7.237804487220246e-18 5.431857214116411e-02
1 224 1.400379188494837e+03 4.548482892023961e-18 6.904803826075046e-02
1 225 1.406616046565394e+03 1.038424792565621e-17 6.905335283491451e-02
0 111 1.412484691793383e+03 8.365914146141041e-18 5.431691961039199e-02
1 226 1.412852901449334e+03 6.953183767703495e-18 6.905786035542633e-02
1 227 1.419089727467146e+03 4.332796817006208e-18 6.905987205771924e-02
0 112 1.425206001264534e+03 6.898172396546596e-18 5.431584211073568e-02
1 228 1.425326556084743e+03 4.812716230392294e-18 6.906297740198418e-02
1 229 1.431563373098658e+03 4.921879324306807e-18 6.906205424216895e-02
0 113 1.437927323857797e+03 6.783906055512702e-18 5.431586626321993e-02
1 230 1.437800190233879e+03 4.688304990840148e-18 6.906291762679594e-02
1 231 1.444037016138258e+03 5.369039169080837e-17 6.905977491023448e-02
0 114 1.450648638434956e+03 7.871401691881673e-18 5.431695054288064e-02
1 232 1.450273839768126e+03 4.418086821422169e-18 6.905769019998978e-02
1 233 1.456510688950789e+03 4.744101629407589e-18 6.905316954345130e-02
