2 0 2.051836591188279e+00 3.937029478833698e-18 6.539680355316410e-02
1 0 2.852368163710775e+00 4.655899357829913e-18 6.458615510332665e-02
2 1 8.228727175054827e+00 4.214888099478596e-18 6.540037394631945e-02
1 1 9.266927180643412e+00 4.321101482197049e-18 6.458742587544038e-02
2 2 1.440550571238597e+01 4.607612891876737e-18 6.539764854141801e-02
1 2 1.568143191071743e+01 4.087789697849074e-18 6.458706189287670e-02
0 0 1.733045565533486e+01 8.112455263679774e-18 4.577849475560742e-02
3 0 1.864761562722663e+01 2.701813520818321e-17 2.502214240523774e-02
2 3 2.058274731917466e+01 1.708920585032051e-17 6.539521668547033e-02
1 3 2.209561656595660e+01 4.845350864361515e-18 6.458759622185037e-02
2 4 2.676074660629308e+01 5.959628485494058e-18 6.539406729987239e-02
1 4 2.850932376392928e+01 4.927547686160204e-18 6.459084762842772e-02
2 5 3.293963271598447e+01 3.940643839369721e-18 6.538910285304836e-02
0 1 3.534155676439817e+01 8.220062498322039e-18 4.577900865157682e-02
1 5 3.492232562825529e+01 5.588788024540499e-18 6.459344668854269e-02
2 6 3.911948151175554e+01 4.519379951994420e-18 6.538536486101693e-02
1 6 4.133472704879156e+01 4.737848613148384e-18 6.459425508180351e-02
2 7 4.530022050759277e+01 1.631295489948171e-17 6.538432448194682e-02
1 7 4.774666811395063e+01 4.575551317502105e-18 6.459566606063766e-02
2 8 5.148165667566925e+01 6.357557266007567e-18 6.538088634363284e-02
0 2 5.335265393200773e+01 8.585492887393178e-18 4.577923977157803e-02
1 8 5.415808078668893e+01 4.664501359032423e-18 6.459813418813980e-02
2 9 5.766367536289610e+01 5.095793633932785e-18 6.537852661373687e-02
1 9 6.056916881898704e+01 4.771358346264957e-18 6.459879921649264e-02
2 10 6.384605434143475e+01 5.249159110407739e-18 6.537943646130587e-02
1 10 6.698020197239299e+01 4.184682499284825e-18 6.459728484575662e-02
2 11 7.002844628015613e+01 6.472309263118937e-18 6.537912492893344e-02
0 3 7.136376349825261e+01 8.185526362306875e-18 4.577884292104827e-02
1 11 7.339122518028988e+01 9.254259535520400e-18 6.459767695298180e-02
2 12 7.621069091651749e+01 8.822963491718566e-18 6.537918577209674e-02
1 12 7.980242257288306e+01 4.387585818101562e-18 6.459821076834932e-02
2 13 8.239256919916102e+01 4.490546029389394e-18 6.538228135294863e-02
1 13 8.621401286344042e+01 4.712801101466651e-18 6.459462273334442e-02
2 14 8.857373845932872e+01 3.944271509650182e-18 6.538499572605508e-02
0 4 8.937485791893904e+01 8.751914427677004e-18 4.577846123220684e-02
1 14 9.262609651701231e+01 2.482987692070655e-17 6.459278860955828e-02
2 15 9.475412498228057e+01 4.690139218223886e-17 6.538700487801651e-02
1 15 9.903876009846874e+01 5.865354023549964e-18 6.459293406241801e-02
2 16 1.009336684967735e+02 9.060074369986840e-17 6.539100416054711e-02
1 16 1.054520056074316e+02 6.904044601857753e-18 6.458952084214191e-02
2 17 1.071121900407926e+02 3.937301589822991e-18 6.539498541620903e-02
0 5 1.073859434379003e+02 8.173527263570675e-18 4.577899430221394e-02
1 17 1.118658748872628e+02 4.318693123235506e-18 6.458685700137577e-02
2 18 1.132898499477756e+02 4.836450120868148e-18 6.539684024788353e-02
1 18 1.182802712395282e+02 4.309906606720689e-18 6.458721108206378e-02
2 19 1.194669199595296e+02 4.244844328429170e-18 6.539872991253880e-02
1 19 1.246948239176320e+02 1.053192667908252e-17 6.458722342130539e-02
0 6 1.253970472221739e+02 8.226960082493818e-18 4.577971814621233e-02
2 20 1.256436371886473e+02 6.139165569694330e-18 6.539977653028047e-02
3 1 1.289263191582590e+02 2.725418996812868e-17 2.502178927712437e-02
1 20 1.311091963052048e+02 4.584242150271168e-18 6.458782286389510e-02
2 21 1.318207879644003e+02 5.441989077586753e-18 6.539576744142907e-02
1 21 1.375225575988642e+02 4.458511393732757e-18 6.459412665726146e-02
2 22 1.379999089678006e+02 4.666248958153719e-18 6.538444616142459e-02
0 7 1.434081536648399e+02 1.182338734379234e-17 4.577964465118009e-02
1 22 1.439323246663481e+02 4.623441557902797e-18 6.461526001934967e-02
2 23 1.441847452024482e+02 3.955890618584066e-18 6.535155332811182e-02
1 23 1.503257013070078e+02 5.306466643476314e-18 6.473179809530237e-02
2 24 1.503964069376296e+02 2.443240133115794e-17 6.515529920441893e-02
1 24 1.565855806269529e+02 3.998889447213124e-18 6.514973157355931e-02
2 25 1.568306479988000e+02 5.756826244486112e-18 6.447846108489222e-02
0 8 1.614192565141645e+02 8.232365663645075e-18 4.577898281779513e-02
1 25 1.628148895206405e+02 9.591632689505173e-18 6.517656278207709e-02
2 26 1.633147822188294e+02 5.791335369118352e-18 6.443829471299282e-02
1 26 1.690404274512347e+02 4.282511240670212e-18 6.518389599868554e-02
2 27 1.698050299062450e+02 6.030605600521319e-18 6.442914671436292e-02
1 27 1.752649784803340e+02 4.696821543934537e-18 6.518389072478696e-02
2 28 1.762969520999527e+02 3.445796484860097e-15 6.442433576287228e-02
0 9 1.794303527627419e+02 8.268150385150119e-18 4.577821214685992e-02
1 28 1.814893456818439e+02 4.669067633446960e-15 6.518423006673031e-02
2 29 1.827890008606066e+02 4.705246808576455e-18 6.442512752317445e-02
1 29 1.877139430460335e+02 3.959936446264307e-18 6.518420674077036e-02
2 30 1.892804760763223e+02 2.299342759734015e-16 6.442985214644130e-02
1 30 1.939390428507119e+02 3.594172026690770e-16 6.518034107513104e-02
2 31 1.957709929332657e+02 2.340149126475493e-14 6.443193515329024e-02
0 10 1.974414533570574e+02 8.298477031157659e-18 4.577826645433120e-02
1 31 2.001646995321648e+02 5.265222942098988e-18 6.517853781008802e-02
2 32 2.022605091487835e+02 4.061808832362205e-18 6.443432244855933e-02
1 32 2.063909049970324e+02 1.586053886401298e-17 6.517844485098614e-02
2 33 2.087490814140079e+02 4.061333815910244e-18 6.443873888810331e-02
1 33 2.126176143758907e+02 5.023241059155405e-18 6.517497876695807e-02
0 11 2.154525487466625e+02 8.034898215872124e-18 4.577835821556059e-02
2 34 2.152367049209154e+02 4.798582510310151e-18 6.444192699102394e-02
1 34 2.188447344578448e+02 4.226917562083723e-18 6.517361392145901e-02
2 35 2.217237272768772e+02 4.786420243390130e-18 6.444239763706333e-02
1 35 2.250721089433048e+02 8.026018126623128e-18 6.517503445630370e-02
2 36 2.282105302648709e+02 4.774734452554424e-18 6.444229638420251e-02
1 36 2.312995330028112e+02 4.637278252379390e-18 6.517367173456963e-02
0 12 2.334636330589684e+02 9.385967210024015e-18 4.577861814746500e-02
2 37 2.346972546486885e+02 5.554745969255233e-18 6.444296555081294e-02
1 37 2.375268948244616e+02 3.734425456803039e-16 6.517365617151225e-02
3 2 2.392050055713970e+02 2.817528424648097e-16 2.502183048217908e-02
2 38 2.411842805598945e+02 5.729441720841611e-18 6.444187704000202e-02
1 38 2.437540307258765e+02 5.557706055642214e-18 6.517664797021049e-02
2 39 2.476720052278690e+02 4.292805846299603e-18 6.443728209149027e-02
1 39 2.499807053090146e+02 8.274167367977763e-15 6.517758254653215e-02
0 13 2.514747198920921e+02 9.728607483177146e-18 4.577854438105635e-02
2 40 2.541605587196487e+02 4.724139315414356e-18 6.443462407797629e-02
1 40 2.562068994587514e+02 5.957029367201484e-18 6.517855466009465e-02
2 41 2.606500954911572e+02 5.313859194744937e-18 6.443325608085390e-02
1 41 2.624325797933188e+02 3.969317290309578e-18 6.518188032349791e-02
2 42 2.671406609399085e+02 4.440300811461089e-18 6.442807381460430e-02
1 42 2.686576207077343e+02 1.062356814467344e-16 6.518387478941648e-02
0 14 2.694858057093122e+02 8.071963237455480e-18 4.577905311687883e-02
2 43 2.736321568959365e+02 5.342770836761040e-18 6.442491191178176e-02
1 43 2.748822133280265e+02 4.148310936843031e-18 6.518415283003516e-02
2 44 2.801242397595809e+02 5.328732671342942e-18 6.442587509108551e-02
1 44 2.811066248985910e+02 6.442183936119922e-18 6.518510505985016e-02
2 45 2.866160853958202e+02 6.680538106476288e-18 6.442792553162735e-02
0 15 2.874969180824444e+02 5.075175722045155e-17 4.577971776145309e-02
1 45 2.873311226473351e+02 4.069600743585331e-15 6.518436061295411e-02
2 46 2.931062709128100e+02 1.609245935831238e-17 6.443589004217588e-02
1 46 2.935566924682610e+02 4.451996855106525e-18 6.517748581538883e-02
1 47 2.997861141460759e+02 1.962250309242411e-16 6.515654346277215e-02
2 47 2.995902705136876e+02 2.272511271351177e-17 6.446924272940022e-02
0 16 3.055080342787587e+02 8.174859388645412e-18 4.577974228118832e-02
1 48 3.060398177715816e+02 7.595371002938515e-18 6.567762449811913e-02
2 48 3.060331605449596e+02 1.627187604884207e-17 6.361123148606304e-02
2 49 3.117662732198537e+02 4.186835349305359e-18 6.349292393111278e-02
1 49 3.127706210073067e+02 6.924880246973356e-18 6.573845031618702e-02
2 50 3.174938467454841e+02 4.618823058398022e-18 6.349080046014878e-02
1 50 3.195044964083321e+02 7.415712199453199e-18 6.573788204968388e-02
0 17 3.235191236499884e+02 8.317457763277200e-18 4.577892493361750e-02
2 51 3.232221061895465e+02 3.340249224556798e-15 6.348868375018370e-02
1 51 3.262377631570149e+02 1.153885499646605e-16 6.573922191018118e-02
2 52 3.289506403041005e+02 2.796021764399729e-16 6.348848628386979e-02
1 52 3.329711266017782e+02 4.028334577470406e-18 6.574021763231729e-02
2 53 3.346787002457016e+02 2.158741042129329e-17 6.349196344878734e-02
1 53 3.397050668367403e+02 1.629806719521584e-15 6.573750654012681e-02
2 54 3.404061262010985e+02 4.173628182630319e-18 6.349175083357807e-02
0 18 3.415302348569320e+02 8.219964927548720e-18 4.577931832220371e-02
2 55 3.461369160172306e+02 3.956505743280636e-18 6.347059774162736e-02
1 54 3.464369856520122e+02 4.140380058748839e-15 6.574858694154427e-02
3 3 3.494837892751912e+02 2.917387299855231e-17 2.502061981767566e-02
2 56 3.518585506809031e+02 5.255654878771935e-18 6.347543582181753e-02
1 55 3.531758550293912e+02 4.051313321446907e-18 6.574928438378816e-02
2 57 3.575803167993067e+02 1.104892976504116e-16 6.347158587131942e-02
0 19 3.595412721615306e+02 8.166003521691412e-18 4.577939241835723e-02
1 56 3.599141848733819e+02 6.977915512084932e-16 6.575263585542948e-02
2 58 3.633027523400468e+02 3.929264540192612e-17 6.346935413424512e-02
1 57 3.666520865679602e+02 4.047286182730796e-18 6.575193581647673e-02
2 59 3.690252042322695e+02 4.670926447051360e-18 6.347229835693463e-02
1 58 3.733905127301647e+02 8.745293700498863e-17 6.574736865615505e-02
2 60 3.747469840564203e+02 3.949294932258796e-18 6.347386540581741e-02
0 20 3.775523494498198e+02 8.157324974535950e-18 4.577856766669783e-02
1 59 3.801293012760999e+02 2.932359350300156e-15 6.574915765620164e-02
2 61 3.804686097139645e+02 3.948940596671068e-18 6.346887592604473e-02
2 62 3.861979708488432e+02 1.555296794790389e-16 6.349229530964685e-02
1 60 3.868622994411625e+02 5.530497834351776e-18 6.573851099623754e-02
2 63 3.919239769927853e+02 4.861910947368575e-17 6.349079507993960e-02
1 61 3.935973971529123e+02 3.551378278466032e-16 6.573825696768222e-02
0 21 3.955634700172442e+02 8.375395716631078e-18 4.577906037742768e-02
2 64 3.976505713568203e+02 4.680474900499233e-18 6.348824223321838e-02
1 62 4.003319400945351e+02 5.448518954998100e-18 6.573883771667295e-02
2 65 4.033776709543483e+02 3.948397009211825e-18 6.348862282683200e-02
1 63 4.070664341998840e+02 1.806720599544673e-17 6.573961454693722e-02
2 66 4.091045184535596e+02 4.166987886551222e-18 6.349026779439794e-02
0 22 4.135745216736636e+02 8.121889519677952e-18 4.577967733496005e-02
1 64 4.138013613194497e+02 4.413609687596901e-18 6.573878578559543e-02
2 67 4.148306243088347e+02 3.749602627256141e-17 6.349307331795230e-02
1 65 4.205350954419392e+02 5.941473045612238e-18 6.561960206438193e-02
2 68 4.205592078863032e+02 6.033155825759258e-17 6.369606353269032e-02
2 69 4.266602578451404e+02 2.968519164596085e-16 6.487065165563120e-02
1 66 4.269996967402115e+02 4.630869967708314e-18 6.489866314544640e-02
0 23 4.315856213179504e+02 8.034860163963138e-18 4.577905075069075e-02
2 70 4.327244900893187e+02 4.630444071859180e-18 6.488497009900993e-02
1 67 4.334868705533714e+02 5.286464574783718e-18 6.489231837811478e-02
2 71 4.387870758198533e+02 4.150298994323657e-18 6.488643367565719e-02
1 68 4.399748996929216e+02 4.605509385278054e-18 6.489347958725529e-02
2 72 4.448499337386025e+02 5.470461256044585e-18 6.488311529329067e-02
1 69 4.464627036624365e+02 4.312329459003112e-18 6.489284158735720e-02
0 24 4.495967065348918e+02 4.195253398461599e-17 4.577840995984708e-02
2 73 4.509135323152397e+02 3.976324130243653e-18 6.488079135583352e-02
1 70 4.529499200955457e+02 4.032500961540077e-18 6.489484078717825e-02
2 74 4.569780005684153e+02 4.215313097212227e-18 6.487818705936635e-02
1 71 4.594365314592835e+02 4.106706225667609e-18 6.489889214059243e-02
3 4 4.597625624449605e+02 2.694862497929419e-17 2.502194303959183e-02
2 75 4.630432428953938e+02 1.869113797555325e-17 6.487481923971911e-02
1 72 4.659226716638310e+02 4.892624772447512e-18 6.489867858140676e-02
0 25 4.676077955208405e+02 8.080396336438678e-18 4.577895454406392e-02
2 76 4.691088176885622e+02 4.310601069113062e-18 6.487510152619301e-02
1 73 4.724087295556072e+02 6.090198702777244e-18 6.489751195991401e-02
2 77 4.751743117902349e+02 4.011959173451572e-18 6.487678709379219e-02
1 74 4.788950620239783e+02 1.139572821266818e-17 6.489770967403947e-02
2 78 4.812393809811338e+02 4.822020490463450e-18 6.487779716612074e-02
0 26 4.856188808849577e+02 8.794513021231648e-18 4.577914588806278e-02
1 75 4.853817753070835e+02 1.834984374843482e-17 6.489658723419757e-02
2 79 4.873036332351078e+02 5.829236949742958e-18 6.488182804102252e-02
1 76 4.918691228377276e+02 4.069885789152709e-17 6.489342372829676e-02
2 80 4.933669740346965e+02 4.784138763133526e-18 6.488577449609208e-02
1 77 4.983571206833101e+02 7.509435148661306e-17 6.489137568836692e-02
2 81 4.994296804920937e+02 6.709256483398456e-17 6.488581590512794e-02
0 27 5.036299634161063e+02 8.751968043056669e-18 4.577896566357293e-02
1 78 5.048451091318038e+02 1.438582990847837e-16 6.489386783294286e-02
2 82 5.054924560430690e+02 2.961039074294503e-16 6.488345211930892e-02
1 79 5.113313724925104e+02 1.312348643455034e-16 6.490756597186155e-02
2 83 5.115581331249065e+02 4.622539161192602e-18 6.486064654326280e-02
1 80 5.177925326585035e+02 3.997419853279882e-16 6.494716014599021e-02
2 84 5.176633715596701e+02 3.946384073605936e-18 6.479098577505510e-02
0 28 5.216410572218335e+02 8.039895950255094e-18 4.577797280814625e-02
2 85 5.237006223511928e+02 1.903604116036564e-16 6.481288452980077e-02
1 81 5.242982674417425e+02 3.907795531889987e-15 6.493547893853190e-02
2 86 5.297344821623182e+02 3.954327327713081e-18 6.481676323192206e-02
1 82 5.308059630354752e+02 4.069010306671601e-18 6.493661239082033e-02
2 87 5.357683433386399e+02 1.725259710919694e-16 6.481324479447267e-02
1 83 5.373135240544003e+02 4.212589105353768e-18 6.493629991551236e-02
0 29 5.396521332620295e+02 8.290009776405522e-18 4.577794733537593e-02
2 88 5.418029163972973e+02 4.384775585694792e-18 6.481059986436716e-02
1 84 5.438205355368100e+02 6.349871527502340e-15 6.493771208657259e-02
2 89 5.478383493984401e+02 6.302645732947166e-16 6.480877313833781e-02
1 85 5.503269858180325e+02 7.455624648107903e-16 6.494138437939452e-02
2 90 5.538744947970315e+02 5.432576551407480e-18 6.480525745392805e-02
1 86 5.568329618845855e+02 7.320228537123605e-17 6.494215785915315e-02
0 30 5.576632019813861e+02 8.034982851796216e-18 4.577866408752461e-02
2 91 5.599108920514319e+02 3.024655824582294e-15 6.480561579448986e-02
1 87 5.633389323134026e+02 6.925839159406810e-18 6.494038856638562e-02
2 92 5.659470681336170e+02 4.029748018241098e-18 6.480852311418892e-02
1 88 5.698453343249064e+02 4.294795496274540e-18 6.493888760924207e-02
3 5 5.700413573276439e+02 2.691337907300306e-17 2.502261420505854e-02
2 93 5.719826505388087e+02 4.953344589495982e-18 6.480974757248517e-02
0 31 5.756742705199307e+02 8.091442734529490e-18 4.577869701180188e-02
1 89 5.763522197135901e+02 4.277210084014913e-18 6.493805343005805e-02
2 94 5.780173522837105e+02 5.566591650742838e-18 6.481346422605452e-02
1 90 5.828596872554599e+02 5.735533004849492e-18 6.493613882194897e-02
2 95 5.840512599063912e+02 5.651532906649942e-18 6.481686845870904e-02
1 91 5.893674835650459e+02 4.240882184991386e-18 6.493492575585648e-02
2 96 5.900850688641663e+02 5.250542345961358e-18 6.481293062279082e-02
0 32 5.936853549340425e+02 4.129651325864293e-17 4.577786172371528e-02
1 92 5.958738299201675e+02 5.538799383769049e-15 6.494909990437797e-02
2 97 5.961213773927298e+02 2.745432522143960e-15 6.478862842733890e-02
1 93 6.023627696466334e+02 7.300745603693358e-17 6.488986041056038e-02
2 98 6.021845608866741e+02 2.585337319556676e-16 6.489241603697751e-02
2 99 6.082061892382076e+02 3.932112750036620e-18 6.490466941194785e-02
1 94 6.088791088569815e+02 4.612982354896699e-18 6.488008118675298e-02
0 33 6.116964278651398e+02 8.341721117649256e-18 4.577756370896958e-02
2 100 6.142256317353060e+02 6.732873113744241e-18 6.490608715649687e-02
1 95 6.153967176552551e+02 4.262064228009955e-18 6.487963906970569e-02
2 101 6.202452933110380e+02 7.012809858359194e-18 6.490504181077324e-02
1 96 6.219140558953994e+02 5.324727601118327e-18 6.488377932481294e-02
2 102 6.262657970198475e+02 1.651948473803987e-17 6.490000011993972e-02
1 97 6.284306908229830e+02 4.310368596187453e-18 6.488528350915519e-02
0 34 6.297075041707142e+02 8.075790648006245e-18 4.577841755696879e-02
2 103 6.322871208888939e+02 2.264552022418697e-14 6.489762085476196e-02
1 98 6.349468109758933e+02 1.991524582376303e-17 6.488539240699599e-02
2 104 6.383089631361270e+02 2.997648425751553e-15 6.489787120052939e-02
1 99 6.414627766604717e+02 1.217263980509689e-15 6.488623247324714e-02
2 105 6.443308934734579e+02 6.825469221774902e-18 6.489680084398496e-02
0 35 6.477185760072878e+02 8.123651334609808e-18 4.577853673867958e-02
1 100 6.479787796360595e+02 4.111775361867568e-18 6.488630904724799e-02
2 106 6.503523874387246e+02 4.635284015219908e-18 6.489947171107149e-02
1 101 6.544952500755381e+02 4.098092208460343e-18 6.488364695203787e-02
2 107 6.563730886312103e+02 4.595565354099424e-18 6.490417894304078e-02
1 102 6.610124584223124e+02 4.256477209875308e-15 6.488012358716820e-02
2 108 6.623929580887892e+02 4.170959977326074e-18 6.490516306826828e-02
0 36 6.657296617683415e+02 8.189052930116705e-18 4.577811400331441e-02
1 103 6.675300504597124e+02 1.797740942529979e-16 6.488064992419040e-02
2 109 6.684123657675493e+02 1.929342895195829e-16 6.490515955974727e-02
1 104 6.740470132687145e+02 5.021816438804846e-18 6.488905558287197e-02
2 110 6.744329725179671e+02 3.933640538744113e-18 6.489326654966429e-02
1 105 6.805486403432907e+02 6.004216956692145e-18 6.498866161165123e-02
2 111 6.804783142862588e+02 4.943698707487663e-16 6.472564503072316e-02
3 6 6.803200811824923e+02 2.753834928732790e-17 2.502378413787671e-02
0 37 6.837407485006279e+02 8.168632299920676e-18 4.577753036224416e-02
2 112 6.864010599447049e+02 5.491719888688434e-15 6.471602430662113e-02
1 106 6.871348419100282e+02 7.571945218086663e-15 6.499512275073246e-02
2 113 6.923221746878394e+02 4.216629127850514e-14 6.471666924072775e-02
1 107 6.937219330786337e+02 5.360482622529099e-18 6.499874315268274e-02
2 114 6.982438880129827e+02 2.645873692250213e-15 6.471186952745245e-02
1 108 7.003084094178103e+02 1.772377967341794e-16 6.500008109778244e-02
0 38 7.017518153679482e+02 8.220083028957565e-18 4.577829104535223e-02
2 115 7.041663962405579e+02 3.924627649877835e-18 6.470959446337715e-02
1 109 7.068943555598660e+02 2.317969286069720e-14 6.500008417073465e-02
2 116 7.100893412052328e+02 4.002697328806379e-18 6.471017144654098e-02
1 110 7.134802630935859e+02 5.329579039322511e-18 6.500042548960284e-02
2 117 7.160121572215339e+02 3.988960409529033e-18 6.471039736683512e-02
0 39 7.197628733443123e+02 8.045463691275756e-18 4.577874305078565e-02
1 111 7.200664380009210e+02 9.522914805816315e-15 6.499977656958944e-02
2 118 7.219342594360974e+02 8.647233708782124e-15 6.471415470424850e-02
1 112 7.266532262899713e+02 4.046108619973982e-18 6.499724769284743e-02
2 119 7.278555655350712e+02 2.444419761158977e-14 6.471733631271649e-02
1 113 7.332402859765583e+02 5.600792894801619e-17 6.499794010699564e-02
2 120 7.337770188061090e+02 5.315252469468238e-15 6.470982933706738e-02
0 40 7.377739846168719e+02 8.675401096041566e-18 4.577832219426173e-02
1 114 7.398205608923964e+02 4.098073975933435e-18 6.502321030337932e-02
2 121 7.397092406482353e+02 4.200097018484449e-15 6.467318807603900e-02
2 122 7.455878444029306e+02 1.348923791824961e-17 6.467268859674079e-02
1 115 7.464388709516605e+02 4.427943853656188e-18 6.502569784323434e-02
2 123 7.514656379847444e+02 5.229700364087812e-18 6.466980056712311e-02
1 116 7.530575354251800e+02 7.241208798288028e-18 6.502517348225181e-02
0 41 7.557850957144678e+02 3.803417222359976e-17 4.577791731855443e-02
2 124 7.573441055113859e+02 2.968466099054894e-14 6.466744605232329e-02
1 117 7.596756153929842e+02 9.427912679837269e-18 6.502654898615134e-02
2 125 7.632232664367898e+02 4.142634841250438e-18 6.466609947809562e-02
1 118 7.662933291639982e+02 2.912274268051160e-14 6.502936846885118e-02
2 126 7.691026166078169e+02 1.983200262943501e-17 6.466594625572127e-02
1 119 7.729111061581875e+02 5.555804276699165e-18 6.502803667204529e-02
0 42 7.737961639836712e+02 8.160205420647286e-18 4.577877917728123e-02
2 127 7.749814106506741e+02 4.633395015650822e-16 6.466982420739761e-02
1 120 7.795295124317777e+02 4.254539100906128e-18 6.502462169781845e-02
2 128 7.808594054820452e+02 2.541231183344773e-15 6.467265308697451e-02
1 121 7.861483703549893e+02 8.418158529545713e-18 6.502583565657090e-02
2 129 7.867373244752861e+02 4.483031245930259e-18 6.466756902084413e-02
3 7 7.905987944148621e+02 5.840086427027872e-17 2.502242582891268e-02
0 43 7.918072405446296e+02 8.035073280118411e-18 4.577889503183544e-02
1 122 7.927622079263699e+02 2.324014899020103e-14 6.503357616299728e-02
2 130 7.926230748401762e+02 3.145541352488417e-15 6.465982311294144e-02
2 131 7.984725920019844e+02 5.224979718907896e-18 6.465961389536154e-02
1 123 7.994020608819806e+02 7.135593356638519e-18 6.503415205420851e-02
2 132 8.043216637002180e+02 5.225127814869828e-18 6.465721941024428e-02
1 124 8.060420946533523e+02 5.335975650798172e-18 6.503359596078082e-02
0 44 8.098183722591698e+02 8.157862812717250e-18 4.577777719117120e-02
2 133 8.101714423975773e+02 4.576799189463199e-18 6.465505091948950e-02
1 125 8.126814956800046e+02 4.194538342794218e-14 6.503548714916321e-02
2 134 8.160218173413724e+02 5.614584627694347e-16 6.465334919886127e-02
1 126 8.193206132041589e+02 7.636967938393426e-18 6.503799206086901e-02
2 135 8.218721635578254e+02 3.966148524433035e-18 6.465516016133728e-02
1 127 8.259600399514045e+02 5.335940546350934e-18 6.503483160319858e-02
0 45 8.278294666586113e+02 8.049289057258926e-18 4.577806782485773e-02
2 136 8.277217857664142e+02 2.765092487122143e-15 6.465903546926430e-02
1 128 8.326001316561810e+02 2.157677307337904e-17 6.503243499041955e-02
2 137 8.335707595195089e+02 4.607723683458688e-18 6.465907424669776e-02
1 129 8.392394439132319e+02 1.356366189701130e-15 6.505240185797798e-02
2 138 8.394217369755680e+02 4.590886659300368e-18 6.462299201657970e-02
2 139 8.452917941074270e+02 5.347578410341514e-18 6.472639392509870e-02
0 46 8.458405386698662e+02 8.151562929130037e-18 4.577853970076051e-02
1 130 8.458643394678417e+02 4.586980225098899e-18 6.499120250883196e-02
2 140 8.511570560446066e+02 1.249627186686112e-16 6.472548027441431e-02
1 131 8.524923029401748e+02 4.697631763177874e-18 6.499100503788591e-02
2 141 8.570228240227369e+02 4.713200583161425e-14 6.472318284451520e-02
1 132 8.591198757724234e+02 3.715016776075611e-14 6.499134675286244e-02
2 142 8.628893276222173e+02 4.406616695718404e-18 6.472055046130856e-02
0 47 8.638516539044672e+02 8.366288813727877e-18 4.577806921562053e-02
1 133 8.657468586675155e+02 2.205732461994413e-17 6.499320936765882e-02
2 143 8.687561766582537e+02 1.560977093603145e-15 6.471974115725898e-02
1 134 8.723737983340997e+02 1.134597734553520e-15 6.499391490465062e-02
2 144 8.746226878198377e+02 4.154075932343148e-18 6.472334873273672e-02
1 135 8.790013006041014e+02 1.159945583011605e-17 6.498957327467347e-02
2 145 8.804883829314464e+02 1.136476611832886e-16 6.472572738296271e-02
0 48 8.818627598024466e+02 8.439951588459686e-18 4.577735888212232e-02
1 136 8.856293256609707e+02 4.313370960489194e-14 6.498931402993657e-02
2 146 8.863537078423104e+02 5.225147594418225e-18 6.472302819268166e-02
1 137 8.922387948422758e+02 4.408574389285080e-18 6.584954710197838e-02
2 147 8.922505140374503e+02 6.213779082589841e-18 6.333530916713952e-02
2 148 8.979568096527707e+02 2.704556649462024e-14 6.364796143321555e-02
1 138 8.989883451606653e+02 4.036663802892993e-18 6.565971821702876e-02
0 49 8.998738255593456e+02 1.065602951946612e-17 4.577808792759001e-02
3 8 9.008773862454133e+02 2.691911676711736e-17 2.502243304180704e-02
2 149 9.036606392930078e+02 1.926020057308627e-14 6.364509284726565e-02
1 139 9.057391180843846e+02 4.288253285244264e-18 6.566041125370155e-02
2 150 9.093651885809936e+02 3.978165973158091e-18 6.364395596655922e-02
1 140 9.124895032886272e+02 4.583540419689500e-18 6.566029245345008e-02
2 151 9.150698968442993e+02 4.143128000821964e-18 6.364373030423773e-02
0 50 9.178848440519587e+02 8.071736068033239e-18 4.577784761653826e-02
1 141 9.192400325253041e+02 4.036617228369158e-18 6.565968428796594e-02
2 152 9.207740042817680e+02 3.233287136613911e-15 6.364677995855518e-02
1 142 9.259910301759965e+02 4.109989236818451e-18 6.566070449571082e-02
2 153 9.264777556906033e+02 4.327560164873589e-18 6.364491021797708e-02
2 154 9.321860840279472e+02 4.287490938200313e-18 6.365890250526170e-02
1 143 9.327388380168886e+02 4.944852122045998e-18 6.564908615060143e-02
0 51 9.358959479257775e+02 8.135770068253200e-18 4.577736676009776e-02
2 155 9.378904560151394e+02 3.115342325752285e-15 6.365940301693215e-02
1 144 9.394893333996280e+02 5.138702894452579e-18 6.565013383336940e-02
2 156 9.435953948999741e+02 4.675685320950453e-18 6.365724978240060e-02
1 145 9.462392443402255e+02 5.465283564396396e-18 6.565464909617527e-02
2 157 9.493008635154400e+02 4.081871699359909e-18 6.365580217754011e-02
1 146 9.529889071136419e+02 4.931017811891986e-18 6.565373739357253e-02
0 52 9.539070205103134e+02 8.795696755771522e-18 4.577845557055522e-02
2 158 9.550060094586225e+02 5.834264034593455e-18 6.365933933920480e-02
1 147 9.597391932568727e+02 4.037119304013523e-18 6.565037660611905e-02
2 159 9.607104658115708e+02 3.499540488926812e-14 6.366113071717960e-02
1 148 9.664868741039662e+02 5.153692846230660e-18 6.577035338019994e-02
2 160 9.664198467810966e+02 4.373007246039319e-18 6.346707815457384e-02
0 53 9.719180484138379e+02 8.153861257674563e-18 4.577834613576533e-02
2 161 9.720670701923387e+02 8.415065385924903e-15 6.344440348451880e-02
1 149 9.732840396995271e+02 4.259545981971278e-18 6.578526867582320e-02
2 162 9.777141083156337e+02 4.143957416236361e-18 6.344103603478499e-02
1 150 9.800809188328923e+02 1.823844191602413e-14 6.578814049723349e-02
2 163 9.833617905175907e+02 1.911019084606215e-15 6.343993979871684e-02
1 151 9.868775193232550e+02 1.517746903074991e-14 6.578495378461710e-02
2 164 9.890093106931237e+02 1.713379229734476e-15 6.344216504419957e-02
0 54 9.899291659012019e+02 8.179955702861981e-18 4.577757715515637e-02
1 152 9.936746879263205e+02 7.952351131073547e-16 6.578260211698826e-02
2 165 9.946561713487980e+02 3.994605190771555e-18 6.344316750862669e-02
2 166 1.000305653304226e+03 4.692817275086002e-18 6.339422053777800e-02
1 153 1.000470503487086e+03 4.651267563366303e-18 6.581617921098229e-02
2 167 1.005936497028663e+03 6.824394898810985e-15 6.339173141450535e-02
1 154 1.007281090660314e+03 4.275079962857346e-18 6.581872002081693e-02
0 55 1.007940223934669e+03 8.035129255942873e-18 4.577799631277296e-02
2 168 1.011567491582615e+03 6.172203351194908e-18 6.338840139621339e-02
3 9 1.011156111940763e+03 2.689970085048486e-17 2.502243612639792e-02
1 155 1.014091284207082e+03 1.091047115156051e-14 6.581913249985850e-02
2 169 1.017199041807733e+03 6.769183375569876e-18 6.338867970824121e-02
1 156 1.020901423394632e+03 5.800894306192398e-18 6.581687732537156e-02
2 170 1.022830334384732e+03 6.398655648630665e-15 6.339008990736771e-02
0 56 1.025951247877347e+03 8.310507232685328e-18 4.577767599422780e-02
1 157 1.027712049256672e+03 2.090173818023774e-16 6.581640117514530e-02
2 171 1.028460998106023e+03 8.858729782493587e-16 6.339074789099362e-02
2 172 1.034094025235378e+03 3.930148610562922e-18 6.339034001897571e-02
1 158 1.034521150495005e+03 6.388530228385853e-18 6.581880845631471e-02
2 173 1.039722220389748e+03 8.463211706326602e-18 6.338969805109548e-02
1 159 1.041333868320667e+03 4.762999732240827e-18 6.581756725691344e-02
0 57 1.043962369307495e+03 8.069353543635818e-18 4.577766904386699e-02
2 174 1.045350901305771e+03 4.454779152752702e-15 6.338751497728576e-02
1 160 1.048146053105449e+03 4.038497053329058e-18 6.581829435539487e-02
2 175 1.050979980854287e+03 5.249191325720956e-18 6.338804221179042e-02
1 161 1.054958326465425e+03 4.038194080980914e-18 6.581934380406068e-02
2 176 1.056608645914040e+03 4.595645564785870e-18 6.339065416915442e-02
1 162 1.061771017242877e+03 9.176909096177713e-18 6.582012999455697e-02
0 58 1.061973409065865e+03 8.106052809884223e-18 4.577836740231994e-02
2 177 1.062236873168016e+03 2.516503517434255e-14 6.338867753064302e-02
2 178 1.067869302309930e+03 4.734489819786087e-18 6.340473970896930e-02
1 163 1.068580566518458e+03 6.960266124971739e-17 6.580932323916910e-02
2 179 1.073499401960414e+03 4.106366224975918e-18 6.340368130157793e-02
1 164 1.075391734221636e+03 1.652420343769370e-17 6.580908695561367e-02
2 180 1.079130126964482e+03 5.241887035435588e-18 6.340105538647722e-02
0 59 1.079984467092735e+03 8.112116016155391e-18 4.577795732893591e-02
1 165 1.082202251882883e+03 9.604653830435825e-15 6.581065055204473e-02
2 181 1.084761061613327e+03 1.932833944576931e-15 6.340134101086874e-02
1 166 1.089012961375962e+03 4.038459137978598e-18 6.581091695581484e-02
2 182 1.090391435950155e+03 6.760142056494207e-18 6.340500931800214e-02
1 167 1.095823947277865e+03 4.285878312022033e-18 6.581184446936011e-02
2 183 1.096021955569353e+03 4.609430335276264e-18 6.339480486704054e-02
0 60 1.097995582357463e+03 8.393077893673973e-18 4.577748538458597e-02
2 184 1.101666909130065e+03 8.786843761082970e-15 6.344798267335196e-02
1 168 1.102623237895586e+03 9.067847121897432e-16 6.577849393757788e-02
2 185 1.107310037438323e+03 4.139901304926563e-18 6.344684018234566e-02
1 169 1.109423566085140e+03 2.782957300885423e-15 6.578246574636236e-02
2 186 1.112953844586922e+03 3.931604893178475e-18 6.344339050865459e-02
0 61 1.116006596862221e+03 8.391055582482887e-18 4.577787179289151e-02
1 170 1.116223246120143e+03 8.960822680865716e-15 6.578393035807112e-02
2 187 1.118597688317717e+03 6.051275071375037e-18 6.344528068154674e-02
3 10 1.121434845073747e+03 2.695523329265770e-17 2.502169637883939e-02
1 171 1.123023299257299e+03 5.584071681339177e-18 6.578093932046003e-02
2 188 1.124240896208450e+03 4.542511140038040e-15 6.344893159297989e-02
1 172 1.129823177843863e+03 5.353088167675549e-18 6.576929374639129e-02
2 189 1.129885353378240e+03 5.251730095899022e-18 6.345632284212706e-02
0 62 1.134017674688599e+03 8.208712236572334e-18 4.577763959813584e-02
2 190 1.135606026133539e+03 3.970101895925223e-18 6.365281560306169e-02
1 173 1.136561336866022e+03 4.631007629644278e-18 6.564836083427995e-02
2 191 1.141323581332844e+03 1.062455267189846e-14 6.365133189586705e-02
1 174 1.143301145632767e+03 1.019306754039795e-17 6.565289159492753e-02
2 192 1.147041884790701e+03 1.254665202687980e-15 6.364809845882925e-02
1 175 1.150040346578855e+03 4.286388300027837e-18 6.565214163739362e-02
0 63 1.152028766096407e+03 8.425838730412485e-18 4.577796389892069e-02
2 193 1.152760418598492e+03 1.777159962407110e-17 6.364962136103330e-02
1 176 1.156779752093644e+03 6.803230132592436e-17 6.564948854639301e-02
2 194 1.158478440328833e+03 6.102759428296457e-18 6.365252793676368e-02
1 177 1.163519861005756e+03 4.702262523922120e-18 6.565004970550958e-02
2 195 1.164195931616649e+03 2.246610883383487e-15 6.365197679692325e-02
0 64 1.170039793064146e+03 8.740028552123264e-18 4.577837254176473e-02
1 178 1.170257648616180e+03 4.957206303074854e-16 6.565599279813006e-02
2 196 1.169916822150777e+03 2.032159084113161e-14 6.364463970131358e-02
2 197 1.175630044233049e+03 3.164844257197840e-14 6.364616732565241e-02
1 179 1.177001070903563e+03 4.734883813341275e-18 6.565525381771407e-02
2 198 1.181343594593221e+03 4.364006418190872e-18 6.364361387572705e-02
1 180 1.183744145113638e+03 1.411726462222233e-15 6.565485391127039e-02
2 199 1.187057746718140e+03 4.542467184286448e-18 6.364198399391216e-02
0 65 1.188050865970530e+03 8.035005600968035e-18 4.577779899778414e-02
1 181 1.190486830800274e+03 4.543171071805705e-18 6.565528646723855e-02
2 200 1.192771821991430e+03 2.509927395777139e-15 6.364320893842018e-02
1 182 1.197229932587977e+03 4.114241717709908e-15 6.565553517677639e-02
2 201 1.198485225051444e+03 5.834176059569158e-18 6.364674472774946e-02
1 183 1.203973200832477e+03 5.918299544706256e-18 6.565735913387404e-02
2 202 1.204198854023917e+03 3.937876802538412e-18 6.363592307976890e-02
0 66 1.206061960253111e+03 8.724196627343101e-18 4.577757775683702e-02
2 203 1.209925739900469e+03 4.676180673081129e-18 6.368846272584411e-02
1 184 1.210706269119649e+03 1.628714876705660e-14 6.562456943924896e-02
2 204 1.215649704890667e+03 3.068405709540553e-17 6.368835761840100e-02
1 185 1.217441154004930e+03 4.652091220264438e-18 6.562811566313360e-02
2 205 1.221374348897118e+03 5.024735039845845e-16 6.368412457674132e-02
0 67 1.224072980154762e+03 8.183551138040883e-18 4.577788143013908e-02
1 186 1.224175278292232e+03 4.097564981795401e-18 6.563055995896439e-02
2 206 1.227099392102349e+03 5.794921099479091e-18 6.368399357025993e-02
1 187 1.230909368557365e+03 3.304877774541370e-16 6.562838735328652e-02
3 11 1.231713570896513e+03 1.576164297016778e-16 2.502242554905543e-02
2 207 1.232824055689772e+03 3.936051104028783e-18 6.368810208423172e-02
1 188 1.237644203132404e+03 6.076322058828341e-15 6.562440592518255e-02
2 208 1.238548048231230e+03 6.905488760283097e-18 6.368801413729376e-02
0 68 1.242084040623611e+03 8.156415699051943e-18 4.577754197492871e-02
1 189 1.244376537231222e+03 6.425783507437464e-18 6.569776418004455e-02
2 209 1.244276345420615e+03 8.604047729062102e-18 6.357096473541278e-02
2 210 1.249964713282442e+03 3.204620845588579e-17 6.356224891070504e-02
1 190 1.251140055993267e+03 4.238880379846629e-15 6.570675506796007e-02
2 211 1.255652906453838e+03 6.935452367733861e-18 6.355859262280307e-02
1 191 1.257903378712280e+03 4.109690961557820e-15 6.570695436354029e-02
0 69 1.260095141956659e+03 8.129352022837306e-18 4.577782031761076e-02
2 212 1.261341744468836e+03 1.180645657881036e-15 6.355754193131573e-02
1 192 1.264666325878056e+03 4.074239545832474e-18 6.570607378989997e-02
2 213 1.267030590897332e+03 6.209617774511726e-18 6.355963648789710e-02
1 193 1.271429771651138e+03 4.287872856315586e-16 6.570591014862659e-02
2 214 1.272718806188261e+03 2.815797228255805e-14 6.356198606340444e-02
0 70 1.278106167486100e+03 8.075521026876102e-18 4.577837774290357e-02
1 194 1.278193296331049e+03 4.291468412339129e-18 6.571042954397559e-02
2 215 1.278407209540900e+03 5.247356338581785e-18 6.355312520842531e-02
2 216 1.284109507651693e+03 3.961502444434246e-18 6.360640230766959e-02
1 195 1.284945880330632e+03 8.825322646978184e-17 6.567707213845822e-02
2 217 1.289809296820808e+03 4.130442601321881e-18 6.360490435884304e-02
1 196 1.291700049890225e+03 2.698767302390170e-14 6.567675712777596e-02
2 218 1.295509747167049e+03 3.492107653341510e-14 6.360239179079530e-02
0 71 1.296117240841309e+03 8.512343552186158e-18 4.577788123911963e-02
1 197 1.298453566311207e+03 4.609313373039382e-15 6.567850759895079e-02
2 219 1.301210507827058e+03 5.246029919606854e-18 6.360205675152501e-02
1 198 1.305207140611668e+03 1.551655225306768e-14 6.567919159990100e-02
2 220 1.306910799762297e+03 3.007427597260230e-17 6.360578186646185e-02
1 199 1.311961303306722e+03 4.604716182528955e-18 6.567635298401168e-02
2 221 1.312610520470124e+03 5.541038843738396e-17 6.360440171830936e-02
0 72 1.314128344013032e+03 1.182341810889352e-17 4.577764758419416e-02
2 222 1.318313547880158e+03 6.494063621188928e-18 6.360348908167078e-02
1 200 1.318713378109323e+03 1.000692129767528e-14 6.567566292941297e-02
2 223 1.324010564461740e+03 1.489328126648676e-14 6.360589748562349e-02
1 201 1.325469913965191e+03 7.278124935275280e-18 6.567812927892233e-02
2 224 1.329707987802610e+03 5.245511381161346e-18 6.360161729211196e-02
0 73 1.332139363126630e+03 8.232096317622394e-18 4.577785642657127e-02
1 202 1.332225764577920e+03 6.376844051803093e-15 6.568111222420078e-02
2 225 1.335405977641469e+03 4.219849987588228e-18 6.360037932162729e-02
1 203 1.338981358847955e+03 5.652282754757885e-18 6.567949964758750e-02
2 226 1.341103775634083e+03 6.058410155946291e-18 6.360406208030700e-02
3 12 1.341992338989154e+03 3.238183256670728e-17 2.502126965345606e-02
1 204 1.345737633459260e+03 2.675008135849118e-15 6.567515744949509e-02
2 227 1.346800884664340e+03 4.614873178242503e-16 6.360479057663920e-02
0 74 1.350150427933473e+03 8.068614383792273e-18 4.577747386777380e-02
1 205 1.352490091752478e+03 4.735642261228812e-18 6.563260144844933e-02
2 228 1.352505005497902e+03 5.425842627288607e-18 6.369330201475103e-02
1 206 1.358414459695458e+03 4.512365941984679e-18 6.408112894637899e-02
2 229 1.359642579188865e+03 1.767348105877232e-14 6.636705243566769e-02
1 207 1.364390286811060e+03 4.426072875919641e-18 6.407893856337900e-02
2 230 1.366701000065995e+03 7.508730525486337e-14 6.636795962151537e-02
0 75 1.368161522184965e+03 8.415599625375067e-18 4.577760897152887e-02
1 208 1.370366530959256e+03 5.539804036946999e-17 6.407757059084637e-02
2 231 1.373758547687424e+03 4.049980186273701e-18 6.636848240198716e-02
1 209 1.376342963788092e+03 7.439702197985649e-16 6.407968992581896e-02
2 232 1.380816500930972e+03 2.273119748491998e-14 6.636722530269125e-02
1 210 1.382319084763773e+03 3.361816377293070e-15 6.408011499464926e-02
0 76 1.386172439550344e+03 8.071995910669911e-18 4.577687547021493e-02
2 233 1.387875281500005e+03 6.010353343652004e-15 6.636565203347475e-02
1 211 1.388294821842579e+03 1.671330679891240e-14 6.408130004619510e-02
1 212 1.394273008786671e+03 2.073961819910124e-16 6.406990124054963e-02
2 234 1.394929174290368e+03 1.442933620057560e-14 6.638651855004936e-02
1 213 1.400249537151155e+03 4.045671279837383e-18 6.407340298684491e-02
2 235 1.401986598721478e+03 1.233573678193277e-15 6.637806728482422e-02
0 77 1.404183488995269e+03 8.157269670853039e-18 4.577683350218904e-02
1 214 1.406226155296111e+03 5.087646654200496e-14 6.407190270239382e-02
2 236 1.409043300715190e+03 4.626350190970291e-17 6.638072533074983e-02
1 215 1.412203148340144e+03 2.678761620686824e-15 6.407261969806066e-02
2 237 1.416099517409326e+03 4.560760055490813e-18 6.638301198213967e-02
1 216 1.418180099444031e+03 8.747937431241454e-17 6.407263355500692e-02
0 78 1.422194476361518e+03 8.035301101383562e-18 4.577637603548652e-02
2 238 1.423156438750373e+03 4.648995065377854e-18 6.638104637838493e-02
1 217 1.424156602537672e+03 4.394805748308752e-18 6.407468542820050e-02
1 218 1.430133508583530e+03 5.527487377430215e-18 6.402675878684383e-02
2 239 1.430213006062285e+03 3.832691761486110e-14 6.646724879582666e-02
1 219 1.436120321379392e+03 1.644745858687999e-17 6.375041850558405e-02
2 240 1.437245976852857e+03 2.031171134606752e-14 6.690164046082389e-02
0 79 1.440205418889778e+03 8.156684323545090e-18 4.577603341788154e-02
1 220 1.442108039472241e+03 5.288743439378585e-18 6.375055631194948e-02
2 241 1.444277497100297e+03 2.836968557640457e-16 6.690397689287035e-02
1 221 1.448096153091634e+03 4.433409789317960e-18 6.375004715264507e-02
2 242 1.451307926276491e+03 5.576107688013754e-18 6.690950980216537e-02
3 13 1.452271146191692e+03 2.699110849452799e-17 2.502197355514517e-02
1 222 1.454084525334988e+03 1.189499832913123e-16 6.374886348443369e-02
0 80 1.458216428630946e+03 1.937283636474389e-16 4.577598534894958e-02
2 243 1.458338292782927e+03 4.002166908741095e-18 6.690866308372390e-02
1 223 1.460072654459278e+03 1.151717328783734e-15 6.375116964510716e-02
