0 0 3.481696633694597e-01 2.516761305255157e-18 6.201446751155015e-02
1 0 1.556779421788685e-01 3.893668000928187e-18 5.561110369576242e-02
0 1 4.512507582012483e+00 2.863987105026356e-18 6.201955616076996e-02
1 1 5.930925814240035e+00 3.134822111786831e-18 5.555213787100482e-02
0 2 8.676829058472803e+00 2.651915783625613e-18 6.201906246250172e-02
1 2 1.170561503950072e+01 3.133258895953118e-18 5.554978386362822e-02
0 3 1.284113400778843e+01 1.084784194159467e-16 6.201967780184605e-02
0 4 1.700563482719195e+01 3.415794637985874e-18 6.201265149515259e-02
1 3 1.747796652615848e+01 5.056312523877763e-18 5.563627984561244e-02
0 5 2.116988800080459e+01 2.876879551492019e-18 6.201211726177925e-02
1 4 2.325372145239377e+01 3.251989352769401e-18 5.564598598658516e-02
0 6 2.533421629128461e+01 2.516818663197728e-18 6.201211781007943e-02
1 5 2.902948077249139e+01 4.552421229230160e-18 5.563636213460666e-02
0 7 2.949846928286836e+01 3.177143173405551e-18 6.201265010009396e-02
0 8 3.366296931664188e+01 2.516500509561739e-18 6.201979302452856e-02
1 6 3.480184817947951e+01 6.074635223555930e-18 5.554853889794158e-02
0 9 3.782727116190411e+01 2.762211158806944e-18 6.201917751933746e-02
1 7 4.057658024100253e+01 3.736318129349443e-18 5.555091545825114e-02
0 10 4.199158951377337e+01 4.420142793776635e-18 6.201967245352368e-02
0 11 4.615592415140556e+01 2.800794485359887e-18 6.201460846623238e-02
1 8 4.635186239072871e+01 1.088355016330343e-16 5.561024706478649e-02
0 12 5.032018539827099e+01 2.963322692276878e-18 6.201433846180244e-02
1 9 5.212786884901879e+01 4.143655210863251e-15 5.561916454458172e-02
0 13 5.448452167361602e+01 2.828871989425985e-18 6.201411226444382e-02
1 10 5.790297356295873e+01 3.827709560875985e-18 5.561111991662244e-02
0 14 5.864880057482939e+01 3.208745549290694e-18 6.201475221032249e-02
0 15 6.281341285976170e+01 3.451418867760576e-18 6.201651352840978e-02
1 11 6.367325679364701e+01 3.828290246287589e-18 5.558966268547477e-02
0 16 6.697768755646608e+01 2.516670058766893e-18 6.201585979314258e-02
1 12 6.944837584686414e+01 4.007673157475675e-18 5.559634441496104e-02
0 17 7.114200927695477e+01 3.370781177804242e-18 6.201617269538029e-02
0 18 7.530626473808825e+01 3.617350397497351e-18 6.201591483143588e-02
1 13 7.522465089331162e+01 3.130498499087752e-18 5.559019235688076e-02
0 19 7.947055605877584e+01 3.332324104008866e-18 6.201865385430398e-02
1 14 8.100060631676949e+01 3.133959801570389e-18 5.556480488042815e-02
0 20 8.363487979015953e+01 2.729962535574774e-18 6.201822738743108e-02
1 15 8.677542401642069e+01 3.914228843277603e-18 5.556062702983443e-02
0 21 8.779917418251809e+01 2.835693310406137e-18 6.201886803693273e-02
0 22 9.196373605445365e+01 2.516776345150372e-18 6.201319278242031e-02
1 16 9.254663455047098e+01 4.671931028774580e-18 5.563088992324348e-02
0 23 9.612800683083513e+01 2.545337607518803e-18 6.201260446025156e-02
1 17 9.832197658899642e+01 3.155435277156854e-18 5.564019238113140e-02
0 24 1.002923473326794e+02 6.077429590925415e-18 6.201269824118819e-02
0 25 1.044566099094049e+02 2.516792651903186e-18 6.201316129348200e-02
1 18 1.040977116417344e+02 3.825347298138065e-18 5.563060316061761e-02
0 26 1.086210306303070e+02 2.905479835088595e-18 6.202055100263813e-02
1 19 1.098715016126586e+02 3.851676834261169e-18 5.554055400622231e-02
0 27 1.127853292004315e+02 3.314373718826625e-18 6.201997573761722e-02
1 20 1.156463788029981e+02 4.216920784263861e-17 5.554100671258146e-02
0 28 1.169496310999855e+02 3.271361512965496e-18 6.202052608653909e-02
0 29 1.211140162275291e+02 4.290121729114900e-18 6.201365218267300e-02
1 21 1.214208026230445e+02 2.395974185441216e-16 5.562401425043713e-02
0 30 1.252782768990412e+02 2.522455544819350e-18 6.201325550235959e-02
1 22 1.271966452299222e+02 4.178262105152189e-18 5.563349217350204e-02
0 31 1.294426158378403e+02 3.415036561905556e-18 6.201311923916969e-02
1 23 1.329719190301620e+02 4.805897909978492e-18 5.562445912463580e-02
0 32 1.336068886990618e+02 4.409353303282366e-18 6.201372786545099e-02
0 33 1.377714783793218e+02 3.160475247551318e-18 6.201826248417124e-02
1 24 1.387426131102824e+02 3.160117000115555e-18 5.556823732419341e-02
0 34 1.419357714166009e+02 2.972336561637698e-18 6.201761405889717e-02
1 25 1.445174245177253e+02 3.710220583884636e-18 5.557336075539187e-02
0 35 1.461000999363598e+02 4.330585308308980e-18 6.201800385256144e-02
0 36 1.502643803923669e+02 3.385372301589167e-18 6.201635080611091e-02
1 26 1.502934718876580e+02 3.435129953744744e-18 5.558331659718090e-02
0 37 1.544286396351208e+02 2.516610939645259e-18 6.201711081611668e-02
1 27 1.560697978552890e+02 3.132935455017388e-18 5.558457656741273e-02
0 38 1.585929576378429e+02 3.436914759045854e-18 6.201675990022650e-02
1 28 1.618448995048005e+02 3.894275602609728e-18 5.557872988618284e-02
0 39 1.627572342632416e+02 6.136045033080398e-18 6.201741012999756e-02
0 40 1.669218337622837e+02 3.106597631983364e-18 6.201408191977685e-02
1 29 1.676154206299772e+02 3.129501255082595e-18 5.561953311184673e-02
0 41 1.710861130504389e+02 2.944415679405435e-18 6.201345906550752e-02
1 30 1.733905324445982e+02 3.575165151656475e-18 5.562803717553943e-02
0 42 1.752504543042717e+02 4.764728121948113e-18 6.201364188047682e-02
0 43 1.794147184972741e+02 2.921999008997139e-18 6.201398188450073e-02
1 31 1.791663982720972e+02 3.547039184365642e-18 5.561889055358538e-02
0 44 1.835790801404467e+02 2.656143641256276e-18 6.202011007249742e-02
1 32 1.849412301087023e+02 5.164057445808465e-17 5.554551285211309e-02
0 45 1.877433937366927e+02 4.286017046570115e-18 6.201958669375820e-02
1 33 1.907159791905721e+02 3.232728168181216e-17 5.554402471454217e-02
0 46 1.919076974117711e+02 3.605397660125262e-18 6.202018121601613e-02
0 47 1.960721596767060e+02 2.986662531550956e-18 6.201282230434760e-02
1 34 1.964890402217901e+02 3.668375364675736e-16 5.563386522008380e-02
0 48 2.002364108925630e+02 2.973630722965993e-18 6.201235267667103e-02
1 35 2.022648891689745e+02 4.053118620211408e-18 5.564355114765370e-02
0 49 2.044007392806085e+02 4.177837138910585e-17 6.201230716915990e-02
1 36 2.080405456762490e+02 3.460677710365469e-18 5.563390269939990e-02
0 50 2.085649949255014e+02 3.162700413371158e-17 6.201286230748322e-02
0 51 2.127295322271404e+02 2.516519361253225e-18 6.201935139605177e-02
1 37 2.138122296049576e+02 3.212338140896999e-18 5.555377215706494e-02
0 52 2.168938360105785e+02 3.480395646580834e-18 6.201872268403242e-02
1 38 2.195868969192201e+02 5.022367094226117e-18 5.555714075006599e-02
0 53 2.210581627971911e+02 4.643502372233391e-18 6.201918279599223e-02
0 54 2.252224798791230e+02 2.650581731349918e-18 6.201518535659489e-02
1 39 2.253624627832203e+02 3.427076429912670e-18 5.559979687783222e-02
0 55 2.293867363120419e+02 3.146283354745867e-16 6.201517170893801e-02
1 40 2.311386324129279e+02 3.403975107227247e-18 5.560826825073262e-02
0 56 2.335510650862796e+02 3.056647241263284e-18 6.201490302126051e-02
1 41 2.369137558983956e+02 3.457584481975625e-18 5.560098018750387e-02
0 57 2.377153415369968e+02 1.668670784248793e-16 6.201554687638513e-02
0 58 2.418799561516948e+02 2.516670846462308e-18 6.201559480798935e-02
1 42 2.426840038695178e+02 3.770443822493667e-18 5.560047444853905e-02
0 59 2.460442288997205e+02 3.502379938545977e-18 6.201495083411912e-02
1 43 2.484591706130782e+02 5.504260384989773e-16 5.560782778426241e-02
0 60 2.502085540182397e+02 4.566655124682575e-18 6.201522010994980e-02
0 61 2.543728068949347e+02 3.150847529141298e-18 6.201520794837662e-02
1 44 2.542353906884746e+02 4.360031071720878e-18 5.559980826794236e-02
0 62 2.585371219872702e+02 7.311869420997483e-17 6.201923940714262e-02
1 45 2.600109978309562e+02 5.589648683698550e-18 5.555676379564584e-02
0 63 2.627014470287212e+02 2.174980484722640e-17 6.201877944618790e-02
1 46 2.657857074507843e+02 1.287084643537929e-17 5.555337955035440e-02
0 64 2.668657491178375e+02 2.950745070007191e-18 6.201940665808579e-02
0 65 2.710302836599942e+02 2.713367230693026e-18 6.201292212789326e-02
1 47 2.715574347716399e+02 3.388697285921663e-16 5.563363373359240e-02
0 66 2.751945448943609e+02 4.286186475877121e-18 6.201237519287522e-02
1 48 2.773329897349454e+02 4.834083759222426e-18 5.564314887046418e-02
0 67 2.793588789230100e+02 4.489250569892371e-18 6.201242177257325e-02
1 49 2.831087424698396e+02 4.246773120345871e-18 5.563327437347706e-02
0 68 2.835231357366417e+02 2.867752812335876e-18 6.201288534459243e-02
0 69 2.876875951038881e+02 7.381117363573726e-18 6.202039593537067e-02
1 50 2.888818523584521e+02 3.291501044375382e-18 5.554195808952909e-02
0 70 2.918518929560541e+02 2.804604002825342e-18 6.201980123739426e-02
1 51 2.946566911125364e+02 4.675047924275182e-18 5.554344921797353e-02
0 71 2.960162007915429e+02 2.516478609337822e-18 6.202032367699260e-02
0 72 3.001805563510811e+02 2.744548473162953e-18 6.201418903168329e-02
1 52 3.004316232433355e+02 3.676947277901109e-18 5.561597944313511e-02
0 73 3.043448196909246e+02 5.519475791300990e-18 6.201389131314550e-02
1 53 3.062075081980706e+02 3.157073411675145e-18 5.562538071008823e-02
0 74 3.085091602696987e+02 4.411388057599546e-18 6.201370991723649e-02
1 54 3.119826464099882e+02 3.522073499056742e-18 5.561694324189280e-02
0 75 3.126734388457821e+02 2.729680290680308e-18 6.201432862083280e-02
0 76 3.168380435978974e+02 2.516589493318175e-18 6.201759000687456e-02
1 55 3.177530597166964e+02 3.386708467018232e-18 5.557673399912461e-02
0 77 3.210023265055561e+02 3.608321019095052e-18 6.201694011744198e-02
1 56 3.235280381495917e+02 2.702153455158833e-16 5.558264208147765e-02
0 78 3.251666508103211e+02 2.922505955483294e-18 6.201729130745746e-02
0 79 3.293309159963343e+02 2.869758274266951e-18 6.201653845943489e-02
1 57 3.293042465000210e+02 1.673688258107960e-17 5.558130272624833e-02
0 80 3.334951874790219e+02 2.831735978525265e-18 6.201811096748703e-02
1 58 3.350804611246065e+02 1.585632619032480e-16 5.557232048309999e-02
0 81 3.376595067503169e+02 3.419728626463626e-18 6.201772243021752e-02
1 59 3.408554447291776e+02 6.041027636699056e-18 5.556716552745990e-02
0 82 3.418237905818153e+02 2.516556809375633e-18 6.201836956260513e-02
0 83 3.459883734465782e+02 3.401907191070207e-18 6.201369857288734e-02
1 60 3.466262670210488e+02 2.182820399939716e-17 5.562487051043778e-02
0 84 3.501526517269662e+02 2.824089449890902e-18 6.201309257140235e-02
1 61 3.524014365919506e+02 3.752831537718449e-18 5.563380305873390e-02
0 85 3.543169960230193e+02 2.641330138324816e-18 6.201323054852163e-02
1 62 3.581771805719541e+02 4.751968484715369e-18 5.562403380474448e-02
0 86 3.584812617962675e+02 3.459212204583413e-18 6.201360133810046e-02
0 87 3.626456511615611e+02 3.284402728056777e-18 6.202055760228279e-02
1 63 3.639515420762361e+02 3.159720738646222e-18 5.554036520734145e-02
0 88 3.668099558980862e+02 5.145509365134405e-18 6.202000827959139e-02
1 64 3.697263726530551e+02 3.933425845343515e-18 5.553993320843574e-02
0 89 3.709742574032491e+02 2.537594820256266e-18 6.202058345203955e-02
0 90 3.751386788925438e+02 3.424002675697883e-18 6.201329421765154e-02
1 65 3.755001523077255e+02 4.671977229141571e-18 5.562834126762768e-02
0 91 3.793029338093638e+02 4.286174295654249e-18 6.201284003381823e-02
1 66 3.812760210312321e+02 3.258856785957832e-18 5.563807589887525e-02
0 92 3.834672665007477e+02 2.737202895944980e-18 6.201274852886287e-02
1 67 3.870515035405496e+02 4.912476330194243e-18 5.562884699079505e-02
0 93 3.876315293837259e+02 2.516769047085878e-18 6.201333035453058e-02
0 94 3.917960973826002e+02 3.611845155076306e-18 6.201891601864545e-02
1 68 3.928226100342939e+02 5.445433900009615e-18 5.555948568054809e-02
0 95 3.959603988503508e+02 3.781355372821316e-18 6.201827629869387e-02
1 69 3.985972953458724e+02 6.997266726903551e-17 5.556371821058739e-02
0 96 4.001247297094320e+02 2.568855172515412e-18 6.201870308470153e-02
0 97 4.042890283662541e+02 2.885698394374242e-18 6.201590111592171e-02
1 70 4.043731088918224e+02 9.697596333768699e-17 5.559006633961934e-02
0 98 4.084532837465675e+02 4.764676282958751e-18 6.201618863145971e-02
1 71 4.101494046742841e+02 5.740592599918011e-18 5.559575625762597e-02
0 99 4.126176053221279e+02 2.705426429809977e-18 6.201587762660605e-02
1 72 4.159245452541568e+02 4.673497154646934e-18 5.558902871739474e-02
0 100 4.167818798983923e+02 2.957026525887977e-18 6.201652915405105e-02
0 101 4.209464899478360e+02 3.455447434415416e-18 6.201481801907187e-02
1 73 4.216948799375011e+02 3.286343224900767e-18 5.561014056003223e-02
0 102 4.251107651752930e+02 9.009219339854034e-18 6.201417880679382e-02
1 74 4.274700287487811e+02 3.129126990052344e-18 5.561811013480883e-02
0 103 4.292750977543507e+02 2.819950701243823e-18 6.201440540942000e-02
1 75 4.332460833809374e+02 3.604234018920159e-18 5.560872065123541e-02
0 104 4.334393548767833e+02 8.494215071618920e-18 6.201465814752706e-02
0 105 4.376036936463348e+02 3.183978907713779e-18 6.201976560009363e-02
1 76 4.390213182221586e+02 3.136912095190824e-18 5.554961185638712e-02
0 106 4.417680155976864e+02 2.806237332899024e-18 6.201927180661276e-02
1 77 4.447959987199080e+02 3.913620771690791e-18 5.554727085307578e-02
0 107 4.459323211046207e+02 2.948798674317898e-18 6.201988671684064e-02
0 108 4.500968220666416e+02 2.793576128200737e-18 6.201285298253162e-02
1 78 4.505683470579983e+02 3.999692264036757e-18 5.563388875205114e-02
0 109 4.542610758012623e+02 2.450384736662411e-17 6.201231915822179e-02
1 79 4.563440928303589e+02 3.253705951612542e-18 5.564361599320203e-02
0 110 4.584254046812935e+02 2.652770130519696e-18 6.201231892840259e-02
1 80 4.621198402467122e+02 4.671824191768994e-18 5.563400211875926e-02
0 111 4.625896582686473e+02 3.490082396943475e-18 6.201285100031816e-02
0 112 4.667541576286088e+02 4.285999627686776e-18 6.202000264692696e-02
1 81 4.678922197047240e+02 1.644923621337629e-16 5.554610345282257e-02
0 113 4.709184580742358e+02 2.677003878736238e-18 6.201938725201817e-02
1 82 4.736669756660783e+02 3.953679948791200e-18 5.554849693877886e-02
0 114 4.750827751113080e+02 2.022159698994248e-17 6.201988153919809e-02
0 115 4.792471079964190e+02 3.410924193418032e-18 6.201483599192752e-02
1 83 4.794422866103369e+02 2.921168622756822e-16 5.560766544358895e-02
0 116 4.834113702470951e+02 2.632028992791507e-18 6.201456651907566e-02
1 84 4.852182778716815e+02 3.577874102735590e-18 5.561649212022334e-02
0 117 4.875757074653704e+02 2.695915934587407e-18 6.201433959781553e-02
1 85 4.909933648867757e+02 3.599930882506887e-18 5.560844997807190e-02
0 118 4.917399873595456e+02 4.658426996424175e-18 6.201497985335661e-02
0 119 4.959046004240063e+02 3.476884817694345e-18 6.201672926142048e-02
1 86 4.967636319938929e+02 3.680325710257305e-18 5.558716096208118e-02
0 120 5.000688753485890e+02 2.620104089256941e-18 6.201607575067023e-02
1 87 5.025387478552686e+02 3.411897176036367e-18 5.559383969586926e-02
0 121 5.042331973696283e+02 1.311751633974420e-17 6.201638785470647e-02
0 122 5.083974530341461e+02 7.543776270176219e-17 6.201614256237160e-02
1 88 5.083150181097388e+02 3.433779624341430e-18 5.558756238789502e-02
0 123 5.125617434625841e+02 2.954769994343383e-18 6.201888639949966e-02
1 89 5.140909895290126e+02 3.132377854930876e-18 5.556209063546645e-02
0 124 5.167260660940779e+02 2.726687866549876e-18 6.201845933140688e-02
1 90 5.198658245794272e+02 3.893293686392129e-18 5.555791799822164e-02
0 125 5.208903594632990e+02 4.286021146138643e-18 6.201910012002972e-02
0 126 5.250549205537277e+02 3.454953298007837e-18 6.201338573704030e-02
1 91 5.256370489033480e+02 5.853622757803318e-18 5.562861733160961e-02
0 127 5.292191924738530e+02 2.579681720419696e-18 6.201279730315448e-02
1 92 5.314123722980917e+02 3.893093529943792e-16 5.563793914348080e-02
0 128 5.333835341556575e+02 3.367415440065053e-18 6.201289030218674e-02
0 129 5.375477979054377e+02 3.620891252863824e-18 6.201335417957322e-02
1 93 5.371880861125577e+02 3.542253582248057e-18 5.562836841677145e-02
0 130 5.417122191387723e+02 2.939125995523590e-18 6.202074804480302e-02
1 94 5.429618665898321e+02 2.039853080230391e-17 5.553819408437234e-02
0 131 5.458765176537374e+02 2.644699723663328e-18 6.202017236420024e-02
1 95 5.487367448770185e+02 1.337788311224254e-17 5.553866302304915e-02
0 132 5.500408195901647e+02 5.542263497891190e-18 6.202072257261992e-02
0 133 5.542052041790768e+02 4.286162586819052e-18 6.201386025032163e-02
1 96 5.545111786754522e+02 6.203017460369264e-16 5.562156837360532e-02
0 134 5.583694639898763e+02 2.556935527848723e-18 6.201346104548981e-02
1 97 5.602870368166125e+02 3.383537627241418e-18 5.563099256840263e-02
0 135 5.625338020373613e+02 4.286165043098994e-18 6.201332414906909e-02
1 98 5.660623233908001e+02 4.397691259220047e-18 5.562195790831947e-02
0 136 5.666980740546425e+02 4.286147879316262e-18 6.201393343769006e-02
0 137 5.708626645673598e+02 3.244738737613783e-18 6.201842925174821e-02
1 99 5.718330029682512e+02 3.363552317570752e-18 5.556618752486608e-02
0 138 5.750269586167240e+02 3.624614536823950e-18 6.201778057987332e-02
1 100 5.776077979477201e+02 3.680695214343007e-18 5.557131187979742e-02
0 139 5.791912882336180e+02 3.577280911508970e-18 6.201816999984726e-02
0 140 5.833555695920132e+02 2.901084889813368e-18 6.201652064508038e-02
1 101 5.833838295934611e+02 3.130845987549352e-18 5.558118733884362e-02
0 141 5.875198287811904e+02 2.517164384852358e-18 6.201729698374124e-02
1 102 5.891601575263473e+02 3.217569535589603e-18 5.558227569774212e-02
0 142 5.916841465835789e+02 3.920617850609398e-18 6.201694547344543e-02
1 103 5.949352609637690e+02 3.460070741974817e-18 5.557643452168739e-02
0 143 5.958484230787136e+02 4.286056166317431e-18 6.201759589234929e-02
0 144 6.000130220866088e+02 3.300159709816374e-18 6.201425536070110e-02
1 104 6.007057926620662e+02 4.035760669392669e-18 5.561738211313996e-02
0 145 6.041773003850699e+02 2.639783258418840e-18 6.201363207870367e-02
1 105 6.064809214949485e+02 2.078222207558982e-16 5.562590520902960e-02
0 146 6.083416407107902e+02 3.599376669322371e-18 6.201381435318911e-02
0 147 6.125059039710515e+02 3.388886216816109e-18 6.201415962190275e-02
1 106 6.122568020619120e+02 3.224846652967867e-18 5.561679717601838e-02
0 148 6.166702669882779e+02 2.548375059570238e-18 6.202029180098156e-02
1 107 6.180316102972442e+02 3.358922010945836e-18 5.554324544142032e-02
0 149 6.208345815938927e+02 3.058565477602134e-18 6.201976785202225e-02
1 108 6.238063422306491e+02 8.895828595850659e-18 5.554177145094694e-02
0 150 6.249988863602609e+02 3.233741233819161e-18 6.202036217530980e-02
0 151 6.291633491039246e+02 2.852587445769146e-18 6.201301148641986e-02
1 109 6.295793948873263e+02 8.955690235292947e-16 5.563161458984973e-02
0 152 6.333275998955222e+02 3.469569356227965e-18 6.201253969931426e-02
1 110 6.353552514776129e+02 5.255869856134715e-18 5.564126662936408e-02
0 153 6.374919278742807e+02 5.094185654506731e-18 6.201249354372694e-02
1 111 6.411309126919243e+02 3.128869165356546e-18 5.563161164531707e-02
0 154 6.416561831514173e+02 7.023467695588622e-18 6.201305020494530e-02
0 155 6.458207200310155e+02 2.588681376955901e-18 6.201953369679694e-02
1 112 6.469026050379601e+02 3.199136446536623e-18 5.555160152828716e-02
0 156 6.499850228655577e+02 5.296376194552375e-18 6.201890455823544e-02
1 113 6.526772885267457e+02 4.674550510642657e-18 5.555497433435718e-02
0 157 6.541493487877118e+02 4.286016783917904e-18 6.201936420742347e-02
0 158 6.583136646527131e+02 3.033564866722389e-18 6.201539827994897e-02
1 114 6.584528749350118e+02 4.672825890617360e-18 5.559729298771204e-02
0 159 6.624779224048451e+02 2.851163775443945e-18 6.201537818948091e-02
1 115 6.642290231135237e+02 3.545775078231464e-18 5.560581257405177e-02
0 160 6.666422524191975e+02 1.851602465404957e-16 6.201510888599601e-02
1 116 6.700041239014948e+02 3.218937934378106e-18 5.559852967258365e-02
0 161 6.708065301750747e+02 4.467949411435325e-17 6.201575305751172e-02
0 162 6.749711451886582e+02 2.689507714262516e-18 6.201580518208637e-02
1 117 6.757743634989278e+02 4.673169610939886e-18 5.559800104464089e-02
0 163 6.791354171372121e+02 2.872075636775569e-18 6.201516125074377e-02
1 118 6.815495440691317e+02 2.342420865558047e-16 5.560537327003418e-02
0 164 6.832997415385393e+02 4.656244174675146e-18 6.201542988194924e-02
0 165 6.874639937486148e+02 2.794316656830872e-18 6.201542641312394e-02
1 119 6.873257763497194e+02 4.850801348467162e-18 5.559741911136019e-02
0 166 6.916283084618830e+02 2.631748933031827e-18 6.201946814273989e-02
1 120 6.931013880594182e+02 2.293451351356012e-16 5.555408632657218e-02
0 167 6.957926329789300e+02 4.286031301723802e-18 6.201900768145988e-02
1 121 6.988761057401167e+02 5.205023972146325e-18 5.555071383905722e-02
0 168 6.999569346212209e+02 1.004774371697284e-16 6.201963466498770e-02
0 169 7.041214687181067e+02 2.516780248091651e-18 6.201312061813800e-02
1 122 7.046478401560214e+02 6.249719427890698e-16 5.563134110382748e-02
0 170 7.082857312506891e+02 6.596586207499679e-18 6.201257543453451e-02
1 123 7.104233732693576e+02 4.052067434725361e-18 5.564083353309492e-02
0 171 7.124500666482184e+02 5.254731820757020e-18 6.201262132789803e-02
1 124 7.161991013590015e+02 3.583472818680164e-18 5.563094639699319e-02
0 172 7.166143248947117e+02 2.663992400385344e-18 6.201308896509154e-02
0 173 7.207787839329658e+02 2.562407853081572e-17 6.202060512149209e-02
1 125 7.219722154067771e+02 3.156524427804445e-18 5.553954008666215e-02
0 174 7.249430808273884e+02 3.056477093631514e-18 6.202001011998518e-02
1 126 7.277470703012312e+02 4.675140630204697e-18 5.554103919983715e-02
0 175 7.291073877924256e+02 3.600276370433533e-18 6.202053203721502e-02
0 176 7.332717420874840e+02 2.550531375997107e-18 6.201440038974072e-02
1 127 7.335220267086448e+02 4.806568746642399e-18 5.561335104395346e-02
0 177 7.374360052883543e+02 4.286144414066952e-18 6.201411159599018e-02
1 128 7.392979127737646e+02 3.471379181942768e-18 5.562279004012808e-02
0 178 7.416003457950973e+02 5.281613507190014e-18 6.201392958700987e-02
1 129 7.450730500877928e+02 4.211801378661715e-18 5.561435820948314e-02
0 179 7.457646243662214e+02 2.525616918344048e-18 6.201454873387494e-02
0 180 7.499292300927519e+02 8.186866603164598e-18 6.201777589426368e-02
1 130 7.508434445334797e+02 3.580313511671084e-18 5.557451247019666e-02
0 181 7.540935140931721e+02 3.633788273825024e-18 6.201712608022497e-02
1 131 7.566184053915744e+02 1.090441500149320e-16 5.558043921228610e-02
0 182 7.582578395719970e+02 4.301430677338868e-18 6.201747661725966e-02
0 183 7.624221057522208e+02 2.549811535783559e-18 6.201673449118853e-02
1 132 7.623945960033835e+02 4.363656831395156e-17 5.557897543246804e-02
0 184 7.665863765083352e+02 4.286040956398691e-18 6.201831302123017e-02
1 133 7.681708239627088e+02 3.962424387497280e-18 5.556988093064066e-02
0 185 7.707506948233403e+02 3.445196096933018e-18 6.201792399484866e-02
1 134 7.739458222682485e+02 3.222934423209244e-18 5.556473609008369e-02
0 186 7.749149777796002e+02 2.574694197607701e-18 6.201857073607244e-02
0 187 7.790795598826099e+02 2.916256807459788e-18 6.201386792440033e-02
1 135 7.797166596351773e+02 3.253153855054983e-18 5.562281015347053e-02
0 188 7.832438381705019e+02 3.487195349262076e-18 6.201326271570974e-02
1 136 7.854918293554842e+02 4.856576644578938e-18 5.563172770044464e-02
0 189 7.874081825336083e+02 2.638314255697331e-18 6.201340005744874e-02
1 137 7.912675709648156e+02 4.520234172489737e-18 5.562193831708998e-02
0 190 7.915724483486961e+02 2.865212296972304e-18 6.201376706534853e-02
0 191 7.957368390564548e+02 3.247735629102694e-18 6.202073028065195e-02
1 138 7.970419098553713e+02 3.161211326204515e-18 5.553821442306839e-02
0 192 7.999011446652794e+02 2.895334437755315e-18 6.202018070563511e-02
1 139 8.028167255196473e+02 3.133904016523794e-18 5.553779296034656e-02
0 193 8.040654471315779e+02 2.599671100148651e-18 6.202075547149483e-02
0 194 8.082298689791102e+02 4.259007569846871e-18 6.201347380170679e-02
1 140 8.085905008969841e+02 3.730557768156102e-18 5.562606678847946e-02
0 195 8.123941228029058e+02 3.519032542615453e-18 6.201302213233719e-02
1 141 8.143663878300437e+02 3.128111295948697e-18 5.563582585618013e-02
0 196 8.165584544202359e+02 3.347683923417187e-18 6.201293007424091e-02
1 142 8.201418859664149e+02 4.672111597989182e-18 5.562660428395638e-02
0 197 8.207227162672841e+02 2.894472076518760e-18 6.201351121667471e-02
0 198 8.248872844558019e+02 3.586368813255181e-18 6.201907341272088e-02
1 143 8.259129907307725e+02 3.913704864617116e-16 5.555753115455141e-02
0 199 8.290515859380805e+02 4.286045313004290e-18 6.201843375131143e-02
1 144 8.316876764010605e+02 2.929406558040897e-17 5.556178154341367e-02
0 200 8.332159168978536e+02 2.530501376928115e-18 6.201886011239577e-02
0 201 8.373802154734402e+02 3.956097752283403e-18 6.201607159778157e-02
1 145 8.374634908570998e+02 2.568009611781608e-16 5.558792857579151e-02
0 202 8.415444717218173e+02 3.550549842975680e-18 6.201637074545178e-02
1 146 8.432397730900370e+02 3.579064500627256e-18 5.559350831443081e-02
0 203 8.457087941274676e+02 3.263151704778481e-18 6.201605937078837e-02
1 147 8.490148979272420e+02 4.795102918965913e-18 5.558678809665277e-02
0 204 8.498730696050268e+02 3.752759669060270e-18 6.201671064795457e-02
0 205 8.540376796373006e+02 3.608356916643476e-18 6.201500517604516e-02
1 148 8.547852333285133e+02 3.158148473261372e-18 5.560789179407619e-02
0 206 8.582019534922006e+02 2.914728904990471e-18 6.201436636606321e-02
1 149 8.605604055540654e+02 5.068945922326667e-18 5.561585228107819e-02
0 207 8.623662847688421e+02 2.518991585180601e-18 6.201459231833408e-02
1 150 8.663364815190579e+02 3.936042926150873e-18 5.560642946005222e-02
0 208 8.665305405039995e+02 3.442502070138556e-18 6.201484203109105e-02
0 209 8.706948799729170e+02 2.841601047750304e-18 6.201996858006410e-02
1 151 8.721117056051196e+02 3.232209303288315e-18 5.554718363291631e-02
0 210 8.748592022526589e+02 2.743551827460584e-18 6.201947466457295e-02
1 152 8.778863799497523e+02 3.572067205717702e-18 5.554484841925671e-02
0 211 8.790235081702274e+02 2.952003308875345e-18 6.202008917796854e-02
0 212 8.831880091771843e+02 4.286172410083223e-18 6.201304550995357e-02
1 153 8.836587267782036e+02 4.020827053663779e-18 5.563161501768027e-02
0 213 8.873522636488599e+02 9.442119059715492e-18 6.201251220748584e-02
1 154 8.894344604669145e+02 1.161468069853254e-15 5.564136197511649e-02
0 214 8.915165932959842e+02 2.595929240134717e-18 6.201251120418630e-02
1 155 8.952101930538482e+02 7.730362842298260e-18 5.563175918286813e-02
0 215 8.956808476558496e+02 3.464600878278040e-18 6.201304294605733e-02
0 216 8.998453463626814e+02 2.851123107648648e-18 6.202020420712576e-02
1 156 9.009825840349662e+02 6.865352225474099e-18 5.554377126703291e-02
0 217 9.040096454133570e+02 3.303319789999920e-18 6.201958890418522e-02
1 157 9.067573638154460e+02 3.411284851836581e-18 5.554618186130579e-02
0 218 9.081739611407263e+02 2.516489803606054e-18 6.202008257079542e-02
0 219 9.123382922778652e+02 1.252686928290815e-17 6.201505458382994e-02
1 158 9.125327034771583e+02 7.440937601459026e-16 5.560519326708822e-02
0 220 9.165025554062483e+02 6.851250678520623e-17 6.201478618654192e-02
1 159 9.183086816998534e+02 3.129346229913194e-18 5.561392180429578e-02
0 221 9.206668934442720e+02 2.625204612694946e-18 6.201455852830006e-02
1 160 9.240837530636925e+02 3.459396282333880e-18 5.560588334729506e-02
0 222 9.248311742073745e+02 4.639384988576836e-18 6.201519907068991e-02
0 223 9.289957880939892e+02 3.502351492611419e-18 6.201693257148429e-02
1 161 9.298540033054439e+02 3.354329510647135e-18 5.558480519241258e-02
0 224 9.331600634319785e+02 2.682272266582897e-18 6.201627929269686e-02
1 162 9.356291129379573e+02 5.578326644481318e-18 5.559147958741317e-02
0 225 9.373243859395583e+02 4.054434883958243e-17 6.201659061280620e-02
0 226 9.414886419873346e+02 3.056637321510582e-18 6.201635750382846e-02
1 163 9.414053754335931e+02 3.425302928554880e-18 5.558508010573331e-02
0 227 9.456529314973093e+02 1.852741800438645e-16 6.201910600975307e-02
1 164 9.471813632512011e+02 3.200724113723484e-18 5.555952448834158e-02
0 228 9.498172529911368e+02 2.650337083113605e-18 6.201867831115444e-02
1 165 9.529562162246706e+02 3.543517253672182e-18 5.555535761488284e-02
0 229 9.539815452992141e+02 5.868575490097974e-18 6.201931925096239e-02
0 230 9.581461055491493e+02 3.126566333835293e-18 6.201356647848449e-02
1 166 9.587274556653728e+02 4.672092450160653e-18 5.562648044900430e-02
0 231 9.623103784800626e+02 2.525587278799526e-18 6.201297799780650e-02
1 167 9.645027626776077e+02 1.201984505274367e-16 5.563582058293109e-02
0 232 9.664747212095414e+02 7.381222099428399e-18 6.201307021285322e-02
0 233 9.706389859986081e+02 3.291565061033543e-17 6.201353468302032e-02
1 168 9.702784575105331e+02 5.773508265042100e-18 5.562626969391689e-02
0 234 9.748034079071062e+02 2.972773572939041e-18 6.202093147637618e-02
1 169 9.760522257149884e+02 3.582085013250970e-18 5.553598277748401e-02
0 235 9.789677065480593e+02 3.021082014771093e-18 6.202035534896039e-02
1 170 9.818271020282318e+02 4.369624109374293e-18 5.553646828177074e-02
0 236 9.831320087019799e+02 2.516454127946823e-18 6.202090544166224e-02
0 237 9.872963929308879e+02 2.880320280530000e-18 6.201405500272422e-02
1 171 9.876015426851530e+02 1.517655629820760e-15 5.561927356693508e-02
0 238 9.914606517782597e+02 2.525724104327631e-18 6.201365350548345e-02
1 172 9.933774181534455e+02 3.764585512170918e-18 5.562863967353753e-02
0 239 9.956249888292716e+02 1.241357843224167e-17 6.201351593005199e-02
1 173 9.991527192133111e+02 4.397215870602771e-18 5.561960486412733e-02
0 240 9.997892598983093e+02 3.624185035228387e-18 6.201412584066504e-02
0 241 1.003953851120367e+03 2.824083835190304e-18 6.201858291253438e-02
1 174 1.004923386732178e+03 3.208917207704241e-18 5.556428981779891e-02
0 242 1.008118146067834e+03 3.202434996219797e-18 6.201793397146568e-02
1 175 1.010698167216333e+03 4.938179022380331e-18 5.556941381782644e-02
0 243 1.012282476667206e+03 5.532815696355112e-18 6.201832304608382e-02
0 244 1.016446758824300e+03 3.436312801872844e-18 6.201667747759618e-02
1 176 1.016474184933458e+03 3.130966425973919e-18 5.557920874997604e-02
0 245 1.020611018140329e+03 2.636357835571121e-18 6.201747077981835e-02
1 177 1.022250511872376e+03 3.138420812711447e-18 5.558011677204399e-02
0 246 1.024775335910051e+03 5.115238534532864e-18 6.201711878517516e-02
1 178 1.028025614074727e+03 3.468776025805601e-18 5.557428165979610e-02
0 247 1.028939612451087e+03 2.816946523937046e-18 6.201776940150774e-02
0 248 1.033104211026792e+03 2.915272683278694e-18 6.201442054116856e-02
1 179 1.033796155209530e+03 3.997821266862784e-18 5.561533183732228e-02
0 249 1.037268488191587e+03 3.160951867421368e-18 6.201379683694410e-02
1 180 1.039571303515118e+03 9.690092448003535e-17 5.562387321512087e-02
0 250 1.041432827445279e+03 3.541777022192691e-18 6.201397859086517e-02
0 251 1.045597089623700e+03 4.314721529051100e-18 6.201432859873587e-02
1 181 1.045347201261794e+03 4.459491094871798e-18 5.561480546363830e-02
0 252 1.049761453959565e+03 2.521384386193851e-18 6.202046518805070e-02
1 182 1.051121986953400e+03 2.409529535889645e-16 5.554108435267537e-02
0 253 1.053925769520817e+03 3.905901658617618e-18 6.201994070364573e-02
1 183 1.056896702573571e+03 3.870245822071171e-18 5.553962490606799e-02
0 254 1.058090075324350e+03 2.826383843584605e-18 6.202053484869036e-02
0 255 1.062254538523003e+03 2.761018947131852e-18 6.201319101945996e-02
1 184 1.062669747031674e+03 3.573248040781638e-18 5.562949135599200e-02
0 256 1.066418789070136e+03 2.782892351677054e-18 6.201271713168748e-02
1 185 1.068445608320365e+03 4.011320400634196e-18 5.563910687400949e-02
0 257 1.070583116819581e+03 2.819869910471617e-18 6.201267033974012e-02
1 186 1.074221271260675e+03 3.904506276206546e-18 5.562944715449830e-02
0 258 1.074747371907156e+03 2.909349352749969e-18 6.201322845229242e-02
0 259 1.078911908274112e+03 2.518803936721492e-18 6.201970889432083e-02
1 187 1.079992973500161e+03 3.234430749695117e-18 5.554952996821202e-02
0 260 1.083076210022966e+03 3.429441498099870e-18 6.201907929466060e-02
1 188 1.085767675471751e+03 3.930076457405706e-18 5.555290584227517e-02
0 261 1.087240534943411e+03 3.563352661332236e-18 6.201953849794740e-02
0 262 1.091404849449636e+03 3.228732334053855e-18 6.201560375232767e-02
1 189 1.091543284795513e+03 3.990723126170812e-18 5.559488850101572e-02
0 263 1.095569108527377e+03 4.253085895069789e-18 6.201557759774327e-02
1 190 1.097319411409033e+03 3.484814104731028e-18 5.560345100466833e-02
0 264 1.099733439787053e+03 4.286118164783227e-18 6.201530768132137e-02
1 191 1.103094489392035e+03 3.852453453687160e-18 5.559617388620929e-02
0 265 1.103897718852217e+03 8.229704883636079e-18 6.201595218500121e-02
0 266 1.108062334347194e+03 2.654549799355598e-18 6.201600634941749e-02
1 192 1.108864718956204e+03 4.177506316079341e-18 5.559564564974142e-02
0 267 1.112226605672766e+03 5.279946377861158e-18 6.201536241724852e-02
1 193 1.114639910460493e+03 9.564318940224862e-17 5.560303624937071e-02
0 268 1.116390929533778e+03 3.536867888635421e-18 6.201563041151720e-02
0 269 1.120555181247668e+03 2.730832952982988e-18 6.201563618033749e-02
1 194 1.120416152032125e+03 1.083925220972152e-17 5.559515037808980e-02
0 270 1.124719495451021e+03 2.955981246504699e-18 6.201968706346148e-02
1 195 1.126191770580818e+03 4.485133847083945e-18 5.555153197883257e-02
0 271 1.128883819306107e+03 3.446564900071722e-18 6.201922608979976e-02
1 196 1.131966498572994e+03 3.223609187142928e-18 5.554817193211054e-02
0 272 1.133048120363794e+03 2.523268807706003e-17 6.201985286838828e-02
0 273 1.137212653911436e+03 2.551986323929946e-18 6.201330762106996e-02
1 197 1.137738242078052e+03 3.156582115154487e-18 5.562918550328767e-02
0 274 1.141376917768608e+03 2.516794709637194e-18 6.201276423055793e-02
1 198 1.143513752941800e+03 3.127935244433310e-18 5.563865329468983e-02
0 275 1.145541254563877e+03 2.855489030154113e-18 6.201280943769800e-02
1 199 1.149289455973674e+03 3.128956881857229e-18 5.562875593051057e-02
0 276 1.149705514267443e+03 2.960748869380246e-18 6.201328094726737e-02
0 277 1.153869973121657e+03 2.516457882554012e-18 6.202080176039945e-02
1 200 1.155062571558880e+03 3.133972668310981e-18 5.553726439023608e-02
0 278 1.158034269212443e+03 4.286001396290696e-18 6.202020643579779e-02
1 201 1.160837440052705e+03 3.911027400764982e-18 5.553877088382971e-02
0 279 1.162198575461289e+03 8.909445485663727e-18 6.202072784320776e-02
0 280 1.166362928652745e+03 2.672762557748418e-18 6.201459866872201e-02
1 202 1.166612418237424e+03 4.892932949121539e-18 5.561086564258127e-02
0 281 1.170527191524769e+03 4.600752931898271e-18 6.201431933187484e-02
1 203 1.172388308406027e+03 3.128968130144814e-18 5.562033965719509e-02
0 282 1.174691531779710e+03 4.286146336284439e-18 6.201413669690527e-02
1 204 1.178163447802737e+03 5.307093335815814e-18 5.561191425144843e-02
0 283 1.178855810165477e+03 2.668681491602563e-18 6.201475632796871e-02
0 284 1.183020416818289e+03 2.595264983141701e-17 6.201794640784483e-02
1 205 1.183933824528734e+03 6.152592987350569e-16 5.557246452080630e-02
0 285 1.187184701954860e+03 2.791888327974477e-18 6.201729665227605e-02
1 206 1.189708767110948e+03 4.269327797370461e-17 5.557840961516038e-02
0 286 1.191349028651097e+03 3.614716406989220e-18 6.201764653812550e-02
0 287 1.195513295869946e+03 2.971301265666798e-18 6.201691393335797e-02
1 207 1.195484939285815e+03 1.138570358355634e-16 5.557683448696303e-02
0 288 1.199677566016374e+03 3.179893800566088e-18 6.201849994014467e-02
1 208 1.201261178581170e+03 5.454852470573264e-18 5.556761064705924e-02
0 289 1.203841883484717e+03 6.449186011655986e-18 6.201811040569193e-02
1 209 1.207036189676616e+03 4.965414937354855e-18 5.556247679173959e-02
0 290 1.208006165675534e+03 2.761127703291157e-18 6.201875680209924e-02
0 291 1.212170747029411e+03 2.940261533392165e-18 6.201402582095095e-02
1 210 1.212807042038163e+03 3.136476304728702e-18 5.562087880755123e-02
0 292 1.216335025104097e+03 2.771761332663851e-18 6.201342142884466e-02
1 211 1.218582215652357e+03 3.978044584598633e-18 5.562977975855320e-02
0 293 1.220499369314570e+03 2.957334250306295e-18 6.201355812241505e-02
1 212 1.224357958633692e+03 5.102606942833550e-18 5.561997396514329e-02
0 294 1.224663634953068e+03 2.734676039698218e-18 6.201392123017106e-02
0 295 1.228828027067247e+03 3.539084946618601e-18 6.202089081490868e-02
1 213 1.230132273627308e+03 3.170827690023028e-18 5.553620574741927e-02
0 296 1.232992333628060e+03 3.448854975296608e-18 6.202034097116167e-02
1 214 1.235907073161206e+03 3.455189303705985e-18 5.553579164128904e-02
0 297 1.237156637132086e+03 2.580010257506386e-18 6.202091513470875e-02
0 298 1.241321059432615e+03 5.082512926685567e-18 6.201364099436149e-02
1 215 1.241680842579288e+03 4.025392366093624e-18 5.562394003215759e-02
0 299 1.245485312229932e+03 3.320576886784074e-18 6.201319210294067e-02
1 216 1.247456746546973e+03 1.680546329536237e-15 5.563372166234633e-02
0 300 1.249649642843488e+03 3.324303373165280e-18 6.201309946744085e-02
1 217 1.253232259123828e+03 1.158111229210555e-17 5.562450833514069e-02
0 301 1.253813903724978e+03 2.860817763378189e-18 6.201367990089597e-02
0 302 1.257978471952784e+03 5.167516048653001e-18 6.201922125891386e-02
1 218 1.259003364886830e+03 4.674673527865898e-18 5.555569874189129e-02
0 303 1.262142773249413e+03 2.893764757200841e-18 6.201858164594139e-02
1 219 1.264778054266741e+03 1.396769957672622e-17 5.555996685969457e-02
0 304 1.266307104103842e+03 2.581109970551261e-18 6.201900746354113e-02
0 305 1.270471402409317e+03 3.855317221477379e-18 6.201623383787850e-02
1 220 1.270553872947389e+03 6.470850182795356e-16 5.558589633293217e-02
0 306 1.274635659647718e+03 2.820947879025474e-18 6.201654405059455e-02
1 221 1.276330139499895e+03 3.388261792980706e-18 5.559137361281327e-02
0 307 1.278799983012252e+03 2.902495860855112e-18 6.201623228088651e-02
1 222 1.282105246398190e+03 3.546268231290942e-18 5.558466166003326e-02
0 308 1.282964259519293e+03 2.889702089174271e-18 6.201688332542592e-02
0 309 1.287128869624043e+03 3.274037843075748e-18 6.201518464124582e-02
1 223 1.287875580631325e+03 3.130298545535948e-18 5.560574621834800e-02
0 310 1.291293142156315e+03 3.018522843857204e-18 6.201454625097472e-02
1 224 1.293650775510120e+03 5.581899354154524e-18 5.561369615264848e-02
0 311 1.295457472181109e+03 2.525137239369742e-18 6.201477157283067e-02
1 225 1.299426872072441e+03 3.957199159187967e-18 5.560424643091211e-02
0 312 1.299621726579946e+03 5.299352973650642e-18 6.201501784147849e-02
0 313 1.303786066590138e+03 2.516487900305103e-18 6.202016373636436e-02
1 226 1.305202087956712e+03 3.203629910930942e-18 5.554486192652366e-02
0 314 1.307950389044332e+03 2.873517650777879e-18 6.201966967260250e-02
1 227 1.310976758679019e+03 3.871802359750928e-18 5.554253282090439e-02
0 315 1.312114695218202e+03 2.918347642206747e-18 6.202028382151677e-02
0 316 1.316279196162863e+03 2.815933719518426e-18 6.201322775698335e-02
1 228 1.316749105837873e+03 4.671988843108146e-18 5.562947341677095e-02
0 317 1.320443451532813e+03 2.986833878350735e-18 6.201269509128533e-02
1 229 1.322524824766407e+03 4.219115301955416e-16 5.563923866088247e-02
0 318 1.324607782109775e+03 2.516795799901160e-18 6.201269332047269e-02
1 230 1.328300539850225e+03 1.485256851525737e-17 5.562964802174557e-02
0 319 1.328772037404193e+03 4.029823666625992e-18 6.201322462232277e-02
0 320 1.332936535502519e+03 2.839927233724096e-18 6.202039607411674e-02
1 231 1.334072941405534e+03 3.581845871107263e-18 5.554156001110581e-02
0 321 1.337100833191814e+03 3.064531957914492e-18 6.201978084512177e-02
1 232 1.339847744436066e+03 4.027366216117043e-18 5.554398785610707e-02
0 322 1.341265147643498e+03 3.736884185467402e-18 6.202027391812982e-02
0 323 1.345429477066489e+03 2.806171575578599e-18 6.201526256831089e-02
1 233 1.345623112240809e+03 1.818498194464711e-15 5.560284888983404e-02
0 324 1.349593740926995e+03 1.708828444854533e-17 6.201499580705404e-02
1 234 1.351399079913838e+03 3.394575593875588e-18 5.561147185707856e-02
0 325 1.353758079642350e+03 2.597488456377854e-18 6.201476739925194e-02
1 235 1.357174137995460e+03 3.570704467289544e-18 5.560343825849334e-02
0 326 1.357922361131221e+03 2.879004621631098e-18 6.201540820527082e-02
0 327 1.362086975865578e+03 2.516608383111152e-18 6.201712172241836e-02
1 236 1.362944370975349e+03 3.192567671870299e-18 5.558261473569511e-02
0 328 1.366251251788765e+03 2.648132465049008e-18 6.201646868315614e-02
1 237 1.368719471567061e+03 4.157569025022514e-18 5.558928342955270e-02
0 329 1.370415574955093e+03 2.516625643851492e-18 6.201677923496986e-02
1 238 1.374495723560154e+03 3.975854625596334e-18 5.558276595786795e-02
0 330 1.374579831552585e+03 8.334231000245225e-18 6.201655781660013e-02
0 331 1.378744120141859e+03 5.112553624727518e-17 6.201931105026617e-02
1 239 1.380271727773495e+03 3.195568809467383e-18 5.555712448884354e-02
0 332 1.382908440483656e+03 2.619964213696477e-18 6.201888269253568e-02
1 240 1.386046598846898e+03 3.851460136787857e-18 5.555296389804092e-02
0 333 1.387072731716028e+03 2.869224716804566e-18 6.201952379569727e-02
0 334 1.391237291077779e+03 7.581068734371034e-18 6.201373389022037e-02
1 241 1.391817854525189e+03 3.326853010797722e-18 5.562449197973351e-02
0 335 1.395401564860491e+03 2.652974536130444e-18 6.201314542882617e-02
1 242 1.397593147851852e+03 3.400093601573132e-17 5.563384936549077e-02
0 336 1.399565908479319e+03 4.097779468844791e-17 6.201323685903042e-02
1 243 1.403368826393955e+03 1.101128120779606e-17 5.562431961535452e-02
0 337 1.403730174148069e+03 2.786908599586791e-18 6.201370169536660e-02
0 338 1.407894596884823e+03 2.177265387597953e-17 6.202110014270659e-02
1 244 1.409142579723527e+03 1.800785549945553e-16 5.553393412219405e-02
0 339 1.412058895825022e+03 2.685447422949195e-18 6.202052353787832e-02
1 245 1.414917451118176e+03 3.484679347233564e-18 5.553443646410745e-02
0 340 1.416223198369058e+03 3.161346697247429e-18 6.202107354099664e-02
0 341 1.420387582410598e+03 4.206544647104046e-18 6.201423522357566e-02
1 246 1.420691895590970e+03 3.266945218354530e-18 5.561714535576913e-02
0 342 1.424551840214396e+03 2.621079034322521e-18 6.201383165093909e-02
1 247 1.426467789782318e+03 3.735056284663790e-18 5.562644888200365e-02
0 343 1.428716176189379e+03 5.391671873335933e-17 6.201369337546357e-02
1 248 1.432243106638347e+03 4.796655405072224e-18 5.561741535399967e-02
0 344 1.432880446230034e+03 4.337988835279089e-17 6.201430386610986e-02
0 345 1.437045038028079e+03 2.977757587203173e-18 6.201872280692449e-02
1 249 1.438013764707637e+03 3.150885845662739e-18 5.556255366445303e-02
0 346 1.441209333735710e+03 2.716220723159740e-18 6.201807357417639e-02
1 250 1.443788533026610e+03 3.621660061054670e-18 5.556767600159639e-02
0 347 1.445373665178884e+03 3.526322948397680e-18 6.201846233358834e-02
0 348 1.449537948006732e+03 4.705131200826604e-18 6.201682083554439e-02
1 251 1.449564539012704e+03 3.715264891940313e-18 5.557738822328064e-02
0 349 1.453702207622655e+03 2.598300727542561e-18 6.201763174421961e-02
1 252 1.455340861970830e+03 3.470561773279018e-18 5.557810856622612e-02
0 350 1.457866525538633e+03 1.750656385132565e-17 6.201727923721743e-02
