0 0 6.486811110133007e+00 1.040479292297207e-17 4.804133303785803e-02
1 0 9.670319050188619e+00 6.796861761278684e-18 5.981755998191652e-02
1 1 2.117517610537049e+01 7.059322361373456e-18 5.982589868177602e-02
0 1 2.869502553582576e+01 1.048370480326219e-17 4.804087973728879e-02
1 2 3.267974751404967e+01 7.226663995892313e-18 5.982752736332250e-02
1 3 4.418481730575852e+01 6.750661823537548e-18 5.983397505620455e-02
0 2 5.090321490786704e+01 1.057368140964193e-17 4.804052377334914e-02
1 4 5.568942832567673e+01 8.016498443181788e-18 5.983489984788085e-02
1 5 6.719463288250157e+01 1.547581924089351e-15 5.983787411601758e-02
0 3 7.311138835871309e+01 1.149629203440520e-16 4.804035771502780e-02
1 6 7.869925925143068e+01 7.087529212446066e-18 5.983803560033369e-02
1 7 9.020448762559177e+01 6.704299184713213e-18 5.983680403987905e-02
0 4 9.531955934509300e+01 1.054141364359081e-17 4.804042516776736e-02
1 8 1.017091042541529e+02 7.000125405311809e-18 5.983619193020785e-02
1 9 1.132142393821816e+02 6.849766745804293e-18 5.983104745809854e-02
0 5 1.175277421588070e+02 1.049019864099623e-17 4.804070955041074e-02
1 10 1.247188222317410e+02 6.820583193954279e-18 5.982970057647435e-02
1 11 1.362237689532815e+02 6.930766073767712e-18 5.982189936688689e-02
0 6 1.397359481162937e+02 1.055486246332558e-17 4.804113740623023e-02
1 12 1.477282970411947e+02 7.194525795554470e-18 5.981990776947046e-02
1 13 1.592330060514593e+02 7.121264636549931e-18 5.981138198753918e-02
0 7 1.619441824282303e+02 1.084346924480430e-17 4.804159611397398e-02
1 14 1.707374638225060e+02 6.753246778906907e-18 5.980888716817867e-02
1 15 1.822419433155787e+02 7.552364458181181e-18 5.980179214864221e-02
0 8 1.841524426625199e+02 1.044644565336510e-17 4.804196176491439e-02
1 16 1.937463228016819e+02 6.752681445641888e-18 5.979899191427832e-02
1 17 2.052506364488970e+02 6.997756159041050e-18 5.979505956122076e-02
0 9 2.063607194345512e+02 1.071942268393842e-17 4.804212892554283e-02
1 18 2.167549403373511e+02 7.553306243206743e-18 5.979234086577297e-02
0 10 2.285689998073587e+02 1.078509348887624e-17 4.804207572541540e-02
1 19 2.282591833381448e+02 6.960843407386179e-18 5.979207832544612e-02
1 20 2.397634345199069e+02 6.719347826266375e-18 5.979035376894841e-02
0 11 2.507772774926617e+02 5.612544551995620e-17 4.804209710761545e-02
1 21 2.512676944775280e+02 8.205179151610232e-18 5.979243245540033e-02
1 22 2.627719496557467e+02 7.170018971783292e-18 5.979345102229797e-02
0 12 2.729855559948122e+02 1.054113414776971e-17 4.804210994014546e-02
1 23 2.742762742734100e+02 6.760279634408034e-18 5.979623440960150e-02
1 24 2.857806251872600e+02 6.751745213002728e-18 5.980095976047938e-02
0 13 2.951938267055424e+02 1.068592207923237e-17 4.804189367131739e-02
1 25 2.972850309110500e+02 7.223098277377693e-18 5.980371613801778e-02
1 26 3.087895660513563e+02 6.707212834307021e-18 5.981127348009552e-02
0 14 3.174020778633434e+02 1.042574531595405e-17 4.804150151089545e-02
1 27 3.202940507708838e+02 6.870875301905228e-18 5.981367202299799e-02
1 28 3.317988207347298e+02 8.795972365872198e-17 5.982219480212062e-02
0 15 3.396103023704275e+02 1.045766837153906e-17 4.804104208346138e-02
1 29 3.433033722592012e+02 7.450576127805194e-18 5.982405410655787e-02
1 30 3.548083711917604e+02 6.708252332948591e-18 5.983140815755377e-02
0 16 3.618185000991415e+02 1.047024584733369e-17 4.804063742392109e-02
1 31 3.663129705073150e+02 7.148424600181570e-18 5.983259893273966e-02
1 32 3.778181376614853e+02 7.135147837206656e-18 5.983697287533830e-02
0 17 3.840266779622079e+02 1.073522030279892e-17 4.804039427732816e-02
1 33 3.893227613937462e+02 6.734587364969292e-18 5.983741594288022e-02
1 34 4.008279949364770e+02 7.095937787828594e-18 5.983773640953285e-02
0 18 4.062348481582274e+02 1.058506925180411e-17 4.804037565840164e-02
1 35 4.123326179789531e+02 7.059855351666324e-18 5.983740378305416e-02
1 36 4.238377998097906e+02 7.720072576437967e-18 5.983358459211811e-02
0 19 4.284430251169863e+02 3.926643285225554e-17 4.804058710893157e-02
1 37 4.353423975682743e+02 6.910211894791320e-18 5.983249782683437e-02
1 38 4.468474214058840e+02 7.123725897005610e-18 5.982546725678553e-02
0 20 4.506512216607142e+02 1.076774624458018e-17 4.804097434154866e-02
1 39 4.583519715734178e+02 6.919404582152104e-18 5.982369629999135e-02
1 40 4.698567693112304e+02 7.016188421797040e-18 5.981518461954816e-02
0 21 4.728594455089003e+02 1.068162757818340e-17 4.804143601046117e-02
1 41 4.813612540190372e+02 6.837305874502168e-18 5.981285423367733e-02
1 42 4.928658123571603e+02 6.948934124679148e-18 5.980499948077391e-02
0 22 4.950676970738885e+02 1.083476716891522e-17 4.804184876988585e-02
1 43 5.043702207087308e+02 6.727639365748775e-18 5.980228041723715e-02
1 44 5.158745844581462e+02 6.981733791246997e-18 5.979705690211313e-02
0 23 5.172759692731169e+02 1.056887393792364e-17 4.804209830855537e-02
1 45 5.273789146722262e+02 7.023416590954308e-18 5.979423917350864e-02
1 46 5.388831719471858e+02 6.780027380873996e-18 5.979270629970235e-02
0 24 5.394842497626273e+02 1.039740670119723e-17 4.804211563675985e-02
1 47 5.503874377794579e+02 6.878122061182295e-18 5.979044937279420e-02
0 25 5.616925280555984e+02 1.075771323387187e-17 4.804206725279928e-02
1 48 5.618916837757006e+02 9.007724651052148e-17 5.979189973099536e-02
1 49 5.733959281753505e+02 6.840814830875792e-18 5.979171699376783e-02
0 26 5.839008065468647e+02 1.066615701815341e-17 4.804213348831479e-02
1 50 5.849002261786683e+02 7.193946827675369e-18 5.979437350039116e-02
1 51 5.964045307940688e+02 4.404642994529876e-17 5.979776283717354e-02
0 27 6.061090815701042e+02 1.184723389074060e-17 4.804199990295176e-02
1 52 6.079089064669772e+02 7.552494873780768e-18 5.980057777011921e-02
1 53 6.194133661106016e+02 6.707663417739877e-18 5.980728779637641e-02
0 28 6.283173410004939e+02 1.155533184624818e-17 4.804166069558105e-02
1 54 6.309178230998313e+02 7.551531900014500e-18 5.980984413539417e-02
1 55 6.424225051256583e+02 8.720068926886948e-18 5.981826098174616e-02
0 29 6.505255756231696e+02 1.039756493914563e-17 4.804121197507270e-02
1 56 6.539270342091247e+02 6.709572974770148e-18 5.982033220154196e-02
1 57 6.654319542035341e+02 7.101532959519904e-18 5.982835031887417e-02
0 30 6.727337826422975e+02 1.039763859612431e-17 4.804077395876886e-02
1 58 6.769365386263031e+02 7.200076135958136e-18 5.982979630518028e-02
1 59 6.884416546045795e+02 7.367615575150839e-18 5.983542536135168e-02
0 31 6.949419665226201e+02 1.070996852434644e-17 4.804046141855187e-02
1 60 6.999462723195562e+02 7.047912584339218e-18 5.983614648655280e-02
1 61 7.114514951490115e+02 6.704171233873128e-18 5.983800713713041e-02
0 32 7.171501378794214e+02 1.039984443505364e-17 4.804035664268861e-02
1 62 7.229561213716020e+02 7.044961431494763e-18 5.983795693122494e-02
1 63 7.344613355512527e+02 7.088384619395051e-18 5.983558823746866e-02
0 33 7.393583107326028e+02 1.052982737619514e-17 4.804048792961543e-02
1 64 7.459659452553213e+02 8.973290074793668e-18 5.983477035152362e-02
1 65 7.574710370102781e+02 7.677200543857269e-18 5.982874330660340e-02
0 34 7.615664989173555e+02 1.049703521045412e-17 4.804082118810792e-02
1 66 7.689756068878345e+02 6.706255958182106e-18 5.982721018432420e-02
1 67 7.804804914785217e+02 7.837167830059364e-18 5.981900282999352e-02
0 35 7.837747123567008e+02 1.096112379970537e-17 4.804126965338544e-02
1 68 7.919850017355817e+02 6.706577197448800e-18 5.981685714073568e-02
1 69 8.034896450689508e+02 6.784656931227988e-18 5.980850829951503e-02
0 36 8.059829542701517e+02 1.125346014713761e-17 4.804171441057000e-02
1 70 8.149940818465149e+02 6.917412026828317e-18 5.980591038684405e-02
1 71 8.264985079222391e+02 9.531625781803097e-16 5.979954011283559e-02
0 37 8.281912201928825e+02 1.049622786358205e-17 4.804203409478765e-02
1 72 8.380028660328085e+02 7.519375118701706e-18 5.979670953661539e-02
1 73 8.495071504239157e+02 7.030506815645745e-18 5.979380808314549e-02
0 38 8.503994992673784e+02 1.050229577701144e-17 4.804213725161184e-02
1 74 8.610114366419914e+02 5.431214426635152e-17 5.979122528552649e-02
0 39 8.726077787934025e+02 1.043103538689277e-17 4.804206273023905e-02
1 75 8.725156770441629e+02 7.556878044185404e-18 5.979179116193947e-02
1 76 8.840199218201400e+02 7.042836518951549e-18 5.979062599305764e-02
0 40 8.948160567268637e+02 1.039951620030005e-17 4.804212753032334e-02
1 77 8.955241964248338e+02 7.165713472596333e-18 5.979302346267418e-02
1 78 9.070284677080779e+02 7.284942185428980e-18 5.979503385526873e-02
0 41 9.170243343255379e+02 1.050631017927799e-17 4.804207912606036e-02
1 79 9.185328135851446e+02 6.749874552469700e-18 5.979784882167061e-02
1 80 9.300372070858061e+02 7.721346825340417e-18 5.980349738965730e-02
0 42 9.392326007664486e+02 1.116735404662951e-17 4.804180533884486e-02
1 81 9.415416349761709e+02 8.110569268649093e-18 5.980618007265120e-02
1 82 9.530462312027701e+02 7.573812661037233e-18 5.981420792238155e-02
0 43 9.614408451294870e+02 1.064889330845713e-17 4.804138305395513e-02
1 83 9.645507357004885e+02 7.055178742796432e-18 5.981647629706711e-02
1 84 9.760555709799285e+02 7.550039292966011e-18 5.982488689992693e-02
0 44 9.836490620640466e+02 1.129687264873768e-17 4.804092711963180e-02
1 85 9.875601375998299e+02 6.705446448931279e-18 5.982657444838974e-02
1 86 9.990651904219458e+02 7.389964778703286e-18 5.983327290052041e-02
0 45 1.005857253415062e+03 1.042290540747812e-17 4.804055754244575e-02
1 87 1.010569798794181e+03 7.063958314588479e-18 5.983426606880853e-02
1 88 1.022074995294428e+03 7.494857216715334e-18 5.983760478737474e-02
0 46 1.028065427797449e+03 1.042749669903164e-17 4.804037072314399e-02
1 89 1.033579621391608e+03 6.748378181118199e-18 5.983783758333956e-02
1 90 1.045084852589156e+03 6.704278550596698e-18 5.983699623153408e-02
0 47 1.050273598410482e+03 1.060863839210246e-17 4.804041590320431e-02
1 91 1.056589471136386e+03 7.002324220328865e-18 5.983645402877295e-02
1 92 1.068094619339661e+03 7.127501314208191e-18 5.983162941205786e-02
0 48 1.072481779600209e+03 1.040599545844697e-17 4.804068313724714e-02
1 93 1.079599206203878e+03 6.922735609251657e-18 5.983034802202024e-02
1 94 1.091104173177816e+03 3.195039369102446e-15 5.982271820528415e-02
0 49 1.094689983075720e+03 1.054112594151873e-17 4.804110271906093e-02
1 95 1.102608707117297e+03 7.009194870430808e-18 5.982077998185583e-02
1 96 1.114113438507171e+03 6.707073118549552e-18 5.981223132301350e-02
0 50 1.116898214729548e+03 1.039750707336595e-17 4.804156361126102e-02
1 97 1.125617903175794e+03 9.533024943058045e-18 5.980977491931187e-02
1 98 1.137122401945499e+03 6.708209033336574e-18 5.980246046018078e-02
0 51 1.139106472878714e+03 1.046304220658810e-17 4.804194156752275e-02
1 99 1.148626788651671e+03 6.781652878078435e-18 5.979968038811419e-02
1 100 1.160131113486109e+03 8.124232173948874e-18 5.979541929144401e-02
0 52 1.161314748701500e+03 1.598624942897726e-17 4.804212991210014e-02
1 101 1.171635424021707e+03 7.119918138491068e-18 5.979265846577524e-02
1 102 1.183139669590505e+03 6.717220078187147e-18 5.979209778504464e-02
0 53 1.183523029248722e+03 1.066317211672148e-17 4.804209256449195e-02
1 103 1.194643923651863e+03 7.602886223739803e-18 5.979020940208178e-02
0 54 1.205731307007713e+03 1.077296116181704e-17 4.804209651261306e-02
1 104 1.206148179423791e+03 7.174625441015045e-18 5.979215478776108e-02
1 105 1.217652430663164e+03 6.981297225441538e-18 5.979285028406046e-02
0 55 1.227939585605387e+03 1.041871718812934e-17 4.804212815723480e-02
1 106 1.229156748527195e+03 7.345293801992271e-18 5.979561729607193e-02
1 107 1.240661086350047e+03 8.240429240288177e-18 5.980000916053629e-02
0 56 1.250147857540946e+03 1.043036039753813e-17 4.804193066560269e-02
1 108 1.252165484335060e+03 6.754242364942376e-18 5.980277946347073e-02
1 109 1.263669999790770e+03 6.865379671900390e-18 5.981015055034977e-02
0 57 1.272356110910942e+03 1.051868752645209e-17 4.804154974013852e-02
1 110 1.275174477692469e+03 2.756058812010053e-16 5.981259392342216e-02
1 111 1.286679225348014e+03 8.243970811846432e-18 5.982111479171550e-02
0 58 1.294564338014238e+03 1.096115105927383e-17 4.804109163017375e-02
1 112 1.298183771450746e+03 7.089147259529296e-18 5.982302824430718e-02
1 113 1.309688751204142e+03 6.848627378783402e-18 5.983057497478932e-02
0 59 1.316772538012771e+03 1.096121731467154e-17 4.804067776956631e-02
1 114 1.321193347005640e+03 7.141208891583030e-18 5.983183114536130e-02
1 115 1.332698502432286e+03 6.737964803720548e-18 5.983653738742367e-02
0 60 1.338980717218784e+03 1.504149188037276e-17 4.804041615045389e-02
1 116 1.344203125005110e+03 7.090384476743295e-18 5.983705130534941e-02
1 117 1.355708357399382e+03 8.093309636366068e-18 5.983776369516558e-02
0 61 1.361188887506481e+03 1.065891004011149e-17 4.804037511337504e-02
1 118 1.367212981615775e+03 7.069648285354134e-18 5.983750207079217e-02
1 119 1.378718172999555e+03 7.239872067010100e-18 5.983403927858756e-02
0 62 1.383397063263882e+03 1.060587230771354e-17 4.804056629630884e-02
1 120 1.390222774045812e+03 7.549216357215126e-18 5.983301949091127e-02
1 121 1.401727816041789e+03 6.925161830875957e-18 5.982622108773168e-02
0 63 1.405605257610071e+03 1.045996434217222e-17 4.804094104913911e-02
1 122 1.413232371446975e+03 6.787600690628060e-18 5.982450950659220e-02
1 123 1.424737191333140e+03 7.211329686872757e-18 5.981605028597506e-02
0 64 1.427813478793896e+03 1.060577873620418e-17 4.804140159961353e-02
1 124 1.436241682722440e+03 7.110439230173915e-18 5.981376178684739e-02
1 125 1.447746262238074e+03 6.723021638281383e-18 5.980574906406625e-02
0 65 1.450021727967106e+03 1.052450565005223e-17 4.804182394443835e-02
1 126 1.459250677576763e+03 6.708136880660159e-18 5.980306507448430e-02
