0 0 1.810883570948826e+01 1.256478577083280e-17 3.927727816532317e-02
1 0 4.720564412247960e+01 2.190375583404454e-17 2.908546607754629e-02
0 1 4.926658191230067e+01 1.204108363685043e-17 3.927870969880985e-02
0 2 8.042421508016767e+01 1.193254300315588e-17 3.927835252222132e-02
0 3 1.115824246203767e+02 1.393737904571292e-16 3.927547768671575e-02
1 1 1.239347955064092e+02 2.181676974125525e-17 2.908440455323823e-02
0 4 1.427405814861954e+02 4.951227594639449e-16 3.927489652999647e-02
0 5 1.738993302941687e+02 1.192569190972817e-17 3.927657419178925e-02
1 2 2.006638981026972e+02 2.178639223009702e-17 2.908561131568184e-02
0 6 2.050571843588601e+02 1.205608162800224e-17 3.927810372478249e-02
0 7 2.362148390846485e+02 1.259342633039784e-17 3.927874135165630e-02
0 8 2.673728317740434e+02 1.199249186205610e-17 3.927613673725655e-02
1 3 2.773930562041706e+02 2.204479981367012e-17 2.908481634416145e-02
0 9 2.985309266509582e+02 1.198517158897960e-17 3.927517235104647e-02
0 10 3.296897702732991e+02 1.242913906633879e-17 3.927590415923176e-02
1 4 3.541221975265494e+02 3.343457286016252e-17 2.908541865518163e-02
0 11 3.608477346990187e+02 1.192551105331633e-17 3.927729107902173e-02
0 12 3.920054853496550e+02 1.192686672506987e-17 3.927891033408520e-02
0 13 4.231632952755575e+02 1.778131097288241e-16 3.927694236403247e-02
1 5 4.308513483089666e+02 3.594631982800327e-16 2.908526456675234e-02
0 14 4.543213016128376e+02 6.460221919402203e-16 3.927565833312015e-02
0 15 4.854801617126260e+02 1.192603717472173e-17 3.927534974203047e-02
1 6 5.075804988685032e+02 2.174788918066445e-17 2.908500725408327e-02
0 16 5.166382233214323e+02 1.205123058839844e-17 3.927645569950449e-02
0 17 5.477961355194755e+02 1.197992725169719e-17 3.927884020183774e-02
0 18 5.789538209893581e+02 1.192539134799967e-17 3.927778345847009e-02
1 7 5.843096526405849e+02 2.174852081051781e-17 2.908556881189975e-02
0 19 6.101117207379201e+02 1.201319384734601e-17 3.927629066453920e-02
0 20 6.412705169200244e+02 1.222207424545019e-17 3.927498179241262e-02
1 8 6.610387741162358e+02 1.040424649096416e-16 2.908455899405899e-02
0 21 6.724286521269435e+02 1.287983168294353e-17 3.927572643723787e-02
0 22 7.035867707818653e+02 1.195740440607625e-17 3.927853882864472e-02
0 23 7.347444041584444e+02 1.466804431726953e-16 3.927850089093525e-02
1 9 7.377679301350803e+02 3.671096029624588e-17 2.908556527278406e-02
0 24 7.659021927068213e+02 6.674426385748875e-16 3.927699124926418e-02
0 25 7.970608528589866e+02 1.192664379167156e-17 3.927485187704533e-02
1 10 8.144970171460373e+02 2.175927425247510e-17 2.908424029259183e-02
0 26 8.282190316625282e+02 1.195883180732681e-17 3.927519013382319e-02
0 27 8.593773740807054e+02 1.214261734681324e-17 3.927804106354740e-02
0 28 8.905350274163147e+02 1.218521914370214e-17 3.927888620071664e-02
1 11 8.912261423667076e+02 2.178887491046824e-17 2.908530689654211e-02
0 29 9.216927197943113e+02 1.201190076496984e-17 3.927767614262747e-02
0 30 9.528511895478324e+02 1.205163011924126e-17 3.927498670390595e-02
1 12 9.679552414339108e+02 2.189127974741711e-17 2.908416014726455e-02
0 31 9.840093784484335e+02 1.192615393988416e-17 3.927489947077237e-02
0 32 1.015167932013937e+03 1.196223135763459e-17 3.927740440105175e-02
1 13 1.044684324629267e+03 2.186941911330903e-17 2.908541194726332e-02
0 33 1.046325660760433e+03 4.371617057581933e-17 3.927878258181307e-02
0 34 1.077483297616222e+03 5.431629447338721e-16 3.927826493147935e-02
0 35 1.108641547621917e+03 1.192790673253634e-17 3.927538299064230e-02
1 14 1.121413470527101e+03 2.184444522473637e-17 2.908434519654363e-02
0 36 1.139799712350023e+03 1.194948109137492e-17 3.927487538543076e-02
0 37 1.170958436611439e+03 1.242007692029804e-17 3.927670335987572e-02
1 15 1.198142566228797e+03 3.637007518241216e-17 2.908561017718198e-02
0 38 1.202116270476404e+03 1.199512104996485e-17 3.927823654260350e-02
0 39 1.233273915853262e+03 1.224996905561911e-17 3.927868915363401e-02
0 40 1.264431945811568e+03 1.205134818386968e-17 3.927600763629779e-02
1 16 1.274871725402353e+03 2.905736379747213e-16 2.908473319029793e-02
0 41 1.295590054014683e+03 1.206908909530234e-17 3.927510824038913e-02
0 42 1.326748886116099e+03 1.195433612213898e-17 3.927602097716867e-02
1 17 1.351600860748973e+03 2.174815627820059e-17 2.908547372369106e-02
0 43 1.357906831319000e+03 3.958274633382925e-17 3.927744621535215e-02
0 44 1.389064559416183e+03 3.489052402682934e-16 3.927889995064980e-02
0 45 1.420222398579554e+03 1.194803367781834e-17 3.927679304068790e-02
1 18 1.428330012572141e+03 2.175181214871318e-17 2.908518807386461e-02
0 46 1.451380422420095e+03 1.205377160160063e-17 3.927556056080524e-02
