0 0 2.792206222596999e+00 3.986291530743049e-18 5.589808006212411e-02
0 1 8.723398893292986e+00 3.599877051822697e-18 5.589801018066402e-02
0 2 1.465458998195688e+01 3.606995268657135e-18 5.589796527495122e-02
0 3 2.058578083277510e+01 4.843294025609801e-18 5.589799884187409e-02
1 0 2.553459901352182e+01 7.043525514607124e-17 2.699700908741349e-02
0 4 2.651697250980070e+01 1.876977514450090e-17 5.589802628366632e-02
0 5 3.244816394478967e+01 5.490188396569409e-17 5.589798096939793e-02
0 6 3.837935467801059e+01 3.367922463065150e-18 5.589797170412524e-02
0 7 4.431054621559246e+01 3.231014011343702e-18 5.589803554245484e-02
0 8 5.024173939045561e+01 3.231011487104254e-18 5.589809254493761e-02
0 9 5.617293307405043e+01 3.268950291031617e-18 5.589807361745822e-02
0 10 6.210412553530815e+01 3.265259862133300e-18 5.589800125149345e-02
0 11 6.803531650687398e+01 3.269831596361364e-18 5.589796478883185e-02
0 12 7.396650744807486e+01 3.270516922739402e-18 5.589800512975160e-02
1 1 7.819312856563235e+01 2.058376508424356e-16 2.699591287057559e-02
0 13 7.989769917471421e+01 3.237983971863339e-18 5.589802386078417e-02
0 14 8.582889049092336e+01 3.318004345154730e-18 5.589797557121121e-02
0 15 9.176008123038326e+01 3.336956013058771e-18 5.589797644345034e-02
0 16 9.769127296306561e+01 5.347339681590270e-17 5.589804474564136e-02
0 17 1.036224662950078e+02 1.652249976504964e-17 5.589809476196769e-02
0 18 1.095536599142308e+02 5.636284275240196e-18 5.589806623477749e-02
0 19 1.154848521637747e+02 3.539617437729920e-18 5.589799343704050e-02
0 20 1.214160430231678e+02 4.287136072642327e-18 5.589796696104102e-02
0 21 1.273472340617840e+02 3.585148478698698e-18 5.589801124909864e-02
1 2 1.308516288783019e+02 2.107120978575420e-17 2.699499797752128e-02
0 22 1.332784258388263e+02 3.607911503667624e-18 5.589801960017979e-02
0 23 1.392096170378371e+02 3.630677383506931e-18 5.589797177357540e-02
0 24 1.451408077980923e+02 5.012534099161106e-18 5.589798274008810e-02
0 25 1.510719997335571e+02 3.921753605179258e-18 5.589805370469562e-02
0 26 1.570031932046954e+02 3.698959442109908e-18 5.589809565192116e-02
0 27 1.629343867326592e+02 4.742362746835827e-18 5.589805808362660e-02
0 28 1.688655787681347e+02 3.542503208485794e-18 5.589798633173495e-02
0 29 1.747967695464328e+02 4.740942476446673e-18 5.589797020087530e-02
0 30 1.807279606955298e+02 4.009319541768387e-18 5.589801664544066e-02
1 3 1.835101110890558e+02 1.385872134238633e-17 2.699477037499435e-02
0 31 1.866591524903513e+02 3.521154844123005e-18 5.589801440225312e-02
0 32 1.925903435736879e+02 3.761326676039719e-18 5.589796882260398e-02
0 33 1.985215343866660e+02 3.506922119845629e-18 5.589798989008262e-02
0 34 2.044527265324285e+02 3.810582632085246e-18 5.589806217722615e-02
0 35 2.103839201162753e+02 4.096882289008609e-18 5.589809526135617e-02
0 36 2.163151135245677e+02 4.114394242732720e-18 5.589804933937630e-02
0 37 2.222463053503059e+02 3.884463759178458e-18 5.589798002784870e-02
0 38 2.281774960803691e+02 3.909096493170251e-18 5.589797436488897e-02
0 39 2.341086873459144e+02 3.667250951662067e-18 5.589802113863199e-02
1 4 2.361685999508262e+02 1.522362499923678e-17 2.699540526805862e-02
0 40 2.400398791256259e+02 3.457114596288734e-18 5.589800846257731e-02
0 41 2.459710701017000e+02 5.652856063292361e-18 5.589796683325146e-02
0 42 2.519022609990101e+02 4.219483639839108e-18 5.589799775682812e-02
0 43 2.578334533575900e+02 2.520419297361128e-17 5.589806999972324e-02
0 44 2.637646470250252e+02 3.428647917118009e-18 5.589809360265262e-02
0 45 2.696958402880214e+02 5.408541370566066e-18 5.589804017526269e-02
0 46 2.756270319134125e+02 3.231016854874888e-18 5.589797463416669e-02
0 47 2.815582226280470e+02 3.490962579267630e-18 5.589797929021841e-02
0 48 2.874894140088246e+02 3.231015850013827e-18 5.589802457422381e-02
1 5 2.888271150829088e+02 1.387364121797268e-17 2.699648745190340e-02
0 49 2.934206057418459e+02 3.505193619912055e-18 5.589800199446576e-02
0 50 2.993517966255404e+02 4.048604408851478e-18 5.589796589956956e-02
0 51 3.052829876374798e+02 3.519425197071661e-18 5.589800619069236e-02
0 52 3.112141802063427e+02 3.231012137085522e-18 5.589807701965061e-02
0 53 3.171453739263093e+02 3.231011516955074e-18 5.589809070891374e-02
0 54 3.230765670217679e+02 3.231014211601043e-18 5.589803077104783e-02
0 55 3.290077584609655e+02 3.547886403145940e-18 5.589797024170504e-02
0 56 3.349389491918258e+02 3.943526743436114e-18 5.589798479727545e-02
0 57 3.408701406795505e+02 3.681736146117179e-18 5.589802682652833e-02
1 6 3.414856589056718e+02 1.396141740734109e-17 2.699743606519539e-02
0 58 3.468013323371293e+02 3.569234223122914e-18 5.589799522485600e-02
0 59 3.527325231492192e+02 3.545649779805645e-18 5.589796609326973e-02
0 60 3.586637143038236e+02 4.172983752953358e-18 5.589801503126467e-02
0 61 3.645949070754191e+02 4.008414637931469e-18 5.589808309758885e-02
0 62 3.705261008156543e+02 3.838442984095525e-18 5.589808663350708e-02
0 63 3.764572937252535e+02 3.447140196869740e-18 5.589802131045691e-02
0 64 3.823884849967833e+02 5.131980297782170e-18 5.589796692225780e-02
0 65 3.883196757732849e+02 1.163763518655591e-17 5.589799069275442e-02
0 66 3.942508673529208e+02 3.751765170392082e-17 5.589802780116003e-02
1 7 3.941442228896442e+02 1.386441900276992e-17 2.699776131455323e-02
0 67 4.001820589105700e+02 3.828197926270615e-18 5.589798838998566e-02
0 68 4.061132496769960e+02 3.330809122610902e-18 5.589796746266722e-02
0 69 4.120444409991507e+02 3.292916280676085e-18 5.589802410976158e-02
0 70 4.179756339610478e+02 3.281784481693021e-18 5.589808810919356e-02
0 71 4.239068276888368e+02 3.250103298349856e-18 5.589808144932346e-02
0 72 4.298380203990446e+02 3.231043372080307e-18 5.589801199036046e-02
0 73 4.357692115240490e+02 3.262965842502203e-18 5.589796493309845e-02
0 74 4.417004023663318e+02 3.292819141836493e-18 5.589799696419608e-02
1 8 4.468027830316553e+02 1.385321327977497e-17 2.699720218844023e-02
0 75 4.476315940255026e+02 3.337894635628147e-18 5.589802701764247e-02
0 76 4.535627854755890e+02 3.535848460989715e-18 5.589798231881991e-02
0 77 4.594939762134725e+02 3.359706755206843e-18 5.589797078545526e-02
0 78 4.654251677122185e+02 2.411393202758365e-17 5.589803346699319e-02
0 79 4.713563608537854e+02 7.309478188485377e-18 5.589809181870448e-02
0 80 4.772875545535514e+02 4.538369858679570e-18 5.589807512045490e-02
0 81 4.832187470596255e+02 3.601610936517659e-18 5.589800344094113e-02
0 82 4.891499380428015e+02 3.326334168787733e-18 5.589796543550021e-02
0 83 4.950811289597793e+02 3.600926171406510e-18 5.589800368916589e-02
1 9 4.994613181005221e+02 1.388379455692529e-17 2.699615193044217e-02
0 84 5.010123206970578e+02 3.881351401398055e-18 5.589802420007371e-02
0 85 5.069435120380128e+02 3.320735797522376e-18 5.589797736735876e-02
0 86 5.128747027629723e+02 3.318869147847231e-18 5.589797574329381e-02
0 87 5.188058944503430e+02 3.605994211953615e-18 5.589804281720019e-02
0 88 5.247370877563357e+02 4.401634088429879e-18 5.589809428166301e-02
0 89 5.306682813985930e+02 3.544683101964241e-18 5.589806785786473e-02
0 90 5.365994736928955e+02 3.986427869333325e-18 5.589799536425622e-02
0 91 5.425306645632390e+02 4.267453956553509e-18 5.589796709350116e-02
0 92 5.484618555749882e+02 3.729136285544449e-18 5.589800999872559e-02
1 10 5.521198250366394e+02 1.385308487089618e-17 2.699515267398047e-02
0 93 5.543930473605104e+02 3.516222691343089e-18 5.589802023954158e-02
0 94 5.603242385857180e+02 3.509107842365144e-18 5.589797306633208e-02
0 95 5.662554293291910e+02 3.501990561841024e-18 5.589798168153444e-02
0 96 5.721866212182283e+02 4.091513205208102e-18 5.589805188553553e-02
0 97 5.781178146657788e+02 3.487755849350134e-18 5.589809549310382e-02
0 98 5.840490082197809e+02 4.126533144835460e-18 5.589805981991061e-02
0 99 5.899802003007972e+02 3.231016206010582e-18 5.589798790948588e-02
0 100 5.959113910894672e+02 5.617858103724522e-18 5.589796980739877e-02
0 101 6.018425822097205e+02 4.179078945788691e-18 5.589801567677857e-02
1 11 6.047783091311106e+02 1.385781705364093e-17 2.699471859898096e-02
0 102 6.077737740113206e+02 4.211600287990726e-18 5.589801529144620e-02
0 103 6.137049651212363e+02 4.651315575190824e-18 5.589796957053866e-02
0 104 6.196361559155529e+02 5.329239088220765e-18 5.589798849109826e-02
0 105 6.255673480145190e+02 3.231012873653825e-18 5.589806049582786e-02
0 106 6.314985415774505e+02 4.740938319528579e-18 5.589809543380136e-02
0 107 6.374297350144928e+02 3.481658749078974e-18 5.589805116637534e-02
0 108 6.433609268858361e+02 4.106523833838958e-18 5.589798121325928e-02
0 109 6.492921176251390e+02 3.495894595374508e-18 5.589797345536410e-02
0 110 6.552233088608602e+02 3.231015980569460e-18 5.589802052563395e-02
1 12 6.574367944161764e+02 1.386731553673372e-17 2.699521979925930e-02
0 111 6.611545006456511e+02 3.231016292694089e-18 5.589800953610780e-02
0 112 6.670856916477053e+02 4.036465811320819e-18 5.589796701655460e-02
0 113 6.730168825250270e+02 4.018949171867563e-18 5.589799604669579e-02
0 114 6.789480748371885e+02 3.231012523042651e-18 5.589806847967694e-02
0 115 6.848792684866469e+02 3.983923244366894e-18 5.589809410534436e-02
0 116 6.908104617807381e+02 3.966414641611841e-18 5.589804206691853e-02
0 117 6.967416534510180e+02 3.315404201566895e-18 5.589797539755464e-02
0 118 7.026728441733584e+02 3.922816459736331e-18 5.589797789537261e-02
0 119 7.086040355245013e+02 3.231015902036711e-18 5.589802436987484e-02
1 13 7.100953041676822e+02 1.385689948352919e-17 2.699624555175969e-02
0 120 7.145352272604688e+02 3.321002141251199e-18 5.589800317519914e-02
0 121 7.204664181687870e+02 3.528579378006523e-18 5.589796552054767e-02
0 122 7.263976091600683e+02 3.588397655080373e-18 5.589800420875318e-02
0 123 7.323288016835800e+02 4.053988338727521e-18 5.589807567883485e-02
0 124 7.382599953887110e+02 3.602623279045590e-18 5.589809153011383e-02
0 125 7.441911885171965e+02 5.320133191165810e-18 5.589803269867639e-02
0 126 7.501223799997849e+02 8.376003542997977e-18 5.589797056781677e-02
0 127 7.560535707365976e+02 2.488741721123813e-17 5.589798296749242e-02
0 128 7.619847621960541e+02 3.356178084557301e-18 5.589802705983678e-02
1 14 7.627538411236437e+02 1.392029931712093e-17 2.699727195237882e-02
0 129 7.679159538536321e+02 3.358595475775803e-18 5.589799642780881e-02
0 130 7.738471446885757e+02 3.460267494312372e-18 5.589796517644922e-02
0 131 7.797783358225622e+02 3.381207330941145e-18 5.589801282554683e-02
0 132 7.857095285504503e+02 3.232798439617971e-18 5.589808194744121e-02
0 133 7.916407222791155e+02 3.233031316271123e-18 5.589808775097197e-02
0 134 7.975719152249977e+02 3.304397855752452e-18 5.589802327779080e-02
0 135 8.035031065356588e+02 3.246836728062177e-18 5.589796710370746e-02
0 136 8.094342973078516e+02 3.237939098678995e-18 5.589798886792022e-02
0 137 8.153654888695633e+02 3.334318098180591e-18 5.589802794914293e-02
1 15 8.154124026759570e+02 1.385583195656455e-17 2.699778579347230e-02
0 138 8.212966804401293e+02 3.612506684409603e-18 5.589799002978905e-02
0 139 8.272278712150619e+02 3.361804613958637e-17 5.589796700292993e-02
0 140 8.331590625013556e+02 1.089830329585807e-17 5.589802207347082e-02
0 141 8.390902554258863e+02 3.610904515607533e-18 5.589808705088240e-02
0 142 8.450214491637081e+02 3.450652680879841e-18 5.589808265564575e-02
0 143 8.509526419183954e+02 3.326904594484158e-18 5.589801424416227e-02
0 144 8.568838330622200e+02 3.499915239816626e-18 5.589796589227332e-02
0 145 8.628150238814061e+02 3.323173996170710e-18 5.589799572472694e-02
1 16 8.680709657474623e+02 1.391773493207266e-17 2.699737390704054e-02
0 146 8.687462155431325e+02 4.507361593990384e-18 5.589802682454887e-02
0 147 8.746774070207224e+02 3.911005445748931e-18 5.589798422718174e-02
0 148 8.806085977513421e+02 3.317576110076188e-18 5.589797046601731e-02
0 149 8.865397892064975e+02 3.946032826370225e-18 5.589803153868683e-02
0 150 8.924709823159795e+02 3.647688954163397e-18 5.589809101947563e-02
0 151 8.984021760316455e+02 4.523779662752672e-18 5.589807649768810e-02
0 152 9.043333685829059e+02 3.231015382627601e-18 5.589800546570987e-02
0 153 9.102645595850629e+02 3.525524071820396e-18 5.589796586446740e-02
0 154 9.161957504769980e+02 5.027630468474175e-18 5.589800248951700e-02
1 17 9.207295067750440e+02 1.387814445438703e-17 2.699639583935428e-02
0 155 9.221269422138389e+02 3.511290568751249e-18 5.589802442575236e-02
0 156 9.280581335838867e+02 4.068626157765970e-18 5.589797883432816e-02
0 157 9.339893242997019e+02 3.497058971945102e-18 5.589797499912940e-02
0 158 9.399205159419292e+02 3.844726234091978e-18 5.589804093440710e-02
0 159 9.458517092177888e+02 3.482823672279417e-18 5.589809379991041e-02
0 160 9.517829028790951e+02 3.893974068321469e-18 5.589806940518317e-02
0 161 9.577140952196938e+02 3.231015770698775e-18 5.589799710942382e-02
0 162 9.636452861084726e+02 1.256556744215939e-17 5.589796696624103e-02
0 163 9.695764770936311e+02 4.216975020027609e-18 5.589800892683041e-02
1 18 9.733880200486329e+02 1.389957361133017e-17 2.699533090438685e-02
0 164 9.755076688765336e+02 3.667250960890225e-18 5.589802085447754e-02
0 165 9.814388601312694e+02 6.137502055149400e-18 5.589797404019103e-02
0 166 9.873700508639456e+02 4.243761883641576e-18 5.589798052616937e-02
0 167 9.933012427070585e+02 4.740939716050440e-18 5.589805007725757e-02
0 168 9.992324361268267e+02 3.231011301264728e-18 5.589809534188182e-02
0 169 1.005163629702818e+03 4.111894936606405e-18 5.589806151956650e-02
0 170 1.011094821830558e+03 3.493708898257003e-18 5.589798933352003e-02
0 171 1.017026012636464e+03 3.500826545647548e-18 5.589796912011200e-02
0 172 1.022957203729336e+03 5.123275684298486e-18 5.589801481151147e-02
1 19 1.026046507242245e+03 1.385461503791360e-17 2.699474049236775e-02
0 173 1.028888395526555e+03 4.041840882043111e-18 5.589801624314560e-02
0 174 1.034819586665277e+03 3.522174537604005e-18 5.589797001953042e-02
0 175 1.040750777447551e+03 4.006810699297286e-18 5.589798695210658e-02
0 176 1.046681969500592e+03 3.536402354592605e-18 5.589805878815037e-02
0 177 1.052613163038450e+03 5.405725370573394e-18 5.589809561541813e-02
0 178 1.058544356500145e+03 5.519748371826455e-18 5.589805299515374e-02
0 179 1.064475548417890e+03 3.936764433001794e-18 5.589798228505988e-02
0 180 1.070406739172680e+03 4.603011978911239e-18 5.589797222631916e-02
0 181 1.076337930381229e+03 3.650181096448145e-18 5.589801993301634e-02
1 20 1.078704990109586e+03 1.391248313465661e-17 2.699505704055332e-02
0 182 1.082269122159864e+03 4.268244619113569e-18 5.589801075219748e-02
0 183 1.088200313189006e+03 4.258581562753751e-18 5.589796692999408e-02
0 184 1.094131504053595e+03 3.231015892561650e-18 5.589799416448168e-02
0 185 1.100062696320558e+03 3.231012609875725e-18 5.589806689483256e-02
0 186 1.105993889947940e+03 3.607555400127814e-18 5.589809461129550e-02
0 187 1.111925083269023e+03 7.654260096961230e-18 5.589804399696982e-02
0 188 1.117856274984625e+03 1.986578878336293e-17 5.589797609773171e-02
0 189 1.123787465720305e+03 5.757968847308578e-17 5.589797616435615e-02
0 190 1.129718657045579e+03 3.547663370782548e-18 5.589802409948838e-02
1 21 1.131363493109516e+03 1.386735605626916e-17 2.699600343665740e-02
0 191 1.135649848773156e+03 3.314478381218830e-18 5.589800456690987e-02
0 192 1.141581039706163e+03 3.410342652992820e-18 5.589796490952646e-02
0 193 1.147512230684684e+03 3.266991815604666e-18 5.589800203517580e-02
0 194 1.153443423164337e+03 3.259503977142213e-18 5.589807423433821e-02
0 195 1.159374616850978e+03 3.247864096307395e-18 5.589809232792510e-02
0 196 1.165305810011196e+03 3.349017814971178e-18 5.589803473609401e-02
0 197 1.171237001535138e+03 3.295324292021739e-18 5.589797123989012e-02
0 198 1.177168192271972e+03 3.319956526667170e-18 5.589798136472487e-02
0 199 1.183099383713195e+03 3.590507766296380e-18 5.589802659867151e-02
1 22 1.184022024567699e+03 1.416385777594788e-17 2.699708565333787e-02
0 200 1.189030575382078e+03 4.435633495990024e-17 5.589799821014636e-02
0 201 1.194961766228881e+03 1.461523883194622e-17 5.589796521587088e-02
0 202 1.200892957330479e+03 6.641608730711762e-18 5.589801091354256e-02
0 203 1.206824150017531e+03 3.818061305510347e-18 5.589808059562268e-02
0 204 1.212755343749817e+03 3.327473721504468e-18 5.589808862473634e-02
0 205 1.218686536737946e+03 3.586948920048940e-18 5.589802551043629e-02
0 206 1.224617728074740e+03 3.323747316483335e-18 5.589796834832470e-02
0 207 1.230548918827312e+03 4.808222931536461e-18 5.589798788780576e-02
0 208 1.236480110383223e+03 3.655244167073571e-18 5.589802728764153e-02
1 23 1.236680582506581e+03 1.387516165518302e-17 2.699772946465435e-02
0 209 1.242411301982257e+03 4.889224807347744e-18 5.589799192439993e-02
0 210 1.248342492757287e+03 3.316283005493722e-18 5.589796708050038e-02
0 211 1.254273684003005e+03 3.958172326643910e-18 5.589802021017955e-02
0 212 1.260204876890207e+03 4.307189435648771e-18 5.589808595917138e-02
0 213 1.266136070636305e+03 4.877596123461795e-18 5.589808375317193e-02
0 214 1.272067263435138e+03 3.527706024041087e-18 5.589801631628272e-02
0 215 1.277998454605327e+03 3.520592119158879e-18 5.589796661266094e-02
0 216 1.283929645403546e+03 3.763278259288317e-18 5.589799463393468e-02
1 24 1.289339147361906e+03 1.622177189482809e-17 2.699752166410376e-02
0 217 1.289860837055972e+03 4.862398286352233e-18 5.589802665955236e-02
0 218 1.295792028563429e+03 3.499243761267457e-18 5.589798577269655e-02
0 219 1.301723219292786e+03 4.098280385320478e-18 5.589797006169885e-02
0 220 1.307654410705456e+03 4.115792375909070e-18 5.589802965117711e-02
0 221 1.313585603779098e+03 3.886421107757592e-18 5.589809023053817e-02
0 222 1.319516797506258e+03 3.231012091648967e-18 5.589807781496570e-02
0 223 1.325447990103125e+03 6.080123143501540e-17 5.589800733177485e-02
0 224 1.331379181131151e+03 3.456551738648062e-18 5.589796602405496e-02
0 225 1.337310372000907e+03 3.448833501295336e-18 5.589800136491248e-02
1 25 1.341997694866934e+03 1.387539595033551e-17 2.699663228594584e-02
0 226 1.343241563726021e+03 4.858014471350940e-18 5.589802475293011e-02
0 227 1.349172755126206e+03 3.242103498825055e-17 5.589797996963685e-02
0 228 1.355103945839414e+03 4.058831056258762e-18 5.589797412104206e-02
0 229 1.361035137438026e+03 4.083458239773659e-18 5.589803905185556e-02
0 230 1.366966330680016e+03 5.962001112510501e-18 5.589809332974418e-02
0 231 1.372897524355915e+03 3.839245414899090e-18 5.589807092898511e-02
0 232 1.378828716742945e+03 3.498640436624065e-18 5.589799873019766e-02
0 233 1.384759907656377e+03 3.789990744854825e-18 5.589796655017351e-02
0 234 1.390691098618636e+03 5.078199655803778e-18 5.589800784472577e-02
1 26 1.394656213717735e+03 2.974653011654053e-17 2.699552982145558e-02
0 235 1.396622290388175e+03 4.029701809991607e-18 5.589802164064698e-02
0 236 1.402553481672081e+03 4.740942406413218e-18 5.589797472096852e-02
0 237 1.408484672401026e+03 3.994672246126719e-18 5.589797919905281e-02
0 238 1.414415864200191e+03 4.740939779014447e-18 5.589804822813334e-02
0 239 1.420347057588506e+03 3.642208044090564e-18 5.589809519609965e-02
0 240 1.426278251182006e+03 4.448563843478391e-18 5.589806322956738e-02
0 241 1.432209443356297e+03 3.928593813424941e-18 5.589799067741470e-02
0 242 1.438140634184982e+03 3.657169815449258e-18 5.589796813560013e-02
0 243 1.444071825254996e+03 4.237704996955260e-18 5.589801384393947e-02
1 27 1.447314705160753e+03 2.768927603687424e-16 2.699481320184411e-02
0 244 1.450003017037621e+03 3.519068047439923e-18 5.589801742842108e-02
0 245 1.455934208203376e+03 3.494438357177717e-18 5.589797022003620e-02
