1 0 3.156724451933798e+00 1.542182253507162e-16 6.967647599985607e-02
1 1 8.507652887830094e+00 4.682625278758959e-18 6.967597523445808e-02
1 2 1.385858139821883e+01 4.556271078360599e-18 6.967562167278818e-02
1 3 1.920951065149604e+01 6.633435605813029e-18 6.967547254022929e-02
0 0 2.146700035437176e+01 8.381495352441516e-17 3.141778589081572e-02
1 4 2.456044030747561e+01 3.156024289597139e-17 6.967548656196927e-02
1 5 2.991136935656469e+01 5.515789284403825e-18 6.967566749045735e-02
1 6 3.526229767935483e+01 4.325633825229298e-18 6.967604624450476e-02
1 7 4.061322606525791e+01 7.686348135774770e-18 6.967654265348774e-02
1 8 4.596415501297679e+01 3.798045250505518e-18 6.967697135940351e-02
1 9 5.131508408010674e+01 3.677961076983075e-18 6.967714842577021e-02
1 10 5.666601300518636e+01 3.744532242228113e-18 6.967691267888192e-02
1 11 6.201694186386042e+01 1.579662918225419e-16 6.967642773995206e-02
1 12 6.736787029063554e+01 4.269903348877356e-18 6.967593293304490e-02
1 13 7.271879886994697e+01 5.023439809908925e-18 6.967559789344824e-02
1 14 7.806972820797536e+01 5.423676960948125e-18 6.967546648675275e-02
0 1 7.982511825223297e+01 6.935481735515929e-16 3.141834309681742e-02
1 15 8.342065784760422e+01 3.310024016380655e-17 6.967549514381199e-02
1 16 8.877158680386702e+01 6.124053965465052e-18 6.967569447519079e-02
1 17 9.412251508079697e+01 4.326034141887264e-18 6.967608930362122e-02
1 18 9.947344350134181e+01 8.736777481778605e-18 6.967658656859751e-02
1 19 1.048243724965285e+02 3.798604475324517e-18 6.967699639508655e-02
1 20 1.101753015478429e+02 3.751831073142540e-18 6.967714124653260e-02
1 21 1.155262304487329e+02 3.743983984749812e-18 6.967687619173399e-02
1 22 1.208771592716247e+02 1.607722230914363e-16 6.967637895239256e-02
1 23 1.262280876969568e+02 3.972563879942198e-18 6.967589183767804e-02
1 24 1.315790163516575e+02 5.964868089463289e-18 6.967557585378725e-02
1 25 1.369299457688972e+02 3.858420541350203e-18 6.967546174154825e-02
0 2 1.381832478886921e+02 1.791249973104800e-17 3.141913456426635e-02
1 26 1.422808753805441e+02 2.621627110865661e-17 6.967550517164106e-02
1 27 1.476318042435313e+02 4.417105296323567e-18 6.967572316359970e-02
1 28 1.529827324833890e+02 5.528904027327451e-18 6.967613307829837e-02
1 29 1.583336609448677e+02 8.030315516072776e-18 6.967662932824821e-02
1 30 1.636845899859871e+02 3.632838114441405e-18 6.967701863178902e-02
1 31 1.690355190157213e+02 3.672796660122364e-18 6.967713073231953e-02
1 32 1.743864478873389e+02 3.989537741184566e-18 6.967683741335122e-02
1 33 1.797373766760348e+02 1.625860604454878e-16 6.967632982346635e-02
1 34 1.850883051079148e+02 3.632880296414667e-18 6.967585206313757e-02
1 35 1.904392338436330e+02 4.557952706039951e-18 6.967555553751741e-02
1 36 1.957901633332391e+02 6.979072347806969e-18 6.967545827961470e-02
0 3 1.965413901608797e+02 1.787837046209139e-17 3.141989697962819e-02
1 37 2.011410929056997e+02 2.621765513446226e-17 6.967551669467656e-02
1 38 2.064920216762307e+02 5.281735997575662e-18 6.967575352422999e-02
1 39 2.118429498880594e+02 4.326834745381916e-18 6.967617741801359e-02
1 40 2.171938783961378e+02 7.239994244267940e-18 6.967667075990124e-02
1 41 2.225448074809937e+02 3.632837430498884e-18 6.967703797671314e-02
1 42 2.278957364833402e+02 3.673357205103317e-18 6.967711692540873e-02
1 43 2.332466653211222e+02 3.742887758788325e-18 6.967679649831533e-02
1 44 2.385975940779506e+02 1.675847771651351e-16 6.967628053814094e-02
1 45 2.439485225246167e+02 3.971446992797155e-18 6.967581371294861e-02
1 46 2.492994513460579e+02 4.359368431352313e-18 6.967553691972497e-02
0 4 2.548995415171645e+02 1.786720922650821e-17 3.142035098024456e-02
1 47 2.546503808999800e+02 6.978473916232958e-18 6.967545608390727e-02
1 48 2.600013104226658e+02 1.772355656094974e-17 6.967552976221117e-02
1 49 2.653522391027693e+02 4.417906704963001e-18 6.967578551287262e-02
1 50 2.707031672957331e+02 5.023423733118069e-18 6.967622216566441e-02
1 51 2.760540958553809e+02 7.335006860520857e-18 6.967671069515829e-02
1 52 2.814050249811261e+02 4.228339666413706e-18 6.967705434874447e-02
1 53 2.867559539502857e+02 3.698950215215023e-18 6.967709988126901e-02
1 54 2.921068827502343e+02 3.813973923843254e-18 6.967675360891595e-02
1 55 2.974578114782530e+02 1.695208792712351e-16 6.967623127884102e-02
1 56 3.028087399481080e+02 5.023435205549355e-18 6.967577687856620e-02
1 57 3.081596688589750e+02 3.894598986390380e-18 6.967551996803638e-02
0 5 3.132576966709602e+02 1.786806838659193e-17 3.142033128495236e-02
1 58 3.135105984680893e+02 4.449625761258998e-18 6.967545514584991e-02
1 59 3.188615279312143e+02 1.591914609837139e-17 6.967554442158622e-02
1 60 3.242124565240669e+02 6.180139639082195e-18 6.967581907231668e-02
1 61 3.295633847073317e+02 5.177518447020776e-18 6.967626715831704e-02
1 62 3.349143133227664e+02 6.661223373818199e-18 6.967674897041418e-02
1 63 3.402652424859176e+02 4.535626680695894e-18 6.967706767870828e-02
1 64 3.456161714161462e+02 3.674478646435275e-18 6.967707966828404e-02
1 65 3.509671001748607e+02 3.741791877670465e-18 6.967670891437487e-02
1 66 3.563180288778223e+02 1.768217603278432e-16 6.967618222438171e-02
1 67 3.616689573793318e+02 4.685990583525172e-18 6.967574163883304e-02
1 68 3.670198863822442e+02 4.559634112414825e-18 6.967550464408075e-02
0 6 3.716158487041859e+02 6.082729076309545e-16 3.141986948589182e-02
1 69 3.723708160365070e+02 4.449223942172772e-18 6.967545546570320e-02
1 70 3.777217454312586e+02 1.263400153376764e-17 6.967556071633089e-02
1 71 3.830726739411242e+02 3.871054776360242e-18 6.967585413244747e-02
1 72 3.884236021237596e+02 5.179049825120379e-18 6.967631222813561e-02
1 73 3.937745307984110e+02 8.509309565353457e-18 6.967678542760074e-02
1 74 3.991254599948785e+02 4.141908760661894e-18 6.967707790966088e-02
1 75 4.044763888805365e+02 3.681309044279796e-18 6.967705636751262e-02
1 76 4.098273175952378e+02 3.741244049951035e-18 6.967666259016954e-02
1 77 4.151782462775412e+02 1.764362635214781e-16 6.967613354908340e-02
1 78 4.205291748191140e+02 4.267500705032901e-18 6.967570805975605e-02
1 79 4.258801039155261e+02 5.031912593204230e-18 6.967549090524035e-02
0 7 4.299739910833073e+02 1.294484233340166e-16 3.141912571927422e-02
1 80 4.312310336041413e+02 4.433833499055632e-18 6.967545705278523e-02
1 81 4.365819629228275e+02 1.099195712155439e-17 6.967557868453435e-02
1 82 4.419328913549890e+02 4.181092067137309e-18 6.967589061068366e-02
1 83 4.472838195458854e+02 3.906586229157814e-18 6.967635720350122e-02
1 84 4.526347482823819e+02 7.340656187530650e-18 6.967681991504225e-02
1 85 4.579856775075135e+02 3.891652423085848e-18 6.967708499721971e-02
1 86 4.633366063431232e+02 3.681867433159580e-18 6.967703007246126e-02
1 87 4.686875350116773e+02 3.740696287933528e-18 6.967661481740665e-02
1 88 4.740384636783078e+02 1.796247475371388e-16 6.967608542201896e-02
1 89 4.793893922681626e+02 4.267100065095838e-18 6.967567619457458e-02
1 90 4.847403214582828e+02 5.023443064634856e-18 6.967547870660855e-02
0 8 4.883321204205349e+02 2.297513014368817e-17 3.141834982271648e-02
1 91 4.900912511698721e+02 4.221944590566732e-18 6.967545992548944e-02
1 92 4.954421804060330e+02 9.474473834780764e-18 6.967559835744679e-02
1 93 5.007931087667137e+02 3.632877684539954e-18 6.967592841267622e-02
1 94 5.061440369745113e+02 3.906426555580833e-18 6.967640191026883e-02
1 95 5.114949657746833e+02 6.300952587401615e-18 6.967685228838787e-02
1 96 5.168458950233269e+02 4.147501248815241e-18 6.967708890989806e-02
1 97 5.221968238036405e+02 3.763674964676183e-18 6.967700088880757e-02
1 98 5.275477524245853e+02 3.740148583956890e-18 6.967656578215448e-02
1 99 5.328986810810544e+02 1.838546336840175e-16 6.967603800629432e-02
1 100 5.382496097270820e+02 3.632887843451470e-18 6.967564608403531e-02
1 101 5.436005390097993e+02 4.095022368764761e-18 6.967546800301409e-02
0 9 5.466902378639144e+02 1.801457057341108e-17 3.141779850845284e-02
1 102 5.489514687325740e+02 5.023443435471674e-18 6.967546411099433e-02
1 103 5.543023978810537e+02 8.108266037909761e-18 6.967561975825182e-02
1 104 5.596533261773197e+02 4.182209245621356e-18 6.967596743314348e-02
1 105 5.650042544103409e+02 3.906266888449375e-18 6.967644617305579e-02
1 106 5.703551832752356e+02 8.052860693331443e-18 6.967688241154220e-02
1 107 5.757061125418151e+02 4.236591379502216e-18 6.967708962938095e-02
1 108 5.810570412618954e+02 3.676722817422054e-18 6.967696893400885e-02
1 109 5.864079698344769e+02 3.811388535623278e-18 6.967651567464758e-02
1 110 5.917588984867670e+02 1.882913303327698e-16 6.967599145826303e-02
1 111 5.971098271963996e+02 4.688233566495086e-18 6.967561775677900e-02
1 112 6.024607565692329e+02 3.632894691642656e-18 6.967545875096316e-02
0 10 6.050483488221117e+02 1.802023658323462e-17 3.141765193759598e-02
1 113 6.078116862911702e+02 4.435513331265649e-18 6.967546964457162e-02
1 114 6.131626153481510e+02 7.227424748841362e-18 6.967564290093772e-02
1 115 6.185135435877977e+02 5.531105620143298e-18 6.967600755671460e-02
1 116 6.238644718539766e+02 3.906107233063982e-18 6.967648981644826e-02
1 117 6.292154007838794e+02 6.664212159618025e-18 6.967691015750534e-02
1 118 6.345663300624730e+02 4.238242121766689e-18 6.967708715068752e-02
1 119 6.399172587177742e+02 3.632840876836018e-18 6.967693433674974e-02
1 120 6.452681872419835e+02 3.714778644401081e-18 6.967646468830364e-02
1 121 6.506191158964958e+02 1.931577102871761e-16 6.967594592660213e-02
1 122 6.559700446765860e+02 4.265897742033639e-18 6.967559122976696e-02
1 123 6.613209741356587e+02 4.356558754181370e-18 6.967545091037709e-02
0 11 6.634064610778491e+02 1.786676500386774e-17 3.141795666811717e-02
1 124 6.666719038446774e+02 6.981909107690632e-18 6.967547656844045e-02
1 125 6.720228328076797e+02 1.120492811103248e-17 6.967566778921971e-02
1 126 6.773737609990965e+02 6.934833182169912e-18 6.967604865868660e-02
1 127 6.827246893059004e+02 5.023415852740207e-18 6.967653266603926e-02
1 128 6.880756183003479e+02 6.063393383880672e-18 6.967693540905415e-02
1 129 6.934265475847658e+02 3.893728929480377e-18 6.967708148218126e-02
1 130 6.987774761712139e+02 3.639098744353780e-18 6.967689723622519e-02
1 131 7.041284046478229e+02 3.845586095811626e-18 6.967641301855879e-02
1 132 7.094793333113317e+02 1.986233065425050e-16 6.967590155125193e-02
1 133 7.148302621680468e+02 7.470517335672646e-18 6.967556650873945e-02
1 134 7.201811917081023e+02 5.286270395511823e-18 6.967544444606537e-02
0 12 7.217645819890143e+02 1.787944913093682e-17 3.141861144578337e-02
1 135 7.255321213922513e+02 4.446812253208134e-18 6.967548493019148e-02
1 136 7.308830502601099e+02 9.804402771157271e-18 6.967569441552271e-02
1 137 7.362339784121398e+02 3.870097963892028e-18 6.967609060567410e-02
1 138 7.415849067664855e+02 4.915306482988395e-18 6.967657454927752e-02
1 139 7.469358358242763e+02 7.832354784362569e-18 6.967695805925084e-02
1 140 7.522867651081303e+02 3.894248345744466e-18 6.967707264544744e-02
1 141 7.576376936221910e+02 3.639097612779826e-18 6.967685778130724e-02
1 142 7.629886220527790e+02 3.737958181638251e-18 6.967636086158416e-02
1 143 7.683395507323797e+02 2.027483222903893e-16 6.967585846228751e-02
1 144 7.736904796711096e+02 6.500992380805170e-18 6.967554358875944e-02
1 145 7.790414092855657e+02 5.284737097834969e-18 6.967543932894225e-02
0 13 7.801227158246343e+02 2.103088782877880e-17 3.141939978217256e-02
1 146 7.843923389332168e+02 4.219143333476934e-18 6.967549478088604e-02
1 147 7.897432677060466e+02 4.345500312090986e-18 6.967572276008784e-02
1 148 7.950941958278430e+02 3.869938376211817e-18 6.967613325619970e-02
1 149 8.004451242360153e+02 4.330838832740832e-18 6.967661529617099e-02
1 150 8.057960533552139e+02 5.627084270419123e-18 6.967697801181139e-02
1 151 8.111469826319750e+02 3.894767872838591e-18 6.967706067507845e-02
1 152 8.164979110707078e+02 3.639096562044974e-18 6.967681612967287e-02
1 153 8.218488394576688e+02 3.971409589305003e-18 6.967630841299464e-02
1 154 8.271997681607152e+02 2.071666563725866e-16 6.967581677884709e-02
1 155 8.325506971859866e+02 4.937293027906192e-18 6.967552245493949e-02
1 156 8.379016268670268e+02 4.092223156313740e-18 6.967543553703984e-02
0 14 8.384808622509541e+02 7.476888311116640e-17 3.142006000670959e-02
1 157 8.432525564670754e+02 4.437752380552867e-18 6.967550617299084e-02
1 158 8.486034851462280e+02 6.461796954137194e-18 6.967575279030976e-02
1 159 8.539544132471236e+02 4.185001898783326e-18 6.967617646132250e-02
1 160 8.593053417147000e+02 3.905468836895935e-18 6.967665473993453e-02
1 161 8.646562708926441e+02 7.227542439431295e-18 6.967699518140301e-02
1 162 8.700072001556945e+02 3.895287507354555e-18 6.967704561843437e-02
1 163 8.753581285167884e+02 3.639095586002789e-18 6.967677244697758e-02
1 164 8.807090568633193e+02 3.712546946239844e-18 6.967625586665353e-02
1 165 8.860599855973433e+02 2.108407389496210e-16 6.967577660824041e-02
1 166 8.914109147127363e+02 3.632893265734846e-18 6.967550308345331e-02
0 15 8.968390165622154e+02 2.458203986809359e-16 3.142037118120911e-02
1 167 8.967618444514305e+02 3.632895798167497e-18 6.967543305637919e-02
1 168 9.021127739934886e+02 6.650407251625038e-18 6.967551915831441e-02
1 169 9.074637025815092e+02 4.311939274148524e-18 6.967578446039475e-02
1 170 9.128146306708999e+02 3.632867524017236e-18 6.967622006540534e-02
1 171 9.181655592026938e+02 5.023411800618800e-18 6.967669271768213e-02
1 172 9.235164884360074e+02 5.943741504414452e-18 6.967700949394429e-02
1 173 9.288674176786881e+02 3.976708553705484e-18 6.967702753542501e-02
1 174 9.342183459604877e+02 3.800440980499909e-18 6.967672690611772e-02
1 175 9.395692742705562e+02 3.729166029094807e-18 6.967620341364116e-02
1 176 9.449202030431671e+02 2.139958809444697e-16 6.967573804533084e-02
1 177 9.502711322512259e+02 4.263892441651261e-18 6.967548544288289e-02
0 16 9.551971715070418e+02 1.795327549426947e-17 3.142022479773952e-02
1 178 9.556220620376700e+02 4.091103075259197e-18 6.967543188171631e-02
1 179 9.609729915122490e+02 4.445203738616045e-18 6.967553378607408e-02
1 180 9.663239200128264e+02 5.685338140809582e-18 6.967581771138594e-02
1 181 9.716748481000731e+02 4.186118983446341e-18 6.967626390707682e-02
1 182 9.770257767000968e+02 4.332041006074316e-18 6.967672907122226e-02
1 183 9.823767059847212e+02 4.722872748007773e-18 6.967702088694372e-02
1 184 9.877276352003869e+02 3.722158626914929e-18 6.967700649832129e-02
1 185 9.930785634019113e+02 3.705560977172864e-18 6.967667968657609e-02
1 186 9.984294916802081e+02 3.729209021744293e-18 6.967615124138594e-02
1 187 1.003780420498975e+03 2.204432914557010e-16 6.967570117221246e-02
1 188 1.009131349801118e+03 4.633384039540505e-18 6.967546949589248e-02
0 17 1.013555319846579e+03 1.786717016429640e-17 3.141965777466880e-02
1 189 1.014482279624584e+03 3.632895896134673e-18 6.967543201713385e-02
1 190 1.019833209023246e+03 4.216901664811039e-18 6.967555010116093e-02
1 191 1.025184137441155e+03 5.023433433970531e-18 6.967585247153497e-02
1 192 1.030535065535501e+03 5.265890825788292e-18 6.967630782038958e-02
1 193 1.035885994206951e+03 4.923758509519236e-18 6.967676364797418e-02
1 194 1.041236923538190e+03 7.359494879106369e-18 6.967702930988408e-02
1 195 1.046587852720274e+03 3.807568453979790e-18 6.967698259157058e-02
1 196 1.051938780841238e+03 3.896156760141963e-18 6.967663097379512e-02
1 197 1.057289709093124e+03 3.892785403174425e-18 6.967609953289611e-02
1 198 1.062640637965445e+03 2.242744662205309e-16 6.967566605813755e-02
1 199 1.067991567361874e+03 4.263089817863424e-18 6.967545520113702e-02
0 18 1.071913457160644e+03 1.787521246204949e-17 3.141884911081880e-02
1 200 1.073342497210968e+03 4.089982794516634e-18 6.967543347637789e-02
1 201 1.078693426526448e+03 4.444399248349221e-18 6.967556814258925e-02
1 202 1.084044354867473e+03 5.023432525657234e-18 6.967588865692151e-02
1 203 1.089395282977969e+03 5.023420680377706e-18 6.967635163609337e-02
1 204 1.094746211723226e+03 4.332842829513720e-18 6.967679630194530e-02
1 205 1.100097141095813e+03 5.023402847307582e-18 6.967703472459999e-02
1 206 1.105448070237901e+03 8.002016241494772e-16 6.967695591154624e-02
1 207 1.110798998278740e+03 3.632854064481471e-18 6.967658095848021e-02
1 208 1.116149926510192e+03 3.734672850046083e-18 6.967604846598315e-02
1 209 1.121500855443170e+03 2.299149458911425e-16 6.967563275960116e-02
1 210 1.126851784932789e+03 5.687463599997148e-18 6.967544251526914e-02
0 19 1.130271582560813e+03 1.789984641019312e-17 3.141809929514008e-02
1 211 1.132202714795609e+03 3.896817706985101e-18 6.967543628281900e-02
1 212 1.137553644021890e+03 3.632890104426773e-18 6.967558794208073e-02
1 213 1.142904572292733e+03 4.342135257187323e-18 6.967592617219157e-02
1 214 1.148255500428161e+03 4.423913882349649e-18 6.967639518291345e-02
1 215 1.153606429248801e+03 3.904671748159810e-18 6.967682689468704e-02
1 216 1.158957358656970e+03 4.853051960604428e-18 6.967703710558795e-02
1 217 1.164308287752891e+03 7.798935070058325e-16 6.967692656617401e-02
1 218 1.169659215714798e+03 3.788530002533760e-18 6.967652983575641e-02
1 219 1.175010143932361e+03 3.734125215033337e-18 6.967599821238327e-02
1 220 1.180361072932672e+03 2.360548505068318e-16 6.967560132049480e-02
1 221 1.185712002513031e+03 3.632896134056829e-18 6.967543139490771e-02
0 20 1.188629697767155e+03 5.076924287175781e-16 3.141766798568277e-02
1 222 1.191062932377332e+03 4.352942515927952e-18 6.967544046893515e-02
1 223 1.196413861509697e+03 6.728163101030309e-18 6.967560952272149e-02
1 224 1.201764789717855e+03 5.023430612876285e-18 6.967596491128929e-02
1 225 1.207115717886647e+03 4.188353505401353e-18 6.967643828872164e-02
1 226 1.212466646783453e+03 4.333644990559444e-18 6.967685529613993e-02
1 227 1.217817576221021e+03 5.023402844958654e-18 6.967703644019239e-02
1 228 1.223168505264928e+03 7.629220566993890e-16 6.967689467439504e-02
1 229 1.228519433149886e+03 3.783987291973460e-18 6.967647780413469e-02
1 230 1.233870361360631e+03 4.245226182031848e-18 6.967594893672145e-02
1 231 1.239221290434419e+03 2.421843020084698e-16 6.967557177227506e-02
1 232 1.244572220101687e+03 4.926562533249217e-18 6.967542179845827e-02
0 21 1.246987808773053e+03 3.819729387709417e-17 3.141769037754549e-02
1 233 1.249923149955057e+03 5.943372567204614e-18 6.967544607526910e-02
1 234 1.255274078990096e+03 5.793113377311854e-18 6.967563289766854e-02
1 235 1.260625007143732e+03 5.023429613715345e-18 6.967600475810590e-02
1 236 1.265975935353885e+03 3.868661188532341e-18 6.967648078152662e-02
1 237 1.271326864326852e+03 3.904353323559455e-18 6.967688138530646e-02
1 238 1.276677793787289e+03 4.856119870201293e-18 6.967703272863919e-02
1 239 1.282028722773747e+03 7.427805715967742e-16 6.967686036547424e-02
1 240 1.287379650584561e+03 3.657715455961699e-18 6.967642506430557e-02
1 241 1.292730578796039e+03 3.733029801241126e-18 6.967590079533303e-02
1 242 1.298081507948818e+03 2.500225274597219e-16 6.967554413415961e-02
1 243 1.303432437697789e+03 3.961381684772198e-18 6.967541368774090e-02
0 22 1.305345923275397e+03 2.314033857563676e-17 3.141814969258130e-02
1 244 1.308783367527837e+03 4.087741689349924e-18 6.967545314890304e-02
1 245 1.314134296463447e+03 3.861578770544193e-18 6.967565806893382e-02
1 246 1.319485224571247e+03 5.769766831758930e-18 6.967604558704135e-02
1 247 1.324836152830228e+03 4.189471050970606e-18 6.967652249028415e-02
1 248 1.330187081878565e+03 4.593153157135647e-18 6.967690505075602e-02
1 249 1.335538011355061e+03 5.023403160120959e-18 6.967702598394400e-02
1 250 1.340888940279116e+03 7.242620124902811e-16 6.967682377821370e-02
1 251 1.346239868019432e+03 3.690252247722201e-18 6.967637181784833e-02
1 252 1.351590796239625e+03 4.057005060287561e-18 6.967585393503800e-02
1 253 1.356941725476192e+03 2.529031532920805e-16 6.967551841343599e-02
1 254 1.362292655300336e+03 4.261082099096044e-18 6.967540702944647e-02
0 23 1.363704047932807e+03 1.801582694671668e-17 3.141888662493948e-02
1 255 1.367643585094890e+03 4.351736323643350e-18 6.967546174157455e-02
1 256 1.372994513930255e+03 4.442387279191290e-18 6.967568502633546e-02
1 257 1.378345442001290e+03 5.023427544862107e-18 6.967608726354761e-02
1 258 1.383696370315948e+03 5.315531731265618e-18 6.967656324558792e-02
1 259 1.389047299438076e+03 4.334848917113344e-18 6.967692619100334e-02
1 260 1.394398228923597e+03 4.859188191429193e-18 6.967701623174179e-02
1 261 1.399749157780826e+03 7.097749067539888e-16 6.967678506014710e-02
1 262 1.405100085455130e+03 3.639089045184456e-18 6.967631826595555e-02
1 263 1.410451013692387e+03 3.707524630916628e-18 6.967580849198407e-02
1 264 1.415801943016735e+03 2.614714454835622e-16 6.967549460599021e-02
1 265 1.421152872908281e+03 4.260680372421210e-18 6.967540179645927e-02
0 24 1.422062185909045e+03 1.790453978390623e-17 3.141965390977317e-02
1 266 1.426503802655594e+03 3.897607893889702e-18 6.967547190759918e-02
1 267 1.431854731391165e+03 5.023437146368160e-18 6.967571374671679e-02
1 268 1.437205659434760e+03 4.316967667603507e-18 6.967612964474780e-02
1 269 1.442556587811247e+03 3.632854199146791e-18 6.967660288033468e-02
1 270 1.447907517004804e+03 4.592031287618736e-18 6.967694471483650e-02
1 271 1.453258446492138e+03 5.023403788283933e-18 6.967700351010034e-02
1 272 1.458609375278698e+03 6.921621231112960e-16 6.967674436678858e-02
