0 0 8.879895673428187e+00 1.043965176708186e-17 4.240843468274028e-02
1 0 1.359456511312214e+01 1.431533846082448e-17 3.131168690954203e-02
0 1 2.775047199967268e+01 8.414675616495289e-18 4.240692752065828e-02
0 2 4.662160308754064e+01 7.990716879974018e-18 4.240680512096205e-02
1 1 6.049330487729774e+01 1.432010432436394e-17 3.131158760900915e-02
0 3 6.549219191064009e+01 7.936770837464310e-18 4.240824300546925e-02
0 4 8.436265375392423e+01 7.966840647370365e-18 4.241070210272753e-02
0 5 1.032330583195501e+02 7.839613022369978e-18 4.240881077504307e-02
1 2 1.073920010628397e+02 1.432317321656674e-17 3.131186173640825e-02
0 6 1.221036085036453e+02 8.121652617835235e-18 4.240718515287988e-02
0 7 1.409747334588510e+02 7.847574214723897e-18 4.240658981449943e-02
1 3 1.542907379446612e+02 9.446957040678860e-17 3.131138253711413e-02
0 8 1.598453452980650e+02 7.826139676870020e-18 4.240787897340467e-02
0 9 1.787158522250553e+02 7.835313332683103e-18 4.241064995779531e-02
0 10 1.975862269384983e+02 7.799764824095169e-18 4.240918527326198e-02
1 4 2.011894372758779e+02 1.448924251201719e-17 3.131199929675456e-02
0 11 2.164567495392234e+02 8.217185960544480e-18 4.240746471614797e-02
0 12 2.353278605308022e+02 7.838305379080735e-18 4.240640823274955e-02
1 5 2.480881677424871e+02 1.435405824923234e-17 3.131117365756303e-02
0 13 2.541984930786512e+02 7.835496103944897e-18 4.240753755320270e-02
0 14 2.730690494643978e+02 7.832359148535826e-18 4.241055748191085e-02
0 15 2.919394012584322e+02 8.073430204414241e-18 4.240954852597344e-02
1 6 2.949868726936606e+02 2.618423307531591e-16 3.131209094625976e-02
0 16 3.108098954587895e+02 1.506610460697895e-17 4.240776097814238e-02
0 17 3.296809848674511e+02 9.449762262349365e-18 4.240626402843051e-02
1 7 3.418855938267561e+02 1.432248011270340e-17 3.131097176251212e-02
0 18 3.485516353507307e+02 8.143411604315847e-18 4.240722105714723e-02
0 19 3.674222447726028e+02 6.506180699629149e-17 4.241042595411199e-02
0 20 3.862925811519428e+02 7.990247518238322e-18 4.240988432331936e-02
1 8 3.887843054351681e+02 1.432224223248960e-17 3.131212753619021e-02
0 21 4.051630465529119e+02 8.596975701836702e-18 4.240806833058925e-02
0 22 4.240341071254219e+02 7.983231214317565e-18 4.240616034758558e-02
1 9 4.356830166354318e+02 1.433392931344254e-17 3.131079103988733e-02
0 23 4.429047725609606e+02 7.943071584864923e-18 4.240693527741090e-02
0 24 4.617754374898416e+02 7.912853363490270e-18 4.241025770227635e-02
0 25 4.806457660249147e+02 8.251941081133290e-18 4.241017915109477e-02
1 10 4.825817332785433e+02 6.238772442319499e-17 3.131209384892893e-02
0 26 4.995162029694155e+02 7.822716978511417e-18 4.240838107686712e-02
0 27 5.183872280365541e+02 7.803204514143572e-18 4.240609974828750e-02
1 11 5.294804362873358e+02 1.472428498192499e-17 3.131064060507764e-02
0 28 5.372579052899981e+02 7.857592956670081e-18 4.240668583430355e-02
0 29 5.561286270320787e+02 8.158957018207483e-18 4.241005587726302e-02
0 30 5.749989548393669e+02 8.332647300061676e-18 4.241041890722823e-02
1 12 5.763791550411773e+02 1.791412830158889e-17 3.131200538352952e-02
0 31 5.938693646738744e+02 7.836270883582306e-18 4.240869373168122e-02
0 32 6.127403483921375e+02 7.834125846191750e-18 4.240608451891686e-02
1 13 6.232778531014866e+02 1.435307876743038e-17 3.131052516849431e-02
0 33 6.316110341866367e+02 7.990762249926128e-18 4.240647723312998e-02
0 34 6.504818128620541e+02 2.540902823037983e-16 4.240982399695673e-02
0 35 6.693521467762059e+02 7.990155949467140e-18 4.241058796090259e-02
1 14 6.701765698584529e+02 1.432415605535150e-17 3.131188896463647e-02
0 36 6.882225316996422e+02 7.892424223179321e-18 4.240900053239489e-02
0 37 7.070934689236940e+02 7.990824798706533e-18 4.240611530008367e-02
1 15 7.170752680018310e+02 1.435004263687422e-17 3.131045289733426e-02
0 38 7.259641598587235e+02 8.330498240968735e-18 4.240631084973388e-02
0 39 7.448349944652598e+02 7.928493208449019e-18 4.240956599249808e-02
0 40 7.637053407099592e+02 7.799561245613445e-18 4.241067564349414e-02
1 16 7.639739787849051e+02 7.576548783003085e-16 3.131179536188775e-02
0 41 7.825757039109767e+02 7.837496549419591e-18 4.240929590066832e-02
0 42 8.014465904274958e+02 7.918388564147914e-18 4.240619231832608e-02
1 17 8.108726820085924e+02 1.449445946160847e-17 3.131043208323909e-02
0 43 8.203172830466242e+02 7.878401613421190e-18 4.240618899165167e-02
0 44 8.391881714287175e+02 7.841017255148145e-18 4.240928647805894e-02
1 18 8.577713852649829e+02 1.441516701711967e-17 3.131179611999305e-02
0 45 8.580585352601513e+02 7.799562130918639e-18 4.241067591072499e-02
0 46 8.769288810500087e+02 7.954638054732774e-18 4.240957458480074e-02
0 47 8.957997136825657e+02 7.800221230311476e-18 4.240631550315915e-02
1 19 9.046700960146549e+02 4.085704811473351e-17 3.131045660151116e-02
0 48 9.146704045184538e+02 7.922503028207886e-18 4.240611360904201e-02
0 49 9.335413434969917e+02 7.799772147992813e-18 4.240899064647420e-02
1 20 9.515687942904568e+02 1.446663888197234e-17 3.131189119301378e-02
0 50 9.524117291680651e+02 8.001892162777949e-18 4.241058403667305e-02
0 51 9.712820627538479e+02 7.799626219797847e-18 4.240983185989099e-02
0 52 9.901528394327102e+02 7.800192204733361e-18 4.240648396177089e-02
1 21 9.984675111239451e+02 1.431545095104808e-17 3.131052532185348e-02
0 53 1.009023525043188e+03 9.842460733667221e-18 4.240608479102548e-02
0 54 1.027894510389577e+03 8.258962262093346e-18 4.240868355702849e-02
1 22 1.045366209361774e+03 1.437559866919229e-17 3.131201118761166e-02
0 55 1.046764921082731e+03 7.903737831628737e-18 4.241041179077995e-02
0 56 1.065635248675068e+03 1.649712626774882e-16 4.241006293214303e-02
0 57 1.084505968426216e+03 7.800156344475818e-18 4.240669470739256e-02
1 23 1.092264927925960e+03 1.717349195334118e-16 3.131064358738293e-02
0 58 1.103376645414192e+03 7.834391809199963e-18 4.240610188146801e-02
0 59 1.122247671945257e+03 7.974084490730763e-18 4.240837072014614e-02
1 24 1.139163631371900e+03 1.441502357628912e-17 3.131209448598599e-02
0 60 1.141118109764140e+03 8.089456160500322e-18 4.241016982325360e-02
0 61 1.159988438323585e+03 7.903457965944813e-18 4.241026368325498e-02
0 62 1.178859101353236e+03 7.800114324476204e-18 4.240694451033168e-02
1 25 1.186062347542858e+03 1.449588081260522e-17 3.131079672129909e-02
0 63 1.197729766416529e+03 7.813578166044464e-18 4.240616381462447e-02
0 64 1.216600828130860e+03 7.894380522051682e-18 4.240805786770013e-02
1 26 1.232961059449765e+03 1.228469084593102e-16 3.131212296953055e-02
0 65 1.235471294313078e+03 7.810628697210588e-18 4.240987247949730e-02
0 66 1.254341631121586e+03 7.916758219088051e-18 4.241043076148018e-02
0 67 1.273212238725897e+03 7.838549876309236e-18 4.240723152950579e-02
1 27 1.279859770617519e+03 1.431559898790884e-17 3.131097703724336e-02
0 68 1.292082888742970e+03 7.942416824000084e-18 4.240626908054063e-02
0 69 1.310953979078530e+03 8.158497171809499e-18 4.240775079179688e-02
1 28 1.326758491979429e+03 1.432702496772282e-17 3.131208991853143e-02
0 70 1.329824474119961e+03 8.066509951705988e-18 4.240953660439605e-02
0 71 1.348694826476555e+03 1.877085475114655e-17 4.241056124163432e-02
0 72 1.367565381133471e+03 7.889874039923038e-18 4.240755004146175e-02
1 29 1.373657196931910e+03 1.435100161106980e-17 3.131117846151193e-02
0 73 1.386436013162581e+03 8.149522155770409e-18 4.240641475933663e-02
0 74 1.405307124853900e+03 6.193814591839433e-17 4.240745496206497e-02
1 30 1.420555927609662e+03 1.460603128140983e-17 3.131199430977315e-02
0 75 1.424177648349494e+03 8.266903130475929e-18 4.240917406220060e-02
0 76 1.443048023752098e+03 7.832603233440101e-18 4.241065263987177e-02
