2 0 9.353716332210357e-01 3.001032751724292e-17 7.508968150690046e-02
2 1 4.866127846193409e+00 2.968637377344404e-18 7.509110531801602e-02
4 0 7.927587538090330e+00 5.661675222532399e-18 5.515703917640417e-02
2 2 8.796834591473507e+00 5.177494549944695e-18 7.509129090280632e-02
2 3 1.272752307823769e+01 2.876677938472238e-18 7.509223285211193e-02
0 0 1.454760875729581e+01 8.812011215607134e-18 4.326366798712439e-02
2 4 1.665822547488123e+01 3.578620186433351e-18 7.509028401990950e-02
4 1 1.785285431678168e+01 5.336876207647726e-18 5.515940397072447e-02
2 5 2.058892877545238e+01 3.999539576772615e-18 7.508963529188104e-02
2 6 2.451967732846960e+01 3.539919918430405e-18 7.509090155121849e-02
4 2 2.777839952032432e+01 6.994825191069783e-18 5.517143301583193e-02
2 7 2.845038284183046e+01 4.332544875696406e-18 7.509128422436231e-02
1 0 2.904846975626964e+01 1.191381548963056e-17 3.694286724954551e-02
2 8 3.238106554261102e+01 2.941751329235488e-18 7.509094165109005e-02
0 1 3.509847442304418e+01 8.667417970071651e-18 4.326579558287688e-02
2 9 3.631177381813084e+01 1.957233100453460e-16 7.508957530797739e-02
4 3 3.770350902863868e+01 5.572912842494387e-18 5.517307915310896e-02
2 10 4.024247844588000e+01 6.078718268976654e-18 7.508938885733227e-02
2 11 4.417322615955289e+01 3.793145533298553e-18 7.509194459444118e-02
4 4 4.762884903841537e+01 6.075592363967398e-18 5.518637015966576e-02
2 12 4.810392935138994e+01 3.267005594256095e-18 7.509278690651879e-02
2 13 5.203461958601532e+01 3.772898690316143e-18 7.509145718741353e-02
3 0 5.448466409717654e+01 1.816419409607185e-17 2.989627458683788e-02
0 2 5.565314681008701e+01 8.708874094529859e-18 4.326913434374713e-02
2 14 5.596533400226130e+01 3.773052944345381e-18 7.508927212869930e-02
4 5 5.755383961568113e+01 5.921111896421220e-18 5.518862676236362e-02
2 15 5.989605013252469e+01 3.039348360431135e-18 7.508833496159076e-02
1 1 6.207087668934414e+01 1.188835881893492e-17 3.694064143971425e-02
2 16 6.382679291103413e+01 3.586248187978827e-18 7.509111269038025e-02
2 17 6.775750062728100e+01 3.654067126553491e-18 7.509237362528058e-02
4 6 6.747888821690671e+01 5.474297442823636e-18 5.519879661242191e-02
2 18 7.168819462862288e+01 1.764472603099748e-16 7.509133008078231e-02
2 19 7.561892202907032e+01 2.908142814175425e-18 7.508956903906884e-02
0 3 7.620376669038777e+01 8.704378995250896e-18 4.326500317956779e-02
4 7 7.740377194784696e+01 5.860638373692929e-18 5.520332827482161e-02
2 20 7.954964620101620e+01 2.876782066079723e-18 7.508935143392817e-02
2 21 8.348038718774620e+01 3.826012356090366e-18 7.509177881338838e-02
2 22 8.741109511071654e+01 2.988261748632494e-18 7.509303580595522e-02
4 8 8.732865596942406e+01 5.814992004172996e-18 5.520863383766545e-02
2 23 9.134179667833679e+01 3.974095261565652e-18 7.509071658305447e-02
1 2 9.510303133639609e+01 1.191590505187175e-17 3.694698676217353e-02
2 24 9.527253306101726e+01 4.872629635632688e-18 7.508861028280232e-02
0 4 9.675374235683675e+01 8.666056695308686e-18 4.326523045145766e-02
4 9 9.725345977302521e+01 5.445660536843643e-18 5.521162319344756e-02
2 25 9.920325898018835e+01 7.312621629268800e-18 7.508846788773020e-02
2 26 1.031339955509021e+02 2.928747238173907e-18 7.509148077328937e-02
2 27 1.070646948912940e+02 3.439325204742609e-17 7.509334205597419e-02
4 10 1.071781766303108e+02 5.603040804030777e-18 5.521336354793165e-02
2 28 1.109954034044387e+02 3.615128545400813e-18 7.509160308513618e-02
2 29 1.149261409809764e+02 2.876783929826795e-18 7.508926590578689e-02
3 1 1.167761824659334e+02 6.358993698574640e-17 2.989355959325093e-02
0 5 1.173043330237386e+02 8.663334228217603e-18 4.327748559441400e-02
4 11 1.171030042886234e+02 5.474553273898202e-18 5.521315515538311e-02
2 30 1.188568658752256e+02 2.991230832220892e-18 7.508906195648374e-02
2 31 1.227875874742725e+02 7.811632024297477e-18 7.509126205271321e-02
2 32 1.267182838257159e+02 3.745455197967775e-18 7.509237625082163e-02
4 12 1.270277485541324e+02 6.190633831615666e-18 5.521195771983989e-02
1 3 1.281349051142987e+02 1.205490148400839e-17 3.693440000204352e-02
2 33 1.306489903495175e+02 3.556050323632512e-18 7.509071119239137e-02
2 34 1.345797313231196e+02 3.904452794078739e-18 7.508859293235375e-02
4 13 1.369525408225756e+02 9.078854527829503e-18 5.520685388719446e-02
0 6 1.378555152354252e+02 8.855905992159961e-18 4.327895602782800e-02
2 35 1.385104470827299e+02 2.876768546885295e-18 7.508965225805543e-02
2 36 1.424411621383550e+02 3.896688959245675e-18 7.509197297146235e-02
2 37 1.463718529968405e+02 3.093195276789281e-18 7.509318428240977e-02
4 14 1.468774577370009e+02 6.817113069150027e-18 5.520499486392463e-02
2 38 1.503025629901916e+02 3.427868141057502e-18 7.509126990722438e-02
2 39 1.542333079174799e+02 3.500765591703862e-18 7.508893048723694e-02
4 15 1.568023963758990e+02 5.715308832107493e-18 5.519530343410436e-02
0 7 1.584076402286069e+02 8.898835864444751e-18 4.326385546001915e-02
2 40 1.581640177064693e+02 3.160437923322352e-18 7.508920713382050e-02
1 4 1.611670465421871e+02 1.200907568942407e-17 3.696065603940746e-02
2 41 1.620947300421996e+02 3.268170473888629e-18 7.509108651492095e-02
2 42 1.660254174453830e+02 3.766042481396932e-18 7.509152006340500e-02
4 16 1.667273687925606e+02 6.623335641704207e-18 5.519130961269483e-02
2 43 1.699561331940519e+02 3.124538264408647e-17 7.509097295595608e-02
2 44 1.738868840809609e+02 2.899565604093466e-18 7.508976554943407e-02
4 17 1.766525333484888e+02 5.707156746297194e-18 5.518140107875456e-02
2 45 1.778175973500790e+02 6.634694095979393e-18 7.509053182298273e-02
0 8 1.789573877018001e+02 2.977779853959480e-16 4.326146990189692e-02
3 2 1.790663524451397e+02 1.816602604731201e-17 2.989134660527984e-02
2 46 1.817483071850703e+02 4.506928415882197e-18 7.509192091662839e-02
2 47 1.856790041123810e+02 2.985451372537080e-18 7.509111062569651e-02
4 18 1.865776165638998e+02 5.994147784698602e-18 5.517653708929184e-02
2 48 1.896097238388863e+02 3.895440557115817e-18 7.509046142495640e-02
2 49 1.935404882013919e+02 4.506986077714023e-18 7.508929165036324e-02
1 5 1.941977235356945e+02 6.603237584546346e-17 3.696485105358826e-02
4 19 1.965030415384569e+02 5.347925563977846e-18 5.516582870190984e-02
2 50 1.974711994660271e+02 3.386353444469648e-18 7.508991300422360e-02
0 9 1.995077343066800e+02 8.758929198481965e-18 4.326312040422171e-02
2 51 2.014019123690958e+02 3.031958518502909e-18 7.509127327307986e-02
2 52 2.053326164999376e+02 1.689607272331984e-16 7.509075843383720e-02
4 20 2.064281411425178e+02 6.361777487845142e-18 5.516283153320553e-02
2 53 2.092633439456893e+02 2.876737192649614e-18 7.509094261075674e-02
2 54 2.131941143009730e+02 5.096115547518425e-18 7.509086686284247e-02
4 21 2.163538944992909e+02 5.688120362194422e-18 5.515303587083181e-02
2 55 2.171248256895995e+02 3.269307463974686e-18 7.509060628265854e-02
0 10 2.200624013314815e+02 8.746228434048539e-18 4.327224967699122e-02
2 56 2.210555353184862e+02 3.184530791716330e-18 7.509141353945643e-02
2 57 2.249862490358752e+02 4.506983201662855e-18 7.508939613444927e-02
4 22 2.262790671228046e+02 5.605176566906258e-18 5.515049022327140e-02
1 6 2.272245353536729e+02 1.193642783919225e-17 3.695261273605913e-02
2 58 2.289169772209408e+02 3.006651710148101e-18 7.508975874168060e-02
2 59 2.328477428421552e+02 2.876739399704156e-18 7.509058999070828e-02
4 23 2.362049216455181e+02 5.762926929012671e-18 5.514411359986984e-02
2 60 2.367784525027215e+02 6.240619343984259e-16 7.509108025711590e-02
0 11 2.406130070012471e+02 3.153858359432749e-16 4.327226611613240e-02
2 61 2.407091522464422e+02 2.083766507036395e-16 7.509193124830021e-02
3 3 2.413561173000263e+02 1.816907191773523e-17 2.989205261855801e-02
2 62 2.446398762254499e+02 2.936765300723700e-18 7.508993659431759e-02
4 24 2.461302341497456e+02 6.248138576173279e-18 5.514308245636427e-02
2 63 2.485705963494453e+02 3.391774792289794e-18 7.509014191175480e-02
2 64 2.525013573131992e+02 5.040511680099996e-18 7.509131116351279e-02
4 25 2.560561878996705e+02 5.392162790029149e-18 5.514167723212306e-02
2 65 2.564320584093971e+02 2.876722404176755e-18 7.509106940399907e-02
1 7 2.602566635620752e+02 1.188777156467041e-17 3.694698702819272e-02
2 66 2.603627543799087e+02 3.126558141494905e-18 7.509078034187006e-02
0 12 2.611622914440442e+02 9.018607672517752e-18 4.327246203973976e-02
2 67 2.642934794240645e+02 2.876792031626181e-18 7.508882065354132e-02
4 26 2.659814877258025e+02 5.788949646241604e-18 5.514072322173486e-02
2 68 2.682241970465350e+02 6.397972099905991e-18 7.508947529496943e-02
2 69 2.721549481532824e+02 2.877183487423593e-18 7.509251235855217e-02
2 70 2.760856496878280e+02 2.505998170504898e-17 7.509236130383171e-02
4 27 2.759074633641371e+02 5.334141108519506e-18 5.514665211809853e-02
2 71 2.800163424047643e+02 4.968033597677095e-18 7.509147714290799e-02
0 13 2.817123585170048e+02 8.692753221168211e-18 4.327818890681646e-02
2 72 2.839470746940929e+02 3.276305280000982e-18 7.508894173534378e-02
4 28 2.858327648267535e+02 6.033816879746257e-18 5.514535961892431e-02
2 73 2.878777924499369e+02 2.991010855162914e-18 7.508904859595042e-02
2 74 2.918085350917431e+02 3.172907512759041e-18 7.509176987786109e-02
1 8 2.932916573909473e+02 1.189709718517865e-17 3.693372913157717e-02
2 75 2.957392394429175e+02 4.506934940539364e-18 7.509179937357004e-02
4 29 2.957585941218606e+02 6.355095576131656e-18 5.515502640292583e-02
2 76 2.996699341802707e+02 2.998206037662357e-18 7.509028182133076e-02
0 14 3.022632344408260e+02 8.864458107397553e-18 4.327980784979041e-02
2 77 3.036006776259232e+02 5.178453684498152e-18 7.508904416600268e-02
3 4 3.036466523327184e+02 7.198371817097389e-17 2.989585873507921e-02
4 30 3.056837698517570e+02 5.397305997029194e-18 5.515661303004946e-02
2 78 3.075313988657073e+02 4.506983817821925e-18 7.508959100216768e-02
2 79 3.114621409774481e+02 3.609725246854685e-18 7.509290266598986e-02
2 80 3.153928473045084e+02 2.907209170254066e-18 7.509268552293057e-02
4 31 3.156094342659441e+02 1.983761154441513e-16 5.516813213521302e-02
2 81 3.193235556230342e+02 4.506967942381446e-18 7.509010352255573e-02
0 15 3.228157767190963e+02 8.666411243025542e-18 4.326305540057392e-02
2 82 3.232543067207910e+02 4.507002857695784e-18 7.508855589063111e-02
4 32 3.255345200941012e+02 5.390538499518283e-18 5.517130722669089e-02
1 9 3.263191003748027e+02 1.205399375837046e-17 3.695444849622517e-02
2 83 3.271850373198111e+02 3.042731321539872e-18 7.508855623821425e-02
2 84 3.311157709208357e+02 2.981914625689155e-18 7.509218843337197e-02
2 85 3.350464843494231e+02 4.506927784273151e-18 7.509236930257630e-02
4 33 3.354598308081514e+02 5.330614468475119e-18 5.518330338325151e-02
2 86 3.389771994718229e+02 3.649405526078874e-17 7.509048440456405e-02
2 87 3.429079584840238e+02 3.043266246843785e-18 7.508943381593104e-02
0 16 3.433659927692166e+02 8.842657686790100e-18 4.325984629759989e-02
4 34 3.453849091412966e+02 5.740207040542439e-18 5.518720909050263e-02
2 88 3.468386913111495e+02 5.545521108862121e-18 7.508965236322064e-02
2 89 3.507694161934768e+02 2.876682751999750e-18 7.509225146080839e-02
2 90 3.547001304165420e+02 3.226815790335861e-18 7.509196543884780e-02
4 35 3.553099362390261e+02 5.810961874101251e-18 5.519704620052480e-02
2 91 3.586308501777895e+02 3.484887801502122e-18 7.508939570588838e-02
1 10 3.593495655631578e+02 1.194572140917014e-17 3.694662962740227e-02
2 92 3.625616096051529e+02 3.545816235740591e-18 7.508868339798024e-02
0 17 3.639161719400961e+02 8.669081982569517e-18 4.326123633702085e-02
4 36 3.652348679325230e+02 5.876436427323764e-18 5.520055292609072e-02
3 5 3.659385560984704e+02 2.806549245213325e-17 2.989879476071473e-02
2 93 3.664923364480792e+02 4.506984050937410e-18 7.508943319924995e-02
2 94 3.704230538031946e+02 3.133182724577890e-18 7.509249207687267e-02
2 95 3.743537628673412e+02 1.428218390262080e-16 7.509250069208744e-02
4 37 3.751597372123666e+02 6.268525784903096e-18 5.520832015028853e-02
2 96 3.782844883840550e+02 6.625109708109010e-18 7.509033708901224e-02
2 97 3.822152413569402e+02 3.193035990249070e-18 7.508928516067777e-02
0 18 3.844701449475785e+02 8.676733252100672e-18 4.327153840824072e-02
4 38 3.850845916305974e+02 5.343509079433499e-18 5.521069845325736e-02
2 98 3.861459637879793e+02 2.993791854469610e-18 7.508968641217942e-02
2 99 3.900766676774211e+02 2.876696301514175e-18 7.509160452030841e-02
1 11 3.923737927604338e+02 8.112190079117196e-17 3.692647663298204e-02
2 100 3.940073783402760e+02 6.751213263794270e-18 7.509119168379144e-02
4 39 3.950093792786273e+02 6.390100516627170e-18 5.521313089113925e-02
2 101 3.979381036511327e+02 3.495124029387224e-18 7.508978781828200e-02
2 102 4.018688568999556e+02 3.205405728166718e-18 7.508940717871827e-02
0 19 4.050215098099062e+02 8.692061661983747e-18 4.327151383288467e-02
4 40 4.049341379636534e+02 5.343146089542122e-18 5.521497347815226e-02
2 103 4.057995723489399e+02 3.625016248089468e-16 7.509100780176362e-02
2 104 4.097302754440167e+02 2.464670232432787e-16 7.509216747206043e-02
2 105 4.136609876213907e+02 3.056849484895600e-18 7.509153658900072e-02
4 41 4.148589799639605e+02 7.170355883054770e-18 5.521150569816164e-02
2 106 4.175917187777819e+02 2.876766285932002e-18 7.508988841825258e-02
2 107 4.215224751799763e+02 5.031956402205838e-18 7.508935949631826e-02
4 42 4.247837490661583e+02 5.328129463264495e-18 5.521024922880177e-02
0 20 4.255710387690942e+02 8.738349731873217e-18 4.327286103823851e-02
1 12 4.254051494321865e+02 1.189623900873431e-17 3.691995744308266e-02
2 108 4.254531868261062e+02 3.501306953003533e-18 7.509032288715756e-02
3 6 4.282313680741694e+02 1.815737950171658e-17 2.989790913797255e-02
2 109 4.293838945584437e+02 3.596785596112433e-18 7.509106866950493e-02
2 110 4.333146115923249e+02 4.890419447730477e-18 7.509036365929632e-02
4 43 4.347085683142748e+02 6.146355055402127e-18 5.520431513427916e-02
2 111 4.372453516029646e+02 7.335961237167043e-18 7.509036544208514e-02
2 112 4.411761116357846e+02 2.893036807865489e-18 7.509071645690743e-02
4 44 4.446335291100638e+02 5.902763874734434e-18 5.519909307999722e-02
2 113 4.451068276330639e+02 2.226886455343311e-17 7.509152611361436e-02
0 21 4.461206831842599e+02 8.764220982386622e-18 4.327346303695301e-02
2 114 4.490375375923412e+02 4.506942980574309e-18 7.509129287449844e-02
2 115 4.529682684182292e+02 3.985681511709657e-18 7.508958867413026e-02
4 45 4.545584251441339e+02 5.561319246203865e-18 5.519306361195857e-02
2 116 4.568990107674370e+02 3.497198426566289e-18 7.508972901065161e-02
1 13 4.584365890305746e+02 1.191695097269647e-17 3.691781546232546e-02
2 117 4.608297774674361e+02 4.972374671403838e-18 7.509025337502359e-02
4 46 4.644835591528859e+02 5.389840602293308e-18 5.518352574832152e-02
2 118 4.647604879648501e+02 3.740806141535377e-18 7.509114619391090e-02
0 22 4.666719823801300e+02 8.697840650001509e-18 4.327550089388373e-02
2 119 4.686912033776351e+02 3.329946869981340e-18 7.509104711733364e-02
2 120 4.726219413884808e+02 7.574721881517009e-16 7.508987799247385e-02
4 47 4.744085891283123e+02 2.005823616000271e-16 5.517924957582847e-02
2 121 4.765526848634387e+02 3.683756743011287e-18 7.509048326930855e-02
2 122 4.804834470328511e+02 3.877086213072481e-18 7.509153120468981e-02
2 123 4.844141524192368e+02 3.010285566076223e-18 7.509106073039368e-02
4 48 4.843339793295521e+02 5.639554242373683e-18 5.516762187243898e-02
0 23 4.872254298859070e+02 9.125605635682412e-18 4.326269735258220e-02
2 124 4.883448663627580e+02 3.434838917590345e-18 7.509048077845110e-02
3 7 4.905241094255198e+02 1.854230046215611e-17 2.989646053488703e-02
1 14 4.914607274911153e+02 1.189037963951683e-17 3.693978779637147e-02
2 125 4.922756099686894e+02 3.493840179190958e-18 7.508854072498768e-02
4 49 4.942591186935073e+02 5.829590686136543e-18 5.516383652825321e-02
2 126 4.962063480398983e+02 3.771877972692026e-18 7.508977376101693e-02
2 127 5.001370983281063e+02 4.301140122839507e-18 7.509183970967319e-02
2 128 5.040678019767785e+02 2.876706689982874e-18 7.509172971645342e-02
4 50 5.041847254524285e+02 6.628623585353547e-18 5.515488883431369e-02
0 24 5.077755085200012e+02 8.696246876809646e-18 4.326012357918785e-02
2 129 5.079985100411205e+02 4.698126426988887e-17 7.509111485688974e-02
2 130 5.119292606566776e+02 2.878795682383267e-18 7.508916123165933e-02
4 51 5.141100094998950e+02 5.407277351958288e-18 5.515120510831045e-02
2 131 5.158599878470121e+02 5.563375884830522e-18 7.509007153862200e-02
2 132 5.197907318717007e+02 4.506927778032621e-18 7.509204863405057e-02
2 133 5.237214316067010e+02 2.986030221104246e-18 7.509096393670785e-02
4 52 5.240358553018242e+02 5.783629562384123e-18 5.514614939909073e-02
1 15 5.244892627950770e+02 1.194777942538339e-17 3.694045973377463e-02
2 134 5.276521414952725e+02 3.094553373933586e-18 7.508979856820214e-02
0 25 5.283256890671477e+02 9.334692271945199e-18 4.326405616307156e-02
2 135 5.315828941269020e+02 3.833062253245935e-18 7.508861139165574e-02
4 53 5.339611142108192e+02 5.579931952796013e-18 5.514292215832772e-02
2 136 5.355136193553059e+02 3.210632528460473e-18 7.509016435449749e-02
2 137 5.394443561700944e+02 2.931800470870717e-18 7.509345397066876e-02
2 138 5.433750629478698e+02 1.149781543225537e-16 7.509173376872266e-02
4 54 5.438871429120634e+02 5.594831237565056e-18 5.514240018839978e-02
2 139 5.473057759425265e+02 5.921499176128798e-18 7.509005066732437e-02
0 26 5.488784916778196e+02 3.968862137430530e-17 4.327862516627384e-02
2 140 5.512365374629819e+02 3.292555447008351e-18 7.508849397038556e-02
3 8 5.528169599906283e+02 5.279322574876548e-17 2.989775106727531e-02
4 55 5.538123999094082e+02 5.927256623928311e-18 5.514105196638683e-02
2 141 5.551672648354455e+02 3.275433152513747e-18 7.508955116951767e-02
1 16 5.575150312979531e+02 1.418429449705593e-17 3.692066732926450e-02
2 142 5.590979961036272e+02 3.474420288939834e-18 7.509241794275262e-02
2 143 5.630287126896989e+02 4.506954490958556e-18 7.509096041188966e-02
4 56 5.637383729749741e+02 5.475437644122834e-18 5.514409023407159e-02
2 144 5.669594320665510e+02 2.906843291470021e-18 7.508941659311404e-02
0 27 5.694293942293925e+02 8.835225398951843e-18 4.327652122837811e-02
2 145 5.708902043016141e+02 3.593553035757348e-18 7.508939678569036e-02
4 57 5.736636343341614e+02 5.334018045549811e-18 5.514621324653735e-02
2 146 5.748209335003281e+02 1.628564571721642e-16 7.509052211374059e-02
2 147 5.787516640181752e+02 2.905135226693210e-16 7.509319343390265e-02
2 148 5.826823874570941e+02 3.068881655601420e-18 7.509108693456754e-02
4 58 5.835894940155198e+02 5.333460111044056e-18 5.515273555183745e-02
2 149 5.866131194465493e+02 4.690536179736943e-18 7.508878197611681e-02
0 28 5.899792117066174e+02 1.110063184088136e-17 4.327430634961600e-02
1 17 5.905474135388142e+02 1.015252861089187e-16 3.693023068491538e-02
2 150 5.905438926409272e+02 3.529202218679999e-18 7.508891292460759e-02
4 59 5.935147164360161e+02 5.348988510383586e-18 5.515544918417241e-02
2 151 5.944746251822346e+02 2.876769769313545e-18 7.508967818217810e-02
2 152 5.984053448334538e+02 3.134321653394589e-18 7.509268079098265e-02
2 153 6.023360774615351e+02 7.257524791187691e-18 7.509120629997959e-02
4 60 6.034402979648291e+02 6.495940005950405e-18 5.516582089102457e-02
2 154 6.062668116852992e+02 6.291797731264225e-18 7.508952129829961e-02
2 155 6.101975808286268e+02 2.900710551484946e-18 7.508991135807304e-02
0 29 6.105285034713814e+02 3.022284422519547e-16 4.327271439460805e-02
4 61 6.133654998225114e+02 5.392314984170691e-18 5.516914213386272e-02
2 156 6.141283096257198e+02 1.699704095060264e-17 7.509055196076900e-02
3 9 6.151094301439355e+02 1.815583413559300e-17 2.989593183913840e-02
2 157 6.180590194324137e+02 4.506927623163353e-18 7.509208202241820e-02
2 158 6.219897545485212e+02 3.255726841779890e-18 7.509046913366697e-02
4 62 6.232908420093303e+02 5.383865640274495e-18 5.518048496689237e-02
1 18 6.235791197272723e+02 1.191410211341154e-17 3.693726683226681e-02
2 159 6.259204891714213e+02 3.173003374179683e-18 7.508849026680268e-02
2 160 6.298512504305380e+02 3.808293381323477e-18 7.508963388035463e-02
0 30 6.310793747295703e+02 9.002526006238897e-18 4.327171649742101e-02
4 63 6.332158697420842e+02 5.501612785170621e-18 5.518462478739672e-02
2 161 6.337819699209603e+02 3.414197757831943e-18 7.509095400809686e-02
2 162 6.377126765233888e+02 2.907535863119029e-18 7.509259784047670e-02
2 163 6.416434103463830e+02 5.897934613977088e-16 7.509122271323015e-02
4 64 6.431410548509093e+02 6.288699810723935e-18 5.519470402319368e-02
2 164 6.455741499811533e+02 3.704420555581449e-18 7.508941673492012e-02
2 165 6.495049013278764e+02 3.256461547958011e-18 7.508994329897177e-02
0 31 6.516338892083093e+02 8.847267682525752e-18 4.326170421227003e-02
4 65 6.530659859012295e+02 5.499355393948614e-18 5.519956119182063e-02
2 166 6.534356184313033e+02 2.876740621118038e-18 7.509061415847763e-02
1 19 6.566044145401626e+02 1.200700896967690e-17 3.695954237954321e-02
2 167 6.573663197143819e+02 3.192777607310550e-18 7.509114537511816e-02
2 168 6.612970597194529e+02 4.792751974388796e-18 7.509003360486505e-02
4 66 6.629909123344206e+02 5.537827660887637e-18 5.520445790828359e-02
2 169 6.652278007345576e+02 2.876780461352929e-18 7.508947540327834e-02
2 170 6.691585517916532e+02 3.827184284620778e-18 7.509061142544304e-02
0 32 6.721842159426587e+02 8.844766294402154e-18 4.325861745159938e-02
2 171 6.730892664235362e+02 3.629225150128327e-18 7.509196541394728e-02
4 67 6.729157657792591e+02 5.532908238437923e-18 5.521099710931635e-02
2 172 6.770199750784838e+02 5.597881610958889e-17 7.509134929119270e-02
3 10 6.774006966823387e+02 1.831034554516621e-17 2.989246915006036e-02
2 173 6.809507218734352e+02 2.909127446209309e-18 7.509020095127078e-02
4 68 6.828405732094462e+02 5.862958803367759e-18 5.521070562846457e-02
2 174 6.848814704402066e+02 6.613161414085612e-18 7.508934984171738e-02
2 175 6.888122235811459e+02 3.819328359568404e-18 7.509024497630047e-02
1 20 6.896348174515573e+02 1.189093388817314e-17 3.695883727564046e-02
0 33 6.927342260988610e+02 8.782333407545833e-18 4.326097010003967e-02
2 176 6.927429374339918e+02 3.219044100275878e-18 7.509098037222588e-02
4 69 6.927653498581296e+02 5.432033945184566e-18 5.521448242045517e-02
2 177 6.966736564893096e+02 3.508937007242564e-18 7.509040113950211e-02
2 178 7.006044102675959e+02 3.836260407246579e-18 7.508990028340411e-02
4 70 7.026900755001662e+02 5.613906503602226e-18 5.521215513856422e-02
2 179 7.045351662277801e+02 2.876753126566756e-18 7.509055400360107e-02
2 180 7.084659173139609e+02 2.884655803782916e-18 7.509162940043219e-02
2 181 7.123966353032556e+02 9.176032285859205e-17 7.509150757116523e-02
4 71 7.126149181782419e+02 5.681117625235080e-18 5.521096863940482e-02
0 34 7.132866787653132e+02 8.729299148382837e-18 4.327864609151882e-02
2 182 7.163273588976461e+02 6.105867924298852e-18 7.509000905681071e-02
2 183 7.202581221785036e+02 3.288137170603234e-18 7.508895038988284e-02
1 21 7.226664399772870e+02 1.204533476322636e-17 3.694179200792005e-02
4 72 7.225397078612109e+02 5.665698152058965e-18 5.520633401145497e-02
2 184 7.241888739339207e+02 2.906329956622673e-18 7.508995554700620e-02
2 185 7.281196230507446e+02 3.904295058211173e-18 7.509118401487549e-02
2 186 7.320503336838092e+02 4.504647949766931e-18 7.509111655882254e-02
4 73 7.324645541750893e+02 5.329017134907562e-18 5.520039528709868e-02
0 35 7.338377752081292e+02 8.690862334590115e-18 4.327714933002212e-02
2 187 7.359810625882388e+02 2.994306530216255e-18 7.509023085118161e-02
2 188 7.399118263836181e+02 3.214365944531507e-18 7.508977249835355e-02
3 11 7.396907640068847e+02 3.902602239982620e-16 2.989102856371265e-02
4 74 7.423895337535471e+02 6.686910671663427e-18 5.519569768911539e-02
2 189 7.438425722584533e+02 4.500617569962500e-17 7.509089169298722e-02
2 190 7.477733124549086e+02 3.676174198683468e-16 7.509195626130533e-02
2 191 7.517040197102664e+02 2.980332108138735e-18 7.509008543591787e-02
4 75 7.523145775960294e+02 5.568478766898411e-18 5.518623235125764e-02
0 36 7.543880559546160e+02 8.676209298573421e-18 4.326814934455050e-02
1 22 7.556990873520633e+02 1.217559058035291e-17 3.695248048892181e-02
2 192 7.556347477708572e+02 3.203177686147944e-18 7.508927875671915e-02
2 193 7.595655104568236e+02 6.568091742738711e-18 7.508869848979040e-02
4 76 7.622396199720039e+02 3.159367987637832e-15 5.518107649190114e-02
2 194 7.634962477238778e+02 3.924799708277251e-18 7.509088339396897e-02
2 195 7.674269779623869e+02 4.028052833421828e-18 7.509276517718004e-02
2 196 7.713576901689070e+02 2.876734893252635e-18 7.509091403393409e-02
4 77 7.721649830943791e+02 5.402534862044339e-18 5.517168162253522e-02
0 37 7.749377414376371e+02 8.675368817384260e-18 4.326922502422581e-02
2 197 7.752884157889172e+02 1.114220394583856e-17 7.508992004424216e-02
2 198 7.792191828548148e+02 2.880817967001575e-18 7.508912587568385e-02
4 78 7.820901389528073e+02 5.656442472123220e-18 5.516642698117572e-02
2 199 7.831499101402991e+02 1.268232457403866e-17 7.509082891689620e-02
2 200 7.870806390692155e+02 3.784303735486581e-18 7.509224635836745e-02
1 23 7.887337271721240e+02 2.037871341327669e-16 3.695348496914250e-02
2 201 7.910113551515667e+02 4.040950559768443e-18 7.508963491594588e-02
4 79 7.920157508139230e+02 5.837511320993348e-18 5.515625411142188e-02
2 202 7.949420857068287e+02 3.177436830089067e-18 7.508884677349795e-02
0 38 7.954883144334134e+02 8.749273542908656e-18 4.327082869319595e-02
2 203 7.988728549804081e+02 3.811710597103235e-18 7.508936793702704e-02
3 12 8.019805710309298e+02 2.699637919238628e-15 2.989172344498925e-02
4 80 8.019409280169036e+02 5.398065847976233e-18 5.515457420465372e-02
2 204 8.028035828914491e+02 4.506946537050877e-18 7.509156935375992e-02
2 205 8.067343110132711e+02 3.166319396544376e-18 7.509355810155632e-02
2 206 8.106650423435568e+02 4.460451990891816e-16 7.509002936928248e-02
4 81 8.118668052216360e+02 4.123026055548584e-16 5.514566453802003e-02
2 207 8.145957780906431e+02 7.720121702561929e-18 7.508876494237264e-02
0 39 8.160428910342463e+02 8.827959828828074e-18 4.326475234258736e-02
2 208 8.185265536157830e+02 3.600452101807070e-18 7.508898631706661e-02
1 24 8.217570011267886e+02 1.191188026453840e-17 3.696022515473252e-02
4 82 8.217920298609126e+02 5.560468658257726e-18 5.514586086645474e-02
2 209 8.224572835693577e+02 3.542773297073730e-18 7.509075182348210e-02
2 210 8.263880089883245e+02 4.490378584731796e-18 7.509243006646837e-02
2 211 8.303187545380689e+02 3.179490817560479e-18 7.508980411071543e-02
4 83 8.317179520499466e+02 5.774124432528518e-18 5.514118031713831e-02
2 212 8.342494948050870e+02 2.992749861230097e-18 7.508896733858123e-02
0 40 8.365934434854742e+02 8.863700606506339e-18 4.326373584266337e-02
2 213 8.381802743163713e+02 3.269705046103423e-18 7.509037477323247e-02
2 214 8.421110012588604e+02 2.876716460149876e-18 7.509161331748981e-02
4 84 8.416432901131906e+02 5.334510288292177e-18 5.514244861049816e-02
2 215 8.460417262344655e+02 7.196738717041716e-17 7.509252963045011e-02
2 216 8.499724776551444e+02 2.922422882115819e-18 7.508945589858508e-02
4 85 8.515692171805586e+02 5.403636687734553e-18 5.514246421247666e-02
2 217 8.539032239761342e+02 5.415208991296504e-18 7.508805148962164e-02
1 25 8.547894578876845e+02 1.199355868371449e-17 3.694768147208791e-02
0 41 8.571429328843786e+02 9.132557983430415e-18 4.326678896032250e-02
2 218 8.578339931445377e+02 2.876762710014270e-18 7.508990042579436e-02
4 86 8.614944837807562e+02 5.510279454679499e-18 5.514418721244815e-02
2 219 8.617647176324300e+02 3.214089813242844e-18 7.509104554304451e-02
3 13 8.642713990208368e+02 1.819276871242166e-17 2.989305921313563e-02
2 220 8.656954339123018e+02 3.104411416070017e-18 7.509250655477304e-02
2 221 8.696261941183042e+02 3.559622044708943e-18 7.509030059280969e-02
4 87 8.714203723540058e+02 6.217380181948490e-18 5.515081429569214e-02
2 222 8.735569373950659e+02 6.406850061059019e-18 7.508911669269781e-02
0 42 8.776940662457540e+02 9.091156808093986e-18 4.328145542483915e-02
2 223 8.774876939162342e+02 3.057273697667164e-18 7.509062758429352e-02
2 224 8.814184130450479e+02 7.931449381364482e-17 7.509110366044515e-02
4 88 8.813456073024579e+02 5.458532201671535e-18 5.515286797779798e-02
2 225 8.853491238845025e+02 4.506945980042385e-18 7.509126962302762e-02
1 26 8.878198791470961e+02 1.210768765061289e-17 3.692613434278509e-02
2 226 8.892798867730927e+02 3.572100551176919e-18 7.508961852610835e-02
4 89 8.912713097381072e+02 5.849550057595570e-18 5.516245640984318e-02
2 227 8.932106279549669e+02 3.029647543967596e-18 7.508857466398233e-02
2 228 8.971413749961300e+02 5.783166775298478e-18 7.509096401890264e-02
0 43 8.982451941495424e+02 1.941944712751266e-16 4.328156780737064e-02
2 229 9.010720894583645e+02 6.491009079025119e-18 7.509166646304077e-02
4 90 9.011964536018021e+02 5.332134224242265e-18 5.516731463300206e-02
2 230 9.050028044690570e+02 2.876705939761552e-18 7.509177612497019e-02
2 231 9.089335681737730e+02 4.232586667528314e-18 7.509034822590371e-02
4 91 9.111219519602346e+02 5.804479230795796e-18 5.517666795002183e-02
2 232 9.128643150816893e+02 1.417282302716624e-17 7.508920034764190e-02
2 233 9.167950530918291e+02 4.609904713344049e-16 7.509063374838830e-02
0 44 9.187959724514529e+02 8.747329569383880e-18 4.326524587112100e-02
1 27 9.208510221153776e+02 1.205287182807988e-17 3.693719527911220e-02
2 234 9.207257723570445e+02 2.954554062597665e-18 7.509050176935873e-02
4 92 9.210469951228254e+02 5.875500572354628e-18 5.518266625104178e-02
2 235 9.246564889076203e+02 4.506969196853503e-18 7.509018488413027e-02
3 14 9.265636568419459e+02 1.693871808490219e-15 2.989472647968195e-02
2 236 9.285872608100750e+02 3.811462207207755e-18 7.508985760808851e-02
4 93 9.309721311054343e+02 5.613629970468240e-18 5.519144411971395e-02
2 237 9.325180115071571e+02 3.177128366331043e-18 7.509016532657727e-02
2 238 9.364487510674091e+02 3.745360200161925e-18 7.509158276854480e-02
0 45 9.393457052202074e+02 8.757549361094244e-18 4.326204543507643e-02
2 239 9.403794737702913e+02 2.876724065333111e-18 7.509138814621805e-02
4 94 9.408971431455293e+02 5.944990887416453e-18 5.519757157436693e-02
2 240 9.443102020374050e+02 1.434400202676013e-17 7.508993404809047e-02
2 241 9.482409792649013e+02 2.882915787805297e-18 7.508979522833098e-02
4 95 9.508220371318845e+02 5.553460658365295e-18 5.520405116079016e-02
2 242 9.521717352764925e+02 1.366917137665781e-17 7.508991538171222e-02
1 28 9.538810525392324e+02 1.222084318100816e-17 3.693630324565191e-02
2 243 9.561024746172903e+02 3.593796166112087e-18 7.509097064435656e-02
0 46 9.598964634804745e+02 1.861141659895395e-17 4.326631803351129e-02
2 244 9.600331995972739e+02 3.621771275932275e-18 7.509030639156911e-02
4 96 9.607468916566927e+02 5.878620923991756e-18 5.520862090714358e-02
2 245 9.639639383168499e+02 3.182567274141475e-18 7.508959133949002e-02
2 246 9.678947162047641e+02 5.010351028136152e-18 7.509032748262463e-02
4 97 9.706717051916072e+02 1.315146398062584e-17 5.521212737186364e-02
2 247 9.718254737538856e+02 3.403606102319018e-18 7.509140831647541e-02
2 248 9.757562055002853e+02 2.876701036645569e-18 7.509177207112090e-02
2 249 9.796869350477715e+02 3.341458473576256e-16 7.509000231478394e-02
0 47 9.804512606056928e+02 8.837718366374736e-18 4.326563844967381e-02
4 98 9.805964704398874e+02 5.427004273547988e-18 5.521370292625197e-02
2 250 9.836176740590787e+02 5.202305095664501e-17 7.508873213882224e-02
1 29 9.869026416712406e+02 6.425846114535617e-17 3.693271690236571e-02
2 251 9.875484514259739e+02 2.876784505655506e-18 7.508940481999851e-02
3 15 9.888565690087386e+02 2.903805767731339e-16 2.989590383102343e-02
4 99 9.905212484489813e+02 5.828393944117797e-18 5.521279797325326e-02
2 252 9.914791984086116e+02 2.906873171971057e-18 7.509119380078200e-02
2 253 9.954099266293275e+02 3.762921696011122e-18 7.509169008723217e-02
2 254 9.993406516872935e+02 3.905158310380945e-18 7.509014342054443e-02
4 100 1.000445980780383e+03 5.846395113080236e-18 5.521202497884534e-02
0 48 1.001002156785733e+03 8.666387549981988e-18 4.326216122435991e-02
2 255 1.003271393812963e+03 3.462643936524254e-18 7.508935788837941e-02
2 256 1.007202163832798e+03 3.576441196669973e-18 7.509030688002630e-02
4 101 1.010370861440141e+03 5.391217298405336e-18 5.520808217314861e-02
2 257 1.011132901483902e+03 3.640206417070517e-18 7.509188039174587e-02
2 258 1.015063624875081e+03 9.656440518723439e-17 7.509176781433419e-02
2 259 1.018994351645598e+03 2.876801208835449e-18 7.508870876903026e-02
1 30 1.019932463080405e+03 1.217592972527693e-17 3.692590277565719e-02
4 102 1.020295713907074e+03 5.933356393018223e-18 5.520272244738662e-02
0 49 1.021551920808127e+03 8.824263739406307e-18 4.326760280111212e-02
2 260 1.022925094024931e+03 3.710229332481180e-18 7.508849696734844e-02
2 261 1.026855858841445e+03 6.264446150836885e-18 7.508972724988607e-02
4 103 1.030220613694323e+03 5.819832801049370e-18 5.519821184593909e-02
2 262 1.030786590040308e+03 3.515276551301546e-18 7.509247048947537e-02
2 263 1.034717312085030e+03 3.649855012967903e-18 7.509271172748645e-02
2 264 1.038648050743635e+03 4.834147231171614e-18 7.508950251018771e-02
4 104 1.040145729243428e+03 5.587969677044127e-18 5.518803445502628e-02
0 50 1.042102359067169e+03 8.819593629063625e-18 4.327957760299925e-02
2 265 1.042578792215536e+03 4.507000407915261e-18 7.508892553867653e-02
2 266 1.046509560140302e+03 2.876770531729609e-18 7.508967256492023e-02
2 267 1.050440284608640e+03 6.382866760985243e-17 7.509187740444860e-02
4 105 1.050070708972673e+03 5.767692578439434e-18 5.518466114088864e-02
3 16 1.051149258462213e+03 1.830232375988818e-17 2.989668411012268e-02
1 31 1.052963122362205e+03 1.193259843882201e-17 3.691427839253101e-02
2 268 1.054371013895029e+03 3.755259968301123e-18 7.509177319622974e-02
2 269 1.058301762418620e+03 3.568141033404810e-18 7.508856905202613e-02
4 106 1.059996010169805e+03 5.444207529821042e-18 5.517140036572828e-02
2 270 1.062232510070432e+03 2.992286123149387e-18 7.508864519699936e-02
0 51 1.062653491670572e+03 8.745274228724471e-18 4.328044452427637e-02
2 271 1.066163278777453e+03 4.506963788755996e-18 7.509059213542689e-02
4 107 1.069921127777551e+03 5.677152382382143e-18 5.517038291407587e-02
2 272 1.070094005636123e+03 3.754554147070105e-18 7.509262573276972e-02
2 273 1.074024738665431e+03 3.013515579454908e-18 7.509264891964310e-02
2 274 1.077955503841275e+03 3.256141309259291e-18 7.508873373650729e-02
4 108 1.079846685507390e+03 5.822014891606012e-18 5.515729899843708e-02
2 275 1.081886254017801e+03 3.680608582459795e-18 7.508839365538333e-02
0 52 1.083205244008391e+03 8.711335646481133e-18 4.326504109105835e-02
1 32 1.085991249283015e+03 1.189796967071905e-17 3.693825641879726e-02
2 276 1.085817022535264e+03 6.686244499894721e-16 7.508999110317080e-02
2 277 1.089747749921969e+03 2.907554364161994e-18 7.509159353643990e-02
4 109 1.089771885659477e+03 5.432115408139115e-18 5.515606321514813e-02
2 278 1.093678481223718e+03 3.738598761040878e-18 7.509178197919755e-02
2 279 1.097609257638303e+03 6.339015390040064e-18 7.508927773305736e-02
4 110 1.099697635844972e+03 1.251504238408441e-17 5.514707377065062e-02
2 280 1.101540005230929e+03 3.057913157229440e-18 7.508916495280037e-02
0 53 1.103754961786003e+03 8.689217073321194e-18 4.326040558742695e-02
2 281 1.105470768439136e+03 3.762209479171233e-18 7.509121075263567e-02
2 282 1.109401488471086e+03 3.777906137078172e-18 7.509161284748117e-02
4 111 1.109622929492706e+03 5.394247184101715e-18 5.514598679506301e-02
2 283 1.113332220486079e+03 1.575678930988836e-17 7.509130599636273e-02
3 17 1.113442204889313e+03 1.824450088880230e-17 2.989634235697890e-02
2 284 1.117262997634602e+03 2.876803007572797e-18 7.508886370765083e-02
1 33 1.119020750907342e+03 1.192139484826050e-17 3.694265712738431e-02
4 112 1.119548854033003e+03 5.633274297745429e-18 5.514159025230840e-02
2 285 1.121193745036028e+03 6.392022954441148e-18 7.508841920876987e-02
0 54 1.124305338467880e+03 8.782648119366090e-18 4.326438535700936e-02
2 286 1.125124491876540e+03 3.795964004844572e-18 7.509094701361539e-02
2 287 1.129055210867838e+03 3.712313041729003e-18 7.509114931364967e-02
4 113 1.129474097521690e+03 5.334573069536427e-18 5.514178246070069e-02
2 288 1.132985937399922e+03 3.075770497186023e-18 7.509175207216608e-02
2 289 1.136916720014751e+03 3.819917533986396e-18 7.509012422950495e-02
4 114 1.139400156102748e+03 5.334827916273073e-18 5.514251523423590e-02
2 290 1.140847461700296e+03 2.876779373587901e-18 7.508953281022004e-02
0 55 1.144859637599147e+03 8.663918162485563e-18 4.327464670121824e-02
2 291 1.144778196271990e+03 2.950379230546471e-18 7.509109876243876e-02
2 292 1.148708916393851e+03 2.775317365239800e-16 7.509035746359206e-02
4 115 1.149325408155216e+03 5.971922306699745e-18 5.514416937533176e-02
1 34 1.152044178033878e+03 6.158037698472868e-17 3.694055912190202e-02
2 293 1.152639642143944e+03 1.941864463378979e-16 7.509018079031957e-02
2 294 1.156570426632363e+03 2.876776082242457e-18 7.508971417821804e-02
4 116 1.159251332932979e+03 6.902961115710007e-18 5.514848055398618e-02
2 295 1.160501166576411e+03 3.001052989788895e-18 7.508959649558181e-02
2 296 1.164431896484327e+03 3.187782194208341e-18 7.509176932123210e-02
0 56 1.165410317342196e+03 8.785677803265713e-18 4.326997323682714e-02
2 297 1.168362620749350e+03 6.806656871784663e-18 7.509076606911680e-02
4 117 1.169176586423520e+03 6.295904249740311e-18 5.515233461522764e-02
2 298 1.172293354688122e+03 3.047268448715010e-18 7.509049712363929e-02
3 18 1.175734596084972e+03 4.432617819912068e-17 2.989353790755364e-02
2 299 1.176224139957383e+03 3.294395603677141e-18 7.509032466885411e-02
4 118 1.179102317190466e+03 8.754242615489190e-18 5.516046005690519e-02
2 300 1.180154887711880e+03 3.737488013128910e-18 7.508994733960196e-02
2 301 1.184085613169873e+03 1.295519652810297e-16 7.509092670269726e-02
1 35 1.185075874513394e+03 6.257561207113422e-17 3.693590981914902e-02
0 57 1.185959774122504e+03 8.847025750377795e-18 4.327036929504299e-02
2 302 1.188016351034782e+03 2.908309097444426e-18 7.508921941519492e-02
4 119 1.189027484329065e+03 5.448350679775222e-18 5.516376587872149e-02
2 303 1.191947087704554e+03 3.210031721600900e-18 7.508930557021011e-02
2 304 1.195877878037084e+03 3.160814675255721e-18 7.509066217203214e-02
4 120 1.198952916737626e+03 5.622765940693823e-18 5.517629586737673e-02
2 305 1.199808629013946e+03 2.876721462355517e-18 7.509151613211637e-02
2 306 1.203739357089396e+03 3.527931191672303e-18 7.509170573610517e-02
0 58 1.206509627496115e+03 8.879809709588702e-18 4.327852518685014e-02
2 307 1.207670102300567e+03 4.506982335618388e-18 7.508981649793042e-02
4 121 1.208878039140196e+03 5.330874154449805e-18 5.517893135382580e-02
2 308 1.211600848039219e+03 8.480367963824102e-18 7.508874647918394e-02
2 309 1.215531635896581e+03 2.904016845830970e-18 7.509037044932396e-02
1 36 1.218110370080534e+03 1.203167627462318e-17 3.693975350516204e-02
4 122 1.218803217716630e+03 5.378359751822328e-18 5.519105944740314e-02
2 310 1.219462386395782e+03 4.740679179627345e-17 7.509109734654726e-02
2 311 1.223393112138855e+03 4.506952420311107e-18 7.509092194928117e-02
0 59 1.227060719956496e+03 8.835429292842241e-18 4.327810323595825e-02
2 312 1.227323859061689e+03 3.563672784352790e-18 7.508925765896160e-02
4 123 1.228728141184675e+03 6.359251431509077e-18 5.519382364466986e-02
2 313 1.231254610161827e+03 2.991775223998953e-18 7.508909654952578e-02
2 314 1.235185387656516e+03 2.876728348208008e-18 7.509133066950001e-02
3 19 1.238025526489736e+03 1.873869622058368e-17 2.989050931337611e-02
4 124 1.238653174683863e+03 6.226099741544796e-18 5.520336437405366e-02
2 315 1.239116134415046e+03 2.876693431511039e-18 7.509247471741559e-02
2 316 1.243046853282656e+03 2.907234058227533e-18 7.509108168258581e-02
2 317 1.246977604647239e+03 5.161369693602366e-18 7.508861495463486e-02
0 60 1.247613559010719e+03 4.778238371385377e-16 4.326065003623809e-02
4 125 1.248578005246247e+03 5.515239990940886e-18 5.520620879740732e-02
2 318 1.250908351952436e+03 6.018486193476992e-18 7.508814058667473e-02
1 37 1.251137883187683e+03 1.188267396569877e-17 3.696324201838197e-02
2 319 1.254839120563465e+03 3.616211811772554e-18 7.509049785879894e-02
2 320 1.258769854988067e+03 3.132933477150628e-18 7.509261082110079e-02
4 126 1.258502827851904e+03 5.905644129547365e-18 5.521050207808017e-02
2 321 1.262700576384053e+03 2.876714876810868e-18 7.509143077117524e-02
2 322 1.266631326672692e+03 6.551225150429161e-18 7.508935226558390e-02
0 61 1.268163637207328e+03 1.110284669449924e-17 4.325714514896009e-02
4 127 1.268427659873048e+03 5.389321097633906e-18 5.521375026823244e-02
2 323 1.270562075813158e+03 2.990991628769942e-18 7.508899264396376e-02
2 324 1.274492834578220e+03 3.779454242986374e-18 7.509110792810646e-02
2 325 1.278423562504603e+03 4.506927797017710e-18 7.509244668686266e-02
4 128 1.278352444212747e+03 6.770749098209218e-18 5.521282973358581e-02
2 326 1.282354288055888e+03 2.067571130450498e-17 7.509082498242149e-02
1 38 1.284171200812576e+03 1.192989313664554e-17 3.696498890725251e-02
2 327 1.286285043572604e+03 2.922144841515041e-18 7.508784308314212e-02
4 129 1.288277234919754e+03 6.551146690471379e-18 5.521144138416980e-02
0 62 1.288714080591997e+03 9.464558634790710e-18 4.325855806941125e-02
2 328 1.290215793892415e+03 5.373855442080749e-18 7.508849971221618e-02
2 329 1.294146547237204e+03 4.506953960008815e-18 7.509100358381890e-02
2 330 1.298077275673248e+03 2.984993285165066e-18 7.509319197626267e-02
4 130 1.298202015963335e+03 5.610453400912268e-18 5.521003582365996e-02
3 20 1.300315343433219e+03 1.815293865878802e-17 2.988836622639634e-02
2 331 1.302008008185626e+03 3.193829915826476e-18 7.509175562830109e-02
2 332 1.305938778743741e+03 4.507006760734816e-18 7.508866375432126e-02
4 131 1.308126912306680e+03 5.182259181851592e-16 5.520302204197010e-02
0 63 1.309268086511534e+03 1.481945359904517e-16 4.327358248979780e-02
2 333 1.309869529332754e+03 5.491986482734014e-18 7.508879023002675e-02
2 334 1.313800285628402e+03 3.197276072318758e-18 7.509040077094696e-02
1 39 1.317196459459446e+03 1.190934699786146e-17 3.695043886918165e-02
2 335 1.317731011389440e+03 2.138966589855881e-16 7.509191056650712e-02
4 132 1.318051775319190e+03 5.946409533493855e-18 5.520072375184636e-02
2 336 1.321661755411456e+03 6.569378066708691e-16 7.509074419175549e-02
2 337 1.325592534204459e+03 3.799190356820349e-18 7.508850558368112e-02
4 133 1.327976747345215e+03 5.607325518052025e-18 5.519044967033715e-02
2 338 1.329523288636930e+03 3.278234539456630e-18 7.508944657865284e-02
0 64 1.329819024715240e+03 9.621164176656751e-18 4.327456825568057e-02
2 339 1.333454042436815e+03 3.185873574528307e-18 7.509160015658749e-02
2 340 1.337384771632350e+03 3.774191481016423e-18 7.509209720350613e-02
4 134 1.337901801371110e+03 6.875958779984443e-18 5.518752704453509e-02
2 341 1.341315518957986e+03 3.258513352189414e-18 7.509111976762690e-02
2 342 1.345246306992517e+03 5.098514456946607e-18 7.508837996954311e-02
4 135 1.347827004487140e+03 5.872243520025094e-18 5.517515447848843e-02
2 343 1.349177057156417e+03 3.730967312287155e-18 7.508900964384392e-02
1 40 1.350231894899726e+03 1.251014573407257e-17 3.694023717559487e-02
0 65 1.350368611301691e+03 8.877262873269678e-18 4.327202761192067e-02
2 344 1.353107803819828e+03 1.971624036403203e-16 7.509067719781745e-02
2 345 1.357038533751061e+03 2.940567981779877e-18 7.509096654538820e-02
4 136 1.357752081182087e+03 5.875113238973819e-18 5.517166028409275e-02
2 346 1.360969276628859e+03 5.448834264135637e-18 7.509093028386685e-02
3 21 1.362605357847009e+03 2.868030498750429e-17 2.988963305601897e-02
2 347 1.364900068690580e+03 3.826749972707126e-18 7.508969986286590e-02
4 137 1.367677633034240e+03 5.806486195199540e-18 5.516124124584725e-02
2 348 1.368830809619969e+03 3.085642297738275e-18 7.509011790303775e-02
0 66 1.370918206466155e+03 8.871353730056819e-18 4.327403213236725e-02
2 349 1.372761548574463e+03 2.985311851372967e-18 7.509141686757632e-02
2 350 1.376692272760070e+03 3.805758913002793e-18 7.509028809561720e-02
4 138 1.377602798583030e+03 5.746105797135170e-18 5.515755660012114e-02
2 351 1.380623016195612e+03 6.336012371000060e-18 7.509008006712080e-02
1 41 1.383264761935361e+03 9.304308618534053e-17 3.694124081444660e-02
2 352 1.384553803350407e+03 2.881327658104823e-18 7.508931620934978e-02
4 139 1.387528586213257e+03 5.608784605898047e-18 5.514907550307000e-02
2 353 1.388484540596031e+03 3.598794397349461e-17 7.508971583933458e-02
0 67 1.391469042584778e+03 8.834937474124105e-18 4.327802658681239e-02
2 354 1.392415266691357e+03 3.615550131510208e-18 7.509152486981391e-02
2 355 1.396345997133768e+03 3.704522913109897e-18 7.509026054307094e-02
4 140 1.397453816165433e+03 5.475452372671674e-18 5.514802509381504e-02
2 356 1.400276738005366e+03 3.162504405519713e-18 7.509087861891821e-02
2 357 1.404207527654979e+03 4.506968534435623e-18 7.509054925416671e-02
4 141 1.407379810096792e+03 6.046122718442112e-18 5.514238873461883e-02
2 358 1.408138260653404e+03 7.760044256495568e-18 7.509041878693963e-02
0 68 1.412022571472578e+03 8.762076632867071e-18 4.326324716262596e-02
2 359 1.412068981585618e+03 2.876732016405483e-18 7.509082673150254e-02
2 360 1.415999721359315e+03 3.238221142885482e-18 7.508892418391074e-02
1 42 1.416291680376735e+03 1.209970043091682e-17 3.695355152524359e-02
4 142 1.417305068391853e+03 6.743968440979761e-18 5.514193656795476e-02
2 361 1.419930463128816e+03 3.690496465245864e-18 7.508935011041123e-02
2 362 1.423861253468953e+03 3.611676281343583e-18 7.509070371764504e-02
3 22 1.424896561267202e+03 8.810131010325814e-17 2.989428171702174e-02
4 143 1.427231028973851e+03 5.414006677532968e-18 5.514258619393526e-02
2 363 1.427791987782444e+03 3.151283414830948e-18 7.509115136008661e-02
2 364 1.431722712663808e+03 4.506940839290877e-18 7.509170978269010e-02
0 69 1.432572630486818e+03 8.735372806833183e-18 4.326004263494843e-02
2 365 1.435653463910870e+03 3.883481096052957e-18 7.508936504855064e-02
4 144 1.437156363666617e+03 5.334324642673768e-18 5.514228854606841e-02
2 366 1.439584213413997e+03 3.159899431773024e-18 7.508945985144268e-02
2 367 1.443515000853020e+03 3.702654146551020e-18 7.509096520860109e-02
2 368 1.447445743311115e+03 3.765070338618940e-18 7.509097798589595e-02
4 145 1.447082241824021e+03 5.613135376380893e-18 5.514868967165239e-02
1 43 1.449321404224803e+03 1.188866684430180e-17 3.694865097562833e-02
2 369 1.451376466995555e+03 3.526202156681872e-17 7.509052261496979e-02
0 70 1.453122478533189e+03 8.744961066130063e-18 4.326286518950358e-02
2 370 1.455307234002344e+03 2.878836483560343e-18 7.508828733954646e-02
4 146 1.457007478582163e+03 5.559102348064040e-18 5.514868187985077e-02
2 371 1.459237982930612e+03 7.365939109076632e-18 7.508916491539509e-02
