0 0 1.024676904068665e+01 1.112160646195184e-17 3.903809367795396e-02
2 0 2.032741925995947e+01 2.309006558634368e-17 3.154497886787289e-02
0 1 3.944439734353135e+01 1.110899483774168e-17 3.903695541230913e-02
0 2 6.864242081792901e+01 1.133978874618320e-17 3.903196949049859e-02
2 1 7.566177693025928e+01 1.701148026240236e-17 3.154924001249294e-02
1 0 9.125157868906400e+01 4.325012709063697e-17 2.214514152453952e-02
0 3 9.783978612601818e+01 1.111719655671192e-17 3.903075314767613e-02
0 4 1.270370334417156e+02 1.127086916000642e-17 3.902701912467731e-02
2 2 1.309982354476278e+02 1.705873681778121e-17 3.155158089280630e-02
0 5 1.562341241030564e+02 1.135880815616721e-17 3.902572561179593e-02
0 6 1.854310639228391e+02 6.952743362714914e-17 3.902537744023975e-02
2 3 1.863359008804856e+02 1.703216263349916e-17 3.155224625979427e-02
0 7 2.146279451998639e+02 1.118497377816728e-17 3.902410953245632e-02
2 4 2.416720129074087e+02 1.700885877363278e-17 3.155294838063499e-02
0 8 2.438248717349996e+02 1.118288939152158e-17 3.902570108170381e-02
1 1 2.512488694011280e+02 3.452668179976418e-17 2.214518693266681e-02
0 9 2.730218469463278e+02 9.741303502312415e-17 3.902725172688235e-02
2 5 2.970087448093123e+02 1.700976932910287e-17 3.155092410333941e-02
0 10 3.022190173239348e+02 2.391084574192341e-15 3.902885041911947e-02
0 11 3.314166155726680e+02 1.124411364331792e-17 3.903352346514649e-02
2 6 3.523456583664517e+02 1.709914789349731e-17 3.154735333555439e-02
0 12 3.606141131424138e+02 1.113632537556312e-17 3.903449265382065e-02
0 13 3.898124743910085e+02 1.118146515590764e-17 3.903904904164704e-02
2 7 4.076792239987776e+02 1.702914615600426e-17 3.154305531174133e-02
1 2 4.112472409587399e+02 3.455433913809973e-17 2.214518389634867e-02
0 14 4.190101238540731e+02 1.111561978930880e-17 3.903986323253196e-02
0 15 4.482091030753110e+02 1.111612596505272e-17 3.904177423896370e-02
2 8 4.630115970263328e+02 1.736039296873371e-17 3.153956924680358e-02
0 16 4.774068231836392e+02 1.115481918919316e-17 3.904209683908123e-02
0 17 5.066059284340676e+02 1.119878092082873e-17 3.904045096845130e-02
2 9 5.183453323864887e+02 1.704997592262396e-17 3.154145075031609e-02
0 18 5.358035904817694e+02 1.133267147014798e-17 3.903958396076122e-02
0 19 5.650020656949498e+02 1.129139353090099e-17 3.903536849226955e-02
1 3 5.712445439301189e+02 3.459579976101097e-17 2.214559114785512e-02
2 10 5.736788073621052e+02 2.058973101915249e-17 3.154736459540431e-02
0 20 5.941995613984031e+02 1.659064960794736e-16 3.903406071712539e-02
0 21 6.233971999349842e+02 1.111061676211956e-17 3.902952242972003e-02
2 11 6.290139245475299e+02 1.706993527924877e-17 3.155126972057228e-02
0 22 6.525944840397580e+02 1.124561861227913e-17 3.902823810227539e-02
0 23 6.817915464724904e+02 1.203075154741201e-17 3.902585097237561e-02
2 12 6.843517690642020e+02 2.315380821894399e-17 3.155197607940665e-02
0 24 7.109884944655357e+02 2.413270982643268e-16 3.902434122558733e-02
1 4 7.312428893709956e+02 3.507642039640634e-17 2.214481385597989e-02
2 13 7.396883095943782e+02 2.269155496561140e-16 3.155200921808613e-02
0 25 7.401853704899100e+02 1.146788567526261e-17 3.902522868200260e-02
0 26 7.693822108628428e+02 1.133254741332818e-17 3.902503510018121e-02
2 14 7.950245742523344e+02 4.840651734870751e-17 3.155314167065651e-02
0 27 7.985792708406033e+02 1.111146394810970e-17 3.902687575945686e-02
0 28 8.277765137450737e+02 1.116088704443025e-17 3.903001064025254e-02
2 15 8.503620068590089e+02 4.370381862994522e-16 3.154897096133374e-02
0 29 8.569738302214968e+02 1.111024458446775e-17 3.903116822748282e-02
0 30 8.861717485941991e+02 1.111069948745185e-17 3.903627205098040e-02
1 5 8.912402332664083e+02 3.453077523097133e-17 2.214558452433849e-02
2 16 9.056971264462486e+02 1.200172957388792e-15 3.154481907076007e-02
0 31 9.153693044906538e+02 1.120578854566787e-17 3.903707905018775e-02
0 32 9.445680027931140e+02 1.161291826119477e-17 3.904092426718980e-02
2 17 9.610299778141639e+02 3.652957244083757e-17 3.154150364827683e-02
0 33 9.737657440722793e+02 1.124999377042769e-17 3.904152404080170e-02
0 34 1.002964880769705e+03 6.293498447419238e-16 3.904167084469768e-02
2 18 1.016363007271803e+03 1.703246491906379e-17 3.153923155822350e-02
0 35 1.032162559716791e+03 1.561043697646050e-17 3.904140245594407e-02
1 6 1.051238437303559e+03 3.453562563815585e-17 2.214398561528298e-02
0 36 1.061361421025924e+03 1.136425246183031e-17 3.903834728965215e-02
2 19 1.071696222449634e+03 1.796060640889240e-17 3.154326121431975e-02
0 37 1.090558994356883e+03 1.124301002131394e-17 3.903732740252016e-02
0 38 1.119757125058302e+03 1.288493807635098e-16 3.903273277225927e-02
2 20 1.127030618707273e+03 1.701111376322262e-17 3.154988935447066e-02
0 39 1.148954567634053e+03 1.120349290266472e-17 3.903133258712463e-02
0 40 1.178151880919154e+03 1.133947639944379e-17 3.902733221036570e-02
2 21 1.182367106419791e+03 1.709772924694825e-17 3.155149476432644e-02
0 41 1.207348980253524e+03 1.122895081097780e-17 3.902598271299628e-02
1 7 1.211235711849673e+03 3.547812704680960e-17 2.214539241552146e-02
0 42 1.236545871185445e+03 1.116509304325576e-17 3.902518098218771e-02
2 22 1.237704207014988e+03 1.700983205538046e-17 3.155105173533530e-02
0 43 1.265742737703978e+03 1.111216211026482e-17 3.902421023365279e-02
2 23 1.293040918605677e+03 1.709675292578874e-17 3.155339398427747e-02
0 44 1.294939718887436e+03 1.111646676531911e-17 3.902574593260136e-02
0 45 1.324136694629058e+03 1.116693270984404e-17 3.902688855200490e-02
2 24 1.348377644906501e+03 1.701110340672851e-17 3.155126041422666e-02
0 46 1.353333840751673e+03 1.151927130206174e-17 3.902844360643068e-02
1 8 1.371233751866144e+03 3.453811928862933e-17 2.214365689161465e-02
0 47 1.382531341379283e+03 1.126398466988852e-17 3.903280429243143e-02
2 25 1.403713855154047e+03 1.705805164126954e-17 3.154663666775133e-02
0 48 1.411728751864136e+03 1.113255184969752e-17 3.903391438788468e-02
0 49 1.440927087337252e+03 3.165798655354242e-16 3.903892134900479e-02
2 26 1.459048511609571e+03 1.703279705504532e-17 3.154347670751600e-02
