0 0 3.460417846603202e+00 7.621054077494005e-18 6.609717872455030e-02
1 0 3.724230783493684e+00 3.602784366601346e-18 7.498094851783602e-02
1 1 7.862747888845239e+00 3.716855015943348e-18 7.499712634401906e-02
0 1 9.500873186050718e+00 5.977230194208157e-18 6.608409042867681e-02
1 2 1.200125932699625e+01 2.573415168707762e-16 7.499592893192693e-02
0 2 1.554130184003522e+01 5.073440320641400e-18 6.608180468787037e-02
1 3 1.613961713006490e+01 3.308105991812464e-18 7.499818260387624e-02
1 4 2.027850543816092e+01 3.022426249967617e-18 7.501815745750333e-02
0 3 2.158126075856764e+01 4.034209588932661e-18 6.606411325366533e-02
1 5 2.441694175826931e+01 1.763420106003018e-16 7.501622876359081e-02
0 4 2.762165947259922e+01 5.655142776929964e-18 6.606319911537532e-02
1 6 2.855531882288649e+01 3.974003237989861e-18 7.501858132604031e-02
1 7 3.269444473787092e+01 3.883308897573723e-18 7.501941919953066e-02
0 5 3.366128351841729e+01 3.893348332856208e-18 6.606240331822853e-02
1 8 3.683285040398890e+01 3.388307136557302e-18 7.501707859050596e-02
0 6 3.970165063112083e+01 6.799099748077535e-17 6.606316036780908e-02
1 9 4.097130465272700e+01 3.600728499226303e-18 7.501906633435525e-02
1 10 4.511025142240473e+01 3.023171280448343e-18 7.500036713178788e-02
0 7 4.574153397491860e+01 4.280248735848427e-18 6.607971312388539e-02
1 11 4.924860804281660e+01 3.340776197189208e-18 7.499803484215634e-02
0 8 5.178196231067557e+01 3.725530660862380e-16 6.608190196191167e-02
1 12 5.338710987404802e+01 4.078123275003136e-18 7.499931917671057e-02
0 9 5.782238230017722e+01 7.923556471417783e-16 6.609669457012964e-02
1 13 5.752565460453307e+01 3.858917003308980e-18 7.498196789424362e-02
1 14 6.166395253904489e+01 4.272215264328980e-18 7.498016015706367e-02
0 10 6.386295325785126e+01 4.162502016310578e-18 6.609948697471438e-02
1 15 6.580245339058071e+01 3.355046740098035e-18 7.498053750103288e-02
0 11 6.990359614396314e+01 5.927195085709091e-18 6.609797425354277e-02
1 16 6.994076413536958e+01 9.153891017161838e-17 7.497884231906533e-02
1 17 7.407912286834734e+01 5.246580333881380e-18 7.498343452005399e-02
0 12 7.594420402497062e+01 4.126518240141066e-18 6.609684234788833e-02
1 18 7.821764952159683e+01 3.127228110309286e-18 7.498284681165843e-02
0 13 8.198471073691324e+01 4.428780797599571e-18 6.609405995653968e-02
1 19 8.235598075837326e+01 7.651399989062358e-18 7.498483745658464e-02
1 20 8.649461053848677e+01 4.200791163212951e-18 7.500466961591808e-02
0 14 8.802502185018477e+01 3.904702917719534e-18 6.607694028929653e-02
1 21 9.063310520741948e+01 3.665063663451919e-18 7.500320768520810e-02
0 15 9.406542703263450e+01 3.969454280037897e-18 6.607504125704010e-02
1 22 9.477147368313352e+01 3.808000653728474e-18 7.500558220171495e-02
1 23 9.891047525839336e+01 3.022292384840108e-18 7.502143411601203e-02
0 16 1.001052260552998e+02 5.214950164674186e-18 6.606091406874205e-02
1 24 1.030488941160621e+02 3.022418150515251e-18 7.501933236799865e-02
0 17 1.061456178212182e+02 5.657020752278747e-18 6.606051915001854e-02
1 25 1.071872880291992e+02 3.819685321278406e-18 7.502161619073545e-02
1 26 1.113263966720506e+02 3.749913488118762e-18 7.501478767008865e-02
0 18 1.121852674075525e+02 4.222863772851071e-18 6.606656854967455e-02
1 27 1.154647892776868e+02 3.403580899177794e-18 7.501241032459853e-02
0 19 1.182256423329909e+02 3.915516876972599e-18 6.606784118216458e-02
1 28 1.196032639527315e+02 2.447349828388161e-17 7.501420058276137e-02
1 29 1.237420869230724e+02 3.263433463986991e-18 7.499309130632517e-02
0 20 1.242656980000762e+02 1.678982704158151e-16 6.608640935723080e-02
1 30 1.278804247275747e+02 3.414098307262528e-18 7.499092312419108e-02
0 21 1.303061648319251e+02 4.554017378381975e-18 6.608887537780610e-02
1 31 1.320189325583498e+02 5.469010731671084e-16 7.499192763074185e-02
0 22 1.363467104575704e+02 3.891182169683997e-18 6.609823807845865e-02
1 32 1.361573736669461e+02 3.354727796426916e-18 7.497948487516209e-02
1 33 1.402956696246037e+02 4.275123425880146e-18 7.497844571807817e-02
0 23 1.423873137155556e+02 4.142072885001087e-18 6.610128244000041e-02
1 34 1.444341739074100e+02 3.766958128960871e-18 7.497850829147193e-02
0 24 1.484279321387904e+02 1.879525236635969e-17 6.609853687323076e-02
1 35 1.485724725798700e+02 3.634148298908601e-18 7.497899611851017e-02
1 36 1.527108909051094e+02 3.392498102441288e-18 7.498910819251037e-02
0 25 1.544684940676110e+02 4.105976760931961e-18 6.609152867605705e-02
1 37 1.568494145224281e+02 4.602136812288101e-18 7.498821954127376e-02
0 26 1.605089577760451e+02 4.207503617745372e-18 6.608892587322758e-02
1 38 1.609877595758691e+02 3.023600077998677e-18 7.499031453825310e-02
1 39 1.651265185261435e+02 3.354479214241600e-18 7.501171850956287e-02
0 27 1.665490978361878e+02 4.105282984765778e-18 6.607027592720330e-02
1 40 1.692649933402342e+02 3.739068821307578e-18 7.501001743640892e-02
0 28 1.725894878714900e+02 5.998389971491997e-18 6.606878890942959e-02
1 41 1.734033724333366e+02 3.022669276681757e-18 7.501239209041081e-02
1 42 1.775424555759320e+02 1.768745075047299e-16 7.502210156553525e-02
0 29 1.786291711732615e+02 5.020622352869405e-18 6.606012412057624e-02
1 43 1.816808580157665e+02 3.897055435644999e-18 7.501986623864720e-02
0 30 1.846695598227580e+02 4.098326500976003e-18 6.606029313182643e-02
1 44 1.858192705205498e+02 3.433973768523042e-18 7.502202973068972e-02
1 45 1.899583156466513e+02 4.274580689128057e-16 7.500843853086590e-02
0 31 1.907093006003253e+02 1.527789966157006e-17 6.607238657328877e-02
1 46 1.940966951400104e+02 3.909680338084264e-18 7.500606577526744e-02
0 32 1.967496922391021e+02 4.356889606580584e-18 6.607410540372498e-02
1 47 1.982351881798864e+02 3.184209542460661e-18 7.500763475131929e-02
1 48 2.023738780911194e+02 2.210130732565537e-16 7.498683792115816e-02
0 33 2.027899264318964e+02 5.773685582467720e-18 6.609209264819391e-02
1 49 2.065122006190805e+02 4.602223585205573e-18 7.498480460291816e-02
0 34 2.088304343805026e+02 4.158237078407026e-18 6.609487948619992e-02
1 50 2.106507119656216e+02 3.266613571093767e-18 7.498552398428834e-02
0 35 2.148710487820631e+02 2.999197522410670e-16 6.609832771730598e-02
1 51 2.147890780620886e+02 4.462638016025236e-17 7.497875958916467e-02
1 52 2.189273852820572e+02 3.937743432957177e-18 7.497933968001029e-02
0 36 2.209116788052030e+02 2.158212111163940e-17 6.610054069381327e-02
1 53 2.230658916343449e+02 3.581112663678826e-18 7.497909748019708e-02
0 37 2.269522574608095e+02 6.135849013571527e-18 6.609757033027518e-02
1 54 2.272041912037840e+02 8.391501610085900e-18 7.498061240009075e-02
1 55 2.313427004211385e+02 3.294991297925210e-18 7.499609872356089e-02
0 38 2.329927209893845e+02 4.357660229273569e-16 6.608498186967944e-02
1 56 2.354812171939390e+02 3.256541106602107e-18 7.499493185303048e-02
0 39 2.390331478594234e+02 4.590942479535729e-18 6.608263396392790e-02
1 57 2.396195775829106e+02 2.029001362405809e-17 7.499720434897683e-02
1 58 2.437584653991210e+02 3.661221560890042e-18 7.501738213481973e-02
0 40 2.450731109494863e+02 5.209448947281792e-18 6.606482738990628e-02
1 59 2.478969185500865e+02 3.585760139447400e-18 7.501547355839838e-02
0 41 2.511134917687515e+02 4.161999719277638e-18 6.606387539140993e-02
1 60 2.520353086743253e+02 5.455210583066084e-18 7.501783815323226e-02
1 61 2.561744297153967e+02 3.928142920104280e-18 7.502008099750215e-02
0 42 2.571531212828613e+02 4.461907010477465e-18 6.606187501330966e-02
1 62 2.603128171910757e+02 3.022482799718003e-18 7.501774643627851e-02
0 43 2.631935130937209e+02 4.692329493674913e-18 6.606256059709242e-02
1 63 2.644512494632084e+02 1.033420819439726e-17 7.501975440353977e-02
1 64 2.685901941413800e+02 3.305519597898653e-18 7.500118593264445e-02
0 44 2.692333959094020e+02 4.447071160819382e-18 6.607901031875922e-02
1 65 2.727285600728384e+02 3.136049769184202e-18 7.499884742350858e-02
0 45 2.752738111020545e+02 5.862204559558236e-18 6.608117776636910e-02
1 66 2.768670684153691e+02 8.727572375044032e-18 7.500015999731115e-02
1 67 2.810056341253550e+02 3.625014220706092e-18 7.498227426478897e-02
0 46 2.813142064263176e+02 3.960245885862275e-18 6.609638859339194e-02
1 68 2.851439438015130e+02 3.255081206307177e-18 7.498046402429132e-02
0 47 2.873547577108608e+02 4.756599175049004e-17 6.609915879233556e-02
1 69 2.892824560339215e+02 3.484437041535442e-18 7.498087326445448e-02
0 48 2.933953875866300e+02 6.103885717816072e-18 6.609803232152323e-02
1 70 2.934207805296753e+02 4.602472979829722e-18 7.497870175322489e-02
1 71 2.975591152041978e+02 3.087235429890717e-18 7.498275383342204e-02
0 49 2.994360223063494e+02 5.968650752390021e-18 6.609744646203600e-02
1 72 3.016976217892644e+02 3.347157362404699e-18 7.498219668730949e-02
0 50 3.054765596222051e+02 4.291600544435220e-18 6.609459525293192e-02
1 73 3.058359317666469e+02 3.318405007055768e-18 7.498415506543840e-02
1 74 3.099745562595047e+02 3.030585673433408e-18 7.500358460856629e-02
0 51 3.115168766195827e+02 1.019543339797723e-16 6.607788697892109e-02
1 75 3.141130622989415e+02 5.092511688313685e-18 7.500214719958642e-02
0 52 3.175572721585875e+02 3.914995088114068e-18 6.607596518226493e-02
1 76 3.182514389686080e+02 4.634562644410030e-18 7.500450999875584e-02
1 77 3.223904396394859e+02 3.110204023057095e-18 7.502096285055997e-02
0 53 3.235970769625271e+02 6.173318426252091e-18 6.606134960281716e-02
1 78 3.265288703022181e+02 3.838690614762249e-18 7.501887687223516e-02
0 54 3.296374564709969e+02 5.886856747163281e-18 6.606088644047345e-02
1 79 3.306672721498924e+02 3.871959514097736e-18 7.502116923414273e-02
1 80 3.348063820916025e+02 3.078181553170212e-18 7.501563072946230e-02
0 55 3.356771015100633e+02 4.620086846617848e-18 6.606584783116827e-02
1 81 3.389447562151665e+02 3.847375972379770e-18 7.501326415329775e-02
0 56 3.417175011154491e+02 5.214658601250745e-18 6.606707955511734e-02
1 82 3.430832087787446e+02 3.863754788202236e-18 7.501507860020439e-02
1 83 3.472220298356525e+02 3.023568062802021e-18 7.499380892027382e-02
0 57 3.477575573545493e+02 3.892093077745813e-18 6.608578860675768e-02
1 84 3.513603820846242e+02 4.602046289677134e-18 7.499167194002791e-02
0 58 3.537980032866400e+02 9.156240478173880e-18 6.608818124808440e-02
1 85 3.554989020045949e+02 3.332615340812946e-18 7.499271054224539e-02
0 59 3.598385218189037e+02 6.221408119937161e-18 6.609824281464480e-02
1 86 3.596373658862857e+02 3.025204174867663e-18 7.497941637266477e-02
1 87 3.637756675862624e+02 5.996092680227723e-18 7.497846196243559e-02
0 60 3.658791138788207e+02 4.685244460684809e-18 6.610125348913441e-02
1 88 3.679141780313699e+02 5.562061033451314e-18 7.497856240598841e-02
0 61 3.719197269880042e+02 4.946897701258956e-18 6.609842343202740e-02
1 89 3.720524822422358e+02 3.024172453739968e-18 7.497887829646685e-02
1 90 3.761908746400375e+02 7.964782807332662e-18 7.498826090145667e-02
0 62 3.779603219257756e+02 4.753065023276156e-18 6.609227810348366e-02
1 91 3.803293790219589e+02 5.792251735071103e-18 7.498740801339000e-02
0 63 3.840008156351901e+02 9.850303661585400e-17 6.608969158959074e-02
1 92 3.844677020344391e+02 3.209198495900634e-18 7.498942265689085e-02
1 93 3.886064590245476e+02 4.944686432738701e-18 7.501064120438131e-02
0 64 3.900409596641395e+02 5.214464092815800e-18 6.607120112618603e-02
1 94 3.927449502507662e+02 5.731359519630032e-18 7.500896737613211e-02
0 65 3.960813326687654e+02 6.629470042105103e-18 6.606965431377955e-02
1 95 3.968833421704117e+02 3.271339621434874e-18 7.501133603641894e-02
1 96 4.010224266756778e+02 4.023517372314328e-18 7.502198680953394e-02
0 66 4.021210187932301e+02 5.486848197415102e-18 6.606021633441980e-02
1 97 4.051608347424174e+02 3.492664784321163e-18 7.501976309795008e-02
0 67 4.081614027304676e+02 2.149864553773728e-17 6.606032994966424e-02
1 98 4.092992490749298e+02 3.263531138920327e-18 7.502194165549253e-02
1 99 4.134382997332999e+02 5.010465183009454e-18 7.500937475588847e-02
0 68 4.142011322821278e+02 3.892832093042243e-18 6.607160766348011e-02
1 100 4.175766623425162e+02 4.143627539681850e-18 7.500698845747424e-02
0 69 4.202415452267550e+02 4.476115396400933e-18 6.607325465177744e-02
1 101 4.217151351991744e+02 3.211875665270937e-18 7.500858299035849e-02
0 70 4.262817812035627e+02 3.891647780005581e-18 6.609156612095855e-02
1 102 4.258538228639858e+02 5.044963360846362e-18 7.498750791090075e-02
1 103 4.299921638054252e+02 4.602210417487189e-18 7.498541382109583e-02
0 71 4.323222631737473e+02 5.213418609101212e-18 6.609432424630264e-02
1 104 4.341306917608949e+02 3.270435913390672e-18 7.498616411587540e-02
0 72 4.383628528682236e+02 4.180209603603134e-18 6.609838648270487e-02
1 105 4.382690797557482e+02 4.602464739543420e-18 7.497883044221662e-02
1 106 4.424073865108262e+02 4.600651407936436e-18 7.497905066822537e-02
0 73 4.444034787038335e+02 3.896829343409441e-18 6.610079352852059e-02
1 107 4.465458934529482e+02 3.237956757594284e-18 7.497884021144423e-02
0 74 4.504440613465216e+02 4.763935580050275e-18 6.609790938532743e-02
1 108 4.506841937332546e+02 5.118004571723362e-18 7.498038953209127e-02
1 109 4.548226736914085e+02 1.535158915208487e-17 7.499517588939518e-02
0 75 4.564845597998736e+02 5.213805504977518e-18 6.608580124952509e-02
1 110 4.589611740109838e+02 3.052157576460980e-18 7.499403751484009e-02
0 76 4.625250128061469e+02 1.881622620484740e-16 6.608340501552526e-02
1 111 4.630995153623059e+02 3.941435532497893e-18 7.499631878368311e-02
1 112 4.672384022480832e+02 2.113588614552386e-17 7.501640968821642e-02
0 77 4.685649782360695e+02 5.751049893598643e-18 6.606565562516055e-02
1 113 4.713768756777769e+02 3.646782856089726e-18 7.501452220981937e-02
0 78 4.746053369990156e+02 4.094190357375259e-17 6.606464387556484e-02
1 114 4.755152823645325e+02 4.914323132269337e-18 7.501689532990664e-02
1 115 4.796544091494354e+02 4.690491537873639e-17 7.502032082993905e-02
0 79 4.806449625903113e+02 5.323586844632318e-16 6.606163438366157e-02
1 116 4.837927957517709e+02 3.022472020397879e-18 7.501799764664752e-02
0 80 4.866853567330520e+02 5.952876375383918e-18 6.606225197769770e-02
1 117 4.879312233365893e+02 3.691275150740868e-18 7.502002408210830e-02
1 118 4.920701751966761e+02 1.537251734466293e-16 7.500207094235800e-02
0 81 4.927252262040942e+02 5.939297999883050e-18 6.607823843429203e-02
1 119 4.962085273892653e+02 3.796158380917538e-18 7.499974078355076e-02
0 82 4.987656581270124e+02 5.590974024056444e-18 6.608036538152906e-02
1 120 5.003470190319396e+02 3.023125772134442e-18 7.500108041851251e-02
1 121 5.044855836065555e+02 1.999218994472868e-16 7.498263662294101e-02
0 83 5.048060566733348e+02 9.641143262468901e-18 6.609593380412074e-02
1 122 5.086239132620980e+02 3.133234909083544e-18 7.498087106137161e-02
0 84 5.108465776723971e+02 3.908687099377218e-18 6.609877142283128e-02
1 123 5.127624447754284e+02 4.602310483737874e-18 7.498131200851915e-02
0 85 5.168871839677398e+02 3.891109712881080e-18 6.609792389746041e-02
1 124 5.169007911509192e+02 9.785017690458892e-17 7.497883811686311e-02
1 125 5.210391166037970e+02 3.201852437728064e-18 7.498220118518643e-02
0 86 5.229278264971291e+02 4.118236439613124e-18 6.609797512808009e-02
1 126 5.251776178505788e+02 4.602303149791297e-18 7.498167604038834e-02
0 87 5.289683750636852e+02 4.458503637148090e-18 6.609507526453734e-02
1 127 5.293159211350628e+02 2.667885104795309e-16 7.498354617900788e-02
1 128 5.334545187278633e+02 3.681467705830220e-18 7.500266921472400e-02
0 88 5.350087260824578e+02 5.159542068520220e-18 6.607870833506589e-02
1 129 5.375930123449278e+02 3.023149072709637e-18 7.500125982410660e-02
0 89 5.410491425294452e+02 4.147448192152748e-18 6.607674553309990e-02
1 130 5.417313735238343e+02 3.390037168897986e-18 7.500360074822211e-02
1 131 5.458703755880583e+02 3.128617373892720e-18 7.502018699474379e-02
0 90 5.470889481505351e+02 5.503805233878470e-18 6.606198672515476e-02
1 132 5.500088284450559e+02 4.601348966429977e-18 7.501811943749372e-02
0 91 5.531293017922779e+02 3.893395026508834e-18 6.606146336577323e-02
1 133 5.541472487373743e+02 3.335928564657817e-18 7.502041916688533e-02
1 134 5.582863705679725e+02 3.637168003314489e-18 7.501617043632693e-02
0 92 5.591689332912898e+02 6.580206516732955e-18 6.606532744884606e-02
1 135 5.624247376401446e+02 3.855137691282527e-18 7.501380196742695e-02
0 93 5.652093429724000e+02 4.563121025786518e-18 6.606650393318821e-02
1 136 5.665631794751753e+02 4.265235548811880e-18 7.501564101405934e-02
1 137 5.707020052131878e+02 3.784288467293131e-18 7.499464397643298e-02
0 94 5.712493887746116e+02 1.099123363721067e-16 6.608506048565500e-02
1 138 5.748403490394018e+02 3.633736831232840e-16 7.499243907057483e-02
0 95 5.772898441769313e+02 4.055041468178807e-18 6.608745874230598e-02
1 139 5.789788574649807e+02 3.955213435875930e-18 7.499351221566912e-02
0 96 5.833303651918181e+02 5.152422069316394e-18 6.609819730390526e-02
1 140 5.831173187264841e+02 3.127360039665768e-18 7.497981208647403e-02
1 141 5.872556428314947e+02 3.796726529288410e-18 7.497859625350943e-02
0 97 5.893709274595508e+02 5.948477617230360e-18 6.610113245817259e-02
1 142 5.913941738552993e+02 3.124711361989338e-18 7.497873451297707e-02
0 98 5.954115165090175e+02 4.628212449993475e-18 6.609828549362404e-02
1 143 5.955325002331386e+02 3.126346659984205e-18 7.497906992934239e-02
1 144 5.996708728424378e+02 7.569072783035629e-18 7.498751645409747e-02
0 99 6.014521336054388e+02 4.186851983434543e-18 6.609300716066994e-02
1 145 6.038093668177164e+02 4.090648863153841e-18 7.498669852191404e-02
0 100 6.074926463303896e+02 3.891729504303279e-18 6.609043598477067e-02
1 146 6.079476774922507e+02 3.901874390211813e-18 7.498875556862718e-02
1 147 6.120864106079871e+02 4.601545268943990e-18 7.500979572940009e-02
0 101 6.135328196148129e+02 8.450054582567057e-18 6.607193705362090e-02
1 148 6.162248949805512e+02 3.022874065029659e-18 7.500814834260068e-02
0 102 6.195732056263714e+02 4.365776592804635e-18 6.607034329174384e-02
1 149 6.203632765776204e+02 4.318741174839183e-18 7.501052844997935e-02
1 150 6.245023647214961e+02 1.585765709042923e-17 7.502148646446608e-02
0 103 6.256128902245231e+02 4.698308016113604e-18 6.606059864528850e-02
1 151 6.286407950577404e+02 3.806364447166946e-18 7.501927495400124e-02
0 104 6.316532479732278e+02 4.521272095089639e-18 6.606064657469372e-02
1 152 6.327792277579266e+02 3.416182218462133e-18 7.502146814513887e-02
1 153 6.369182968655115e+02 7.657064230417818e-16 7.501009500595725e-02
0 105 6.376929539049127e+02 8.770127081480714e-16 6.607089525679957e-02
1 154 6.410566468386800e+02 3.127547372222631e-18 7.500770230348389e-02
0 106 6.437333826637221e+02 5.284184578583996e-16 6.607250379135673e-02
1 155 6.451951036796512e+02 3.427749570793922e-18 7.500932014886171e-02
1 156 6.493337928264060e+02 3.765551418141746e-18 7.498811051769785e-02
0 107 6.497736147986665e+02 4.837593516799415e-18 6.609107325785873e-02
1 157 6.534721298933395e+02 3.340252435036789e-18 7.498599465283662e-02
0 108 6.558140991256474e+02 5.475734815293342e-16 6.609378097684203e-02
1 158 6.576106522577463e+02 3.343342091053070e-18 7.498677506721711e-02
1 159 6.617490414601189e+02 4.602465959985104e-18 7.497903221746745e-02
0 109 6.618546912900774e+02 7.014421946913077e-18 6.609832030053187e-02
1 160 6.658873664309148e+02 3.625505396609853e-18 7.497889083066421e-02
0 110 6.678952884270223e+02 4.839826905933043e-18 6.610097570413705e-02
1 161 6.700258932145771e+02 4.141399032880364e-17 7.497871248232814e-02
0 111 6.739358508397379e+02 3.953399953361003e-18 6.609821859235195e-02
1 162 6.741642136931276e+02 3.888613451417738e-18 7.498022173405841e-02
1 163 6.783026660617933e+02 3.658704012605112e-18 7.499436517125503e-02
0 112 6.799763816895138e+02 4.466298647819872e-18 6.608658630454217e-02
1 164 6.824411516778160e+02 3.607597107067912e-16 7.499325576014533e-02
0 113 6.860168584960815e+02 4.112966797332526e-18 6.608416015468004e-02
1 165 6.865794758712450e+02 3.901884231708253e-18 7.499552787531029e-02
1 166 6.907183438232322e+02 3.131342472613067e-18 7.501569920558834e-02
0 114 6.920568470428125e+02 5.788733251371140e-18 6.606627975712689e-02
1 167 6.948568166139986e+02 1.209292164205978e-16 7.501383335480877e-02
0 115 6.980972107197135e+02 4.478792207479750e-18 6.606519722460155e-02
1 168 6.989952189756928e+02 5.002750930618469e-18 7.501620908451101e-02
1 169 7.031343528993231e+02 3.597180423592691e-18 7.502014233292729e-02
0 116 7.041368305867810e+02 4.067721699081230e-18 6.606170282337792e-02
1 170 7.072727598043609e+02 1.142672232272185e-16 7.501783217360673e-02
0 117 7.101771998775101e+02 3.936153984085095e-17 6.606226669113531e-02
1 171 7.114112038412143e+02 6.368785311902415e-18 7.501987635632937e-02
1 172 7.155501789651926e+02 3.169756951020109e-18 7.500281684962973e-02
0 118 7.162170383203138e+02 4.780924272492604e-18 6.607751028910941e-02
1 173 7.196885144767530e+02 1.289983320506341e-16 7.500050178547356e-02
0 119 7.222574908244627e+02 1.127421493923866e-17 6.607958166473697e-02
1 174 7.238269863989199e+02 3.938169373827939e-18 7.500187063596471e-02
1 175 7.279655471959375e+02 3.518960095322217e-18 7.498291492569482e-02
0 120 7.282978943088501e+02 4.816570628300979e-18 6.609556653129504e-02
1 176 7.321038785593676e+02 3.835034519372948e-17 7.498121923777067e-02
0 121 7.343384093383117e+02 1.843141068608723e-16 6.609845848005229e-02
1 177 7.362424108548427e+02 5.435458891273284e-18 7.498169590438650e-02
0 122 7.403790146795890e+02 4.008965728479506e-18 6.609780206340590e-02
1 178 7.403807616255669e+02 3.052815046784640e-18 7.497902300697130e-02
1 179 7.445191000684816e+02 5.376430090656287e-18 7.498175124148670e-02
0 123 7.464196360396019e+02 4.871356497830315e-18 6.609841271492838e-02
1 180 7.486576186727234e+02 3.299907368365752e-18 7.498126241631656e-02
0 124 7.524601666133821e+02 4.684354274772266e-18 6.609549080491546e-02
1 181 7.527959372463613e+02 3.242789203657907e-18 7.498297431543059e-02
1 182 7.569345038807711e+02 1.237810238097602e-17 7.500190550878218e-02
0 125 7.585005587049901e+02 4.380463354796362e-18 6.607947018833997e-02
1 183 7.610729797680921e+02 5.459778599720621e-18 7.500052711529774e-02
0 126 7.645410028833126e+02 5.282346129234554e-18 6.607743513633907e-02
1 184 7.652113199828990e+02 3.286714368132266e-18 7.500283742891055e-02
1 185 7.693503090173671e+02 3.794313016511641e-18 7.501965111770106e-02
0 127 7.705808245504064e+02 3.893329391414366e-18 6.606243279361450e-02
1 186 7.734887675371639e+02 5.811047326361104e-18 7.501760252624705e-02
0 128 7.766211736618379e+02 4.140975794730442e-18 6.606186191742743e-02
1 187 7.776271897175151e+02 3.251268813867747e-18 7.501990952949641e-02
1 188 7.817663235744707e+02 4.152047418277661e-18 7.501632162704530e-02
0 129 7.826607931211967e+02 4.124986421286178e-18 6.606510893355606e-02
1 189 7.859047070984021e+02 4.601456145902907e-18 7.501395024909061e-02
0 130 7.887011824530026e+02 4.683376599640495e-18 6.606622003937913e-02
1 190 7.900431618060761e+02 3.097679678928188e-18 7.501581342273760e-02
1 191 7.941820119913644e+02 5.309867472699031e-18 7.499536568194141e-02
0 131 7.947411942585917e+02 4.231874484631995e-18 6.608436451761268e-02
1 192 7.983203370609831e+02 3.314263587459671e-18 7.499311221306067e-02
0 132 8.007816722988281e+02 3.914201390144596e-18 6.608676667900124e-02
1 193 8.024588240861304e+02 3.053268677182973e-18 7.499421787024921e-02
0 133 8.068222068647005e+02 1.275822908784870e-16 6.609820498719771e-02
1 194 8.065972749017410e+02 3.822641820452412e-18 7.498011008936281e-02
1 195 8.107356070230919e+02 3.890573650967780e-18 7.497867550748535e-02
0 134 8.128627562014836e+02 5.373880991306381e-18 6.610103734730675e-02
1 196 8.148741453841444e+02 3.065386273320729e-18 7.497884850803974e-02
0 135 8.189033382798114e+02 6.618172171182351e-18 6.609827113600202e-02
1 197 8.190124809134749e+02 3.832624366090172e-18 7.497907678253440e-02
1 198 8.231508577962619e+02 3.581595532864190e-18 7.498683015433821e-02
0 136 8.249439460653776e+02 4.322423890025310e-18 6.609369677331962e-02
1 199 8.272893654805629e+02 3.219559147409236e-18 7.498604351841504e-02
0 137 8.309844465303277e+02 1.896657823403146e-17 6.609104602123567e-02
1 200 8.314276879222033e+02 4.098469107131899e-18 7.498813295985103e-02
1 201 8.355663873129685e+02 4.056628846299154e-18 7.500918668350008e-02
0 138 8.370246628702826e+02 3.958809750364546e-18 6.607253940112698e-02
1 202 8.397048529193287e+02 3.068078190892157e-18 7.500756264508557e-02
0 139 8.430650773540833e+02 4.482550262954813e-18 6.607091574999467e-02
1 203 8.438432122534233e+02 3.850650486178709e-18 7.500995354241152e-02
1 204 8.479822921643405e+02 3.555324139049626e-18 7.502116494562176e-02
0 140 8.491047715046536e+02 4.658886403940328e-18 6.606086070437425e-02
1 205 8.521207342484987e+02 3.024588559018764e-18 7.501896531240194e-02
0 141 8.551451166127464e+02 5.510274886834070e-18 6.606083750453717e-02
1 206 8.562591747919371e+02 3.551034418204808e-18 7.502117608370677e-02
1 207 8.603982621672737e+02 5.581035492154232e-18 7.501050174459366e-02
0 142 8.611848016588079e+02 5.214570447810977e-18 6.607040474561963e-02
1 208 8.645366231237831e+02 3.072228013676278e-18 7.500810984284736e-02
0 143 8.672252159502010e+02 3.928904458401550e-18 6.607198497293262e-02
1 209 8.686750876381481e+02 7.615648239555868e-18 7.500975368244012e-02
1 210 8.728137997199655e+02 3.337164602564173e-18 7.498859371711324e-02
0 144 8.732654173474448e+02 2.659902382848464e-17 6.609061351473354e-02
1 211 8.769521168929438e+02 3.097743281298640e-18 7.498648678653398e-02
0 145 8.793059244508427e+02 4.758286956167918e-18 6.609325440829869e-02
1 212 8.810906177449868e+02 3.877417320006421e-18 7.498729821827953e-02
1 213 8.852289939618843e+02 3.518108922546818e-18 7.497907276926322e-02
0 146 8.853465374042651e+02 2.819016909605575e-16 6.609833120157248e-02
1 214 8.893673296968606e+02 3.207408592792446e-18 7.497869610858018e-02
0 147 8.913871154347693e+02 5.759828336529178e-18 6.610116114580766e-02
1 215 8.935058693297678e+02 4.034976650482057e-18 7.497854915450197e-02
0 148 8.974276658393571e+02 7.399570684003468e-17 6.609835160783525e-02
1 216 8.976442026430090e+02 3.825704601155242e-18 7.497992278783086e-02
1 217 9.017826510709449e+02 3.030947141872040e-18 7.499355190255602e-02
0 149 9.034682000186801e+02 3.877623740018934e-16 6.608739151764474e-02
1 218 9.059211452068117e+02 4.915727223543838e-18 7.499246968368328e-02
0 150 9.095086707753214e+02 5.010895136211089e-18 6.608495778612404e-02
1 219 9.100594753669566e+02 3.815374214288900e-18 7.499471341027873e-02
1 220 9.141983120380418e+02 3.212583355413080e-18 7.501532299597512e-02
0 151 9.155486992516314e+02 4.605992793068935e-18 6.606669317537754e-02
1 221 9.183367666242422e+02 7.832363088851939e-18 7.501347695832179e-02
0 152 9.215890903684777e+02 5.214775859807168e-18 6.606553969573520e-02
1 222 9.224751471169034e+02 5.268076673057665e-18 7.501585177975068e-02
1 223 9.266142775408366e+02 3.246308679478516e-18 7.502006211357201e-02
0 153 9.276287137923002e+02 5.214926967283416e-18 6.606172441936363e-02
1 224 9.307527012780931e+02 5.474299007937447e-18 7.501776234975105e-02
0 154 9.336690630057243e+02 3.916982434669021e-18 6.606224693150961e-02
1 225 9.348911583121123e+02 3.797340941316602e-18 7.501982511435375e-02
1 226 9.390301580003332e+02 3.139518589226771e-18 7.500337903337224e-02
0 155 9.397088715641870e+02 4.187170889778632e-18 6.607691633224999e-02
1 227 9.431684984765974e+02 4.601794209802935e-18 7.500106252059520e-02
0 156 9.457493169161340e+02 3.892297922421124e-18 6.607892150815584e-02
1 228 9.473069721906144e+02 9.374520413804277e-18 7.500246247383734e-02
1 229 9.514455491052607e+02 3.313891858744198e-18 7.498319813239396e-02
0 157 9.517896980977366e+02 5.836435322210034e-18 6.609528393133611e-02
1 230 9.555838627321243e+02 3.655688205476256e-18 7.498145834287168e-02
0 158 9.578302337901911e+02 4.208846649242807e-18 6.609819179524985e-02
1 231 9.597223754446042e+02 2.089195227916273e-17 7.498197255724860e-02
0 159 9.638708631773293e+02 3.891085615979602e-18 6.609789722824694e-02
1 232 9.638607112823463e+02 3.139049343457195e-18 7.497889944945128e-02
1 233 9.679990627995693e+02 3.297060579782677e-18 7.498127304343412e-02
0 160 9.699114629712448e+02 8.373148840295721e-18 6.609882975670243e-02
1 234 9.721375987939440e+02 6.217091170088829e-18 7.498082186967137e-02
0 161 9.759519757307748e+02 4.142953897992964e-18 6.609591962712960e-02
1 235 9.762759329392915e+02 3.264742100911392e-18 7.498248272425379e-02
1 236 9.804144880332639e+02 7.574676780253197e-18 7.500108078019466e-02
0 162 9.819923842737463e+02 4.558970782358368e-18 6.608031411803532e-02
1 237 9.845529665948877e+02 5.584673853525465e-17 7.499973374855334e-02
0 163 9.880328298734710e+02 4.556446172348839e-18 6.607821211515234e-02
1 238 9.886913063363349e+02 3.051251719006254e-18 7.500204119610995e-02
1 239 9.928302691710028e+02 4.601283109265179e-18 7.501953006830930e-02
0 164 9.940726838068276e+02 5.484345504552256e-18 6.606259737660766e-02
1 240 9.969687119087948e+02 1.164033208996121e-17 7.501750047478206e-02
0 165 1.000113056529426e+03 4.164707053337361e-18 6.606198507612539e-02
1 241 1.001107114483097e+03 3.022362197624689e-18 7.501981750439277e-02
1 242 1.005246249207233e+03 3.917922007872737e-18 7.501649223564651e-02
0 166 1.006152674897794e+03 5.666976889255177e-18 6.606492507638545e-02
1 243 1.009384653104750e+03 2.354245919265053e-16 7.501412053296452e-02
0 167 1.012193038708808e+03 5.856379644974892e-18 6.606596536941746e-02
1 244 1.013523124504095e+03 3.602540476328114e-18 7.501600337909228e-02
1 245 1.017662004945724e+03 4.601924455243335e-18 7.499597233676827e-02
0 168 1.018233012193029e+03 4.398813193094094e-18 6.608372569015607e-02
1 246 1.021800328245062e+03 5.521338630875370e-16 7.499369103187296e-02
0 169 1.024273490968102e+03 5.213794854197256e-18 6.608612223617157e-02
1 247 1.025938810899077e+03 3.202248508902548e-18 7.499482378595211e-02
0 170 1.030314016109140e+03 3.905860353532529e-18 6.609826590224278e-02
1 248 1.030077270108741e+03 3.733536633812804e-18 7.498019765245109e-02
1 249 1.034215586361414e+03 4.324920976355294e-16 7.497863625690455e-02
0 171 1.036354581783727e+03 6.824481553994985e-18 6.610100543166407e-02
1 250 1.038354108737386e+03 3.131090582687037e-18 7.497884059407324e-02
0 172 1.042395186929552e+03 5.360193014696919e-18 6.609843101172172e-02
1 251 1.042492430498031e+03 3.747770361723712e-18 7.497880328321235e-02
1 252 1.046630819861173e+03 3.715074119593230e-18 7.498610576361338e-02
0 173 1.048435774588502e+03 5.319180615620837e-18 6.609437135543351e-02
1 253 1.050769348042318e+03 3.425571217300021e-18 7.498535018219431e-02
0 174 1.054476253672063e+03 4.162509561457412e-18 6.609165161839040e-02
1 254 1.054907689427777e+03 3.761243913532657e-18 7.498744973621992e-02
1 255 1.059046369911717e+03 3.333805112448689e-18 7.500849876477735e-02
0 175 1.060516495701502e+03 4.375730324614566e-16 6.607325953437931e-02
1 256 1.063184832207062e+03 3.127913704071085e-18 7.500690081832495e-02
0 176 1.066556918963431e+03 1.378234392706490e-16 6.607160985100680e-02
1 257 1.067323184949531e+03 3.022793462421550e-18 7.500929252555603e-02
1 258 1.071462244817968e+03 4.257992271000820e-18 7.502130135698183e-02
0 177 1.072596636376399e+03 5.214957436124351e-18 6.606080074157039e-02
1 259 1.075600675266109e+03 3.022432018293254e-18 7.501911952294080e-02
0 178 1.078636998979830e+03 5.927610493686665e-17 6.606070621475921e-02
1 260 1.079739100273446e+03 4.162705198362518e-17 7.502134188675492e-02
1 261 1.083878192943179e+03 4.227685990682939e-18 7.501088445948176e-02
0 179 1.084676677468800e+03 5.214583248147318e-18 6.606999616379224e-02
1 262 1.088016576046745e+03 4.333408432891627e-18 7.500850340611635e-02
0 180 1.090717063438143e+03 3.590922239432099e-17 6.607154795233711e-02
1 263 1.092155059181111e+03 5.253141791605697e-18 7.501017026680203e-02
1 264 1.096293805026226e+03 3.124408752662374e-18 7.498903347976116e-02
0 181 1.096757221922504e+03 3.897592001863717e-18 6.609014277574585e-02
1 265 1.100432113969603e+03 3.280611257011402e-18 7.498695749508706e-02
0 182 1.102797736890949e+03 3.966136517677293e-18 6.609270574257615e-02
1 266 1.104570604583413e+03 3.023663089200959e-18 7.498779995963994e-02
0 183 1.108838354105033e+03 4.111014643047778e-18 6.609851182662761e-02
1 267 1.108708980389707e+03 3.874953111942555e-18 7.497884140232722e-02
1 268 1.112847303316023e+03 3.905284044608944e-18 7.497838181084823e-02
0 184 1.114878943959289e+03 5.213102230495977e-18 6.610141054430128e-02
1 269 1.116985831789472e+03 3.825413040471236e-18 7.497826947545280e-02
0 185 1.120919512253440e+03 4.177969009946864e-18 6.609849372035030e-02
1 270 1.121124153362900e+03 4.241953913816818e-18 7.497941629390506e-02
1 271 1.125262613040751e+03 3.943199293337077e-18 7.499264048940484e-02
0 186 1.126960031750186e+03 3.946423565887379e-18 6.608823009591829e-02
1 272 1.129401128891737e+03 7.269388225649536e-17 7.499159087037713e-02
0 187 1.133000479471528e+03 1.715437974858810e-17 6.608580361778872e-02
1 273 1.133539478171386e+03 4.515905045863237e-18 7.499378443791678e-02
1 274 1.137678293531048e+03 4.254120580449649e-18 7.501488607542964e-02
0 188 1.139040538286302e+03 5.251517243767676e-18 6.606719315599464e-02
1 275 1.141816739035068e+03 3.022669984607432e-18 7.501306446524250e-02
0 189 1.145080944838651e+03 1.431056197286271e-17 6.606597374042206e-02
1 276 1.145955106886697e+03 3.242136205438232e-18 7.501543558670554e-02
1 277 1.150094223797261e+03 4.651438271151455e-18 7.502042866180025e-02
0 190 1.151120582045949e+03 4.824795717794468e-18 6.606144555738998e-02
1 278 1.154232641228537e+03 3.761155791430144e-18 7.501813684053001e-02
0 191 1.157160941399221e+03 1.952429175998988e-16 6.606192143661718e-02
1 279 1.158371088175605e+03 4.889942643449635e-18 7.502021813262509e-02
1 280 1.162510097530542e+03 3.023019192737056e-18 7.500395340893312e-02
0 192 1.163200737739111e+03 3.914819960456842e-18 6.607638725964700e-02
1 281 1.166648460168164e+03 4.601783107944690e-18 7.500160781830321e-02
0 193 1.169241153861153e+03 5.779607783754917e-18 6.607832050004948e-02
1 282 1.170786952774845e+03 3.428082560846366e-18 7.500303858789352e-02
0 194 1.175281492376782e+03 4.482668244191502e-18 6.609499379692396e-02
1 283 1.174925561967782e+03 8.641410664114338e-16 7.498359727734417e-02
1 284 1.179063862913922e+03 3.889509987144799e-18 7.498170386401537e-02
0 195 1.181322042823580e+03 4.728596422436680e-18 6.609788356435857e-02
1 285 1.183202360811332e+03 3.131745985636583e-18 7.498225438591580e-02
0 196 1.187362689842234e+03 5.707376261525409e-18 6.609819898141127e-02
1 286 1.187340686389279e+03 1.718695593343709e-16 7.497850437674307e-02
1 287 1.191479029710054e+03 4.602326929718579e-18 7.498069540663493e-02
0 197 1.193403295647005e+03 3.899222806725163e-18 6.609928926050684e-02
1 288 1.195617560720286e+03 3.301167773515306e-18 7.498028011888815e-02
0 198 1.199443819774947e+03 4.443695523047384e-18 6.609643357670565e-02
1 289 1.199755889047176e+03 8.700819336820005e-17 7.498201299143523e-02
1 290 1.203894449902370e+03 5.595278721271762e-18 7.500007148969770e-02
0 199 1.205484220621564e+03 4.392059164955095e-18 6.608126196194096e-02
1 291 1.208032949901290e+03 3.789579931484181e-18 7.499875399351805e-02
0 200 1.211524643481139e+03 4.100600048818399e-18 6.607910323057442e-02
1 292 1.212171308080473e+03 1.079472076824931e-16 7.500107696526741e-02
1 293 1.216310249733128e+03 3.695603291442822e-18 7.501941871130484e-02
0 201 1.217564526368398e+03 4.501255600695513e-18 6.606279509752830e-02
1 294 1.220448678816605e+03 3.192988653598808e-18 7.501740725061178e-02
0 202 1.223604920248171e+03 4.001735163480453e-18 6.606213251075252e-02
1 295 1.224587063897283e+03 9.592085858902288e-18 7.501973706968380e-02
1 296 1.228726190387745e+03 5.844244894291085e-18 7.501704148236317e-02
0 203 1.229644545332525e+03 1.370497047655877e-16 6.606448873958586e-02
1 297 1.232864594029508e+03 3.644006421260861e-18 7.501467277075731e-02
0 204 1.235684910140239e+03 6.354178761984281e-18 6.606545798306913e-02
1 298 1.237003061465844e+03 4.665568360549535e-17 7.501657696344205e-02
1 299 1.241141957140710e+03 6.655853753819601e-18 7.499658998720529e-02
0 205 1.241724864941074e+03 5.214016247817276e-18 6.608311762596025e-02
1 300 1.245280299942973e+03 3.052062740028668e-18 7.499429936864524e-02
0 206 1.247765316971444e+03 4.569225255928515e-18 6.608548602963212e-02
1 301 1.249418799587895e+03 3.515592671006308e-17 7.499546092887693e-02
1 302 1.253557288872147e+03 5.448979705382005e-18 7.498020108376051e-02
0 207 1.253805806549310e+03 4.969627611678728e-17 6.609807745891441e-02
1 303 1.257695586493355e+03 3.128061284407119e-18 7.497860493779979e-02
0 208 1.259846390537139e+03 4.095343866384889e-18 6.610094815575220e-02
1 304 1.261834090479421e+03 7.321295995880730e-18 7.497884136007939e-02
0 209 1.265887022404303e+03 4.902235020863915e-18 6.609863794252489e-02
1 305 1.265972395593313e+03 3.925382305816163e-18 7.497841837792231e-02
1 306 1.270110779965169e+03 3.023773769667669e-18 7.498531124395651e-02
0 210 1.271927612538687e+03 4.448573712061876e-18 6.609505785470070e-02
1 307 1.274249309486554e+03 7.281499920968963e-18 7.498458594351091e-02
0 211 1.277968094801688e+03 5.213601741241623e-18 6.609228511729792e-02
1 308 1.278387650573696e+03 3.915238871653686e-18 7.498666386493588e-02
1 309 1.282526332421623e+03 3.403979049341071e-18 7.500752102225788e-02
0 212 1.284008336719940e+03 4.241621031054307e-18 6.607419507372206e-02
1 310 1.286664813780171e+03 3.476652550554265e-18 7.500594668032941e-02
0 213 1.290048740230173e+03 3.978984648901299e-18 6.607251376707338e-02
1 311 1.290803182237061e+03 5.021702773918131e-18 7.500833157273651e-02
1 312 1.294942224908689e+03 3.087273069173588e-18 7.502153622857623e-02
0 214 1.296088480469679e+03 4.770088956954090e-18 6.606068061530088e-02
1 313 1.299080638469405e+03 4.690022174692136e-18 7.501936930094479e-02
0 215 1.302128867324696e+03 3.893448156052405e-18 6.606051979017113e-02
1 314 1.303219042691209e+03 6.195233597819344e-18 7.502160341253913e-02
1 315 1.307358130847140e+03 3.205252465996476e-18 7.501155506020050e-02
0 216 1.308168547792113e+03 1.341966610886433e-15 6.606942597563394e-02
1 316 1.311496519973438e+03 3.823192018882362e-18 7.500918538433862e-02
0 217 1.314208926316215e+03 6.906695913825763e-18 6.607093200142757e-02
1 317 1.315635005631779e+03 3.888283909120255e-18 7.501087835696302e-02
1 318 1.319773771663999e+03 3.147114194145165e-18 7.498954797570689e-02
0 218 1.320249060115763e+03 6.387798563063801e-16 6.608954628432458e-02
1 319 1.323912096149033e+03 5.524668587513729e-18 7.498751266210062e-02
0 219 1.326289552090226e+03 6.961058743731349e-16 6.609210816589418e-02
1 320 1.328050600308382e+03 3.879900317099358e-18 7.498838990200850e-02
0 220 1.332330142676309e+03 4.525249932388162e-18 6.609878117172541e-02
1 321 1.332188999286382e+03 3.058121057878734e-18 7.497848051396812e-02
1 322 1.336327300483445e+03 5.551230137446779e-18 7.497805496122703e-02
0 221 1.338370756189308e+03 4.504892890129015e-18 6.610165750532924e-02
1 323 1.340465808654034e+03 5.531563653503940e-18 7.497798039723468e-02
0 222 1.344411353929686e+03 5.213269712933694e-18 6.609866080509948e-02
1 324 1.344604108226338e+03 3.058720807617196e-18 7.497886762767325e-02
1 325 1.348742567039150e+03 4.827468488919419e-18 7.499166593787995e-02
0 223 1.350451875313686e+03 7.848221223880281e-18 6.608908711139577e-02
1 326 1.352881090444509e+03 3.860191524031201e-18 7.499065102398668e-02
0 224 1.356492318680813e+03 3.923577404927266e-18 6.608666506209614e-02
1 327 1.357019444225547e+03 3.028169205730002e-18 7.499277147685698e-02
1 328 1.361158258143168e+03 6.700517798675272e-18 7.501405816056329e-02
0 225 1.362532383652593e+03 5.030839380615515e-18 6.606797915489433e-02
1 329 1.365296718525366e+03 5.572531397028593e-18 7.501226150983160e-02
0 226 1.368572774779858e+03 4.413862824292016e-18 6.606670352355191e-02
1 330 1.369435097589115e+03 3.037389416342865e-18 7.501462958930333e-02
1 331 1.373574203537088e+03 7.172592521201829e-18 7.502096863047873e-02
0 227 1.374612425140110e+03 4.106898079830267e-18 6.606103948342759e-02
1 332 1.377712602529509e+03 3.841741002979428e-18 7.501868475215519e-02
0 228 1.380652810336519e+03 4.486717673967579e-18 6.606145608493011e-02
1 333 1.381851027284152e+03 3.159830059332975e-18 7.502078416996474e-02
1 334 1.385990034210723e+03 4.601687937551360e-18 7.500472102798479e-02
0 229 1.386692606474299e+03 3.965366589048073e-18 6.607573966478805e-02
1 335 1.390128408707797e+03 4.758938820435360e-18 7.500235447698048e-02
0 230 1.392733006398589e+03 9.985426395978889e-17 6.607762337964092e-02
1 336 1.394266910071662e+03 3.030596284375846e-18 7.500381324782343e-02
0 231 1.398773315008483e+03 4.315775586602061e-18 6.609462605222127e-02
1 337 1.398405542913191e+03 3.592264526795494e-18 7.498406739688650e-02
1 338 1.402543854307591e+03 3.023912072508801e-18 7.498208811455194e-02
0 232 1.404813849507203e+03 5.952296449896384e-18 6.609747075520093e-02
1 339 1.406682361223626e+03 3.082944225204583e-18 7.498267071410736e-02
0 233 1.410854483742241e+03 4.552363662743112e-18 6.609844826044971e-02
1 340 1.410820699846641e+03 5.697455833064077e-18 7.497822031625728e-02
1 341 1.414959020658099e+03 3.488781115498024e-18 7.498010380485530e-02
0 234 1.416895114025327e+03 6.673089178092291e-18 6.609980275315304e-02
1 342 1.419097531472948e+03 3.119330776732915e-18 7.497972032341232e-02
0 235 1.422935669605750e+03 4.001138012695714e-18 6.609701324145971e-02
1 343 1.423235838994194e+03 3.311476614460771e-18 7.498149901551023e-02
1 344 1.427374398183465e+03 4.601836130305896e-18 7.499898381149323e-02
0 236 1.428976070649835e+03 4.880874615634249e-18 6.608220492807113e-02
1 345 1.431512911628030e+03 3.102483840638434e-18 7.499769354273259e-02
0 237 1.435016481023228e+03 5.214148591900465e-18 6.608000422100903e-02
1 346 1.435651280328536e+03 3.633356186019052e-18 7.500002524702393e-02
1 347 1.439790217784418e+03 3.795423299005039e-18 7.501886312098023e-02
0 238 1.441056373449215e+03 5.655289924528290e-18 6.606333406831089e-02
1 348 1.443928656424320e+03 3.401300522577405e-18 7.501687031524029e-02
0 239 1.447096758710820e+03 4.146005752317175e-18 6.606260404011130e-02
1 349 1.448067047256127e+03 3.925117838036953e-18 7.501921138146767e-02
1 350 1.452206169126592e+03 1.174909640922172e-17 7.501780260566876e-02
0 240 1.453136386927545e+03 3.893645717238899e-18 6.606387138850797e-02
1 351 1.456344554772013e+03 3.155132897608582e-18 7.501544252087405e-02
0 241 1.459176775608399e+03 8.503029075071663e-18 6.606477620517903e-02
