0 0 1.193519929232877e+01 7.665430861419603e-18 4.710565037090339e-02
0 1 2.802266012895649e+01 7.511998479709571e-18 4.710660303888646e-02
1 0 2.859660742611874e+01 1.394967366638852e-17 3.427767622888792e-02
0 2 4.411015200611295e+01 7.915383696567154e-18 4.710508607511742e-02
0 3 6.019807982731193e+01 8.278129671968621e-18 4.710298013514974e-02
1 1 7.034420713404192e+01 4.994602671049175e-16 3.427661113723936e-02
0 4 7.628576282677332e+01 7.384732162610492e-18 4.710380433429949e-02
0 5 9.237338847111180e+01 7.459035381904828e-18 4.710665398398104e-02
0 6 1.084608787153387e+02 7.508884707230972e-18 4.710514767919032e-02
1 2 1.120917180591247e+02 1.399121457322749e-17 3.427747404697628e-02
0 7 1.245484913339267e+02 8.489231300583456e-18 4.710360632490033e-02
0 8 1.406364931266236e+02 7.585732163061351e-18 4.710392771457848e-02
1 3 1.538393254009217e+02 1.395183263633322e-17 3.427768548093046e-02
0 9 1.567240764043168e+02 8.612521189970702e-18 4.710560927783589e-02
0 10 1.728115421371748e+02 7.385122786896978e-18 4.710650253644987e-02
0 11 1.888992238747586e+02 7.570585279854746e-18 4.710347219071137e-02
1 4 1.955868576340744e+02 1.428994333959047e-17 3.427639633362154e-02
0 12 2.049869198974228e+02 7.384857032059840e-18 4.710293174543868e-02
0 13 2.210748036746843e+02 7.930824215747746e-18 4.710545955440703e-02
0 14 2.371622734260636e+02 7.384386435584338e-18 4.710664807812589e-02
1 5 2.373344551286984e+02 1.400068325155724e-17 3.427763278582666e-02
0 15 2.532497526152722e+02 7.389399825980819e-18 4.710528966020040e-02
0 16 2.693376576218982e+02 7.384855843032522e-18 4.710294384468432e-02
1 6 2.790820541420099e+02 1.397061896800341e-17 3.427648629136337e-02
0 17 2.854253483411926e+02 1.404748769577443e-17 4.710361756841069e-02
0 18 3.015130038430491e+02 7.384332223883583e-18 4.710658146564346e-02
0 19 3.176004795293593e+02 7.804990098886318e-18 4.710539899691070e-02
1 7 3.208295757002389e+02 1.395168867269618e-17 3.427759851605831e-02
0 20 3.336880765359544e+02 7.396711544819517e-18 4.710377424493913e-02
0 21 3.497760797967849e+02 7.591134139068101e-18 4.710374954195807e-02
1 8 3.625771834265296e+02 1.419279094993371e-17 3.427758075005934e-02
0 22 3.658636792507478e+02 7.857722150080465e-18 4.710536490716359e-02
0 23 3.819511567653893e+02 7.767099996130858e-18 4.710659334557721e-02
0 24 3.980388078778548e+02 7.695413040898563e-18 4.710364234724627e-02
1 9 4.043247033316906e+02 1.405308641504208e-17 3.427650322565785e-02
0 25 4.141264974991512e+02 7.473042635120184e-18 4.710294755654747e-02
0 26 4.302144060136230e+02 7.622003582796966e-18 4.710526111646444e-02
0 27 4.463018869619007e+02 7.759964434699140e-18 4.710664356178257e-02
1 10 4.460723021845115e+02 1.404519819906522e-17 3.427763907025525e-02
0 28 4.623893552308178e+02 7.384492417219267e-18 4.710548788675084e-02
0 29 4.784772351945080e+02 7.387820171537461e-18 4.710293161878464e-02
1 11 4.878198998116096e+02 1.614506858652425e-17 3.427638421187718e-02
0 30 4.945649320358705e+02 7.384780914326918e-18 4.710344962456701e-02
0 31 5.106526183439635e+02 7.784343281429980e-18 4.710648857187515e-02
0 32 5.267400825771389e+02 2.372965846980155e-17 4.710564519026962e-02
1 12 5.295674334330935e+02 5.007940424232181e-17 3.427769558787983e-02
0 33 5.428276634614995e+02 7.721283633219114e-18 4.710395476564050e-02
0 34 5.589156646864230e+02 7.407231493300785e-18 4.710358398086859e-02
1 13 5.713150404980879e+02 1.394577352140094e-17 3.427745676177250e-02
0 35 5.750032796176559e+02 7.384562472861743e-18 4.710511248785332e-02
0 36 5.910907722369695e+02 7.462208748997728e-18 4.710666362516495e-02
0 37 6.071783936235781e+02 7.466024570912072e-18 4.710383381152193e-02
1 14 6.130625506299777e+02 6.851960123250318e-17 3.427663073549168e-02
0 38 6.232660753499215e+02 7.536966712583618e-18 4.710298792396968e-02
0 39 6.393540062413181e+02 7.384752006483466e-18 4.710505729238480e-02
1 15 6.548101500948910e+02 1.437112416901219e-17 3.427768010680487e-02
0 40 6.554415002291639e+02 7.424017186991987e-18 4.710659311275243e-02
0 41 6.715289598737595e+02 7.372149948814275e-17 4.710567813396660e-02
0 42 6.876168128026056e+02 7.384854390186788e-18 4.710294479450963e-02
1 16 6.965577440227300e+02 1.397884801181601e-17 3.427630260033512e-02
0 43 7.037045141898308e+02 7.384801408140225e-18 4.710330430491212e-02
0 44 7.197922317635389e+02 7.660882224370443e-18 4.710637633159034e-02
0 45 7.358796879891026e+02 7.713874164543398e-18 4.710587686326505e-02
1 17 7.383052910845698e+02 1.412706223585184e-17 3.427776560149205e-02
0 46 7.519672522961174e+02 7.585701698216007e-18 4.710414538992025e-02
0 47 7.680552480266589e+02 7.520565571522920e-18 4.710343345918258e-02
1 18 7.800528973136805e+02 1.399492114077424e-17 3.427731226811081e-02
0 48 7.841428776468769e+02 7.519618582171116e-18 4.710486021758735e-02
0 49 8.002303883304008e+02 7.384313005232879e-18 4.710671260727098e-02
0 50 8.163179813975673e+02 7.652578142746301e-18 4.710404166271411e-02
1 19 8.218003997504489e+02 1.394564453717397e-17 3.427677239307314e-02
0 51 8.324056536993261e+02 7.483729200869770e-18 4.710305151595756e-02
0 52 8.484936044208898e+02 7.420909121193777e-18 4.710485077903184e-02
1 20 8.635479999147084e+02 1.398608909394861e-17 3.427774188401701e-02
0 53 8.645811127616711e+02 7.593666533667091e-18 4.710649581828458e-02
0 54 8.806685664555214e+02 7.486882126108743e-18 4.710585825452213e-02
0 55 8.967563906760961e+02 8.159230819457411e-18 4.710298274659196e-02
1 21 9.052955875579578e+02 1.405305627691937e-17 3.427625482107689e-02
0 56 9.128440949743557e+02 7.475681548820201e-18 4.710318225905997e-02
0 57 9.289318439555287e+02 7.422752030964247e-18 4.710624640715537e-02
0 58 9.450192955660615e+02 7.485730462305950e-18 4.710609016558646e-02
1 22 9.470431479340400e+02 1.396704918099484e-17 3.427780051161063e-02
0 59 9.611068431607658e+02 7.560258465582178e-18 4.710434382396754e-02
0 60 9.771948298832848e+02 7.941343152247420e-18 4.710329968792007e-02
1 23 9.887907522061132e+02 1.399939941025449e-17 3.427715819014465e-02
0 61 9.932824733464402e+02 2.141753852822387e-17 4.710461412736153e-02
0 62 1.009370004810263e+03 8.520180129982014e-18 4.710674010523042e-02
0 63 1.025457571405324e+03 7.388264668551482e-18 4.710426283540261e-02
1 24 1.030538250465989e+03 1.394566785109695e-17 3.427692696045681e-02
0 64 1.041545232813468e+03 7.589384983480034e-18 4.710313711785968e-02
0 65 1.057633200436518e+03 8.286786869935314e-17 4.710464374701903e-02
1 25 1.072285852208092e+03 1.311055865155945e-16 3.427778678849484e-02
0 66 1.073720724363315e+03 7.870978401125292e-18 4.710635638583591e-02
0 67 1.089808174814585e+03 7.553342499133664e-18 4.710602644066775e-02
0 68 1.105895969093099e+03 7.422341313538203e-18 4.710304516082587e-02
1 26 1.114033430460084e+03 1.395625081403312e-17 3.427622821606139e-02
0 69 1.121983674598515e+03 7.535097906148083e-18 4.710308329197197e-02
0 70 1.138071454705760e+03 7.740846618786644e-18 4.710609999178830e-02
0 71 1.154158904746897e+03 7.640996027671338e-18 4.710627986418426e-02
1 27 1.155781003187810e+03 1.562967337513556e-17 3.427779841853851e-02
0 72 1.170246436078831e+03 7.656188860029596e-18 4.710454784720505e-02
0 73 1.186334410447873e+03 7.496677683522797e-18 4.710318433611739e-02
1 28 1.197528605941697e+03 2.007520418047909e-17 3.427700045113232e-02
0 74 1.202422066558856e+03 7.926017525567802e-18 4.710437351785027e-02
0 75 1.218509621457703e+03 7.585332634980758e-18 4.710674560557686e-02
0 76 1.234597163488522e+03 7.420628811062948e-18 4.710450088747681e-02
1 29 1.239276103435164e+03 1.396450627263754e-17 3.427708419386142e-02
0 77 1.250684812898605e+03 7.624570679131220e-18 4.710324369410882e-02
0 78 1.266772794292339e+03 7.492163118161100e-18 4.710443855878262e-02
1 30 1.281023706619140e+03 6.567765568893997e-16 3.427780409442668e-02
0 79 1.282860334440290e+03 8.158858162943366e-18 4.710618302716590e-02
0 80 1.298947784827239e+03 7.739744679568147e-18 4.710618068017577e-02
0 81 1.315035548282152e+03 8.112756810723597e-18 4.710313348613058e-02
1 31 1.322771273274809e+03 1.394557571194018e-17 3.427624077638097e-02
0 82 1.331123253334874e+03 7.421236260035548e-18 4.710300880331936e-02
0 83 1.347211063837494e+03 7.511971302018045e-18 4.710593864077790e-02
0 84 1.363298515637530e+03 7.673361203069617e-18 4.710643572584639e-02
1 32 1.364518856561407e+03 1.394600528482672e-17 3.427776735147073e-02
0 85 1.379386031076603e+03 2.421264863246356e-16 4.710475497370646e-02
0 86 1.395473989988978e+03 8.005066496949183e-18 4.710308934070388e-02
1 33 1.406266457596818e+03 1.397225616201842e-17 3.427684334943005e-02
0 87 1.411561657419739e+03 7.393134795033440e-18 4.710414248845835e-02
0 88 1.427649238042696e+03 7.583511193629372e-18 4.710672889595343e-02
0 89 1.443736757970429e+03 2.014796823240908e-16 4.710474667751791e-02
1 34 1.448013957511855e+03 1.421433608702934e-17 3.427724139711631e-02
0 90 1.459824394116089e+03 7.509724911675496e-18 4.710336977485593e-02
