1 0 2.914410147900680e+00 3.106651062950565e-18 7.653569429218657e-02
0 0 5.629479539291641e+00 5.185632665519857e-18 6.222045280172740e-02
1 1 7.079978631548019e+00 3.106559904633356e-18 7.653749480878322e-02
1 2 1.124575404106046e+01 3.474994159742881e-18 7.654414419728368e-02
0 1 1.338124155969135e+01 4.951569422997088e-18 6.221969873378956e-02
1 3 1.541133328303688e+01 5.176743616158907e-18 7.654429640949467e-02
1 4 1.957712629592803e+01 4.884571076738347e-17 7.653956301249255e-02
0 2 2.113300024734348e+01 4.700443344923837e-18 6.222023309482842e-02
1 5 2.374269630511645e+01 3.135712091505274e-18 7.653804725224603e-02
1 6 2.790834279278812e+01 4.844073846177797e-18 7.652708932605361e-02
0 3 2.888479037051382e+01 5.260247257425218e-18 6.222141484687787e-02
1 7 3.207387224294668e+01 4.043390608581230e-18 7.652428763999969e-02
1 8 3.623936126538486e+01 3.277800216184168e-18 7.651841849442326e-02
0 4 3.663660984121989e+01 5.335858478941133e-18 6.222182590974662e-02
1 9 4.040482502066516e+01 3.205326074064331e-18 7.651549169069727e-02
0 5 4.438842778220832e+01 4.929630761925541e-18 6.222161859618049e-02
1 10 4.457027435805142e+01 3.940723269812524e-18 7.651767827030038e-02
1 11 4.873572881497684e+01 1.047217051556526e-17 7.651978271719795e-02
0 6 5.214025033169162e+01 5.379595967392550e-18 6.222172268755852e-02
1 12 5.290123197315840e+01 3.161057313183634e-18 7.652276475249133e-02
1 13 5.706681445604222e+01 3.910687793819243e-18 7.653311050798492e-02
0 7 5.989205300482659e+01 5.045416968645434e-18 6.222068235101585e-02
1 14 6.123237605941855e+01 5.148800095409938e-18 7.653518447372595e-02
1 15 6.539812761046349e+01 3.509273963931846e-18 7.654344586347551e-02
0 8 6.764382052746753e+01 5.680745681614605e-18 6.221975300273308e-02
1 16 6.956370684130152e+01 3.480427075195961e-18 7.654393213600214e-02
1 17 7.372951174945740e+01 4.656908573331192e-18 7.654135690385389e-02
0 9 7.539557628535995e+01 5.325253342241139e-18 6.222004733545265e-02
1 18 7.789508526936856e+01 6.167730649289979e-17 7.654013665773776e-02
1 19 8.206076663401517e+01 3.169398685404192e-18 7.652945916001844e-02
0 10 8.314735938491953e+01 1.225327623624189e-17 6.222121354522574e-02
1 20 8.622630679800787e+01 4.158655937077206e-18 7.652688580530598e-02
1 21 9.039181869825364e+01 4.870748043615231e-18 7.651940606459291e-02
0 11 9.089917507391185e+01 5.842128907180388e-18 6.222185641265005e-02
1 22 9.455729390657420e+01 3.378099930136467e-18 7.651625276321222e-02
0 12 9.865099468133731e+01 7.016487676431643e-18 6.222149770786665e-02
1 23 9.872273948657366e+01 5.109224931332862e-18 7.651760104015476e-02
1 24 1.028881869750677e+02 3.830261548464690e-18 7.651796022665694e-02
0 13 1.064028162336324e+02 4.977513894754719e-18 6.222183069877756e-02
1 25 1.070536781576148e+02 1.423437229642340e-17 7.652109908840399e-02
1 26 1.112192273826585e+02 3.166508925151218e-18 7.653040674591624e-02
0 14 1.141546252762554e+02 5.842163820915038e-18 6.222091852365245e-02
1 27 1.153847810952835e+02 4.565580394424966e-18 7.653271682437233e-02
1 28 1.195505045375507e+02 4.656890492028847e-18 7.654226639086487e-02
0 15 1.219063988421601e+02 5.216162097704381e-18 6.221985614863538e-02
1 29 1.237160822651966e+02 3.373845395930116e-18 7.654308691466433e-02
1 30 1.278818917010650e+02 3.485281120988462e-18 7.654276217891903e-02
0 16 1.296581536768124e+02 5.424157397318360e-18 6.221988632270112e-02
1 31 1.320474681061863e+02 4.656902181412552e-18 7.654184709658331e-02
1 32 1.362131823810957e+02 8.741903474585257e-17 7.653197251524198e-02
0 17 1.374099293960945e+02 6.262668696590228e-17 6.222098845004087e-02
1 33 1.403787324586293e+02 3.196898061316333e-18 7.652959664275844e-02
1 34 1.445442718689143e+02 3.916280967661726e-18 7.652065620920874e-02
0 18 1.451617406040336e+02 5.161625766394786e-18 6.222183878309986e-02
1 35 1.487097591404847e+02 3.383469194659530e-18 7.651748784735973e-02
0 19 1.529135619402550e+02 4.963809097089694e-18 6.222148354941098e-02
1 36 1.528752052372516e+02 3.107464666097166e-18 7.651759210338854e-02
1 37 1.570406507153739e+02 3.934517877037243e-18 7.651656387712256e-02
0 20 1.606653819071819e+02 7.183899791427997e-18 6.222185168727448e-02
1 38 1.612061296645481e+02 3.107323553575236e-18 7.651974178436037e-02
1 39 1.653716500064924e+02 3.826349513119803e-18 7.652766265074111e-02
0 21 1.684171958583674e+02 4.770521304428536e-18 6.222115270971708e-02
1 40 1.695371941087174e+02 3.610374877172520e-18 7.653017513732209e-02
1 41 1.737028856785462e+02 3.106443433315049e-18 7.654065083644927e-02
0 22 1.761689764901255e+02 5.209030532347999e-18 6.221999930961265e-02
1 42 1.778684608461752e+02 3.383619132535235e-18 7.654178233136311e-02
1 43 1.820342677669750e+02 3.665033498018691e-18 7.654371791337437e-02
0 23 1.839207317607942e+02 4.884525750003993e-18 6.221978263109747e-02
1 44 1.861998462893409e+02 4.164333094094418e-18 7.654313174340092e-02
1 45 1.903655900048823e+02 6.214894329469369e-18 7.653445071006759e-02
0 24 1.916725011801027e+02 6.096094942799547e-18 6.222075035839885e-02
1 46 1.945311483653078e+02 1.255622271780644e-16 7.653230270157817e-02
1 47 1.986967201692018e+02 3.174035620969361e-18 7.652218006127931e-02
0 25 1.994243062396402e+02 6.745094881431068e-18 6.222176418403053e-02
1 48 2.028622192697543e+02 3.920500591894069e-18 7.651916584266789e-02
1 49 2.070276706172174e+02 5.790304666282447e-18 7.651760383477964e-02
0 26 2.071761290611353e+02 6.706637957111793e-18 6.222157599820866e-02
1 50 2.111931185835711e+02 4.112525283128499e-18 7.651563394579908e-02
0 27 2.149279473058212e+02 6.244395186261460e-18 6.222186653701613e-02
1 51 2.153585856745315e+02 4.048132585489507e-18 7.651864929427953e-02
1 52 2.195240817181123e+02 3.107092810587294e-18 7.652500248947890e-02
0 28 2.226797652725301e+02 5.842145699503192e-18 6.222136043597661e-02
1 53 2.236896152776325e+02 1.205378587933055e-17 7.652774370006825e-02
1 54 2.278552724263901e+02 3.206272104765798e-18 7.653864352338627e-02
0 29 2.304315529621475e+02 5.239015077658462e-18 6.222018627061988e-02
1 55 2.320208445295376e+02 6.572304006024232e-18 7.654007077865604e-02
1 56 2.361866417390629e+02 3.978398492580002e-18 7.654419913536080e-02
0 30 2.381833106035368e+02 5.014038954688958e-18 6.221970697287881e-02
1 57 2.403522209191551e+02 3.256247918845758e-18 7.654395060330801e-02
1 58 2.445179898268448e+02 3.765706032100478e-18 7.653679469057961e-02
0 31 2.459350741624425e+02 4.875415077669360e-18 6.222052491402971e-02
1 59 2.486835553955166e+02 3.842970536403794e-18 7.653490949748737e-02
1 60 2.528491611075049e+02 1.518296698789811e-16 7.652419133869084e-02
0 32 2.536868727590075e+02 5.184537036560149e-18 6.222163795397231e-02
1 61 2.570146728939619e+02 3.346805895257108e-18 7.652122872383618e-02
0 33 2.614386951326604e+02 4.866760182021052e-18 6.222171953027781e-02
1 62 2.611801353839870e+02 5.690446109552469e-18 7.651776774567198e-02
1 63 2.653455890029525e+02 3.697664360850808e-18 7.651520366395011e-02
0 34 2.691905129036858e+02 5.272334729372339e-18 6.222175576745749e-02
1 64 2.695110463416626e+02 3.490622690213737e-18 7.651791960417643e-02
1 65 2.736765220275083e+02 3.404261771412896e-18 7.652251211248243e-02
0 35 2.769423333129867e+02 5.677921436340265e-18 6.222155525546088e-02
1 66 2.778420440694206e+02 1.006619248959484e-16 7.652542966243939e-02
1 67 2.820076669087307e+02 1.327004865085085e-17 7.653630600337033e-02
0 36 2.846941282403054e+02 5.004326608075883e-18 6.222039208105626e-02
1 68 2.861732344008280e+02 3.183387116685208e-18 7.653802646218739e-02
1 69 2.903390145563358e+02 4.656835240302936e-18 7.654417698387571e-02
0 37 2.924458895938917e+02 5.842217775760800e-18 6.221970591356842e-02
1 70 2.945045933717090e+02 4.809778977338242e-18 7.654424964168002e-02
1 71 2.986703825553608e+02 3.251161278307149e-18 7.653893569390179e-02
0 38 3.001976488224157e+02 4.808383134211507e-18 6.222029679406935e-02
1 72 3.028359541637035e+02 3.106582094984878e-18 7.653734122691014e-02
1 73 3.070015943294144e+02 7.316129511230706e-16 7.652642751227215e-02
0 39 3.079494400605215e+02 6.560101592169908e-18 6.222147690167180e-02
1 74 3.111671184280577e+02 2.079045716417215e-16 7.652357902064659e-02
1 75 3.153325994489408e+02 3.214651974873429e-18 7.651813087013133e-02
0 40 3.157012609760685e+02 5.842131420606731e-18 6.222179923900715e-02
1 76 3.194980600553283e+02 5.720292699781398e-18 7.651530539693016e-02
0 41 3.234530791494220e+02 1.598172532071137e-17 6.222168377272699e-02
1 77 3.236635101578257e+02 3.388729316336734e-18 7.651762216296944e-02
1 78 3.278289704915471e+02 3.247870377494435e-18 7.652026349745406e-02
0 42 3.312049004008601e+02 5.842133091287233e-18 6.222169532626660e-02
1 79 3.319944801727655e+02 3.773322747450014e-18 7.652326801111492e-02
1 80 3.361600693967337e+02 7.643911944251673e-18 7.653375215816202e-02
0 43 3.389567020900733e+02 5.842176320083707e-18 6.222062728049813e-02
1 81 3.403256308359891e+02 2.374352218962343e-17 7.653575767762831e-02
1 82 3.444913878653963e+02 3.188471850719720e-18 7.654363481059163e-02
0 44 3.467084685606009e+02 4.775643559203110e-18 6.221972991525666e-02
1 83 3.486569661096970e+02 3.930357708916044e-18 7.654402953739842e-02
1 84 3.528227691235397e+02 4.074713667654464e-18 7.654081043979907e-02
0 45 3.544602246599727e+02 7.570742313072384e-18 6.222011069047233e-02
1 85 3.569883450643040e+02 3.272730909399887e-18 7.653951653237302e-02
1 86 3.611540197291806e+02 4.352135900292861e-18 7.652878770929702e-02
0 46 3.622120086539680e+02 4.971009206739714e-18 6.222127443094400e-02
1 87 3.653195554902790e+02 2.341468928965438e-16 7.652613531504074e-02
1 88 3.694850594530890e+02 2.077923283232560e-16 7.651901921857364e-02
0 47 3.699638261097034e+02 4.835314566781100e-18 6.222187654347793e-02
1 89 3.736505298870269e+02 3.219760946159891e-18 7.651593561818308e-02
0 48 3.777156456855898e+02 6.458497431706938e-18 6.222153174962321e-02
1 90 3.778159746976598e+02 4.657611675076918e-18 7.651750729540223e-02
1 91 3.819814264563131e+02 5.537672342636170e-18 7.651834101439348e-02
0 49 3.854674667008491e+02 4.957154369325949e-18 6.222181197463326e-02
1 92 3.861469236548326e+02 3.134742035824665e-18 7.652140289737151e-02
1 93 3.903124803133350e+02 3.106842726445422e-18 7.653106338760245e-02
0 50 3.932192744447728e+02 4.975079240879576e-18 6.222085870363918e-02
1 94 3.944780347424316e+02 3.858862201823294e-18 7.653332047254213e-02
1 95 3.986437642768876e+02 8.802566647553484e-17 7.654258234195097e-02
0 51 4.009710471185016e+02 1.142050516827171e-17 6.221983241221436e-02
1 96 4.028093407809196e+02 3.390014484291929e-18 7.654331410880125e-02
1 97 4.069751501005810e+02 3.934108031041402e-18 7.654232258427612e-02
0 52 4.087228017727742e+02 5.090320882722180e-18 6.221993612443761e-02
1 98 4.111407288320690e+02 3.390112035827324e-18 7.654132914866263e-02
1 99 4.153064370675103e+02 3.240139743880606e-18 7.653124391082587e-02
0 53 4.164745785389327e+02 4.700398532024744e-18 6.222105992808549e-02
1 100 4.194719836602378e+02 4.658215754688462e-18 7.652881963979159e-02
1 101 4.236375147387491e+02 4.520972023600396e-17 7.652023512546705e-02
0 54 4.242263913564273e+02 5.152012366667872e-18 6.222185025646869e-02
1 102 4.278029965487378e+02 2.782381470489917e-16 7.651705093139646e-02
0 55 4.319782130066122e+02 5.721115686288949e-18 6.222148594363048e-02
1 103 4.319684399974640e+02 3.135825512663395e-18 7.651753075937771e-02
1 104 4.361338883658904e+02 3.403263147928575e-18 7.651682953892382e-02
0 56 4.397300324143655e+02 5.482614850918109e-18 6.222185323452464e-02
1 105 4.402993735126861e+02 4.657514106193623e-18 7.652000964243404e-02
1 106 4.444649002636701e+02 3.134573257268224e-18 7.652831681170888e-02
0 57 4.474818454203071e+02 5.284735040877375e-18 6.222109763091671e-02
1 107 4.486304465552043e+02 3.781263450432157e-18 7.653078933852607e-02
1 108 4.527961447465869e+02 3.864030249870674e-18 7.654108163168205e-02
0 58 4.552336248464181e+02 4.823696134052132e-18 6.221995194342087e-02
1 109 4.569617181961449e+02 1.214311393647067e-16 7.654213667503403e-02
1 110 4.611275266847609e+02 3.601029072266778e-18 7.654340455647009e-02
0 59 4.629853797969499e+02 5.326736938213674e-18 6.221982270866992e-02
1 111 4.652931075321656e+02 4.957723451239693e-18 7.654272772274587e-02
1 112 4.694588460684224e+02 3.677624620492424e-18 7.653374442465827e-02
0 60 4.707371498800630e+02 5.002448077608261e-18 6.222082332517120e-02
1 113 4.736244024381011e+02 3.744516541009982e-18 7.653153937509351e-02
1 114 4.777899650491872e+02 3.423114411523091e-18 7.652171911131035e-02
0 61 4.784889568356206e+02 4.861079067613919e-18 6.222180686356926e-02
1 115 4.819554585625713e+02 9.199637854020846e-18 7.651861814491180e-02
0 62 4.862407802305646e+02 6.513258279746936e-18 6.222154356726202e-02
1 116 4.861209054858859e+02 2.645283505888156e-16 7.651755534616532e-02
1 117 4.902863547861994e+02 3.204054536164183e-18 7.651578005560521e-02
0 63 4.939925981123743e+02 5.238853885754332e-18 6.222186444268472e-02
1 118 4.944518276189540e+02 4.673912429030731e-18 7.651888689860048e-02
1 119 4.986173297045221e+02 3.673581222307284e-18 7.652561741429280e-02
0 64 5.017444148732266e+02 4.945821940450978e-18 6.222131349939820e-02
1 120 5.027828664619182e+02 3.573194829428943e-18 7.652828364565781e-02
1 121 5.069485304630015e+02 3.464830463746129e-18 7.653917575965224e-02
0 65 5.094962017227293e+02 4.700448588187589e-18 6.222013878244172e-02
1 122 5.111141003806914e+02 3.106435392421864e-18 7.654053028580887e-02
1 123 5.152799010683998e+02 3.104838700778456e-16 7.654401376752121e-02
0 66 5.172479584597177e+02 4.921560237941358e-18 6.221973512352684e-02
1 124 5.194454826257600e+02 3.134516534466269e-18 7.654367545649145e-02
1 125 5.236112470503049e+02 3.106616413219029e-18 7.653612923488293e-02
0 67 5.249997227691977e+02 4.762185367727493e-18 6.222059534513900e-02
1 126 5.277768116314304e+02 3.106713956799534e-18 7.653417216020034e-02
1 127 5.319424092148089e+02 3.701077952649575e-18 7.652354340636691e-02
0 68 5.327515228719230e+02 4.700368601844410e-18 6.222167995938933e-02
1 128 5.361079144854879e+02 3.429044413274148e-18 7.652058777584748e-02
0 69 5.405033466295706e+02 4.851839495362823e-18 6.222170231545512e-02
1 129 5.402733704085051e+02 4.657599988017390e-18 7.651768522972845e-02
1 130 5.444388242600636e+02 2.928501667125726e-16 7.651521451343415e-02
0 70 5.482551636515110e+02 5.249289921282400e-18 6.222179099211943e-02
1 131 5.486042854884408e+02 3.320865252332636e-18 7.651801836535799e-02
1 132 5.527697677602437e+02 3.653297253793590e-18 7.652307346988681e-02
0 71 5.560069832644878e+02 6.215111156469751e-18 6.222151014257106e-02
1 133 5.569352941460684e+02 3.107042706499724e-18 7.652595253972840e-02
1 134 5.611009229688472e+02 3.251938241242600e-18 7.653691679384143e-02
0 72 5.637587771149938e+02 1.174179684955926e-17 6.222033239228360e-02
1 135 5.652664887173601e+02 8.184012907332950e-17 7.653856294959614e-02
1 136 5.694322742581157e+02 4.656836323235670e-18 7.654413498778588e-02
0 73 5.715105375527307e+02 4.901016621196030e-18 6.221971545098237e-02
1 137 5.735978548822388e+02 4.011045484530930e-16 7.654412858982525e-02
1 138 5.777636405645851e+02 3.106526109607713e-18 7.653831631475906e-02
0 74 5.792622970241889e+02 4.919823827337635e-18 6.222037016824045e-02
1 139 5.819292123350320e+02 3.398604671989941e-18 7.653664260880157e-02
1 140 5.860948450295921e+02 3.954996387085625e-18 7.652576095821396e-02
0 75 5.870140899777158e+02 5.378742418674301e-18 6.222153554716763e-02
1 141 5.902603628917010e+02 3.135046368063248e-18 7.652288468030990e-02
0 76 5.947659123464609e+02 6.904296116701663e-18 6.222178410690600e-02
1 142 5.944258347326701e+02 6.827268870371779e-16 7.651799859859802e-02
1 143 5.985912950151377e+02 3.886283546630974e-18 7.651517098640204e-02
0 77 6.025177299777125e+02 4.958894618218824e-18 6.222169367348029e-02
1 144 6.027567478569077e+02 3.262342523821491e-16 7.651759565291770e-02
1 145 6.069222138477746e+02 3.135278631427867e-18 7.652076354984555e-02
0 78 6.102695503805257e+02 5.635033126390840e-18 6.222167176309878e-02
1 146 6.110877289074812e+02 3.107137286475930e-18 7.652376929270280e-02
1 147 6.152533238281937e+02 5.711623906972043e-18 7.653439931510514e-02
0 79 6.180213514159201e+02 4.700424899685612e-18 6.222056763670007e-02
1 148 6.194188839899817e+02 3.540605378674193e-18 7.653632702581963e-02
1 149 6.235846476088187e+02 2.986679348651816e-16 7.654374554811118e-02
0 80 6.257731165311698e+02 4.950760409258126e-18 6.221973207700721e-02
1 150 6.277502266972227e+02 3.880915730492653e-18 7.654405805013381e-02
1 151 6.319160278512740e+02 7.404983197429345e-16 7.654025248599154e-02
0 81 6.335248727889557e+02 5.171889874619937e-18 6.222016958601347e-02
1 152 6.360816052373972e+02 3.327125651654271e-18 7.653887832791915e-02
1 153 6.402472727340547e+02 4.711499909414536e-18 7.652811616897746e-02
0 82 6.412766580202191e+02 6.529256256814596e-18 6.222133666754166e-02
1 154 6.444128026042474e+02 3.660590293525835e-18 7.652540072194065e-02
1 155 6.485782974386907e+02 3.536561963656054e-18 7.651863497871776e-02
0 83 6.490284776468275e+02 4.772147969181505e-18 6.222187239701300e-02
1 156 6.527437651986991e+02 5.113664912907162e-16 7.651565841328274e-02
0 84 6.567802965311477e+02 5.656641148200656e-18 6.222157579736397e-02
1 157 6.569092114884788e+02 3.880268196163455e-18 7.651742613217787e-02
1 158 6.610746675513185e+02 2.101191105801717e-16 7.651875114862972e-02
0 85 6.645321169404925e+02 5.330502426848158e-18 6.222178520911753e-02
1 159 6.652401703312428e+02 3.107223223516455e-18 7.652177960906621e-02
1 160 6.694057329739442e+02 4.724213672883211e-18 7.653172808790880e-02
0 86 6.722839239038298e+02 5.352578806313415e-18 6.222080106495161e-02
1 161 6.735712865627465e+02 4.990882332539214e-18 7.653392538258381e-02
1 162 6.777370230374195e+02 3.442671629616083e-18 7.654283982130444e-02
0 87 6.800356953310016e+02 4.909529059599577e-18 6.221981057292361e-02
1 163 6.819026000476272e+02 2.374577629153666e-16 7.654348077206538e-02
1 164 6.860684095543901e+02 3.886206156842300e-18 7.654185616011776e-02
0 88 6.877874496007526e+02 5.276154667088870e-18 6.221999800757462e-02
1 165 6.902339905062147e+02 9.642654275470581e-16 7.654078761668240e-02
1 166 6.943996921176632e+02 3.222570157825401e-18 7.653054557522593e-02
0 89 6.955392277038509e+02 6.718041218957109e-18 6.222112514987495e-02
1 167 6.985652334753225e+02 6.617116473695880e-18 7.652806096166874e-02
1 168 7.027307548132793e+02 4.657519043704943e-18 7.651981238142067e-02
0 90 7.032910425570012e+02 6.834380026255229e-18 6.222186695180938e-02
1 169 7.068962329349077e+02 3.211446654213627e-18 7.651665457238295e-02
0 91 7.110428638874691e+02 4.931570834352878e-18 6.222149616835803e-02
1 170 7.110616758239593e+02 3.094887260750632e-16 7.651741413810022e-02
1 171 7.152271275714679e+02 3.890746351444274e-18 7.651712913047451e-02
0 92 7.187946827143887e+02 5.708124617677916e-18 6.222186232220333e-02
1 172 7.193926188099960e+02 1.077354409442155e-16 7.652026657583848e-02
1 173 7.235581507867663e+02 3.968277380730990e-18 7.652898594394485e-02
0 93 7.265464952358974e+02 9.032800104154640e-17 6.222103874663947e-02
1 174 7.277236971269709e+02 3.957773231029848e-18 7.653141017202762e-02
1 175 7.318894027912754e+02 3.943409584945517e-18 7.654146018967094e-02
0 94 7.342982732967482e+02 5.246006293271749e-18 6.221992885402808e-02
1 176 7.360549763320785e+02 3.234962264234315e-18 7.654243257610131e-02
1 177 7.402207866795433e+02 3.724568797052229e-16 7.654305162554095e-02
0 95 7.420500275871595e+02 4.956938495142245e-18 6.221986056853970e-02
1 178 7.443863699909227e+02 3.892056049382506e-18 7.654229117382702e-02
1 179 7.485521030426746e+02 4.397854422878895e-18 7.653304301420658e-02
0 96 7.498017985331244e+02 5.842164709157545e-18 6.222089462202751e-02
1 180 7.527176551824568e+02 3.568886497831722e-18 7.653078033842914e-02
1 181 7.568832073227620e+02 3.959118701802406e-18 7.652125806179448e-02
0 97 7.575536078821253e+02 4.840740707416864e-18 6.222182835202667e-02
1 182 7.610486964252551e+02 5.029076019188417e-18 7.651810570677675e-02
0 98 7.653054312250514e+02 6.322241767610422e-18 6.222152475561349e-02
1 183 7.652141408823478e+02 3.205475980133166e-18 7.651749400029019e-02
1 184 7.693795924356897e+02 1.512621154405358e-16 7.651595782955152e-02
0 99 7.730572485117414e+02 5.353405553627883e-18 6.222186153090681e-02
1 185 7.735450716973755e+02 5.314093481442718e-18 7.651911491454140e-02
1 186 7.777105779949216e+02 3.424501121544983e-18 7.652625379588376e-02
0 100 7.808090648237160e+02 4.719208521563105e-18 6.222126766049637e-02
1 187 7.818761157923590e+02 3.581421344417030e-18 7.652886467975591e-02
1 188 7.860417874935490e+02 5.042598694308344e-18 7.653966473598600e-02
0 101 7.885608504761401e+02 5.258127277281575e-18 6.222009185029653e-02
1 189 7.902073566081384e+02 4.961243055044092e-18 7.654094656059972e-02
1 190 7.943731608074658e+02 3.229801182391954e-18 7.654378342859541e-02
0 102 7.963126061263686e+02 5.445998722582531e-18 6.221977487172992e-02
1 191 7.985387454108542e+02 2.918919235185652e-16 7.654335230120247e-02
1 192 8.027045055966656e+02 6.099863216775822e-18 7.653546879107417e-02
0 103 8.040643712309311e+02 1.202040985345854e-17 6.222065753961947e-02
1 193 8.068700670878557e+02 4.657136313593926e-18 7.653344742883926e-02
1 194 8.110356541725527e+02 3.234476793429677e-18 7.652296979952349e-02
0 104 8.118161734768007e+02 5.312466424376017e-18 6.222172378133903e-02
1 195 8.152011543328623e+02 4.657505312046447e-18 7.651997508385626e-02
1 196 8.193666054274430e+02 3.402869016215067e-18 7.651760734687950e-02
0 105 8.195679981361656e+02 4.923035091629382e-18 6.222164649957288e-02
1 197 8.235320606537599e+02 3.135820461546622e-18 7.651527161903422e-02
0 106 8.273198141957263e+02 4.773869985089499e-18 6.222183999203607e-02
1 198 8.276975279754167e+02 1.158985056232600e-16 7.651822083109414e-02
1 199 8.318630140706764e+02 7.602803364307567e-18 7.652365399081106e-02
0 107 8.350716334036331e+02 5.367102668182486e-18 6.222146376923371e-02
1 200 8.360285425917136e+02 3.779358017329500e-18 7.652647302662388e-02
1 201 8.401941784164682e+02 3.215304531733359e-18 7.653750352201211e-02
0 108 8.428234262885449e+02 5.009143407299533e-18 6.222028954550891e-02
1 202 8.443597429101054e+02 4.656969656593401e-18 7.653907417563358e-02
1 203 8.485255340609913e+02 6.067421220665632e-18 7.654403320709585e-02
0 109 8.505751852519894e+02 5.281237710657479e-18 6.221972560839113e-02
1 204 8.526911180843367e+02 3.477373764752510e-18 7.654394361638718e-02
1 205 8.568569003352395e+02 3.127837750247393e-16 7.653771260840428e-02
0 110 8.583269450830448e+02 5.277766762445594e-18 6.222043952546063e-02
1 206 8.610224700238862e+02 5.550174598331331e-17 7.653595935675601e-02
1 207 8.651880933767188e+02 4.657357546718716e-18 7.652509091783621e-02
0 111 8.660787401727379e+02 4.767788770043687e-18 6.222157928572169e-02
1 208 8.693536052961937e+02 3.773488481967048e-18 7.652219867724128e-02
0 112 8.738305638554743e+02 7.292798758234596e-18 6.222177890182563e-02
1 209 8.735190694621123e+02 4.080781305531851e-18 7.651788509446839e-02
1 210 8.776845306949845e+02 3.404649935458434e-18 7.651508678669570e-02
0 113 8.815823803752531e+02 4.700368609082728e-18 6.222171401064114e-02
1 211 8.818499877137322e+02 3.135883573138017e-18 7.651760908891923e-02
1 212 8.860154582386297e+02 1.878390779532171e-17 7.652127523619255e-02
0 114 8.893342006596039e+02 4.700369533343128e-18 6.222164457095533e-02
1 213 8.901809765749820e+02 1.422136294347902e-17 7.652426540509419e-02
1 214 8.943465773887384e+02 3.469075053531503e-18 7.653504051791341e-02
0 115 8.970860008450931e+02 5.842181805489116e-18 6.222050746586380e-02
1 215 8.985121362862287e+02 3.134036885438115e-18 7.653689355039375e-02
1 216 9.026779072169247e+02 4.955056445786974e-18 7.654378634419792e-02
0 116 9.048377643418744e+02 4.894301642964559e-18 6.221974271412505e-02
1 217 9.068434891210335e+02 4.634067609446397e-18 7.654402018420252e-02
1 218 9.110092881805170e+02 3.190564077100298e-18 7.653970158627621e-02
0 117 9.125895206502244e+02 1.464668074079544e-17 6.222022194724611e-02
1 219 9.151748649053478e+02 2.516465262093329e-16 7.653824681177374e-02
1 220 9.193405240227249e+02 2.272091385681070e-16 7.652743899055868e-02
0 118 9.203413077769375e+02 6.142026649761310e-18 6.222139799280002e-02
1 221 9.235060478002209e+02 3.774352018194420e-18 7.652467760166019e-02
1 222 9.276715327715178e+02 3.246523525864208e-18 7.651837912555359e-02
0 119 9.280931293345776e+02 4.914493779986536e-18 6.222184558873934e-02
1 223 9.318370007421084e+02 3.690222398289362e-18 7.651543097945561e-02
0 120 9.358449471934617e+02 5.124184692122185e-18 6.222162752947814e-02
1 224 9.360024504874559e+02 7.674169798945834e-18 7.651737688467893e-02
1 225 9.401679098011587e+02 3.368245396536098e-18 7.651918713497659e-02
0 121 9.435967672238539e+02 6.542760155989462e-18 6.222176073001896e-02
1 226 9.443334170755164e+02 2.539905059822893e-17 7.652224560016234e-02
1 227 9.484989848506664e+02 2.478182065575240e-17 7.653239436876266e-02
0 122 9.513485738039158e+02 4.934884454029576e-18 6.222074674878717e-02
1 228 9.526645371654771e+02 3.770925121049445e-18 7.653452242857756e-02
1 229 9.568302818611608e+02 3.486484857270961e-18 7.654303191341336e-02
0 123 9.591003432735022e+02 4.845787021282425e-18 6.221979145544393e-02
1 230 9.609958611722844e+02 3.387166746218111e-18 7.654358441200997e-02
1 231 9.651616705575616e+02 3.406036858081561e-18 7.654138554603250e-02
0 124 9.668520972325809e+02 2.406050399506209e-17 6.222005519110901e-02
1 232 9.693272524077744e+02 3.213316481362604e-18 7.654024076140001e-02
1 233 9.734929460981680e+02 2.108433567693021e-16 7.652987441806430e-02
0 125 9.746038769094222e+02 5.420800825634466e-18 6.222118415798116e-02
1 234 9.776584814083789e+02 7.486669339775504e-16 7.652731441414284e-02
1 235 9.818239924952128e+02 3.107336509031304e-18 7.651939204886762e-02
0 126 9.823556941831513e+02 5.891239214787182e-18 6.222188684088880e-02
1 236 9.859894690076895e+02 3.635782667990813e-18 7.651629476295213e-02
0 127 9.901075144150998e+02 9.961417007578924e-18 6.222151532990908e-02
1 237 9.901549137453924e+02 5.094766099404591e-18 7.651730976716811e-02
1 238 9.943203680879182e+02 3.625184477076108e-18 7.651745749966209e-02
0 128 9.978593331518437e+02 4.899075682113231e-18 6.222185767959826e-02
1 239 9.984858638563975e+02 3.135957502852466e-18 7.652051039619497e-02
1 240 1.002651400920675e+03 7.204408547778163e-18 7.652965693147548e-02
0 129 1.005611145280929e+03 5.212323198932948e-18 6.222097962539413e-02
1 241 1.006816946082830e+03 5.463403027685083e-18 7.653203092203849e-02
1 242 1.010982660368882e+03 4.677059336131827e-18 7.654178054446388e-02
0 130 1.013362921593662e+03 5.842208198281987e-18 6.221990939238964e-02
1 243 1.015148235929164e+03 3.106348926177681e-18 7.654266455792598e-02
1 244 1.019314048094060e+03 3.977042973125415e-18 7.654268179326434e-02
0 131 1.021114675041425e+03 6.103819042448073e-18 6.221989816430592e-02
1 245 1.023479633056068e+03 4.141121012886017e-18 7.654184343490281e-02
1 246 1.027645359510847e+03 3.179578572426933e-18 7.653234290714338e-02
0 132 1.028866447396674e+03 4.914775582274265e-18 6.222096202396896e-02
1 247 1.031810905906710e+03 1.653868582455253e-16 7.653002824942061e-02
1 248 1.035976446948344e+03 3.843471000893544e-18 7.652079784085150e-02
0 133 1.036618259270045e+03 4.905959091608164e-18 6.222184077813465e-02
1 249 1.040141933579600e+03 4.052352639385152e-18 7.651763191322232e-02
0 134 1.044370081944644e+03 5.129946617810673e-18 6.222152080724149e-02
1 250 1.044307377734329e+03 3.365736072804355e-18 7.651738028812553e-02
1 251 1.048472831463281e+03 3.107456153837971e-18 7.651616729827240e-02
0 135 1.052121898789457e+03 5.321281302731875e-18 6.222186552764715e-02
1 252 1.052638316431796e+03 3.409702867285415e-18 7.651932549824857e-02
1 253 1.056803825882332e+03 3.107013326785221e-18 7.652691163735945e-02
0 136 1.059873715276208e+03 5.532851191551212e-18 6.222121426108688e-02
1 254 1.060969363304675e+03 4.536777002411390e-18 7.652948679007633e-02
1 255 1.065135043922207e+03 3.924650474119257e-18 7.654009981527835e-02
0 137 1.067625498996604e+03 5.028855380784774e-18 6.222004841291683e-02
1 256 1.069300614380748e+03 4.551450326745300e-18 7.654130483334448e-02
1 257 1.073466422133651e+03 3.106317516997423e-18 7.654353156473702e-02
0 138 1.075377253552399e+03 4.874201658872741e-18 6.221981105530860e-02
1 258 1.077632009166816e+03 3.981187725216994e-18 7.654301028970172e-02
1 259 1.081797764291080e+03 6.568434867622922e-18 7.653480922286571e-02
0 139 1.083129019521777e+03 5.519907030251796e-18 6.222072384947020e-02
1 260 1.085963321032646e+03 3.308168333048085e-18 7.653272807964649e-02
1 261 1.090128895978979e+03 1.099982509121520e-16 7.652246732077145e-02
0 140 1.090880824666360e+03 4.767844320220451e-18 6.222176714071100e-02
1 262 1.094294393014647e+03 5.485027125141928e-18 7.651939453433730e-02
1 263 1.098459841784655e+03 3.394071494914904e-18 7.651751456301224e-02
0 141 1.098632649213351e+03 5.276856239705935e-18 6.222160605606399e-02
1 264 1.102625298468040e+03 3.371264346010586e-18 7.651535881068344e-02
0 142 1.106384464631989e+03 4.860072718311573e-18 6.222185704288406e-02
1 265 1.106790771956366e+03 3.984538755083979e-18 7.651840909609971e-02
1 266 1.110956260183430e+03 4.657389237683963e-18 7.652425625492777e-02
0 143 1.114136283852648e+03 5.008516507468557e-18 6.222141917430837e-02
1 267 1.115121788787194e+03 3.106994358597076e-18 7.652699531472379e-02
1 268 1.119287433448362e+03 7.239523880714822e-18 7.653804128671123e-02
0 144 1.121888075343000e+03 5.367608159751745e-18 6.222024584128986e-02
1 269 1.123452998285712e+03 4.656956949662397e-18 7.653954194396878e-02
1 270 1.127618794851106e+03 3.203387580657700e-18 7.654389697444110e-02
0 145 1.129639832588842e+03 5.974555453054485e-18 6.221974371031478e-02
1 271 1.131784382263479e+03 3.372596248221234e-18 7.654371504384909e-02
1 272 1.135950160817174e+03 4.054534087603343e-18 7.653711263970547e-02
0 146 1.137391593170949e+03 5.733686375053321e-18 6.222050218171483e-02
1 273 1.140115726449530e+03 7.623313559301597e-18 7.653528807332526e-02
1 274 1.144281338552393e+03 3.590021895740719e-18 7.652442179127915e-02
0 147 1.145143390824248e+03 5.426429504825076e-18 6.222162175935881e-02
1 275 1.148446845998251e+03 9.214218313382704e-17 7.652153023914338e-02
1 276 1.152612305067172e+03 3.933310642074383e-18 7.651777249437286e-02
0 148 1.152895215342123e+03 1.318545178090486e-17 6.222177901256570e-02
1 277 1.156777767593020e+03 3.881877644853858e-18 7.651504585647885e-02
0 149 1.160647030543621e+03 6.721487536732625e-18 6.222174808864778e-02
1 278 1.160943230075859e+03 3.270403424417111e-18 7.651773077399678e-02
1 279 1.165108702691783e+03 3.107224059804493e-18 7.652180623013520e-02
0 150 1.168398851373708e+03 7.623367869448519e-18 6.222160289207828e-02
1 280 1.169274222154662e+03 4.157198791009598e-18 7.652475654280598e-02
1 281 1.173439830212049e+03 3.171553409057275e-18 7.653566224675880e-02
0 151 1.176150650160883e+03 5.081858890771738e-18 6.222045069142127e-02
1 282 1.177605389140264e+03 6.445179694599960e-18 7.653744336027155e-02
1 283 1.181771167571112e+03 3.935653422039934e-18 7.654377738750975e-02
0 152 1.183902411855594e+03 5.352977301554548e-18 6.221975184673635e-02
1 284 1.185936753284657e+03 4.009423421714982e-18 7.654393144869845e-02
1 285 1.190102549870413e+03 3.377619965857602e-18 7.653917014663761e-02
0 153 1.191654168262367e+03 4.966492206978253e-18 6.222028591232151e-02
1 286 1.194268123569312e+03 5.510051237892776e-18 7.653763237284220e-02
1 287 1.198433772426513e+03 5.908814355164857e-18 7.652675419023829e-02
0 154 1.199405958117710e+03 5.149951858880191e-18 6.222145646270601e-02
1 288 1.202599291245282e+03 3.162515323845371e-18 7.652396259104416e-02
0 155 1.207157780943254e+03 4.700363319887483e-18 6.222183035641386e-02
1 289 1.206764767690929e+03 4.869998263059108e-17 7.651822848669183e-02
1 290 1.210930237200662e+03 3.939296127360827e-18 7.651524975210153e-02
0 156 1.214909597449981e+03 4.891515515110654e-18 6.222164460837078e-02
1 291 1.215095691476237e+03 4.275503129830309e-18 7.651737028776866e-02
1 292 1.219261152626107e+03 3.276249646852748e-18 7.651963855896722e-02
0 157 1.222661417808220e+03 4.764818493386873e-18 6.222174140507550e-02
1 293 1.223426662110172e+03 4.657430274455227e-18 7.652270580184505e-02
1 294 1.227592235899293e+03 3.908755399688387e-18 7.653305165491806e-02
0 158 1.230413223707288e+03 7.019026270719743e-17 6.222069017187593e-02
1 295 1.231757787791934e+03 3.283884860097123e-18 7.653510022428787e-02
1 296 1.235923541487573e+03 1.982545019968825e-17 7.654316115891432e-02
0 159 1.238164990863539e+03 4.700467120618878e-18 6.221978720970805e-02
1 297 1.240089124329567e+03 4.656848928203897e-18 7.654363362278051e-02
1 298 1.244254932916584e+03 3.476931368888313e-18 7.654092389498175e-02
0 160 1.245916744752368e+03 4.989575537666907e-18 6.222010419732624e-02
1 299 1.248420513232699e+03 3.212211346254923e-18 7.653969447440520e-02
1 300 1.252586197664207e+03 7.113953895118337e-18 7.652919419543923e-02
0 161 1.253668526570993e+03 5.147522949703417e-18 6.222124477309931e-02
1 301 1.256751727432877e+03 3.107025203739568e-18 7.652657340501573e-02
1 302 1.260917228988600e+03 3.316001122175864e-18 7.651897611623766e-02
0 162 1.261420346063185e+03 6.099910639778886e-18 6.222189924726089e-02
1 303 1.265082705543094e+03 3.624992851590687e-17 7.651597500539979e-02
0 163 1.269172164631603e+03 6.842897793549798e-18 6.222154185598430e-02
1 304 1.269248153932673e+03 3.945251113595936e-18 7.651723688870395e-02
1 305 1.273413609283697e+03 3.376113222689100e-18 7.651781142863985e-02
0 164 1.276923983822360e+03 4.909243758027941e-18 6.222183528437100e-02
1 306 1.277579108000512e+03 3.387465028448411e-18 7.652087659524422e-02
1 307 1.281744650192933e+03 7.602690011681381e-18 7.653032690174985e-02
0 165 1.284675795404116e+03 4.905370914139432e-18 6.222092401410301e-02
1 308 1.285910194474392e+03 4.523747979391111e-18 7.653264142798936e-02
1 309 1.290075918305899e+03 3.159426904853332e-18 7.654204943682373e-02
0 166 1.292427569541387e+03 7.538680758255900e-18 6.221989014264655e-02
1 310 1.294241497532216e+03 1.811545569563156e-17 7.654284349154303e-02
1 311 1.298407311008721e+03 4.656884380029177e-18 7.654231330109063e-02
0 167 1.300179322249888e+03 4.700457560633203e-18 6.221994997094914e-02
1 312 1.302572895845206e+03 4.156262033775530e-18 7.654139868810500e-02
1 313 1.306738614048448e+03 3.283039993250260e-18 7.653166768467760e-02
0 168 1.307931096708411e+03 4.860414640163248e-18 6.222102424997070e-02
1 314 1.310904154646808e+03 4.037559035467282e-18 7.652928112902786e-02
1 315 1.315069684811815e+03 5.133017686911507e-18 7.652033859576790e-02
0 169 1.315682910941213e+03 6.526547338813234e-18 6.222185879871490e-02
1 316 1.319235170874429e+03 3.180233938153818e-18 7.651719639326184e-02
0 170 1.323434732387620e+03 4.986837936102398e-18 6.222151717484630e-02
1 317 1.323400616797170e+03 2.043400258838565e-17 7.651725356871443e-02
1 318 1.327566071402548e+03 3.951216862336630e-18 7.651640346389216e-02
0 171 1.331186549279153e+03 4.700360082117611e-18 6.222187946995330e-02
1 319 1.331731560078469e+03 5.823251143261472e-18 7.651951525087852e-02
1 320 1.335897073288824e+03 4.029741236197416e-18 7.652757546167353e-02
0 172 1.338938365892106e+03 8.717736225362603e-18 6.222115863403556e-02
1 321 1.340062609697510e+03 3.376594209409947e-18 7.653010857502217e-02
1 322 1.344228300489395e+03 3.900497562220444e-18 7.654048118750344e-02
0 173 1.346690147231148e+03 4.917238305381256e-18 6.222002255139628e-02
1 323 1.348393874431105e+03 3.113756293793207e-18 7.654160213277345e-02
1 324 1.352559685224631e+03 2.119754863022392e-17 7.654327186085848e-02
0 174 1.354441900757294e+03 4.940396837073625e-18 6.221983977059009e-02
1 325 1.356725273048749e+03 5.994799211275654e-18 7.654266843135883e-02
1 326 1.360891021646080e+03 3.205477178577911e-18 7.653414192589901e-02
0 175 1.362193668172771e+03 6.423098113619969e-18 6.222078979275970e-02
1 327 1.365056572677924e+03 3.687369954054216e-18 7.653199754194522e-02
1 328 1.369222135573928e+03 4.657450956960103e-18 7.652196683072184e-02
0 176 1.369945476295447e+03 5.218986700620240e-18 6.222179936060438e-02
1 329 1.373387631371113e+03 4.176312531195896e-18 7.651884803259205e-02
0 177 1.377697299818122e+03 5.252586571256579e-18 6.222158266674793e-02
1 330 1.377553080318101e+03 3.245749523285676e-18 7.651739254149623e-02
1 331 1.381718537394910e+03 9.336775490809096e-18 7.651546999279084e-02
0 178 1.385449115015690e+03 6.201792839266018e-18 6.222185707012805e-02
1 332 1.385884015764514e+03 7.461363141381204e-18 7.651857327128510e-02
1 333 1.390049505568607e+03 3.740685062095768e-18 7.652488002215185e-02
0 179 1.393200934585159e+03 7.615758380266801e-18 6.222137933715775e-02
1 334 1.394215033412017e+03 3.752352975210876e-18 7.652758355809706e-02
1 335 1.398380688432543e+03 3.736224256026282e-18 7.653852759216295e-02
0 180 1.400952724046108e+03 4.700444622414135e-18 6.222020301630034e-02
1 336 1.402546255865303e+03 3.896343027795483e-18 7.653995636157830e-02
1 337 1.406712057154065e+03 3.371086906149864e-18 7.654375336560940e-02
0 181 1.408704479690105e+03 7.406787526519909e-18 6.221977567905582e-02
1 338 1.410877646774047e+03 1.783476614315174e-17 7.654347797884392e-02
1 339 1.415043420646387e+03 6.274791737643994e-18 7.653650595744618e-02
0 182 1.416456241503442e+03 4.774455479695580e-18 6.222055720686227e-02
1 340 1.419208981093120e+03 4.152089193555954e-18 7.653461599769500e-02
1 341 1.423374580387864e+03 3.651767007107926e-18 7.652384656722257e-02
0 183 1.424208042006245e+03 6.433739081963610e-18 6.222166698332356e-02
1 342 1.427540085913954e+03 4.858227188916224e-18 7.652088814597643e-02
1 343 1.431705542705574e+03 3.420472418906769e-18 7.651764195182578e-02
0 184 1.431959866644577e+03 4.941320324250374e-18 6.222171858164919e-02
1 344 1.435871005721275e+03 3.335868228558919e-18 7.651503849289679e-02
0 185 1.439711680815931e+03 4.969122905410709e-18 6.222179889470952e-02
1 345 1.440036473587382e+03 6.820079597035271e-18 7.651787844980738e-02
1 346 1.444201946542347e+03 5.121461442641726e-18 7.652235913967274e-02
0 186 1.447463502381625e+03 5.842137648442596e-18 6.222156104822825e-02
1 347 1.448367465556335e+03 4.462746625406499e-18 7.652524505661619e-02
1 348 1.452533083279731e+03 3.402842660883017e-18 7.653624225548972e-02
0 187 1.455215299340540e+03 4.946429907948695e-18 6.222040837737292e-02
1 349 1.456698643943560e+03 6.395116602052395e-18 7.653795329691737e-02
