1 0 9.417284746750347e+00 1.448338053480941e-17 3.087509763272498e-02
0 0 1.360834613260366e+01 7.115721113966133e-18 4.380968386511069e-02
0 1 3.017635534152352e+01 7.179854819285166e-18 4.381040704450246e-02
0 2 4.674457394323237e+01 8.387940568777904e-18 4.380861780482269e-02
1 1 5.674719351826592e+01 1.425040287169744e-17 3.087415286485739e-02
0 3 6.331272716535902e+01 7.231538426131190e-18 4.380905708268357e-02
0 4 7.988080298498959e+01 7.131658341673468e-18 4.381061925641356e-02
0 5 9.644892031785326e+01 7.515835397698322e-18 4.380884894491541e-02
1 2 1.040770484137146e+02 2.588161191902356e-16 3.087392801767667e-02
0 6 1.130170809596125e+02 7.111068990674171e-18 4.380867843149765e-02
0 7 1.295852544024001e+02 7.223720902622461e-18 4.381053761676686e-02
0 8 1.461532878079963e+02 7.145882219227511e-18 4.380938756358203e-02
1 3 1.514069259230219e+02 1.485114013263098e-17 3.087463949559132e-02
0 9 1.627214233573136e+02 7.786586024537926e-18 4.380864301163424e-02
0 10 1.792896934269154e+02 7.073284487952143e-18 4.381018473612964e-02
0 11 1.958576876221611e+02 7.110383755029736e-18 4.381005189988256e-02
1 4 1.987368749252593e+02 1.441821724013332e-17 3.087557994240086e-02
0 12 2.124257727529343e+02 7.153340742147380e-18 4.380892758815929e-02
0 13 2.289941074136173e+02 7.101326236960128e-18 4.380966109184393e-02
0 14 2.455621162868751e+02 7.623952752996932e-18 4.381046973068406e-02
1 5 2.460668469450391e+02 4.806100762998536e-17 3.087577181935993e-02
0 15 2.621301441876158e+02 6.284935213091307e-17 4.380942359315856e-02
0 16 2.786984910188394e+02 7.172483460457738e-18 4.380911991202509e-02
1 6 2.933968088065182e+02 1.504571833731153e-17 3.087577461474358e-02
0 17 2.952665511502403e+02 7.668965685280207e-18 4.381028593623353e-02
0 18 3.118345453167040e+02 7.172123157111282e-18 4.380997385349419e-02
0 19 3.284028481080600e+02 7.197006890544485e-18 4.380872772880619e-02
1 7 3.407267784108441e+02 1.424134236536808e-17 3.087507524360487e-02
0 20 3.449709645220202e+02 7.084464359921189e-18 4.380966915769321e-02
0 21 3.615389747084383e+02 7.181542030834568e-18 4.381041542599308e-02
0 22 3.781071911079144e+02 7.275775164161585e-18 4.380861955832568e-02
1 8 3.880566860540009e+02 1.441447822727466e-17 3.087413964750650e-02
0 23 3.946753448230828e+02 7.085142160838072e-18 4.380904542073003e-02
0 24 4.112434226223235e+02 9.330072691432826e-18 4.381062144660847e-02
0 25 4.278115377830861e+02 7.428126210285747e-18 4.380885837888675e-02
1 9 4.353865404140760e+02 9.043430083960125e-17 3.087393447393633e-02
0 26 4.443796981840571e+02 7.076575688040893e-18 4.380867399766926e-02
0 27 4.609478739478079e+02 7.516759666803078e-18 4.381053318801934e-02
0 28 4.775159059162163e+02 7.343519949244004e-18 4.380940254480642e-02
1 10 4.827164195115275e+02 1.424976942308768e-17 3.087466019776035e-02
0 29 4.940840405636338e+02 7.098104847952430e-18 4.380864654086401e-02
0 30 5.106523125403896e+02 7.146141435408816e-18 4.381017512245434e-02
0 31 5.272203064666036e+02 7.143315903917470e-18 4.381006657125920e-02
1 11 5.300463693501503e+02 1.428700572917331e-17 3.087559089104571e-02
0 32 5.437883903263699e+02 7.086178463692864e-18 4.380893742552124e-02
0 33 5.603567258721127e+02 7.316779945519516e-18 4.380964925903987e-02
0 34 5.769247355671255e+02 7.203423191170782e-18 4.381047319431599e-02
1 12 5.773763411785362e+02 1.424162868190748e-17 3.087576971166155e-02
0 35 5.934927623729428e+02 7.248532486373272e-18 4.380943652851521e-02
0 36 6.100611087985059e+02 7.112794549308130e-18 4.380910962385282e-02
1 13 6.247063035275837e+02 1.427869342753980e-17 3.087577126788658e-02
0 37 6.266291702695858e+02 2.174440556399568e-17 4.381027566038456e-02
0 38 6.431971641759857e+02 7.120686525280420e-18 4.380998608911961e-02
0 39 6.597654653984292e+02 7.674848361093030e-18 4.380872251537821e-02
1 14 6.720362728571316e+02 1.424133851662573e-17 3.087505168799050e-02
0 40 6.763335829743855e+02 7.282985659767182e-18 4.380965542395117e-02
0 41 6.929015941055667e+02 7.084524920694086e-18 4.381042357440208e-02
0 42 7.094698082695108e+02 7.252099617364003e-18 4.380862167959415e-02
1 15 7.193661783234577e+02 1.426354696409083e-17 3.087412213366800e-02
0 43 7.260379625347514e+02 7.952731116532876e-18 4.380903524907637e-02
0 44 7.426060422655620e+02 7.273893519797668e-18 4.381062335960716e-02
0 45 7.591741552519223e+02 7.218157253562801e-18 4.380886792331929e-02
1 16 7.666960323624370e+02 1.426144415774698e-17 3.087394030759294e-02
0 46 7.757423154252050e+02 7.073501422206474e-18 4.380867068435419e-02
0 47 7.923104934735757e+02 7.917356478392377e-18 4.381052848850677e-02
0 48 8.088785240668807e+02 7.122314079515081e-18 4.380941674434798e-02
1 17 8.140259125738045e+02 1.455935894472400e-17 3.087468370040383e-02
0 49 8.254466577469689e+02 7.073505383263189e-18 4.380865073783945e-02
0 50 8.420149316167892e+02 7.403760679819762e-18 4.381016530583884e-02
0 51 8.585829254168813e+02 7.073324378152919e-18 4.381007987205228e-02
1 18 8.613558642865847e+02 1.433823599679417e-17 3.087560765096483e-02
0 52 8.751510078536897e+02 7.073464001535005e-18 4.380894758048940e-02
0 53 8.917193442957255e+02 7.282976847538535e-18 4.380963732904894e-02
0 54 9.082873548923104e+02 7.112103844056299e-18 4.381047809434854e-02
1 19 9.086858354769577e+02 4.371042194353989e-16 3.087576677441063e-02
0 55 9.248553805226096e+02 7.110221481412045e-18 4.380944957295988e-02
0 56 9.414237265583573e+02 7.203972549516656e-18 4.380909933997550e-02
1 20 9.560157983738275e+02 1.442514882406628e-17 3.087576159207921e-02
0 57 9.579917892616032e+02 7.120697545109200e-18 4.381026527742239e-02
0 58 9.745597830175751e+02 7.112536076231565e-18 4.380999832370804e-02
0 59 9.911280826877580e+02 3.255063431352383e-17 4.380871743131152e-02
1 21 1.003345766477899e+03 1.426120903324567e-17 3.087502863229345e-02
0 60 1.007696201284536e+03 7.169062924521642e-18 4.380963961541207e-02
0 61 1.024264213498744e+03 7.410540787035284e-18 4.381043164712132e-02
0 62 1.040832425437837e+03 7.073508292941668e-18 4.380862420726067e-02
1 22 1.050675670694970e+03 5.143195915395509e-17 3.087410849759707e-02
0 63 1.057400580168070e+03 7.238659148656918e-18 4.380902366970413e-02
0 64 1.073968661908140e+03 7.209393321996699e-18 4.381062515074656e-02
0 65 1.090536772703657e+03 7.073472567623781e-18 4.380887859293008e-02
1 23 1.098005524348482e+03 2.028831922645041e-17 3.087394918471996e-02
0 66 1.107104932648431e+03 7.398815195601882e-18 4.380866679683056e-02
0 67 1.123673112990240e+03 7.184591984207503e-18 4.381052366028308e-02
0 68 1.140241142124939e+03 1.109220010972794e-17 4.380943336362394e-02
1 24 1.145335406389777e+03 1.424485029524055e-17 3.087470445826465e-02
0 69 1.156809274954532e+03 7.232933244225443e-18 4.380865480124747e-02
0 70 1.173377550667017e+03 7.139636666907822e-18 4.381015539827744e-02
0 71 1.189945544187486e+03 7.199690016545705e-18 4.381009496006764e-02
1 25 1.192665358870696e+03 1.869487386552584e-17 3.087561862361470e-02
0 72 1.206513625425059e+03 7.340399899584160e-18 4.380895776157437e-02
0 73 1.223081962674325e+03 7.074169443426940e-18 4.380962537170987e-02
0 74 1.239649974174592e+03 8.206866087066726e-18 4.381047950956565e-02
1 26 1.239995329680421e+03 7.195832321688097e-17 3.087576374212600e-02
0 75 1.256217998709957e+03 8.043481691989030e-18 4.380946264219333e-02
0 76 1.272786344266002e+03 7.073649103406465e-18 4.380908906191398e-02
1 27 1.287325293012761e+03 1.424770968676799e-17 3.087575880368877e-02
0 77 1.289354408390930e+03 7.218640681905789e-18 4.381025508672554e-02
0 78 1.305922401881497e+03 7.506109463143848e-18 4.381001052130155e-02
0 79 1.322490699943357e+03 7.389937206209276e-18 4.380871227743999e-02
1 28 1.334655260799865e+03 1.464007792604357e-17 3.087500532757891e-02
0 80 1.339058819678957e+03 7.438665236257112e-18 4.380962588021241e-02
0 81 1.355626832899888e+03 8.947961599214708e-17 4.381043963661472e-02
0 82 1.372195042609019e+03 7.167494838204563e-18 4.380862634099571e-02
1 29 1.381985162990695e+03 4.585200654204514e-17 3.087409294402368e-02
0 83 1.388763197814938e+03 7.114975241979284e-18 4.380901311906520e-02
0 84 1.405331281552169e+03 7.447848952020989e-18 4.381062685331591e-02
0 85 1.421899390214213e+03 7.191828334516150e-18 4.380888816239806e-02
1 30 1.429315016386498e+03 1.424698715438312e-17 3.087395444029821e-02
0 86 1.438467549863504e+03 7.211329151281101e-18 4.380866324657719e-02
0 87 1.455035732513078e+03 7.282851180551533e-18 4.381051877795878e-02
