2 0 6.486582032047172e-01 3.671626367474884e-18 7.099538848580109e-02
0 0 2.371520879783415e+00 4.836183146558742e-18 5.919084154723554e-02
2 1 4.796557876631283e+00 2.869702379065288e-18 7.099272417331250e-02
2 2 8.944439113309977e+00 2.870574712547478e-18 7.097199481641499e-02
0 1 9.528120262724959e+00 4.802804660576529e-18 5.919421212062748e-02
1 0 1.000665901415376e+01 8.752967172712074e-18 4.381523392654156e-02
2 3 1.309211480928528e+01 8.791203955035384e-18 7.096637132952516e-02
0 2 1.668474685371103e+01 5.926098451126024e-18 5.919200755608543e-02
2 4 1.723977822336261e+01 3.246217115362061e-18 7.097246250081038e-02
2 5 2.138762500874842e+01 3.163101798755676e-18 7.099240198418172e-02
0 3 2.384158567937224e+01 4.801235474833064e-18 5.918559012428801e-02
2 6 2.553547226206917e+01 5.368011515054085e-18 7.099376736542701e-02
1 1 2.765395202376486e+01 7.573855713074619e-18 4.381317374164403e-02
2 7 2.968387806760707e+01 2.926684228498160e-18 7.098432540941733e-02
0 4 3.099817622966354e+01 6.480019347561972e-18 5.918735779756022e-02
2 8 3.383169091487622e+01 4.802754670777714e-18 7.098127624492842e-02
2 9 3.797933518987402e+01 4.733964075522141e-18 7.097525726574881e-02
0 5 3.815500442303132e+01 5.480027672761184e-18 5.919160334704643e-02
2 10 4.212695117800244e+01 2.872629124669669e-18 7.097081289528434e-02
0 6 4.531162787413773e+01 4.148787226117685e-18 5.919438243513231e-02
1 2 4.530124863230596e+01 7.829615927356548e-18 4.381505943287985e-02
2 11 4.627472071117308e+01 3.705536890678817e-18 7.097596623018666e-02
2 12 5.042291303295569e+01 3.784945584414518e-18 7.099724387637106e-02
0 7 5.246815646629366e+01 4.410149819781311e-18 5.918954786472594e-02
2 13 5.457080672442384e+01 3.164875336656450e-18 7.099804397084168e-02
2 14 5.871895482545589e+01 7.509155655429240e-18 7.097503935598401e-02
0 8 5.962487094992607e+01 4.858955383974745e-18 5.918860572707815e-02
2 15 6.286667368714842e+01 2.870621414497085e-18 7.097047884613482e-02
1 3 6.294853503275169e+01 1.346714076767283e-17 4.381388295376256e-02
0 9 6.678162023967194e+01 4.546150440773795e-18 5.918727558876356e-02
2 16 6.701426259158964e+01 2.985870341746952e-18 7.097386128238914e-02
2 17 7.116192425967840e+01 5.113324150448303e-16 7.098410313629488e-02
0 10 7.393848761764528e+01 9.980561505244935e-18 5.919038067371132e-02
2 18 7.530977003788153e+01 3.747424449615386e-18 7.098670033068988e-02
2 19 7.945820568306415e+01 3.106133685386216e-18 7.099299001349275e-02
1 4 8.059581756702489e+01 7.572165291044323e-18 4.381522171812502e-02
0 11 8.109496608780395e+01 4.350585755565969e-18 5.919159443579806e-02
2 20 8.360608595539290e+01 3.983171436273170e-18 7.099044282683356e-02
0 12 8.825158083326080e+01 4.870061206937791e-18 5.919353494359619e-02
2 21 8.775389883775408e+01 3.698571718749491e-18 7.097292040746558e-02
2 22 9.190155051787887e+01 3.847124068671778e-18 7.096743397770978e-02
0 13 9.540832012041470e+01 4.990721744069851e-18 5.918937737092477e-02
2 23 9.604921072090585e+01 3.195930865221490e-18 7.097191433140228e-02
1 5 9.824312435713705e+01 7.589449689664646e-18 4.381345706847364e-02
2 24 1.001971228830265e+02 2.869649029976150e-18 7.099380867683690e-02
0 14 1.025650382892601e+02 5.310967803509572e-18 5.918538044818362e-02
2 25 1.043449822997892e+02 1.015233862057018e-16 7.099586601707653e-02
2 26 1.084933687623176e+02 3.128181584263899e-18 7.098304277561110e-02
0 15 1.097217681581211e+02 4.366596778470544e-18 5.919003535253688e-02
2 27 1.126411855365197e+02 3.157883558591029e-18 7.097799571294851e-02
1 6 1.158904210578125e+02 7.829967992572013e-18 4.381552662171528e-02
0 16 1.168784565879268e+02 5.870675306982291e-18 5.919177303009461e-02
2 28 1.167888115069518e+02 4.499101500971756e-18 7.097513018637817e-02
2 29 1.209364109744425e+02 2.901665260249549e-18 7.097316314482306e-02
0 17 1.240350863899933e+02 5.333151565914913e-18 5.919389588403426e-02
2 30 1.250841950046522e+02 4.502824476108042e-18 7.097860019136197e-02
2 31 1.292324531425113e+02 5.730265537969580e-18 7.099678120739428e-02
0 18 1.311916781480634e+02 3.235697523070402e-17 5.918687165764856e-02
1 7 1.335377131892456e+02 7.791992458782315e-18 4.381467370066879e-02
2 32 1.333803213800572e+02 2.870512887925433e-18 7.099646249575124e-02
2 33 1.375283801391384e+02 3.200286551212034e-18 7.097333484066701e-02
0 19 1.383483442389782e+02 4.200479804400547e-18 5.918886896986348e-02
2 34 1.416760998552005e+02 3.463481340256863e-18 7.096939540529033e-02
0 20 1.455052347196779e+02 4.319271082963681e-18 5.918934486057810e-02
2 35 1.458237258300321e+02 2.878409638524301e-18 7.097300457681442e-02
2 36 1.499714287566909e+02 8.688443928090055e-18 7.098554544997343e-02
1 8 1.511850081169119e+02 7.556635391606027e-18 4.381517118732091e-02
0 21 1.526619442039152e+02 5.283228438549423e-18 5.919034649999724e-02
2 37 1.541192906539647e+02 2.869846841093509e-18 7.098834446191296e-02
2 38 1.582677404959940e+02 3.043759993485672e-18 7.099190322432859e-02
0 22 1.598184154364891e+02 3.617999433227197e-17 5.919220444396771e-02
2 39 1.624156082756504e+02 1.227562376871821e-16 7.098902103828492e-02
2 40 1.665633456053881e+02 3.606232844164886e-18 7.097260665913249e-02
0 23 1.669750942452690e+02 4.672913154304886e-18 5.919092865501471e-02
1 9 1.688323124770491e+02 8.909191205897560e-18 4.381455467343649e-02
2 41 1.707109676860926e+02 3.196596522178207e-18 7.096754721917647e-02
0 24 1.741317951471731e+02 7.759784962201945e-17 5.918950231581417e-02
2 42 1.748586421938751e+02 3.263207631590341e-18 7.097316167147504e-02
2 43 1.790066537473848e+02 3.696087630928075e-18 7.099616765544206e-02
0 25 1.812886543745597e+02 4.734533080788902e-18 5.918606622193519e-02
2 44 1.831545401445696e+02 3.554333200181952e-18 7.099620398531051e-02
1 10 1.864796191431175e+02 7.919191123078516e-18 4.381489249291996e-02
2 45 1.873028781563485e+02 3.642586609671661e-18 7.098025167598140e-02
0 26 1.884452308318244e+02 1.392482417977990e-17 5.919037059505439e-02
2 46 1.914506745685296e+02 3.749159237872694e-18 7.097592514119350e-02
0 27 1.956019176144081e+02 4.398886418871808e-18 5.919276794642569e-02
2 47 1.955982969224096e+02 8.441830914325906e-17 7.097635960578173e-02
2 48 1.997458905861439e+02 2.899722883081483e-18 7.097550294275680e-02
0 28 2.027585741951991e+02 4.915861295278707e-18 5.919186055972930e-02
1 11 2.041269107789801e+02 7.534801726519922e-18 4.381568066981574e-02
2 49 2.038936629288166e+02 3.151029706059703e-18 7.098010203167843e-02
2 50 2.080419716636301e+02 4.445707039865785e-18 7.099609188099273e-02
0 29 2.099151308831239e+02 5.442881897306301e-18 5.918707427493057e-02
2 51 2.121898439515708e+02 2.991506006500956e-18 7.099620619248614e-02
2 52 2.163378420614720e+02 4.909554304333376e-18 7.097258655916448e-02
0 30 2.170719841943363e+02 6.017610340396372e-18 5.918883962572092e-02
2 53 2.204855482561331e+02 2.870759498402076e-18 7.096724306058544e-02
1 12 2.217742054633283e+02 7.802597595799533e-18 4.381409373861805e-02
0 31 2.242286969046079e+02 4.197041601343472e-18 5.918962313099501e-02
2 54 2.246331954097919e+02 2.893212974337282e-18 7.097162213746783e-02
2 55 2.287809409218319e+02 5.465392577948579e-18 7.098850732976739e-02
0 32 2.313854239390932e+02 4.771056486351165e-18 5.919194842631847e-02
2 56 2.329288170142117e+02 3.755136766361707e-18 7.099102724449591e-02
2 57 2.370772522557147e+02 2.901366189549398e-18 7.098869043372343e-02
0 33 2.385418759940427e+02 4.128242670725315e-18 5.919160509401097e-02
1 13 2.394215131479136e+02 8.263886941079239e-18 4.381510918063392e-02
2 58 2.412250837520353e+02 4.502651372665544e-18 7.098581205511204e-02
2 59 2.453727553336393e+02 5.993484497552955e-18 7.097377390955016e-02
0 34 2.456985660580665e+02 1.958297152215153e-16 5.919057640006449e-02
2 60 2.495203828385924e+02 2.989254630543930e-18 7.096955097433315e-02
0 35 2.528554295309808e+02 5.118029999981865e-18 5.918842227251663e-02
2 61 2.536680938396592e+02 5.404495033920538e-17 7.097348790356919e-02
1 14 2.570688056708209e+02 7.575194595544449e-18 4.381390237349861e-02
2 62 2.578161809534777e+02 3.583694872934993e-18 7.099654449341998e-02
0 36 2.600121035163097e+02 4.478211773905591e-18 5.918584745115246e-02
2 63 2.619640798567546e+02 2.982514290345640e-18 7.099708302475402e-02
2 64 2.661123725330988e+02 4.181927855461249e-18 7.097931953045097e-02
0 37 2.671687432421929e+02 4.196369456499222e-18 5.919310591187890e-02
2 65 2.702601498777747e+02 9.037785651860464e-17 7.097370005586587e-02
0 38 2.743253725446584e+02 4.705538344118005e-17 5.919269782049630e-02
2 66 2.744077447926906e+02 3.275442118580296e-18 7.097551996720812e-02
1 15 2.747160968742881e+02 7.855237357680001e-18 4.381549328291392e-02
2 67 2.785553372357610e+02 2.870297130703950e-18 7.097818644383297e-02
0 39 2.814820423703467e+02 4.718506880237729e-18 5.919119642537729e-02
2 68 2.827031241958516e+02 3.726052718475575e-18 7.098332006802271e-02
2 69 2.868515050711500e+02 3.590463803937292e-18 7.099545062124429e-02
0 40 2.886387300067370e+02 4.309075990276333e-18 5.918541663026056e-02
2 70 2.909993803708595e+02 3.166774160448947e-18 7.099374354165720e-02
1 16 2.923633810014692e+02 2.857646015603111e-17 4.381336527111204e-02
2 71 2.951473119283729e+02 5.322718222606087e-18 7.097163527503164e-02
0 41 2.957954501105774e+02 5.107863089045580e-18 5.918869122179508e-02
2 72 2.992950065241861e+02 5.214971410359928e-18 7.096726958848530e-02
0 42 3.029522375375566e+02 5.021697571264101e-17 5.919264227310927e-02
2 73 3.034426849317970e+02 2.983391640488447e-18 7.097216726983616e-02
2 74 3.075904732549695e+02 3.799258272495533e-18 7.099002959656572e-02
0 43 3.101088724162757e+02 4.476778460672224e-18 5.919196687101604e-02
1 17 3.100106792432016e+02 7.606306003682746e-18 4.381470581897290e-02
2 75 3.117383333172328e+02 3.211467904273365e-18 7.099242687116705e-02
2 76 3.158867467472760e+02 2.959479856309093e-18 7.098681285685420e-02
0 44 3.172653345307588e+02 3.331573008685840e-17 5.919150315389297e-02
2 77 3.200345737029853e+02 4.502706227088177e-18 7.098390550460199e-02
2 78 3.241822114661795e+02 4.503036103354763e-18 7.097385452368211e-02
0 45 3.244221564162198e+02 4.198964532786086e-18 5.918773538186436e-02
1 18 3.276579753280273e+02 7.859028295194501e-18 4.381377101634097e-02
2 79 3.283298306146913e+02 2.908393371374978e-18 7.097005975461768e-02
0 46 3.315788952741408e+02 1.213388738191349e-17 5.918831305410360e-02
2 80 3.324775717314586e+02 2.870410085117742e-18 7.097485648343284e-02
2 81 3.366257362937818e+02 3.168836956651731e-18 7.099798560884858e-02
0 47 3.387356587971827e+02 5.392663424937799e-18 5.918843358383527e-02
2 82 3.407736409000723e+02 2.971227912216263e-18 7.099713656260299e-02
1 19 3.453052554503323e+02 7.642515205441480e-18 4.381559415329629e-02
2 83 3.449218474065433e+02 1.129724933346289e-17 7.097674198574146e-02
0 48 3.458922058444167e+02 1.191384420560323e-16 5.919384049683037e-02
2 84 3.490695835169344e+02 4.503024422468194e-18 7.097161600393725e-02
0 49 3.530488307379232e+02 4.199773180473955e-18 5.919245433413220e-02
2 85 3.532171705846200e+02 2.985131080113952e-18 7.097578539912200e-02
2 86 3.573648033618214e+02 7.304828135447145e-16 7.098151710398631e-02
0 50 3.602056028497888e+02 1.145143074467017e-17 5.918809067149454e-02
2 87 3.615126056554976e+02 4.502649357463422e-18 7.098497604045040e-02
1 20 3.629525544294412e+02 7.636794804190710e-18 4.381371022495579e-02
2 88 3.656610269241286e+02 2.978607053904939e-18 7.099382206701935e-02
0 51 3.673621804393950e+02 4.508277319195890e-18 5.918568778921126e-02
2 89 3.698089093804033e+02 2.869705148852000e-18 7.099277799889528e-02
2 90 3.739567920102199e+02 4.503019810335808e-18 7.097247118403897e-02
0 52 3.745190483714775e+02 5.392594555461380e-18 5.919079402551889e-02
2 91 3.781044541546128e+02 3.996160260893306e-18 7.096638490211397e-02
1 21 3.805998555449569e+02 7.695379542644078e-18 4.381516073357037e-02
0 53 3.816757031311661e+02 4.963021582544064e-18 5.919318027177797e-02
2 92 3.822521272967179e+02 3.498448592750247e-18 7.097163940093205e-02
2 93 3.863999707903660e+02 3.776701876911899e-18 7.099274778783199e-02
0 54 3.888323204239401e+02 5.001760501998210e-18 5.919146428338522e-02
2 94 3.905478388913623e+02 8.025746719394309e-17 7.099519154582402e-02
2 95 3.946962316346020e+02 3.032298232382519e-18 7.098372622245169e-02
0 55 3.959888640485502e+02 4.368696354841506e-18 5.918918647501938e-02
1 22 3.982471552309343e+02 8.437004364379287e-18 4.381466257955491e-02
2 96 3.988440487708789e+02 4.502798627944722e-18 7.098040707371288e-02
2 97 4.029916693198076e+02 6.270794501825222e-18 7.097471247034717e-02
0 56 4.031456153068423e+02 5.392746052702238e-18 5.918748245039834e-02
2 98 4.071392946749518e+02 2.941001838747743e-18 7.097268934447569e-02
0 57 4.103025143747799e+02 5.691027044666652e-18 5.918970378974282e-02
2 99 4.112870738860485e+02 2.870346538238814e-18 7.097630705998914e-02
2 100 4.154352864577569e+02 4.702063678873144e-18 7.099740620157195e-02
1 23 4.158944477835190e+02 7.667766638635095e-18 4.381545688716423e-02
0 58 4.174591074776274e+02 9.958903370827964e-18 5.918861630639278e-02
2 101 4.195831717523851e+02 2.897278743591671e-18 7.099672296888362e-02
2 102 4.237312971916739e+02 4.652019539879897e-18 7.097574673838512e-02
0 59 4.246156746743891e+02 4.539380889731510e-18 5.919448784015965e-02
2 103 4.278790266846386e+02 3.777554793291722e-18 7.097015811409359e-02
0 60 4.317723344209057e+02 4.863596303633120e-18 5.919051652707574e-02
2 104 4.320266128556418e+02 2.982000048222101e-18 7.097376794813087e-02
1 24 4.335417444540269e+02 7.644915856917642e-18 4.381474501571000e-02
2 105 4.361742860499789e+02 1.170742160016078e-17 7.098364917547420e-02
0 61 4.389290629285093e+02 4.867883630422549e-18 5.918786819663239e-02
2 106 4.403221214633572e+02 3.826109884491121e-18 7.098784146653002e-02
2 107 4.444705832009432e+02 3.052136739562169e-18 7.099322446475398e-02
0 62 4.460857982699322e+02 4.318241555553722e-18 5.918659733128596e-02
2 108 4.486184542310198e+02 1.353546625037356e-16 7.099004182541518e-02
1 25 4.511890552592106e+02 7.640196654746765e-18 4.381442543992159e-02
2 109 4.527662584822081e+02 2.870578926917657e-18 7.097236676587208e-02
0 63 4.532425156980276e+02 4.555645786287364e-18 5.919063503725756e-02
2 110 4.569138855089394e+02 3.505413045720993e-18 7.096746146301293e-02
0 64 4.603991843687238e+02 4.334760567139975e-18 5.919450681329725e-02
2 111 4.610615683164592e+02 3.272891156637430e-18 7.097322276998011e-02
2 112 4.652094957889802e+02 5.184919590718033e-18 7.099417437975780e-02
0 65 4.675557894645635e+02 4.423479572191706e-18 5.918960466303504e-02
1 26 4.688363532812979e+02 8.118371019126552e-18 4.381562624691548e-02
2 113 4.693573634654318e+02 3.987006453939257e-18 7.099597254335453e-02
2 114 4.735057209612185e+02 3.205254112089790e-18 7.098166689083155e-02
0 66 4.747123278280192e+02 6.492424377785967e-18 5.918952543195374e-02
2 115 4.776535409756535e+02 2.870295606966834e-18 7.097863831461648e-02
0 67 4.818692378952015e+02 5.392767134240734e-18 5.918694319971098e-02
2 116 4.818011677551676e+02 7.825784145080095e-17 7.097518613979799e-02
2 117 4.859487659550473e+02 3.310597050139059e-18 7.097389955707606e-02
1 27 4.864836429546745e+02 7.625188559869149e-18 4.381437158105802e-02
0 68 4.890259808768323e+02 4.840522886081242e-18 5.918939099490452e-02
2 118 4.900965446424930e+02 3.827264853794046e-18 7.097803639957276e-02
2 119 4.942448137872727e+02 3.223390794973224e-18 7.099783283185443e-02
0 69 4.961825858448160e+02 4.309507283598094e-18 5.919073441703453e-02
2 120 4.983926955434114e+02 3.173243615447384e-18 7.099654860171291e-02
2 121 5.025407300628622e+02 4.887302350634376e-18 7.097338266975892e-02
0 70 5.033391489322383e+02 4.444869439636544e-18 5.919382603060511e-02
1 28 5.041309432613111e+02 5.416773138570618e-17 4.381514882285345e-02
2 122 5.066884455272317e+02 3.203345985849119e-18 7.096810096575785e-02
0 71 5.104957983252930e+02 4.809608910633833e-18 5.919074131688491e-02
2 123 5.108360591348075e+02 2.904426111230296e-18 7.097338905595450e-02
2 124 5.149837934443773e+02 3.402706797270195e-18 7.098689723017046e-02
0 72 5.176526792943487e+02 4.343959433962549e-18 5.918635739997617e-02
2 125 5.191316507514987e+02 4.502546856999598e-18 7.098902171141044e-02
1 29 5.217782408441739e+02 7.766298522064359e-18 4.381345974819597e-02
2 126 5.232801091629219e+02 3.073879935484907e-18 7.099067402839511e-02
0 73 5.248092518324770e+02 4.597992200141732e-18 5.918676931284733e-02
2 127 5.274279530132749e+02 2.869888259671091e-18 7.098823386022203e-02
2 128 5.315756945287211e+02 3.160888905765163e-18 7.097390082834387e-02
0 74 5.319660387748887e+02 4.128178802507555e-18 5.919295302709549e-02
2 129 5.357233088647334e+02 3.031609604002349e-18 7.096776594074973e-02
0 75 5.391226515984719e+02 5.608928005530435e-18 5.919444823909171e-02
1 30 5.394255363124211e+02 7.719476099232421e-18 4.381543532693855e-02
2 130 5.398709954068562e+02 6.684242556454698e-17 7.097330824519450e-02
2 131 5.440190096734061e+02 3.861821432658248e-18 7.099572231756274e-02
0 76 5.462792386019925e+02 5.707982641157302e-18 5.918911534849198e-02
2 132 5.481669070636580e+02 3.184130590526833e-18 7.099780037407341e-02
2 133 5.523152390948433e+02 3.290247495523427e-18 7.097973441801372e-02
0 77 5.534359325802350e+02 4.148500158097757e-18 5.918781102639333e-02
2 134 5.564630330434726e+02 1.244067229927238e-17 7.097557852905224e-02
1 31 5.570728161820186e+02 7.947858145237298e-18 4.381372505147332e-02
0 78 5.605926918955990e+02 4.376725433710430e-18 5.918678112724020e-02
2 135 5.606106468253791e+02 4.603420080115111e-18 7.097528301248557e-02
2 136 5.647582375836818e+02 2.979126333431031e-18 7.097722670151912e-02
0 79 5.677495317342718e+02 4.618795470680178e-18 5.919184130114329e-02
2 137 5.689060296963295e+02 4.502757543189697e-18 7.098086759560757e-02
2 138 5.730543473187017e+02 6.261797759840186e-17 7.099609453503151e-02
1 32 5.747201063141737e+02 7.899059152653806e-18 4.381476531135475e-02
0 80 5.749060302118733e+02 4.806461000831749e-18 5.919130446170879e-02
2 139 5.772022210208133e+02 2.869605715810629e-18 7.099475785945927e-02
2 140 5.813501846445454e+02 4.635594501051724e-18 7.097289340254431e-02
0 81 5.820626151049828e+02 4.726362364250697e-18 5.919336985587791e-02
2 141 5.854979071230471e+02 3.230706536072860e-18 7.096775891078565e-02
0 82 5.892193783857412e+02 4.391179971407805e-18 5.918855783839373e-02
2 142 5.896455504241153e+02 2.974757161882105e-18 7.097168923410030e-02
1 33 5.923674103385069e+02 7.598514662314082e-18 4.381339386980808e-02
2 143 5.937933172359567e+02 3.168347580612984e-18 7.098856203732927e-02
0 83 5.963761328899856e+02 4.128572331358855e-18 5.918604380881477e-02
2 144 5.979411748386480e+02 4.502487684279752e-18 7.099136937333113e-02
2 145 6.020896260203994e+02 2.871809363633157e-18 7.098945984650379e-02
0 84 6.035328222862443e+02 5.392612509037302e-18 5.918973775920344e-02
2 146 6.062374514121944e+02 3.421932585254970e-18 7.098515604871962e-02
1 34 6.100146971219921e+02 7.925314226109343e-18 4.381565704406971e-02
2 147 6.103851177454275e+02 2.870568570298171e-18 7.097391087627952e-02
0 85 6.106895039330711e+02 4.731252686928064e-18 5.919316609873494e-02
2 148 6.145327249985542e+02 2.909146129829347e-18 7.096904011431494e-02
0 86 6.178461155948818e+02 4.623639396075382e-18 5.919394254078069e-02
2 149 6.186804460092895e+02 3.693388990103848e-18 7.097511205990965e-02
2 150 6.228285574245685e+02 3.166355057828902e-18 7.099666216038671e-02
0 87 6.250027769979333e+02 4.855497272942144e-18 5.918627607163160e-02
2 151 6.269764558148255e+02 3.213093153687592e-18 7.099731801795414e-02
1 35 6.276619895292012e+02 7.731764405850602e-18 4.381419390613517e-02
2 152 6.311247247081455e+02 2.231778224333479e-17 7.097765418045070e-02
0 88 6.321593947966693e+02 5.392709339033390e-18 5.918811652788802e-02
2 153 6.352724900275708e+02 3.848636761635120e-18 7.097415515790502e-02
0 89 6.393162899389930e+02 5.363180470686460e-18 5.918906723968666e-02
2 154 6.394201003278691e+02 3.752730354445568e-18 7.097567063739864e-02
2 155 6.435676904025573e+02 3.592740114053094e-18 7.097907888960588e-02
1 36 6.453092862070686e+02 7.548074678170969e-18 4.381510867602019e-02
0 90 6.464729974783722e+02 4.882384353344675e-18 5.919187826138502e-02
2 156 6.477154831181442e+02 3.642488066559175e-18 7.098291344160722e-02
2 157 6.518638576269981e+02 3.531620636530650e-18 7.099559663633283e-02
0 91 6.536294749904076e+02 4.665484065787378e-18 5.919143941575609e-02
2 158 6.560117526124747e+02 2.976910436605455e-18 7.099410779568724e-02
2 159 6.601596598998742e+02 5.952350876765233e-18 7.097161071385147e-02
0 92 6.607861416286513e+02 4.535368609060754e-18 5.919067946632050e-02
1 37 6.629565926538346e+02 8.491705833965838e-18 4.381438738496287e-02
2 160 6.643073571620557e+02 4.178632311695856e-18 7.096654430467612e-02
0 93 6.679428412845658e+02 1.541346369326178e-17 5.918891774601805e-02
2 161 6.684550200618885e+02 2.870594615853835e-18 7.097179270044608e-02
2 162 6.726028401909100e+02 5.178386773970153e-18 7.099168063451648e-02
0 94 6.750997454046806e+02 4.128501791423255e-18 5.918713749185887e-02
2 163 6.767507003995964e+02 6.769906054904719e-17 7.099273634295854e-02
1 38 6.806038913309799e+02 8.082477521566948e-18 4.381540203848783e-02
2 164 6.808991143315184e+02 3.339677821150975e-18 7.098604253934736e-02
0 95 6.822562853163968e+02 4.681519003354524e-18 5.919032112019731e-02
2 165 6.850469233838867e+02 3.807061801399804e-18 7.098230117501154e-02
2 166 6.891945608383948e+02 2.870545630991833e-18 7.097530081084419e-02
0 96 6.894129682476826e+02 4.760724764031022e-18 5.919339796847815e-02
2 167 6.933421856593790e+02 2.955977588047477e-18 7.097046932654769e-02
0 97 6.965696160641374e+02 2.419155373115334e-17 5.919165645773707e-02
2 168 6.974899334341554e+02 5.561032440773396e-18 7.097544495819902e-02
1 39 6.982511816534502e+02 7.694075902828723e-18 4.381524208577885e-02
2 169 7.016381098496450e+02 3.963790039073297e-18 7.099690843241850e-02
0 98 7.037262256462971e+02 4.658098139736196e-18 5.918632410719924e-02
2 170 7.057860091392203e+02 2.921100433441607e-18 7.099812316282979e-02
2 171 7.099342150582746e+02 3.706588853109545e-18 7.097651568215564e-02
0 99 7.108830307366765e+02 4.128428583242761e-18 5.918884270390627e-02
2 172 7.140819411049523e+02 3.783719595772348e-18 7.097126747471237e-02
1 40 7.158984858216310e+02 7.879404966625368e-18 4.381424485891530e-02
0 100 7.180397562823271e+02 5.392655378370976e-18 5.918937589423088e-02
2 173 7.182295325904756e+02 2.959848342330975e-18 7.097441492763121e-02
2 174 7.223771548333229e+02 1.598141069778378e-17 7.098244972602880e-02
0 101 7.251964730502332e+02 1.159004036559094e-17 5.919296016551642e-02
2 175 7.265249810504774e+02 3.550162608303294e-18 7.098621421133278e-02
2 176 7.306734008872725e+02 3.682919095344915e-18 7.099336305794965e-02
0 102 7.323529393169611e+02 4.128316008015505e-18 5.919020615914383e-02
1 41 7.335457923309573e+02 2.843626085047358e-17 4.381528295953567e-02
2 177 7.348212883287404e+02 1.934475616697369e-16 7.099162331663778e-02
2 178 7.389691331614833e+02 5.369153028935905e-18 7.097206145986079e-02
0 103 7.395096070291522e+02 1.529734565590652e-16 5.919054067077416e-02
2 179 7.431168062037394e+02 3.517594050489439e-18 7.096757014086250e-02
0 104 7.466664772270768e+02 4.378702682203601e-18 5.918857900246960e-02
2 180 7.472644814942877e+02 3.696848374241346e-18 7.097159395104857e-02
1 42 7.511930843036074e+02 7.534658009626042e-18 4.381435637701873e-02
2 181 7.514123469645442e+02 3.678972613462626e-18 7.099311766852058e-02
0 105 7.538232010813443e+02 3.989374357784972e-17 5.918674814988818e-02
2 182 7.555602000668824e+02 2.974020099379040e-18 7.099457102433002e-02
2 183 7.597085881554287e+02 3.197168958911039e-18 7.098437225669789e-02
0 106 7.609797819750843e+02 4.408594842184918e-18 5.919283922668730e-02
2 184 7.638564088536683e+02 4.502818083472018e-18 7.097958212356417e-02
0 107 7.681364258358599e+02 8.878500976563182e-18 5.919242646695801e-02
2 185 7.680040229643425e+02 7.170707647775972e-17 7.097497395705207e-02
1 43 7.688403780503496e+02 8.134846462245526e-18 4.381549933525991e-02
2 186 7.721516400965025e+02 2.900224079413382e-18 7.097184253191628e-02
0 108 7.752930812481202e+02 5.456337522101570e-18 5.919132519975890e-02
2 187 7.762994145624841e+02 4.502853162785901e-18 7.097758300715126e-02
2 188 7.804476602717763e+02 4.489453544967790e-18 7.099753766491285e-02
0 109 7.824498328315216e+02 5.200085232858058e-17 5.918496620220329e-02
2 189 7.845955367713659e+02 2.877336960176606e-18 7.099664699470180e-02
1 44 7.864876697224889e+02 7.990073830288638e-18 4.381330503133539e-02
2 190 7.887436474762025e+02 4.557150414438186e-18 7.097431907163551e-02
0 110 7.896065038884127e+02 4.197440761576773e-18 5.918891233870256e-02
2 191 7.928913551564846e+02 4.672614771649076e-18 7.096999480754058e-02
0 111 7.967632820362336e+02 4.307393353569415e-18 5.919236292475386e-02
2 192 7.970389649209084e+02 2.879478507792974e-18 7.097433231937905e-02
2 193 8.011866432042538e+02 3.198348801879877e-18 7.098427126549760e-02
0 112 8.039199257226041e+02 5.392492422823474e-18 5.919269070858690e-02
1 45 8.041349720312834e+02 7.534947868631489e-18 4.381498957955871e-02
2 194 8.053344907082400e+02 6.034265383728495e-18 7.098781124695015e-02
2 195 8.094829369893276e+02 2.877524712944319e-18 7.099225088263457e-02
0 113 8.110763901538522e+02 2.710458560210512e-16 5.919007368921037e-02
2 196 8.136308209309428e+02 4.501366189858454e-18 7.099056491276437e-02
2 197 8.177786101310238e+02 5.036199126645159e-18 7.097221389668706e-02
0 114 8.182332131188165e+02 5.392720318553278e-18 5.918823707566062e-02
1 46 8.217822564415115e+02 7.713018511555894e-18 4.381383379307000e-02
2 198 8.219262385275828e+02 3.040312444735760e-18 7.096738953863950e-02
0 115 8.253899497899058e+02 4.303249179547125e-18 5.918854839731864e-02
2 199 8.260739120567434e+02 8.616205373018881e-17 7.097225491746222e-02
2 200 8.302218628687858e+02 2.869580095529334e-18 7.099565564777176e-02
0 116 8.325467430695254e+02 4.703712276545460e-18 5.918929849969008e-02
2 201 8.343697417058268e+02 2.981198241882689e-18 7.099609021025549e-02
2 202 8.385180861046620e+02 4.470139701580932e-18 7.098120484207208e-02
1 47 8.394295377356383e+02 8.014181249358938e-18 4.381516724804390e-02
0 117 8.397032384792186e+02 2.112321536974006e-17 5.919361783113121e-02
2 203 8.426658978869970e+02 3.674224566347566e-18 7.097675935131893e-02
0 118 8.468598756463699e+02 4.455720795781573e-18 5.919169706610326e-02
2 204 8.468135138410846e+02 3.779826936712543e-18 7.097612264219501e-02
2 205 8.509611301598219e+02 3.218345090741219e-18 7.097475731970290e-02
0 119 8.540166611059412e+02 5.416656746796150e-18 5.918849414387187e-02
2 206 8.551089068110472e+02 6.111215427219971e-18 7.097865836741364e-02
1 48 8.570768400060433e+02 7.534604609260879e-18 4.381330669235921e-02
2 207 8.592571941340872e+02 1.417134816453717e-17 7.099663493666807e-02
0 120 8.611732825353957e+02 4.128627381571850e-18 5.918507204385830e-02
2 208 8.634050563628067e+02 3.303930892006531e-18 7.099645144852425e-02
2 209 8.675530902844807e+02 5.559983562534604e-18 7.097384414602255e-02
0 121 8.683300953255020e+02 1.029700329944595e-16 5.919157368415331e-02
2 210 8.717007937685032e+02 3.653728219633603e-18 7.096771278782862e-02
1 49 8.747241354117531e+02 7.926089333018132e-18 4.381538875609368e-02
0 122 8.754867421947911e+02 4.382833153417783e-18 5.919323238655839e-02
2 211 8.758484173049127e+02 2.966075732434837e-18 7.097258540603775e-02
2 212 8.799961425526016e+02 2.869942672663907e-18 7.098698752703954e-02
0 123 8.826433743411184e+02 8.074045139777919e-18 5.919195810754089e-02
2 213 8.841440169171590e+02 3.365682880637288e-18 7.099069523628114e-02
2 214 8.882924731178134e+02 2.936454725923521e-18 7.099002975136560e-02
0 124 8.897999294586875e+02 4.400374272932469e-18 5.918761725859611e-02
1 50 8.923714307031877e+02 8.387925463677370e-18 4.381442716543542e-02
2 215 8.924403181804623e+02 3.735833186878757e-18 7.098756884439113e-02
2 216 8.965880309182535e+02 3.934601460841515e-18 7.097304310737969e-02
0 125 8.969566821891036e+02 8.556955675427085e-18 5.918806336631459e-02
2 217 9.007356451403826e+02 2.949600771147821e-18 7.096929450885640e-02
0 126 9.041135665388424e+02 5.392602472075775e-18 5.919054209178884e-02
2 218 9.048833458511415e+02 4.029379819675463e-18 7.097347254976438e-02
2 219 9.090313775961100e+02 3.508709358480308e-18 7.099616128813517e-02
1 51 9.100187209371097e+02 7.701983392702823e-18 4.381542310095177e-02
0 127 9.112701925809102e+02 1.516744428017650e-16 5.918950771540208e-02
2 220 9.131792721061574e+02 3.237131693210340e-18 7.099666665512558e-02
2 221 9.173275790642604e+02 3.084169519193801e-17 7.097998632332446e-02
0 128 9.184266939996168e+02 4.393377252046885e-18 5.919387066946363e-02
2 222 9.214753865369873e+02 2.870432650243825e-18 7.097522494554490e-02
0 129 9.255833867240540e+02 3.596943007834369e-17 5.918907345022491e-02
2 223 9.256229920569075e+02 3.061002048053540e-18 7.097532636390695e-02
1 52 9.276660246148591e+02 7.610683029666031e-18 4.381426673448871e-02
2 224 9.297705897889114e+02 3.586647921726588e-18 7.097681126098984e-02
0 130 9.327401288645191e+02 4.128450728772163e-18 5.918828202539977e-02
2 225 9.339183678067238e+02 4.914582795642321e-16 7.098157405327896e-02
2 226 9.380667193971607e+02 3.722181122108975e-18 7.099670948174185e-02
0 131 9.398968945282468e+02 4.320773685446935e-18 5.918649390839363e-02
2 227 9.422145864367944e+02 3.235822854075585e-18 7.099441130036195e-02
1 53 9.453133324475755e+02 3.496691027348610e-17 4.381501933157815e-02
2 228 9.463625400486779e+02 1.104156645847421e-16 7.097230823871972e-02
0 132 9.470535663638931e+02 4.905977023894376e-18 5.919172065085525e-02
2 229 9.505102390638447e+02 3.204009443957037e-18 7.096708658747269e-02
0 133 9.542102041144814e+02 7.898796614167820e-18 5.919430672733211e-02
2 230 9.546579024536403e+02 3.517433320579819e-18 7.097290218320443e-02
2 231 9.588056849637536e+02 3.794107912097841e-18 7.098902602985890e-02
0 134 9.613668583059995e+02 5.001965803254538e-18 5.918957012055089e-02
1 54 9.629606234367852e+02 7.732789044898529e-18 4.381549403896420e-02
2 232 9.629535502183041e+02 4.985651678578301e-17 7.099185395117127e-02
2 233 9.671019858865997e+02 3.458174489389891e-18 7.098778425442737e-02
0 135 9.685233889452479e+02 6.095075239284994e-18 5.918804633342239e-02
2 234 9.712498091882403e+02 4.746909505100717e-18 7.098567860938720e-02
2 235 9.753974757187606e+02 3.346628363703398e-18 7.097406550115437e-02
0 136 9.756803202823068e+02 4.435353643474283e-18 5.918802016590239e-02
2 236 9.795450769970932e+02 3.097658753702561e-18 7.096955194974190e-02
1 55 9.806079191509720e+02 7.579850471721522e-18 4.381446450314769e-02
0 137 9.828370383496228e+02 1.249533679374875e-17 5.919044710143899e-02
2 237 9.836928002034934e+02 4.794394598536253e-18 7.097428396407292e-02
2 238 9.878409199844566e+02 5.509619263979037e-18 7.099767578700310e-02
0 138 9.899936552065592e+02 5.392534877953875e-18 5.919097652770736e-02
2 239 9.919888373716190e+02 2.947419344847777e-18 7.099785331239201e-02
2 240 9.961370828393063e+02 5.508671004013128e-18 7.097739541465753e-02
0 139 9.971501668367547e+02 4.854383862580015e-18 5.919276044837469e-02
1 56 9.982552246596840e+02 7.731928545633852e-18 4.381507120599137e-02
2 241 1.000284847129172e+03 3.489797694073437e-18 7.097276936906860e-02
0 140 1.004306848052748e+03 4.809056090567780e-18 5.918922785628494e-02
2 242 1.004432438142179e+03 2.999223370189062e-18 7.097576396550888e-02
2 243 1.008580052374850e+03 2.713950736931535e-17 7.098068826678358e-02
0 141 1.011463762808576e+03 5.392740439361234e-18 5.918728981553732e-02
2 244 1.012727842149120e+03 5.771146830972356e-18 7.098350687286281e-02
1 57 1.015902524484351e+03 7.534638007054478e-18 4.381398594028087e-02
2 245 1.016876233063807e+03 3.302821396807963e-18 7.099481498094697e-02
0 142 1.018620347444795e+03 4.970532936158976e-18 5.918661020442238e-02
2 246 1.021024105797266e+03 1.992086341249658e-16 7.099310477802649e-02
2 247 1.025172007615301e+03 3.632385085183165e-18 7.097280050816643e-02
0 143 1.025777068616706e+03 6.499484544865741e-18 5.919389555231259e-02
2 248 1.029319699604752e+03 3.523784788633364e-18 7.096640807474429e-02
0 144 1.032933664542091e+03 4.128141354465669e-18 5.919397543173784e-02
1 58 1.033549818141360e+03 7.550023919605683e-18 4.381572929387811e-02
2 249 1.033467369831944e+03 3.271106563696511e-18 7.097187336479603e-02
2 250 1.037615192815863e+03 2.869755979268553e-18 7.099124856806294e-02
0 145 1.040090313147368e+03 5.177600879218866e-18 5.918903917766669e-02
2 251 1.041763056646561e+03 3.260902787006245e-18 7.099446832384917e-02
2 252 1.045911475661533e+03 3.077133573113969e-18 7.098558833129774e-02
0 146 1.047247007150151e+03 6.321370861893203e-18 5.918692078041592e-02
2 253 1.050059278998558e+03 3.597930254170274e-18 7.098194229693222e-02
1 59 1.051197100290612e+03 8.954803261622434e-18 4.381354804123640e-02
2 254 1.054206906454711e+03 4.349104460634475e-17 7.097441274910160e-02
0 147 1.054403784780249e+03 6.142334126513261e-18 5.918754130072421e-02
2 255 1.058354518960969e+03 2.900408673770335e-18 7.097178240160294e-02
0 148 1.061560568773118e+03 4.391008128344990e-18 5.919299657296431e-02
2 256 1.062502290327966e+03 5.714904911699127e-18 7.097631299769777e-02
2 257 1.066650478441537e+03 3.673360181831528e-18 7.099715520554051e-02
0 149 1.068717095210826e+03 4.148588531968330e-18 5.919109452627887e-02
1 60 1.068844401174121e+03 7.794601947470580e-18 4.381467076402364e-02
2 258 1.070798383270135e+03 2.942726880983792e-18 7.099711357453427e-02
2 259 1.074946552664050e+03 3.455183450680966e-18 7.097624145718230e-02
0 150 1.075873632971098e+03 4.128188891411025e-18 5.919254067684076e-02
2 260 1.079094294368182e+03 2.870571436652751e-18 7.097177896042794e-02
0 151 1.083030448290267e+03 5.392755813601360e-18 5.918733206481321e-02
2 261 1.083241880978434e+03 2.888769731246212e-18 7.097424650698102e-02
1 61 1.086491695180044e+03 7.594034884120092e-18 4.381357670065909e-02
2 262 1.087389520927234e+03 4.502733596408132e-18 7.098283150775055e-02
0 152 1.090187225108589e+03 5.159149490099448e-18 5.918687542526600e-02
2 263 1.091537332338327e+03 3.773398694831137e-18 7.098629964895743e-02
2 264 1.095685773266018e+03 2.978575445436603e-18 7.099437474644366e-02
0 153 1.097343892941682e+03 4.595205912342961e-18 5.918959048306378e-02
2 265 1.099833661559362e+03 5.317239965803288e-18 7.099108664828478e-02
2 266 1.103981494414051e+03 5.352577189496645e-18 7.097224741084998e-02
0 154 1.104500525506867e+03 4.817450968551865e-18 5.919422058081596e-02
1 62 1.104138976348621e+03 8.068137457554885e-18 4.381548696741613e-02
2 267 1.108129150565124e+03 3.019357645448486e-18 7.096660971141754e-02
0 155 1.111657127197412e+03 4.821432326282503e-18 5.919355382442176e-02
2 268 1.112276829993210e+03 1.092388087472792e-16 7.097292856552349e-02
2 269 1.116424725117718e+03 3.762470825106804e-18 7.099362609081267e-02
0 156 1.118813876347734e+03 4.303299043991647e-18 5.918612285527761e-02
2 270 1.120572576492605e+03 2.869572976228108e-18 7.099514841686860e-02
1 63 1.121786270144112e+03 7.609913318468278e-18 4.381365361697492e-02
2 271 1.124720952663461e+03 3.989349446086639e-18 7.098263913877746e-02
0 157 1.125970470535821e+03 4.643424664900769e-18 5.918730587519499e-02
2 272 1.128868756905742e+03 4.502818729684307e-18 7.097970145920761e-02
0 158 1.133127364565456e+03 5.858959164566536e-18 5.918971893002156e-02
2 273 1.133016385552044e+03 3.559097985780401e-18 7.097565108701555e-02
2 274 1.137163992788063e+03 3.523448083982733e-18 7.097260010073092e-02
1 64 1.139433567469340e+03 7.537782710748667e-18 4.381509643638797e-02
0 159 1.140284029187446e+03 4.809759535504645e-18 5.919330866694781e-02
2 275 1.141311776682252e+03 4.502855301300950e-18 7.097732129455656e-02
2 276 1.145460018423091e+03 5.405730268925053e-17 7.099765494305217e-02
0 160 1.147440536386087e+03 4.986876427053737e-18 5.919074675487561e-02
2 277 1.149607913585130e+03 2.898938196367019e-18 7.099762782294022e-02
2 278 1.153755999695223e+03 5.345819563923375e-18 7.097404561244315e-02
0 161 1.154597185533015e+03 4.309069038908558e-18 5.918995519790884e-02
1 65 1.157080871523026e+03 7.730573820873639e-18 4.381430887323830e-02
2 279 1.157903709024909e+03 7.076142709476507e-18 7.096935244450414e-02
0 162 1.161753914138266e+03 4.840454678888399e-18 5.918779995221118e-02
2 280 1.162051302673075e+03 3.322652434620596e-18 7.097354678121150e-02
2 281 1.166199001250265e+03 3.173534009047943e-18 7.098620898181411e-02
0 163 1.168910829419658e+03 5.392675907918323e-18 5.918845513119938e-02
2 282 1.170346853867329e+03 4.637417664670195e-18 7.098828030831962e-02
1 66 1.174728162298780e+03 5.320748583872231e-17 4.381564707150300e-02
2 283 1.174495305463621e+03 2.869712947765255e-18 7.099181470461985e-02
0 164 1.176067344037777e+03 4.332943417600215e-18 5.919017022139755e-02
2 284 1.178643175252335e+03 3.729707289366333e-18 7.098892309620232e-02
2 285 1.182790949543104e+03 2.870549429484690e-18 7.097351163934755e-02
0 165 1.183223985133418e+03 4.204218322402681e-18 5.919415121387855e-02
2 286 1.186938585554622e+03 2.878631886853323e-18 7.096769032513969e-02
0 166 1.190380650540532e+03 4.335082688338662e-18 5.919108010836413e-02
2 287 1.191086261051511e+03 4.502991000354200e-18 7.097271009358591e-02
1 67 1.192375456937907e+03 7.545885166601805e-18 4.381461673198524e-02
2 288 1.195234229731154e+03 6.316130216540252e-18 7.099492019955769e-02
0 167 1.197537329059557e+03 5.463307266368141e-18 5.918604601984141e-02
2 289 1.199382098917393e+03 3.115026247735556e-18 7.099709601449836e-02
2 290 1.203530451588489e+03 4.789775306772076e-17 7.098118218576774e-02
0 168 1.204694096097099e+03 4.256677270179720e-18 5.918872035516717e-02
2 291 1.207678253391787e+03 3.590671173526051e-18 7.097626256497745e-02
1 68 1.210022766128797e+03 7.534707725820208e-18 4.381459857902287e-02
0 169 1.211850818928322e+03 4.631842810972907e-18 5.918967398922460e-02
2 292 1.211825874218547e+03 2.983118582865283e-18 7.097532277576005e-02
2 293 1.215973471329135e+03 3.676259320952918e-18 7.097531523511212e-02
0 170 1.219007496310998e+03 6.115923242961712e-18 5.919395465780077e-02
2 294 1.220121271421859e+03 7.817137225581392e-17 7.098014913257999e-02
2 295 1.224269568467090e+03 3.745987490602770e-18 7.099640364825376e-02
0 171 1.226164012375697e+03 5.650023976242945e-18 5.918892265433855e-02
1 69 1.227670066111656e+03 7.640607786254773e-18 4.381537499526238e-02
2 296 1.228417437474581e+03 3.578881794620276e-18 7.099583907008267e-02
2 297 1.232565434507811e+03 5.920165695439493e-18 7.097293124246468e-02
0 172 1.233320660471264e+03 1.130785177714291e-17 5.919012949556182e-02
2 298 1.236713145763999e+03 3.252837697442127e-18 7.096874249244994e-02
0 173 1.240477547487875e+03 4.356853518695080e-18 5.918834519602464e-02
2 299 1.240860777085776e+03 2.870596769290775e-18 7.097242303296208e-02
1 70 1.245317359001983e+03 7.965304137423355e-18 4.381468389299874e-02
2 300 1.245008517963963e+03 3.802720205741024e-18 7.098773871130142e-02
0 174 1.247634285660939e+03 4.326389138297843e-18 5.918812546659902e-02
2 301 1.249156383920571e+03 3.406785051137836e-17 7.099013536494905e-02
2 302 1.253304839142136e+03 2.989619929377548e-18 7.099068560802692e-02
0 175 1.254790817301943e+03 4.368293809466817e-18 5.919220653242291e-02
2 303 1.257452692993857e+03 4.502623279647086e-18 7.098697789172351e-02
2 304 1.261600389072281e+03 2.870572792678500e-18 7.097338038577126e-02
0 176 1.261947461424348e+03 1.275444627537345e-17 5.919268114048846e-02
1 71 1.262964656606940e+03 7.831403861116829e-18 4.381527953675436e-02
2 305 1.265747997844891e+03 2.914984114011711e-18 7.096828957799517e-02
0 177 1.269104125970381e+03 5.171387670064682e-18 5.919099329355944e-02
2 306 1.269895688163259e+03 5.451680593296471e-18 7.097432227433971e-02
2 307 1.274043757495320e+03 3.946720407569898e-18 7.099684693712319e-02
0 178 1.276260944774271e+03 5.392827547171648e-18 5.918513331247493e-02
2 308 1.278191643650961e+03 2.977550974055165e-18 7.099682494964854e-02
1 72 1.280611957440762e+03 8.015424107345601e-18 4.381356752365127e-02
2 309 1.282339941518211e+03 4.502819781287946e-18 7.097863231014144e-02
0 179 1.283417559088885e+03 4.372883352448348e-18 5.918887178209043e-02
2 310 1.286487723487835e+03 2.870459364246478e-18 7.097455333987163e-02
0 180 1.290574315766181e+03 5.655298331009290e-18 5.919206996968718e-02
2 311 1.290635347029911e+03 2.900981619905837e-18 7.097635472972919e-02
2 312 1.294782942211296e+03 4.184431201807807e-17 7.097738987112040e-02
0 181 1.297730959431514e+03 4.405977890245038e-18 5.919327086497010e-02
1 73 1.298259258271426e+03 8.032742053524115e-18 4.381548356229956e-02
2 313 1.298930730462730e+03 3.567693523189529e-18 7.098185650608989e-02
2 314 1.303079074742725e+03 3.478869495061581e-18 7.099566827154173e-02
0 182 1.304887464994001e+03 4.317803012542354e-18 5.918886685421765e-02
2 315 1.307226950613282e+03 3.593775029728641e-18 7.099525725790481e-02
2 316 1.311374889583156e+03 3.732466002176977e-18 7.097196065122677e-02
0 183 1.312044283317388e+03 4.741845600548515e-18 5.918847871662770e-02
2 317 1.315522586277508e+03 3.529913786656923e-18 7.096694520138580e-02
1 74 1.315906537897836e+03 7.681064191565180e-18 4.381384210398824e-02
0 184 1.319201009782642e+03 1.284556536270531e-17 5.918855147978062e-02
2 318 1.319670244362115e+03 3.141947242663222e-18 7.097157829863297e-02
2 319 1.323818038634239e+03 5.380145257928819e-17 7.099060758362613e-02
0 185 1.326357809342952e+03 4.128280339164695e-18 5.919052961717969e-02
2 320 1.327965920305282e+03 3.293021595814844e-18 7.099233178147973e-02
2 321 1.332114347609710e+03 3.181003600373666e-18 7.098732863209672e-02
0 186 1.333514269514534e+03 2.193005259113669e-17 5.919280009878695e-02
1 75 1.333553828467933e+03 7.881591054315749e-18 4.381480293039416e-02
2 322 1.336262168821831e+03 3.589125700245382e-18 7.098383697264692e-02
2 323 1.340409812774911e+03 3.468657505065153e-17 7.097479673903444e-02
0 187 1.340670928423843e+03 4.730397286943489e-18 5.919186422209603e-02
2 324 1.344557433021881e+03 3.354347360642807e-18 7.097051752732544e-02
0 188 1.347827728013326e+03 6.311045120642325e-17 5.918860452318866e-02
2 325 1.348705155731072e+03 5.370226881965431e-18 7.097467228923385e-02
1 76 1.351201128234046e+03 7.705168935638824e-18 4.381323758299770e-02
2 326 1.352853301152831e+03 4.532884752287085e-18 7.099698269873249e-02
0 189 1.354984392107169e+03 4.489208838949554e-18 5.918501520168130e-02
2 327 1.357001200254794e+03 2.934231204037999e-18 7.099765646611154e-02
2 328 1.361149447008319e+03 3.759253328069593e-18 7.097786946864279e-02
0 190 1.362141122742557e+03 4.920177344818120e-18 5.919180158516925e-02
2 329 1.365297202857068e+03 2.870554016202805e-18 7.097205724174833e-02
1 77 1.368848416056255e+03 7.546217105170306e-18 4.381548194853148e-02
0 191 1.369297770904003e+03 6.247636475759883e-18 5.919279482623498e-02
2 330 1.369444801032682e+03 2.872595024514493e-18 7.097517706752819e-02
2 331 1.373592403092510e+03 3.996093215793037e-18 7.098047004566570e-02
0 192 1.376454420687074e+03 1.038443753729157e-16 5.919238141061359e-02
2 332 1.377740206199189e+03 4.803716924631159e-18 7.098525276244251e-02
2 333 1.381888609075832e+03 2.900467310105319e-18 7.099428551692141e-02
0 193 1.383611021901532e+03 4.503543926499357e-18 5.918640883616437e-02
2 334 1.386036482065401e+03 4.502472542314489e-18 7.099269581080375e-02
1 78 1.386495707505801e+03 6.505014107513965e-17 4.381406690077357e-02
2 335 1.390184356258869e+03 3.824798083763485e-18 7.097156773839322e-02
0 194 1.390767748041346e+03 4.301834634847085e-18 5.918841964612917e-02
2 336 1.394332040278811e+03 3.634614388582436e-18 7.096744110707767e-02
0 195 1.397924600739467e+03 5.379652865285552e-18 5.919109578650318e-02
2 337 1.398479728847678e+03 1.344178253170920e-16 7.097195055964432e-02
2 338 1.402627562845810e+03 3.753950720120352e-18 7.099190865319968e-02
1 79 1.404142998339047e+03 8.573059168014632e-18 4.381521083831583e-02
0 196 1.405081260578758e+03 2.362529179186224e-16 5.919067612453350e-02
2 339 1.406775427746912e+03 3.208007716350407e-18 7.099365060236994e-02
2 340 1.410923822816942e+03 3.266121209108829e-18 7.098545581366822e-02
0 197 1.412237725933732e+03 4.450603694680628e-18 5.919287658377012e-02
2 341 1.415071641391931e+03 5.175509193224499e-18 7.098175013763819e-02
2 342 1.419219253571149e+03 3.275250069287119e-18 7.097456022215899e-02
0 198 1.419394467256625e+03 4.128432237648927e-18 5.918877730246588e-02
1 80 1.421790306807120e+03 7.579411387729154e-18 4.381400231159212e-02
2 343 1.423366869847335e+03 3.609601412001003e-18 7.097138455984030e-02
0 199 1.426551194126309e+03 5.641943658935117e-18 5.918855169377352e-02
2 344 1.427514625157114e+03 3.761056394598319e-18 7.097649456719929e-02
2 345 1.431662848337434e+03 6.583846228146384e-17 7.099821527622020e-02
0 200 1.433707989328124e+03 1.071762264334482e-16 5.918674827693122e-02
2 346 1.435810747909267e+03 3.134969029459492e-18 7.099694896438896e-02
1 81 1.439437605745934e+03 7.658025289370993e-18 4.381552835545177e-02
2 347 1.439958905905633e+03 3.538788355135824e-18 7.097562674136830e-02
0 201 1.440864591586968e+03 4.466751608374867e-18 5.919226251696695e-02
2 348 1.444106625131315e+03 4.503054868236301e-18 7.097050367120782e-02
0 202 1.448021232054929e+03 6.183153958594416e-18 5.919337176097725e-02
2 349 1.448254223995775e+03 3.122972006225344e-18 7.097538258776646e-02
2 350 1.452401878025780e+03 3.775205490954380e-18 7.098332801004398e-02
0 203 1.455177929677861e+03 4.684766607636728e-18 5.918958779320898e-02
2 351 1.456549695477105e+03 4.659323076929509e-18 7.098696453212508e-02
1 82 1.457084894813275e+03 7.801484686277840e-18 4.381508901252048e-02
