1 0 7.023828401215341e+00 6.585756800476776e-18 5.169195235123943e-02
0 0 1.319788928682156e+01 9.639240292426769e-18 4.354260014863211e-02
1 1 2.008556323838402e+01 6.625460285154399e-18 5.169166216898705e-02
1 2 3.314743370136037e+01 6.581107546226962e-18 5.168067044860501e-02
0 1 3.504973162407542e+01 9.280819969288681e-18 4.354951314257514e-02
1 3 4.620870233466606e+01 1.022661165549103e-17 5.167823827098029e-02
0 2 5.690165107251512e+01 9.505983124433871e-18 4.354989418183653e-02
1 4 5.927003922838448e+01 6.751765215165892e-18 5.168065194817411e-02
1 5 7.233221624775749e+01 6.746618989921855e-18 5.169203592661477e-02
0 3 7.875315924961738e+01 9.643982879383263e-18 4.354247473682465e-02
1 6 8.539395430192798e+01 6.773670268393468e-18 5.169194629125496e-02
1 7 9.845598544408321e+01 6.581098225035796e-18 5.168058107826085e-02
0 4 1.006048292047052e+02 9.712087725373891e-18 4.354977663712370e-02
1 8 1.115172897274607e+02 7.022265210951825e-18 5.167814814961679e-02
0 5 1.224567426039118e+02 9.414879127433923e-18 4.354975581087921e-02
1 9 1.245785901992361e+02 7.630137437778456e-18 5.168058161217966e-02
1 10 1.376406045370343e+02 6.579625957469481e-18 5.169193073779051e-02
0 6 1.443084308401680e+02 9.545680369347279e-18 4.354247781309942e-02
1 11 1.507023423590100e+02 6.660095504840322e-18 5.169204222082076e-02
1 12 1.637645359502329e+02 6.975484079188826e-18 5.168068270953053e-02
0 7 1.661599205694200e+02 9.570839270418581e-18 4.354989104277007e-02
1 13 1.768258768335710e+02 7.527520362535249e-18 5.167827190903945e-02
0 8 1.880118412384356e+02 9.412021377903624e-18 4.354946463544736e-02
1 14 1.898871418952605e+02 9.180625736489247e-18 5.168070195175414e-02
1 15 2.029489958445667e+02 6.771709601784542e-18 5.169163710499630e-02
0 9 2.098637009087699e+02 9.272666562548715e-18 4.354260678505138e-02
1 16 2.160107299924267e+02 6.580488929650930e-18 5.169194899829319e-02
1 17 2.290730826419925e+02 7.439547346039886e-18 5.168097347087862e-02
0 10 2.317150097045344e+02 9.271496058070061e-18 4.354985669190599e-02
1 18 2.421344605292165e+02 7.057833773466850e-18 5.167860500948195e-02
0 11 2.535669509821548e+02 9.899602761648977e-18 4.354902409621698e-02
1 19 2.551956918239775e+02 7.082996928730947e-18 5.168100368831238e-02
1 20 2.682573927185400e+02 6.579733856058459e-18 5.169116055613418e-02
0 12 2.754189664200940e+02 9.278125420507637e-18 4.354285340827202e-02
1 21 2.813191197560059e+02 6.708704800392388e-18 5.169167082806064e-02
1 22 2.943816230129937e+02 6.629258212322409e-18 5.168144369752543e-02
0 13 2.972701004381549e+02 9.351921867093906e-18 4.354967238617877e-02
1 23 3.074430378219688e+02 7.439803460150756e-18 5.167913601484550e-02
0 14 3.191220751988664e+02 9.293303653194985e-18 4.354846195590243e-02
1 24 3.205042377387455e+02 7.639750008495341e-18 5.168146678282282e-02
1 25 3.335657976120622e+02 7.431568256413370e-18 5.169051182198445e-02
0 15 3.409742245493367e+02 1.452040130797636e-17 4.354322224894419e-02
1 26 3.466275141726407e+02 6.882499689598092e-18 5.169121719139274e-02
1 27 3.596901547449951e+02 6.632487039687443e-18 5.168207692419071e-02
0 16 3.628251969689369e+02 9.344373428723218e-18 4.354935739609028e-02
1 28 3.727516059558841e+02 6.863175517254134e-18 5.167984712181338e-02
0 17 3.846772165643214e+02 9.768911892151498e-18 4.354776314782333e-02
1 29 3.858127777979843e+02 7.547418669370952e-18 5.168205743364134e-02
1 30 3.988742128201125e+02 7.753601159598401e-18 5.168970672640098e-02
0 18 4.065294723005711e+02 9.272475609380246e-18 4.354368951208861e-02
1 31 4.119359156327954e+02 6.713477651926617e-18 5.169060269241513e-02
1 32 4.249986758083331e+02 6.611310878913183e-18 5.168285089873087e-02
0 19 4.283803022533301e+02 9.486457179978162e-18 4.354892176719977e-02
1 33 4.380601625036702e+02 7.288986919153779e-18 5.168071493990747e-02
0 20 4.502323774950334e+02 9.272107706850988e-18 4.354698622746072e-02
1 34 4.511213107458138e+02 6.932838089104867e-18 5.168272311816880e-02
1 35 4.641826404130167e+02 7.059999801138615e-18 5.168876595745325e-02
0 21 4.720847074355332e+02 9.272377855744795e-18 4.354424768137335e-02
1 36 4.772443263157136e+02 7.395463124412514e-18 5.168984679032206e-02
1 37 4.903071845325433e+02 6.717580386926833e-18 5.168373883931515e-02
0 22 4.939354195805547e+02 9.299827831147165e-18 4.354838634767621e-02
1 38 5.033687054390369e+02 6.769568193117991e-18 5.168171146703730e-02
0 23 5.157875584499013e+02 9.280723000627514e-18 4.354616046817238e-02
1 39 5.164298361294826e+02 7.629387422294547e-18 5.168338671672292e-02
1 40 5.294910821675732e+02 1.525468780284904e-17 5.168771469536494e-02
0 24 5.376399277354557e+02 9.373539482289870e-18 4.354487736522988e-02
1 41 5.425527481329286e+02 7.434714936233536e-18 5.168897345474326e-02
1 42 5.556156796885804e+02 7.051093924656487e-18 5.168471009892341e-02
0 25 5.594905513195306e+02 9.330557010331132e-18 4.354777359515308e-02
1 43 5.686772331904864e+02 7.625088327455696e-18 5.168280519796956e-02
0 26 5.813427585923021e+02 9.362528746778802e-18 4.354537167994980e-02
1 44 5.817383545668032e+02 6.739776933352108e-18 5.168394562338698e-02
1 45 5.947995395025092e+02 7.566652352571732e-18 5.168658207619167e-02
0 27 6.031951314427426e+02 9.289744268640801e-18 4.354555364919429e-02
1 46 6.078611826643121e+02 7.014799874926785e-18 5.168801063237917e-02
1 47 6.209241605096403e+02 7.048185601867534e-18 5.168573165226780e-02
0 28 6.250456988325399e+02 9.432772293055596e-18 4.354710686745484e-02
1 48 6.339857446777189e+02 6.857428977551438e-18 5.168396230408213e-02
0 29 6.468979743818853e+02 9.300427994604389e-18 4.354483422589225e-02
1 49 6.470468679792750e+02 7.453551006236600e-18 5.168428645735058e-02
1 50 6.601080134207825e+02 7.072915584790991e-18 5.168540048071660e-02
0 30 6.687503179615940e+02 3.233194936586665e-17 4.354626079314110e-02
1 51 6.731696311000760e+02 6.914717052338605e-18 5.168698953803805e-02
1 52 6.862326266906111e+02 6.580250209319050e-18 5.168676969433383e-02
0 31 6.906008636960861e+02 9.819174690623223e-18 4.354640954299835e-02
1 53 6.992942393215359e+02 6.589907183236972e-18 5.168514787414845e-02
0 32 7.124531965948570e+02 9.375715582641473e-18 4.354478224515500e-02
1 54 7.123553794763957e+02 6.779384847428908e-18 5.168432085212168e-02
1 55 7.254165044579252e+02 7.126789487292481e-18 5.168420464954377e-02
0 33 7.343054863057483e+02 9.709434795809300e-18 4.354696694013429e-02
1 56 7.384780941884841e+02 6.624711699551217e-17 5.168594377057617e-02
1 57 7.515410784006792e+02 6.967999438344828e-18 5.168779042165678e-02
0 34 7.561560458420721e+02 9.300906721247546e-18 4.354571035085555e-02
1 58 7.646027170277579e+02 6.652942940904903e-18 5.168632711021801e-02
1 59 7.776638926223005e+02 6.695067064136533e-18 5.168403221334306e-02
0 35 7.780084140468654e+02 9.956639804900750e-18 4.354524574153618e-02
1 60 7.907250126415677e+02 6.999264390946304e-18 5.168303063648601e-02
0 36 7.998606371047541e+02 9.396742823771217e-18 4.354764862406060e-02
1 61 8.037865721958256e+02 7.439077861420054e-18 5.168490826504209e-02
1 62 8.168495162626263e+02 6.851083777976633e-18 5.168876109232087e-02
0 37 8.217112452741545e+02 9.272241092782836e-18 4.354503001218000e-02
1 63 8.299111782248115e+02 6.592680174485943e-18 5.168746585763382e-02
1 64 8.429724104841894e+02 6.594350695510093e-18 5.168349411398818e-02
0 38 8.435636170739112e+02 9.369467782434436e-18 4.354600485716398e-02
1 65 8.560335374699141e+02 7.227175557853298e-18 5.168191462946162e-02
0 39 8.654157712370942e+02 7.217489549904849e-16 4.354828044689212e-02
1 66 8.690950648857884e+02 2.826120998649177e-16 5.168391810887550e-02
1 67 8.821579413220152e+02 7.041887557881347e-18 5.168965096189881e-02
0 40 8.872664612142509e+02 9.326369774769840e-18 4.354439142718899e-02
1 68 8.952196237689466e+02 7.828921536030204e-18 5.168853219120703e-02
1 69 9.082809350537210e+02 6.582476845194507e-18 5.168282827388788e-02
0 41 9.091188015196349e+02 1.115748654582193e-17 4.354682832948650e-02
1 70 9.213420779101783e+02 6.743369327131019e-18 5.168089168682889e-02
0 42 9.309708901285796e+02 9.319577788500437e-18 4.354883693094525e-02
1 71 9.344035715180687e+02 6.720790478759496e-18 5.168300726770737e-02
1 72 9.474663550053152e+02 2.706968411615943e-16 5.169043208085122e-02
0 43 9.528216919572499e+02 9.931817738077865e-18 4.354382084652962e-02
1 73 9.605280549231466e+02 6.749849259048220e-18 5.168949696276538e-02
1 74 9.735894668496207e+02 6.749651418834620e-18 5.168215673861774e-02
0 44 9.746739652671389e+02 9.304683287683844e-18 4.354763637897483e-02
1 75 9.866506324152793e+02 6.593603228426461e-18 5.167999444696419e-02
0 45 9.965259967646172e+02 3.661445324649012e-17 4.354929358958156e-02
1 76 9.997120908655877e+02 6.854450444189401e-18 5.168220727431694e-02
1 77 1.012774759068728e+03 7.468432746725275e-18 5.169107995109893e-02
0 46 1.018376936019979e+03 9.345858085673579e-18 4.354332797757693e-02
1 78 1.025836473305981e+03 8.081730558249209e-18 5.169033445770629e-02
1 79 1.038898005900608e+03 6.593695809701251e-18 5.168155347929308e-02
0 47 1.040229109684682e+03 9.736195732572050e-18 4.354833378707253e-02
1 80 1.051959198962411e+03 6.594530171096693e-18 5.167925187427697e-02
0 48 1.062081093494341e+03 9.402930064980367e-18 4.354963433319532e-02
1 81 1.065020621255262e+03 6.747190348738648e-18 5.168154593627086e-02
1 82 1.078083155544682e+03 1.313679422456946e-17 5.169157405297384e-02
0 49 1.083932190927168e+03 9.301677624488947e-18 4.354293748312411e-02
1 83 1.091144880838847e+03 7.033613882837317e-18 5.169102292347226e-02
1 84 1.104206551060747e+03 6.776722966620123e-18 5.168107162368119e-02
0 50 1.105784236432731e+03 9.302059934036712e-18 4.354892706104824e-02
1 85 1.117267775116197e+03 6.581365917828841e-18 5.167868811207410e-02
0 51 1.127636184125380e+03 9.303267025304752e-18 4.354983916488132e-02
1 86 1.130329160634250e+03 6.976541902426455e-18 5.168104611882161e-02
1 87 1.143391546688405e+03 7.438309539552066e-18 5.169189825923355e-02
0 52 1.149487454177068e+03 9.300201726772346e-18 4.354265575272074e-02
1 88 1.156453279692471e+03 7.070640064759349e-18 5.169154498610352e-02
1 89 1.169515100527575e+03 7.314650765193662e-18 5.168074662598526e-02
0 53 1.171339348269382e+03 9.645478319108305e-18 4.354938841495375e-02
1 90 1.182576358114474e+03 6.622413695519671e-18 5.167832182888344e-02
0 54 1.193191272522256e+03 1.599804493415613e-16 4.354989835586408e-02
1 91 1.195637706655659e+03 6.753324699460384e-18 5.168072464791967e-02
1 92 1.208699934921181e+03 7.015652940794650e-18 5.169204115228337e-02
0 55 1.215042723036058e+03 9.330858773291221e-18 4.354249050311341e-02
1 93 1.221761672229548e+03 7.893101057345237e-18 5.169188797066076e-02
1 94 1.234823652070507e+03 8.114926578076485e-18 5.168060009638460e-02
0 56 1.236894448739731e+03 9.359306814641300e-18 4.354969847438866e-02
1 95 1.247884944948323e+03 6.681777049702794e-18 5.167816464104966e-02
0 57 1.258746362507831e+03 9.278944200539373e-18 4.354981140917380e-02
1 96 1.260946256779599e+03 6.594143812808312e-18 5.168059134579800e-02
1 97 1.274008322770868e+03 6.620904645907760e-18 5.169199625961007e-02
0 58 1.280597994412413e+03 9.349551657731858e-18 4.354245584113435e-02
1 98 1.287070060945498e+03 6.977247072057336e-18 5.169204414027322e-02
1 99 1.300132203206402e+03 7.026263538908192e-18 5.168064249999880e-02
0 59 1.302449541747315e+03 9.273917826376602e-18 4.354986553333969e-02
1 100 1.313193532485929e+03 6.718890818074065e-18 5.167822127407690e-02
0 60 1.324301458588788e+03 2.308382679340874e-17 4.354956132595540e-02
1 101 1.326254808391181e+03 6.581973332655896e-18 5.168064816732593e-02
1 102 1.339316712813809e+03 6.765242920118868e-18 5.169176221818892e-02
0 61 1.346153265285733e+03 1.018940385081466e-17 4.354254134626415e-02
1 103 1.352378448411029e+03 6.713491438858839e-18 5.169201086437365e-02
1 104 1.365440751353035e+03 7.090986349437342e-18 5.168087489642120e-02
0 62 1.368004631006986e+03 9.592059487175951e-18 4.354987308968709e-02
1 105 1.378502117584066e+03 6.768799802927210e-18 5.167848940469061e-02
0 63 1.389856564435377e+03 9.713986797254264e-18 4.354917199925679e-02
1 106 1.391563359035095e+03 6.758644297575595e-18 5.168089140716799e-02
1 107 1.404625107616628e+03 6.762994545588730e-18 5.169134286990941e-02
0 64 1.411708532661927e+03 9.272640707898893e-18 4.354275492704693e-02
1 108 1.417686837213587e+03 7.758704407524180e-18 5.169179071800484e-02
1 109 1.430749293965377e+03 6.805765593739303e-18 5.168129015744959e-02
0 65 1.433559720932269e+03 9.271502655166251e-18 4.354973617452090e-02
1 110 1.443810697199523e+03 6.859867243559035e-18 5.167895970961627e-02
0 66 1.455411683648620e+03 9.401669613142650e-18 4.354864050252722e-02
1 111 1.456871906420122e+03 6.670539136413161e-18 5.168130645326449e-02
