1 0 2.004562192174629e+00 3.194961970568225e-18 7.135016794079047e-02
3 0 1.904356259557085e+00 7.285206043346333e-18 5.361413319410016e-02
0 0 5.200624400601753e+00 4.109760054621334e-18 6.116301167140203e-02
1 1 6.101020714243274e+00 4.488799524249875e-18 7.135233983251135e-02
2 0 8.369950346123188e+00 1.872836522708325e-02 4.148015853500316e-02
1 2 1.019824283378358e+01 3.466413515241618e-18 7.136605730161916e-02
3 1 1.155894361459578e+01 6.649957861897951e-18 5.361005914464270e-02
0 1 1.170234195422064e+01 3.877095678373450e-18 6.115087946309733e-02
1 3 1.429485468546702e+01 5.910077902433097e-18 7.136256699536989e-02
0 2 1.820485357476546e+01 4.257475155503748e-18 6.115401129151785e-02
1 4 1.839129362043976e+01 3.064602786548103e-18 7.136354434478018e-02
3 2 2.121357873583144e+01 6.257588162771000e-18 5.360609905696299e-02
1 5 2.248781795609342e+01 3.744865901881452e-18 7.137638573140236e-02
0 3 2.470779512349289e+01 3.876767797900576e-18 6.115058055313830e-02
2 1 2.511001951795719e+01 2.000514159410353e-02 2.092776843622232e-02
1 6 2.658450214241349e+01 6.971089848227266e-17 7.138080219485610e-02
1 7 3.068121461570014e+01 4.096824032866381e-18 7.135950850129762e-02
3 3 3.086810752199591e+01 5.684268035661896e-18 5.360211090112375e-02
0 4 3.120989609481387e+01 3.952383287184822e-18 6.116676576750511e-02
1 8 3.477762641445859e+01 3.138777618060296e-18 7.135285102261221e-02
2 2 3.591810640519572e+01 2.047724284927147e-02 3.010329631648319e-09
0 5 3.771244574021425e+01 1.084134367829923e-17 6.118699983489221e-02
1 9 3.887424108086502e+01 2.865667569431736e-18 7.135225466214797e-02
3 4 4.052261499300499e+01 5.924714000151051e-18 5.358774721574174e-02
2 3 4.184998410155212e+01 5.509541110876884e-03 1.035227652309742e-01
1 10 4.297150882688461e+01 5.532035326118344e-18 7.135406278644912e-02
0 6 4.421445012019170e+01 1.037775678855973e-16 6.118390638519335e-02
1 11 4.706820937934426e+01 3.224289447164656e-18 7.135118830732146e-02
3 5 5.017705877640574e+01 5.634055067804166e-18 5.358393344303936e-02
0 7 5.071667598319595e+01 8.243648463625811e-16 6.118318059464770e-02
1 12 5.116467002801725e+01 4.391850336797167e-17 7.135856801241523e-02
2 4 5.264996859111810e+01 1.913946420366842e-02 3.599930966449181e-02
1 13 5.526128392735148e+01 5.447244012943793e-18 7.138234725545615e-02
0 8 5.721948824166409e+01 3.873917566813625e-18 6.119516108951231e-02
1 14 5.935790099612985e+01 3.094153209717276e-18 7.138170266634324e-02
3 6 5.983128473137797e+01 7.005910015777825e-18 5.356190547676716e-02
0 9 6.372229817301546e+01 3.879454181130216e-18 6.119912698869970e-02
1 15 6.345442189502619e+01 5.969901398740168e-18 7.136466815341851e-02
1 16 6.755087048443002e+01 3.403273064795535e-18 7.135742857964435e-02
2 5 6.937196150579453e+01 1.891461735121985e-02 2.957080553889234e-02
3 7 6.948569995213103e+01 6.888486720791073e-18 5.355693969759479e-02
0 10 7.022456877657159e+01 4.081632375651581e-18 6.120851442862973e-02
1 17 7.164750694739159e+01 3.964524826982723e-18 7.136016809122714e-02
1 18 7.574486475730873e+01 1.048077207331656e-17 7.135001708441899e-02
0 11 7.672705176989125e+01 6.831586873168189e-16 6.124402714988810e-02
3 8 7.913947584986487e+01 5.116073069407746e-15 5.353262110668817e-02
1 19 7.984134266934890e+01 3.636365132364834e-18 7.135025481932804e-02
2 6 8.018997418935656e+01 2.021502692770314e-02 1.658538787226782e-02
0 12 8.322959450737420e+01 1.028325050507339e-16 6.124097869204891e-02
1 20 8.393773776487370e+01 3.842835952461741e-18 7.135483210495874e-02
2 7 8.620702417272248e+01 1.037421983457069e-02 8.093994490129376e-02
1 21 8.803473634592152e+01 2.900114419525647e-18 7.137555495731374e-02
3 9 8.879390913409418e+01 5.216759445968996e-18 5.352944379863402e-02
0 13 8.973146651654643e+01 1.428566854063441e-17 6.122903491097649e-02
1 22 9.213137640574932e+01 3.854382647578159e-18 7.137180380460537e-02
0 14 9.623512895377365e+01 4.445094793570333e-18 6.125240525599054e-02
1 23 9.622784754718289e+01 3.175501776938303e-18 7.136595097200332e-02
2 8 9.693002646244798e+01 1.903021176217739e-02 3.764496581435764e-02
3 10 9.844720086533208e+01 5.054741577586358e-18 5.350292666171583e-02
1 24 1.003242956708727e+02 7.091208106521173e-16 7.136878120545848e-02
0 15 1.027377864793472e+02 3.870197395067654e-18 6.125457341618702e-02
1 25 1.044209894629291e+02 3.763679705633521e-18 7.137395670568041e-02
3 11 1.081016074511995e+02 5.492710220386763e-18 5.350110269966959e-02
1 26 1.085179217182025e+02 2.848199869894676e-18 7.135430878988723e-02
0 16 1.092396406213346e+02 5.335335666885293e-18 6.127266118793780e-02
1 27 1.126143882771917e+02 4.488907044123743e-18 7.134920977828857e-02
2 9 1.136814829396343e+02 2.011789209936509e-02 1.381567384959657e-02
0 17 1.157433716280667e+02 3.867604375624709e-18 6.129608340053799e-02
1 28 1.167109268323535e+02 3.175935567396876e-18 7.135014476125190e-02
3 12 1.177544972412843e+02 5.126175462055667e-18 5.348032844727641e-02
1 29 1.208080789554250e+02 4.488529303176830e-18 7.136270915653177e-02
0 18 1.222451837691889e+02 4.691697411072105e-18 6.128319332162364e-02
2 10 1.244699851986204e+02 2.020033127079058e-02 1.704594927647843e-02
1 30 1.249047917570929e+02 3.186179472088529e-18 7.135780567306883e-02
3 13 1.274089230213351e+02 5.188786795088308e-18 5.347860914964953e-02
0 19 1.287475168222910e+02 4.642691237461275e-18 6.128261539120830e-02
1 31 1.290012094347329e+02 3.281664851619577e-18 7.136334847409613e-02
2 11 1.304904987753299e+02 1.091239974624593e-02 7.757518834840001e-02
1 32 1.330977435448808e+02 2.878264242375252e-16 7.138051100770666e-02
0 20 1.352516163162387e+02 5.852386632904703e-16 6.128805868575322e-02
1 33 1.371944093759199e+02 3.264529761295460e-18 7.138306632844754e-02
3 14 1.370614686613035e+02 5.702365673458027e-18 5.346711589256107e-02
2 12 1.412100082990629e+02 1.737108797842518e-02 5.570534683549357e-02
1 34 1.412911335004000e+02 3.421796797686638e-18 7.135952284800939e-02
0 21 1.417538895560504e+02 4.521997248889091e-18 6.129903274953079e-02
1 35 1.453875213511288e+02 1.872821444148937e-16 7.135186422219694e-02
3 15 1.467159348911138e+02 5.058518385138572e-18 5.346641659563121e-02
0 22 1.482561675503851e+02 4.070558279496844e-18 6.130580547794871e-02
1 36 1.494840803244048e+02 3.674567056883153e-18 7.135408914764753e-02
1 37 1.535814937041626e+02 5.340377990114492e-18 7.135173236371402e-02
0 23 1.547595718683542e+02 4.652781575714686e-18 6.130905518139317e-02
3 16 1.563683349456500e+02 5.223809520199516e-18 5.346438860965616e-02
1 38 1.576780547589701e+02 2.854348493470629e-18 7.135165190977137e-02
2 13 1.576915816141667e+02 4.102835679272199e-04 1.060597243711377e-01
0 24 1.612618172002829e+02 5.598379090661412e-18 6.130338632782455e-02
1 39 1.617744858059615e+02 4.488692069650636e-18 7.135754217048612e-02
1 40 1.658712532737452e+02 2.954447541655951e-18 7.138178195742077e-02
3 17 1.660228030310646e+02 7.851253809005901e-16 5.346471924393405e-02
0 25 1.677640238991173e+02 4.117967756364853e-18 6.129021084793530e-02
2 14 1.687500067023990e+02 2.031855097189450e-02 1.274563248561996e-02
1 41 1.699678627598200e+02 8.730423962155549e-18 7.137908522050804e-02
1 42 1.740643525171666e+02 3.928470791534938e-18 7.136350947124619e-02
0 26 1.742682526520117e+02 4.508172787938099e-18 6.128749632033929e-02
2 15 1.747695929504106e+02 1.080992555986712e-02 7.820153169632341e-02
3 18 1.756752811722443e+02 6.133420075688178e-18 5.347336088958751e-02
1 43 1.781608120349887e+02 2.878380466969906e-18 7.136104944348340e-02
0 27 1.807705493779512e+02 3.868064952327623e-18 6.128731185147291e-02
1 44 1.822575339559208e+02 3.145261239463537e-17 7.136450739397257e-02
2 16 1.853617937062126e+02 7.467971771774481e-04 1.072716547350293e-01
3 19 1.853297332089408e+02 5.116490296256337e-18 5.347549926444663e-02
1 45 1.863546672635121e+02 3.348768350738568e-18 7.135142572388843e-02
0 28 1.872723539956333e+02 4.502874453256640e-18 6.130188067969218e-02
1 46 1.904511729640280e+02 5.430535409883198e-18 7.134903301006910e-02
0 29 1.937761997491513e+02 1.989790779652232e-17 6.128209070711606e-02
1 47 1.945476093013517e+02 3.201843208839965e-18 7.135333336285515e-02
3 20 1.949825121697272e+02 5.207894675649264e-18 5.349378679361953e-02
1 48 1.986446141390868e+02 3.076475549112760e-18 7.137241604322085e-02
0 30 2.002779532994213e+02 1.335080759919852e-16 6.126305540105571e-02
2 17 2.019706117478116e+02 3.761349789726431e-04 1.061705266905721e-01
1 49 2.027413656863225e+02 4.488458212294289e-18 7.136631440900244e-02
3 21 2.046369466683263e+02 5.567235370214279e-18 5.349435467335483e-02
0 31 2.067805204406687e+02 1.017355151093814e-15 6.126360367152874e-02
1 50 2.068378206661808e+02 3.001378652147272e-18 7.136772065339253e-02
1 51 2.109342606300362e+02 5.635871090483899e-18 7.137322111006925e-02
2 18 2.130358693419546e+02 2.047704393432015e-02 8.418044792322082e-10
0 32 2.132843101526486e+02 4.081355317365804e-18 6.123622251603474e-02
3 22 2.142901003526596e+02 5.115219861171502e-18 5.351922486698771e-02
1 52 2.150309012977381e+02 3.571128661502318e-18 7.137675830370034e-02
2 19 2.189952786029873e+02 1.732780337328866e-02 4.091290250007799e-02
1 53 2.191278007115360e+02 5.114552163576600e-18 7.135441160747417e-02
0 33 2.197862639659766e+02 3.886358149318500e-18 6.125149624234840e-02
1 54 2.232242117566440e+02 5.386682531952096e-18 7.134921494934329e-02
3 23 2.239445703335955e+02 7.135056690376933e-18 5.352214400613665e-02
0 34 2.262887364599029e+02 3.075329312128147e-15 6.125410400023278e-02
1 55 2.273207441649625e+02 3.022126811089947e-18 7.135111939594961e-02
2 20 2.297699777320870e+02 1.847969186202464e-02 4.496089089543268e-02
1 56 2.314181125677498e+02 3.753686838205126e-18 7.135838173496464e-02
0 35 2.327913046636945e+02 4.011205671423226e-16 6.121870686776160e-02
3 24 2.335982150504453e+02 5.050768545242539e-18 5.354727736823275e-02
1 57 2.355146916928501e+02 3.186279827843496e-18 7.135719020003173e-02
0 36 2.392935642367360e+02 5.222521839623905e-17 6.121232039856553e-02
1 58 2.396111254665125e+02 7.271892583191686e-18 7.136228645922336e-02
3 25 2.432526529403037e+02 2.243625183673163e-16 5.355199227444751e-02
1 59 2.437077402949219e+02 3.182709973246719e-18 7.138197509777540e-02
0 37 2.457962699682643e+02 7.346700500470015e-18 6.120246637146573e-02
2 21 2.465100157480666e+02 1.999343029238865e-02 1.923834731070095e-02
1 60 2.478043680418292e+02 3.016052180524388e-18 7.138244670273930e-02
1 61 2.519009867357693e+02 1.141801128000517e-16 7.135995641793161e-02
0 38 2.522991855399256e+02 3.949225243324993e-18 6.119093956838336e-02
3 26 2.529067675240609e+02 5.752907149239375e-18 5.357521925158959e-02
1 62 2.559974162303982e+02 2.992389356431402e-18 7.135526963290989e-02
2 22 2.573151234996660e+02 2.047777252852233e-02 1.096718479879246e-09
0 39 2.588014524934728e+02 3.874273452727718e-18 6.118982113527527e-02
1 63 2.600940696130128e+02 3.167126665736488e-18 7.135609904883386e-02
3 27 2.625612250178780e+02 5.272242510086077e-18 5.357836291000802e-02
2 23 2.632499977840030e+02 5.200858102492580e-03 1.038899038231961e-01
1 64 2.641913268452166e+02 5.943463139748619e-17 7.135094661147946e-02
0 40 2.653034432302140e+02 3.873935988780900e-18 6.119629149110633e-02
1 65 2.682879714609766e+02 3.748329578935886e-18 7.134984820395142e-02
0 41 2.718060104712865e+02 4.744852252220582e-18 6.117434016085768e-02
1 66 2.723844137835079e+02 3.806911388204098e-18 7.135689728851619e-02
3 28 2.722156675739153e+02 5.174055788716721e-18 5.359599580038666e-02
2 24 2.740499587671400e+02 1.912716346469559e-02 3.672788670501551e-02
1 67 2.764811572285522e+02 2.850900464225182e-18 7.138010853237539e-02
0 42 2.783080807101377e+02 4.615010636007656e-18 6.115568690578823e-02
1 68 2.805778402287231e+02 6.577336854937292e-18 7.137490886844836e-02
3 29 2.818701827300679e+02 7.961109608148680e-18 5.360072492382573e-02
0 43 2.848110248214242e+02 3.876288020523827e-18 6.115857199215501e-02
1 69 2.846742883777391e+02 3.967751212885296e-18 7.136713458880291e-02
1 70 2.887707472442423e+02 1.412440656657667e-16 7.136391794938747e-02
2 25 2.907895869716257e+02 1.981609646745634e-02 1.902274546172800e-02
0 44 2.913135834751209e+02 7.612191205405801e-16 6.115111074371173e-02
3 30 2.915248000063917e+02 5.258663192166375e-18 5.360873159218688e-02
1 71 2.928674226235401e+02 3.165463793205945e-18 7.136752823166810e-02
1 72 2.969645915206306e+02 3.076428651978296e-18 7.135182029740877e-02
0 45 2.978153229493512e+02 3.876079508351259e-18 6.116400537564917e-02
1 73 3.010610093248366e+02 5.197868539867908e-17 7.135004093767462e-02
2 26 3.015899750425744e+02 2.026238733759100e-02 1.530166666763961e-02
3 31 3.011793700576794e+02 5.964935159146198e-18 5.361304945877407e-02
0 46 3.043180674490015e+02 4.470065053379618e-18 6.116410404145914e-02
1 74 3.051574567931619e+02 3.022792006805947e-18 7.135238139694824e-02
2 27 3.076041947742133e+02 1.015260788540543e-02 8.206194728427672e-02
1 75 3.092546546090296e+02 3.687726497517523e-18 7.136734799076529e-02
0 47 3.108198620861104e+02 4.637132105196988e-18 6.114696396065066e-02
3 32 3.108340104129775e+02 5.455599919772266e-18 5.361152146736403e-02
1 76 3.133512811632150e+02 4.028846622878340e-18 7.136515983650517e-02
0 48 3.173222859085818e+02 3.877136519577784e-18 6.114454291682377e-02
1 77 3.174477665701615e+02 2.847802280810329e-18 7.136595857712794e-02
2 28 3.183300132259719e+02 1.904072393650861e-02 3.800155675131795e-02
3 33 3.204886348361790e+02 5.726285294916420e-18 5.361381880771407e-02
1 78 3.215442366625982e+02 3.589487486827481e-18 7.137587627999098e-02
0 49 3.238253066714798e+02 4.306035611572964e-18 6.114401320936008e-02
1 79 3.256408442437242e+02 2.854996343059882e-18 7.137987971623788e-02
1 80 3.297376230879894e+02 4.488750690727314e-18 7.135603779604009e-02
3 34 3.301432181064761e+02 5.631311049593558e-18 5.360980078625130e-02
0 50 3.303273868467810e+02 5.293073739000413e-18 6.116023656111617e-02
1 81 3.338341058597173e+02 2.848358637634817e-18 7.135032606990553e-02
2 29 3.350561477488694e+02 1.930708839667493e-02 2.563882615144037e-02
0 51 3.368297449793720e+02 5.619629616739706e-18 6.117268588620374e-02
1 82 3.379307241469351e+02 3.568450675442386e-18 7.134953984406782e-02
3 35 3.397978268550468e+02 5.320341596565033e-18 5.360280319911158e-02
1 83 3.420279896056415e+02 5.648797216990541e-18 7.135652686422714e-02
0 52 3.433318142515330e+02 4.172080854001843e-18 6.116694577247613e-02
2 30 3.458699794341342e+02 2.021553059364347e-02 1.688267114564107e-02
1 84 3.461246829405957e+02 2.902648204716768e-18 7.135451890798716e-02
3 36 3.494523105525122e+02 5.190273564782996e-18 5.359932492333182e-02
0 53 3.498341135998814e+02 1.494430195011633e-17 6.116518556248726e-02
1 85 3.502210666492998e+02 5.821322239670870e-18 7.136218381010852e-02
2 31 3.518894913524175e+02 1.095160173564249e-02 7.712483774642996e-02
1 86 3.543176339631707e+02 3.193529164948284e-18 7.138325230005525e-02
0 54 3.563367438166489e+02 1.192388442108627e-16 6.117342087914398e-02
1 87 3.584143203844956e+02 3.202604913390121e-18 7.138126574600297e-02
3 37 3.591067856240502e+02 9.924601156213740e-18 5.358308673273222e-02
1 88 3.625109063329319e+02 4.653141042015130e-18 7.136250405260043e-02
2 32 3.626100398800625e+02 1.839042099267529e-02 4.613918742361862e-02
0 55 3.628395309257086e+02 6.616560944677240e-16 6.118033856774093e-02
1 89 3.666073381743331e+02 3.008086409669272e-18 7.135462414996249e-02
3 38 3.687612085064103e+02 5.498395285459564e-18 5.357741602510852e-02
0 56 3.693418317136880e+02 3.880371454453194e-18 6.118874561409215e-02
1 90 3.707039752887651e+02 6.908096264456452e-18 7.135807968745754e-02
1 91 3.748013206251680e+02 3.235157115313386e-18 7.135120020753448e-02
0 57 3.758440294650602e+02 3.872748254996652e-18 6.122020271978469e-02
3 39 3.784153182978068e+02 5.298532586476740e-18 5.355588524454198e-02
1 92 3.788978231253232e+02 4.488877300740136e-18 7.135115450592425e-02
2 33 3.790865733032799e+02 2.346854245665764e-04 1.066764733224295e-01
0 58 3.823466129120355e+02 3.541783908037803e-15 6.121689303512609e-02
1 93 3.829942553865758e+02 1.544673574712382e-17 7.135542372217389e-02
1 94 3.870911615301519e+02 3.225135576336088e-18 7.137613814394460e-02
3 40 3.880697527674282e+02 5.238013936613375e-18 5.355236032506984e-02
0 59 3.888485959170394e+02 6.265034623218703e-16 6.120451059574866e-02
2 34 3.901500015045655e+02 2.027360880879217e-02 1.488203829103694e-02
1 95 3.911877549275351e+02 3.820958403509002e-18 7.137338741078934e-02
0 60 3.953520320223270e+02 6.782941979234513e-17 6.123006304626126e-02
1 96 3.952842426323899e+02 2.848363202297682e-18 7.136503913302433e-02
2 35 3.961685550864705e+02 1.085088684070021e-02 7.774171093070929e-02
3 41 3.977234274331562e+02 4.401169180027538e-17 5.352588495100297e-02
1 97 3.993807171296737e+02 4.488461713377771e-18 7.136721721630532e-02
0 61 4.018547111046233e+02 6.616907748397177e-18 6.123405968335121e-02
1 98 4.034773911014663e+02 4.085559069393607e-18 7.137287773897225e-02
2 36 4.067246666119809e+02 7.116378643457854e-10 1.075408152992572e-01
3 42 4.073778214005421e+02 6.129665958343344e-18 5.352319087480229e-02
1 99 4.075744309614273e+02 5.562574643195029e-17 7.135427157274880e-02
0 62 4.083564594440284e+02 4.779019246918154e-18 6.125072075819973e-02
1 100 4.116708976869222e+02 3.742949205603657e-18 7.134947987283068e-02
0 63 4.148599743902465e+02 4.487869580222048e-18 6.127803172944004e-02
1 101 4.157673810814492e+02 3.068718661312012e-18 7.134904849370911e-02
3 43 4.170310443962169e+02 6.131315282166310e-18 5.349835775856627e-02
1 102 4.198645249128535e+02 4.488511630225319e-18 7.136426710402230e-02
0 64 4.213618863839257e+02 5.197170195752067e-18 6.126396050793211e-02
2 37 4.237186602678235e+02 1.278802537693485e-02 6.040099478063250e-02
1 103 4.239612998337295e+02 3.034121809713049e-18 7.136040795827310e-02
3 44 4.266854616521533e+02 5.117876876545377e-18 5.349611897242510e-02
0 65 4.278641966405659e+02 4.114129999239017e-18 6.126290313538128e-02
1 104 4.280577068724094e+02 3.681398282760799e-18 7.136615320634407e-02
1 105 4.321541462665808e+02 6.426267261720232e-18 7.138007330817676e-02
0 66 4.343681916277081e+02 4.608512779051091e-18 6.127898865839982e-02
2 38 4.344328747675002e+02 2.047586235566458e-02 2.406256306693451e-10
1 106 4.362508026933184e+02 3.977637210529799e-18 7.138200069208313e-02
3 45 4.363382649612811e+02 5.785697415037243e-18 5.347765458408957e-02
1 107 4.403475387401583e+02 2.848065772958465e-18 7.135722053518381e-02
2 39 4.404437273542056e+02 1.019264549094969e-02 8.174051274511716e-02
0 67 4.408704807463816e+02 4.647568183529024e-18 6.129084688937333e-02
1 108 4.444439826411505e+02 2.879737990528275e-18 7.134784247079272e-02
3 46 4.459927050877485e+02 5.057616381956052e-18 5.347618463002971e-02
0 68 4.473726818735425e+02 7.555326919280262e-16 6.129749613792316e-02
1 109 4.485406063687848e+02 3.155263119968338e-18 7.135102597293273e-02
2 40 4.511699766445268e+02 1.788412413831796e-02 5.151111445763699e-02
1 110 4.526379946118576e+02 4.590911135583658e-16 7.135469959703153e-02
0 69 4.538760202665995e+02 6.049540745167467e-18 6.130635485503768e-02
3 47 4.556451967670242e+02 5.345336401083083e-18 5.346616825424332e-02
1 111 4.567345243339333e+02 3.272541024948828e-18 7.135464554039229e-02
0 70 4.603783616324757e+02 5.907400668723946e-18 6.130042956288664e-02
1 112 4.608309241670329e+02 2.847938748821614e-18 7.136084236012687e-02
1 113 4.649276368642725e+02 2.849050438914964e-18 7.138239992069707e-02
3 48 4.652996767571307e+02 5.251366028329647e-18 5.346545877352212e-02
0 71 4.668805605423818e+02 4.627856346778312e-18 6.128887667082795e-02
2 41 4.679100102549206e+02 1.998703271690922e-02 1.757378549698671e-02
1 114 4.690242595345391e+02 2.847126367130659e-18 7.138003885446986e-02
1 115 4.731208645391405e+02 3.654513943046560e-18 7.136015533356162e-02
0 72 4.733847758940050e+02 4.584680849045647e-18 6.129736204326550e-02
3 49 4.749520804534594e+02 2.581760653395365e-16 5.346482860620271e-02
1 116 4.772172998102425e+02 2.304715054817017e-17 7.135847809726874e-02
2 42 4.787121820355112e+02 2.047818191058113e-02 8.074681539315581e-10
0 73 4.798871171188381e+02 5.646211138371084e-18 6.129771993895401e-02
1 117 4.813139456309671e+02 5.406383576970472e-18 7.136309775332689e-02
2 43 4.846500119809361e+02 4.895259440793154e-03 1.043798740618648e-01
3 50 4.846065278811857e+02 5.677576244202558e-18 5.346643686201916e-02
1 118 4.854111314921277e+02 2.996723106488451e-18 7.135208217825131e-02
0 74 4.863888333130772e+02 6.122710714123795e-18 6.131054530874669e-02
1 119 4.895076786914854e+02 4.488892581102068e-18 7.134988114706582e-02
0 75 4.928928090611087e+02 4.151318538571677e-18 6.129800480987480e-02
1 120 4.936041104865175e+02 3.258399544835815e-18 7.135197455465028e-02
3 51 4.942590671095969e+02 5.261642164534032e-18 5.347754499592976e-02
2 44 4.954499513800613e+02 1.908001523042243e-02 3.785949184193159e-02
1 121 4.977010545598762e+02 3.391148048625657e-18 7.137336196796945e-02
0 76 4.993946832080629e+02 4.426338602590468e-18 6.127771077935836e-02
1 122 5.017978141899953e+02 2.365046292203857e-17 7.136792970064892e-02
3 52 5.039135109381103e+02 5.482666090031695e-18 5.347763929489763e-02
0 77 5.058972468162522e+02 1.810239823231363e-17 6.127960015167693e-02
1 123 5.058942145181525e+02 3.108450353901786e-18 7.136811930425406e-02
1 124 5.099906539572394e+02 3.126287613932586e-18 7.137235657360552e-02
2 45 5.122013930644486e+02 2.024993923648545e-02 1.099540721639864e-02
0 78 5.124012169208207e+02 2.731744339924871e-16 6.125940058587177e-02
3 53 5.135663314469130e+02 6.599520070081789e-18 5.349785931741762e-02
1 125 5.140873377571814e+02 2.869595924995854e-18 7.137632219708050e-02
1 126 5.181842880345002e+02 6.558960193072365e-18 7.135467000782243e-02
0 79 5.189030727983381e+02 1.561743012825902e-15 6.127318944232345e-02
1 127 5.222806935214215e+02 3.259380547753603e-18 7.134702151356608e-02
2 46 5.229899764169804e+02 2.033321982865855e-02 1.268999934160335e-02
3 54 5.232208059013745e+02 5.072393526654543e-18 5.349975441147004e-02
0 80 5.254055067024800e+02 3.984130609254254e-18 6.127609953975253e-02
1 128 5.263772308259952e+02 2.162555928262512e-16 7.134967677561643e-02
2 47 5.289595531464192e+02 1.728447213373171e-02 4.148008257860183e-02
1 129 5.304745624519719e+02 3.750354987230924e-18 7.136049192586200e-02
0 81 5.319083796966163e+02 3.877011966479242e-18 6.124013499108381e-02
3 55 5.328740638284844e+02 6.564162898171256e-18 5.352406018626556e-02
1 130 5.345711764987336e+02 3.127385401884149e-18 7.136009253051794e-02
0 82 5.384106201818903e+02 2.252900012541989e-15 6.123391729768907e-02
1 131 5.386676440207348e+02 7.845647549451031e-18 7.136566927460102e-02
2 48 5.397299976054264e+02 1.908670546432510e-02 3.780245622541020e-02
1 132 5.427641503362255e+02 3.513688583606929e-18 7.138187812950438e-02
3 56 5.425285118908939e+02 5.250135762463000e-18 5.352814952101523e-02
0 83 5.449133310198689e+02 4.091714084429596e-16 6.122606094077897e-02
1 133 5.468607203151994e+02 4.488056061175456e-18 7.138190565096647e-02
1 134 5.509574117661273e+02 4.549176595703566e-18 7.135569394416641e-02
0 84 5.514164924918914e+02 5.116603483833567e-17 6.121453421288747e-02
3 57 5.521822785794537e+02 6.282609653861975e-18 5.355407144810048e-02
1 135 5.550538785527636e+02 2.961612122274910e-18 7.135216381661995e-02
2 49 5.564368084840120e+02 1.850812832022489e-02 3.379801141272917e-02
0 85 5.579186892298533e+02 1.036996205247839e-17 6.121271852383905e-02
1 136 5.591505245619765e+02 3.727573048715040e-18 7.135398648452229e-02
3 58 5.618367304665758e+02 5.212270699194002e-18 5.355751643688989e-02
1 137 5.632478221714885e+02 2.970661249678956e-18 7.135382861901846e-02
0 86 5.644205968309437e+02 4.456928481193738e-18 6.121628871746760e-02
2 50 5.672699747306081e+02 2.024463549846615e-02 1.607208440533757e-02
1 138 5.673444386429837e+02 4.815565266100680e-18 7.135350803972473e-02
0 87 5.709234308089216e+02 3.874587201086155e-18 6.118882327825448e-02
1 139 5.714408120893016e+02 1.647208731615791e-16 7.135880415298287e-02
3 59 5.714909194290174e+02 5.586919583089293e-18 5.358004332236459e-02
2 51 5.732880127363575e+02 1.092496462518062e-02 7.710286242345858e-02
1 140 5.755375408437056e+02 2.847111485503681e-18 7.138072711422722e-02
0 88 5.774255266854840e+02 4.795067340373682e-18 6.117017735910098e-02
1 141 5.796342904856177e+02 3.837031936984089e-18 7.137539678482031e-02
3 60 5.811453981470944e+02 5.490591892033156e-18 5.358424159230802e-02
0 89 5.839283636407680e+02 4.579062311509516e-18 6.117700706547639e-02
1 142 5.837307724459007e+02 2.929396633574104e-18 7.136531932389549e-02
2 52 5.840100404041456e+02 1.886458972265117e-02 4.088634139720193e-02
1 143 5.878272000090263e+02 3.124709429639637e-18 7.136230959615908e-02
0 90 5.904310751875851e+02 4.620124976863488e-18 6.116207032621473e-02
3 61 5.907998958648062e+02 5.375434089596593e-18 5.360051513883035e-02
1 144 5.919238522653699e+02 3.981341100340847e-18 7.136656013419730e-02
1 145 5.960210018059979e+02 5.264058362741218e-18 7.135258891273859e-02
0 91 5.969327508642625e+02 4.086347434046433e-18 6.117260843603000e-02
1 146 6.001174633866066e+02 3.714265595009145e-18 7.134854167587376e-02
2 53 6.007499792117035e+02 1.999875660583604e-02 1.660810602290397e-02
3 62 6.004544346416827e+02 5.511290197881887e-18 5.360528726667655e-02
0 92 6.034354323788200e+02 3.840268188615738e-16 6.117263139610207e-02
1 147 6.042139705108772e+02 3.018175144267401e-18 7.135122745738125e-02
1 148 6.083110853551758e+02 6.000445734859204e-18 7.136875396763646e-02
0 93 6.099373832693618e+02 9.484669760350936e-18 6.114791032557172e-02
3 63 6.101090721396353e+02 7.298787795781618e-18 5.360970172612445e-02
2 54 6.115499956636961e+02 2.024755602824877e-02 1.593512566307837e-02
1 149 6.124076954361915e+02 2.877586353925385e-18 7.136760835402686e-02
0 94 6.164398098919660e+02 5.202902959855311e-18 6.114274805246275e-02
1 150 6.165041779752892e+02 6.519814561682834e-18 7.136830988056621e-02
2 55 6.175680045036029e+02 1.095890977843931e-02 7.682593277846832e-02
3 64 6.197636546599133e+02 5.356410894838011e-18 5.361440672729379e-02
1 151 6.206006202717398e+02 2.026725577206854e-17 7.137553180049931e-02
0 95 6.229427977075479e+02 4.631754433677241e-18 6.114436240415411e-02
1 152 6.246972139989198e+02 3.208087017542405e-18 7.137920296287897e-02
2 56 6.281524702225480e+02 7.401348185607157e-10 1.075365152923517e-01
1 153 6.287941135434013e+02 5.306628371235532e-18 7.135387287323509e-02
0 96 6.294448048955952e+02 4.723324581289887e-18 6.115787622281681e-02
3 65 6.294183259220819e+02 5.044495077616211e-18 5.361221504641100e-02
1 154 6.328905756128000e+02 2.888609782462448e-18 7.134948539690170e-02
0 97 6.359470908170887e+02 4.552441824587754e-18 6.116356251369232e-02
1 155 6.369871413936961e+02 3.789813396376110e-18 7.134858347834548e-02
3 66 6.390729574507628e+02 3.185090533560856e-17 5.361176612220537e-02
1 156 6.410844264466332e+02 3.269432307364102e-18 7.135867177480464e-02
0 98 6.424492004645192e+02 5.759607935113200e-18 6.115634710132956e-02
2 57 6.451185760177036e+02 1.288667722256495e-02 5.888984481171025e-02
1 157 6.451811463899339e+02 4.699882992497695e-16 7.135835137891119e-02
3 67 6.487274988994294e+02 5.748567229859639e-18 5.360848492029806e-02
0 99 6.489515048236277e+02 6.607625942133697e-18 6.115302744856221e-02
1 158 6.492775233894228e+02 4.549714663289109e-18 7.136476735608238e-02
1 159 6.533740249482652e+02 2.847028600740694e-18 7.138288600730636e-02
0 100 6.554540657112800e+02 4.213535795909055e-18 6.115640926231973e-02
1 160 6.574707069477564e+02 3.604675249317074e-18 7.137991789243783e-02
3 68 6.583821169418702e+02 5.902029660913057e-18 5.360004726995134e-02
1 161 6.615672947057244e+02 3.165536800748458e-18 7.135965155584210e-02
2 58 6.618464210360576e+02 1.077012221026228e-02 7.803466772391313e-02
0 101 6.619568737609216e+02 8.597357638822425e-18 6.116611516914131e-02
1 162 6.656637750519586e+02 3.668731078793407e-18 7.135217009409149e-02
3 69 6.680365857523664e+02 5.564196331498844e-18 5.359427644356408e-02
0 102 6.684591384894824e+02 8.766145240185176e-17 6.117312472140291e-02
1 163 6.697604435236022e+02 4.230426365113042e-18 7.135627928461910e-02
2 59 6.725699742915247e+02 1.572013799878069e-02 6.846373079193659e-02
1 164 6.738577610499240e+02 3.498580342610542e-18 7.135430735099142e-02
0 103 6.749610842191829e+02 1.037558173708873e-15 6.119697730494935e-02
1 165 6.779542509022253e+02 4.488815359295608e-18 7.135304717361184e-02
3 70 6.776909601705352e+02 9.969181160696440e-18 5.357740082150324e-02
2 60 6.785099819749419e+02 1.921250060216850e-02 3.172569911478083e-02
0 104 6.814637786520798e+02 3.880071322561976e-18 6.119338507210456e-02
1 166 6.820506776592496e+02 2.969890574758063e-18 7.135732412459821e-02
1 167 6.861475240202517e+02 4.505743403918216e-18 7.137670282603481e-02
3 71 6.873453842255923e+02 5.112074461549806e-18 5.357363437713321e-02
0 105 6.879658318010150e+02 3.989031963259215e-18 6.118152882676222e-02
2 61 6.893100048390551e+02 1.998905147083704e-02 1.675653286403306e-02
1 168 6.902441562236314e+02 7.629967427782597e-17 7.137484876112034e-02
0 106 6.944689786144696e+02 2.289148522879463e-15 6.120743070014278e-02
1 169 6.943407257542976e+02 2.847837934165711e-18 7.136457407745460e-02
3 72 6.969993950737988e+02 5.385388482252888e-18 5.355005656386423e-02
1 170 6.984371440858728e+02 3.798519171246211e-18 7.136569788589600e-02
0 107 7.009717539938244e+02 3.401101452774135e-16 6.121229043859331e-02
1 171 7.025337464811995e+02 2.860132932762578e-18 7.137176267644436e-02
2 62 7.061119911417991e+02 4.941666694323106e-03 9.840820053548439e-02
1 172 7.066308504237044e+02 3.128366280181952e-18 7.135319164975690e-02
3 73 7.066537903288199e+02 6.127853119172269e-18 5.354672635972695e-02
0 108 7.074734685566220e+02 5.953182594776436e-17 6.122786317420771e-02
1 173 7.107273397335658e+02 3.256359194979575e-18 7.134907411642823e-02
0 109 7.139766864854739e+02 8.510887915846982e-18 6.125627846560050e-02
1 174 7.148238272280859e+02 1.977495348333550e-17 7.134761540405629e-02
3 74 7.163073748319465e+02 5.199295543413910e-18 5.352045457264742e-02
2 63 7.168499472761653e+02 1.901573383589234e-02 3.911908880381770e-02
1 175 7.189209475733913e+02 4.730445454053437e-18 7.136608383950831e-02
0 110 7.204787473806455e+02 3.945937496991088e-18 6.124052950018447e-02
2 64 7.227899887663298e+02 1.918983149154774e-02 3.126794806406495e-02
1 176 7.230177020823494e+02 3.242434857069815e-18 7.136385597033040e-02
3 75 7.259617620831724e+02 5.235005955988102e-18 5.351792280871284e-02
0 111 7.269811178879568e+02 3.871148086097562e-18 6.123905612205485e-02
1 177 7.271140636581383e+02 5.971842273313739e-18 7.136838855040718e-02
1 178 7.312105009159300e+02 3.103860210298838e-18 7.137970256965286e-02
0 112 7.334848794384784e+02 4.791773677329322e-18 6.126349197681461e-02
2 65 7.336007828927679e+02 2.031437099598837e-02 9.675359190022929e-03
1 179 7.353071830779996e+02 3.178139855863051e-18 7.138055648349398e-02
3 76 7.356148886737109e+02 5.937553687038787e-18 5.349442862949592e-02
1 180 7.394039802685814e+02 1.351584592874237e-17 7.135584532887863e-02
0 113 7.399871323248198e+02 4.111450156140461e-18 6.127571004489561e-02
1 181 7.435004365215432e+02 3.533920552540469e-18 7.134601509927291e-02
3 77 7.452693035264922e+02 5.194191867520921e-18 5.349193196409295e-02
0 114 7.464893407513188e+02 4.383272492727085e-18 6.128200744537195e-02
1 182 7.475970404808807e+02 4.488871655276291e-18 7.134990543743210e-02
2 66 7.504919690466970e+02 4.097819693361780e-03 8.601478045996208e-02
1 183 7.516943707947250e+02 2.847936828815754e-18 7.135753067149696e-02
0 115 7.529925494404872e+02 4.650769537120690e-18 6.129643499197227e-02
3 78 7.549220140980947e+02 8.073260924456620e-18 5.347550462919552e-02
1 184 7.557909347975750e+02 3.483253567102650e-18 7.135713918369921e-02
0 116 7.594949434615420e+02 4.261151816571760e-16 6.129026690808748e-02
1 185 7.598873600931414e+02 2.951352091813753e-18 7.136350326194447e-02
2 67 7.611299830336668e+02 1.916261191993402e-02 3.710791317828614e-02
1 186 7.639839627324166e+02 3.105722372928935e-16 7.138157587938773e-02
3 79 7.645764824157623e+02 5.249647762109618e-18 5.347382790392796e-02
0 117 7.659971975464515e+02 9.187666469381978e-18 6.128067232092330e-02
2 68 7.670700137038788e+02 1.928785049003486e-02 3.115846813042144e-02
1 187 7.680805793343576e+02 4.488135205601247e-18 7.137972214787429e-02
1 188 7.721772583260770e+02 2.948605714665108e-18 7.135706792572882e-02
0 118 7.725013565866019e+02 5.876050299218630e-18 6.129996861181258e-02
3 80 7.742289428279158e+02 5.319604957060016e-18 5.346395618803424e-02
1 189 7.762737001681871e+02 6.126894516749584e-18 7.135579249349332e-02
2 69 7.778974210041044e+02 2.047844742657469e-02 8.513209896398577e-10
0 119 7.790036881386200e+02 8.334359471550927e-18 6.130071457219723e-02
1 190 7.803703318256096e+02 2.960138329824249e-18 7.136170924706954e-02
3 81 7.838833973815431e+02 5.058763816115576e-18 5.346464286214628e-02
1 191 7.844675806579991e+02 3.311230872087496e-18 7.135413975919329e-02
0 120 7.855053002012880e+02 4.716014304854855e-18 6.131078398224354e-02
1 192 7.885640868512578e+02 5.600585249572225e-18 7.135224047184434e-02
0 121 7.920093743849939e+02 4.775554878993828e-18 6.130671143596656e-02
1 193 7.926604724464411e+02 3.281221985127269e-18 7.135231934546235e-02
3 82 7.935358405194548e+02 6.181793883070348e-18 5.346721540789590e-02
2 70 7.946862412750804e+02 1.085958366147311e-02 7.733429300111101e-02
1 194 7.967574065586472e+02 1.180461992322601e-16 7.137441376461834e-02
0 122 7.985113359461063e+02 4.233664355708740e-18 6.128632047653718e-02
1 195 8.008541911797917e+02 2.982115339070066e-18 7.137009106489577e-02
3 83 8.031902967570513e+02 5.058272746863123e-18 5.346705911316207e-02
0 123 8.050138337588962e+02 5.104725785714803e-18 6.129041347091426e-02
1 196 8.049506083594099e+02 4.488523735741137e-18 7.136753448935854e-02
2 71 8.054100367490851e+02 1.908098146323621e-02 3.833627390207743e-02
1 197 8.090470319922449e+02 1.607374278694049e-16 7.137132985703946e-02
2 72 8.113500236705811e+02 1.958673338367862e-02 3.122730402648453e-02
0 124 8.115179724645515e+02 6.811432708079093e-18 6.127893222531185e-02
3 84 8.128428683569689e+02 5.111613022688391e-18 5.348044692079756e-02
1 198 8.131436858357333e+02 4.264105940808980e-18 7.137514738829447e-02
1 199 8.172406482059432e+02 2.848161097105050e-18 7.135398310625020e-02
0 125 8.180197857709967e+02 2.920506625769285e-17 6.129134497628298e-02
1 200 8.213371108803635e+02 2.848508463456607e-18 7.134441167542913e-02
2 73 8.221553281246632e+02 2.022160377060407e-02 1.205423592492703e-02
3 85 8.224973578611707e+02 5.274267377765293e-18 5.348162461911680e-02
0 126 8.245221302576746e+02 2.136748625549897e-16 6.129444137966612e-02
1 201 8.254336682831189e+02 4.798361506175317e-18 7.134819614595350e-02
1 202 8.295309149863035e+02 3.231367814709983e-18 7.136332897910459e-02
0 127 8.310253016297529e+02 1.595302968722884e-15 6.126018369316739e-02
3 86 8.321502752261608e+02 1.204624361994645e-17 5.350213032352721e-02
1 203 8.336275335957599e+02 7.992224765961833e-17 7.136277660178030e-02
0 128 8.375275864544313e+02 3.969958153470827e-18 6.125412944170196e-02
1 204 8.377239878828732e+02 7.547976951226213e-18 7.136895295549525e-02
2 74 8.389678698923634e+02 1.111880013077877e-02 7.552115327884061e-02
1 205 8.418204357341657e+02 3.087025240327538e-18 7.138122895975843e-02
3 87 8.418047344865312e+02 5.738295866217613e-18 5.350543753964497e-02
0 129 8.440302271213136e+02 3.948993802859945e-18 6.124860528001819e-02
1 206 8.459170368860156e+02 1.917560090428494e-17 7.138091149854191e-02
2 75 8.498528800339149e+02 2.850595135144368e-03 1.014132727236612e-01
1 207 8.500138636691888e+02 3.312266875888292e-18 7.135260419553324e-02
0 130 8.505335763362375e+02 2.405593068084544e-15 6.123926632105397e-02
3 88 8.514581031732969e+02 5.352640693688705e-18 5.353115133504747e-02
1 208 8.541103052847767e+02 3.363898413080240e-18 7.134976157336424e-02
2 76 8.556007634764616e+02 1.700718384695473e-02 4.289722170753404e-02
0 131 8.570357672975631e+02 3.534724080481636e-16 6.123692639077376e-02
1 209 8.582069143483673e+02 8.172858196159732e-18 7.135326431962152e-02
3 89 8.611125553965155e+02 5.425579087572874e-18 5.353478362484521e-02
1 210 8.623042373844569e+02 2.959084824853619e-18 7.135643469943513e-02
0 132 8.635376139170933e+02 3.814735322956198e-17 6.123832120571725e-02
1 211 8.664008295177848e+02 3.757018111064035e-18 7.135686430826065e-02
2 77 8.664299777091938e+02 2.001447111678653e-02 1.725567573506211e-02
0 133 8.700407096713186e+02 6.212319627505083e-18 6.120786366649202e-02
1 212 8.704971832325516e+02 2.900155505044030e-18 7.135966024941352e-02
3 90 8.707664238234727e+02 1.976417385710970e-16 5.356023299374864e-02
1 213 8.745938738378530e+02 3.774536225729813e-18 7.138043376937113e-02
0 134 8.765428848674297e+02 4.250140739864740e-18 6.118939821833805e-02
1 214 8.786906118174854e+02 4.577087456495078e-18 7.137550140265859e-02
3 91 8.804208744860290e+02 5.220221121790448e-18 5.356344268079945e-02
0 135 8.830456592844531e+02 5.941168002426453e-18 6.119993441015719e-02
1 215 8.827871062878526e+02 3.232903367577178e-18 7.136265823679752e-02
2 78 8.832472862924701e+02 1.106423406705300e-02 7.586768903496309e-02
1 216 8.868835761239480e+02 2.847900495820626e-18 7.136077670849915e-02
0 136 8.895485393170314e+02 5.146138720742464e-18 6.117864689823014e-02
3 92 8.900751226410323e+02 5.047314279508923e-18 5.358582341443298e-02
1 217 8.909802258033371e+02 2.915704486220051e-18 7.136542621211225e-02
2 79 8.938656134788080e+02 1.371976812317374e-10 1.075484434781142e-01
1 218 8.950773770991219e+02 4.488749545250687e-18 7.135439293741440e-02
0 137 8.960501386650055e+02 4.733944968004445e-18 6.118648337630771e-02
1 219 8.991738641417793e+02 2.848396007776012e-18 7.134805864083005e-02
2 80 8.999099817456923e+02 1.949864552626171e-02 3.043019063228558e-02
3 93 8.997296306755360e+02 6.721791974563708e-18 5.359051239997301e-02
0 138 9.025527978948105e+02 4.099141356176053e-18 6.118645644021206e-02
1 220 9.032703612298567e+02 4.137523857676291e-18 7.135144673835256e-02
1 221 9.073674014290273e+02 2.847418536904833e-18 7.137066848117615e-02
0 139 9.090549514487777e+02 5.202513764773053e-18 6.115412815875317e-02
3 94 9.093841700733678e+02 5.629878551971602e-18 5.360288234881232e-02
2 81 9.107099991523227e+02 2.001502534168420e-02 1.738399546449843e-02
1 222 9.114640503288268e+02 4.106916777088587e-18 7.136984994882799e-02
0 140 9.155573457032153e+02 1.633678973686979e-16 6.114903587098914e-02
1 223 9.155605577448526e+02 3.290433872250458e-17 7.137008170782051e-02
3 95 9.190387070413408e+02 5.543662995127740e-18 5.360793492281569e-02
1 224 9.196569345585053e+02 2.877924920960826e-18 7.137434878521495e-02
0 141 9.220603114617494e+02 5.218588939410463e-17 6.115219203626186e-02
1 225 9.237535160669270e+02 3.732620112450460e-18 7.137764093813737e-02
2 82 9.275069244768118e+02 1.532634833763881e-02 5.284011423117217e-02
1 226 9.278505131652615e+02 7.318338073960130e-17 7.135119028388183e-02
0 142 9.285623255550685e+02 4.618880062596903e-18 6.116040991783837e-02
3 96 9.286933995525422e+02 5.316782364838321e-18 5.361116151947007e-02
1 227 9.319469783756563e+02 2.848476752122900e-18 7.134730041649397e-02
0 143 9.350645362628024e+02 8.331517615279021e-18 6.116152835499224e-02
1 228 9.360435485385475e+02 3.527501011795982e-18 7.134766438713472e-02
2 83 9.382499476258519e+02 1.886744018207994e-02 4.134492061919363e-02
3 97 9.383479990355819e+02 5.044128474255889e-18 5.361386099845990e-02
1 229 9.401408254542081e+02 2.847975710082796e-18 7.136182242224959e-02
0 144 9.415666763420664e+02 4.114516309116759e-18 6.115225248823000e-02
2 84 9.441899837061652e+02 1.930974904346926e-02 2.974762622372450e-02
1 230 9.442374930529548e+02 3.523878199215684e-18 7.136273338057592e-02
0 145 9.480690366744686e+02 4.297132718961315e-18 6.114589277494287e-02
1 231 9.483338296576540e+02 3.762903359270624e-18 7.136708785051397e-02
3 98 9.480026320048320e+02 6.122442756345960e-18 5.361184187769603e-02
1 232 9.524303220751746e+02 7.925137496962013e-17 7.138202297097450e-02
0 146 9.545715272396337e+02 4.510147200215863e-18 6.114505260010197e-02
2 85 9.549950605607363e+02 2.025486624142110e-02 1.118188397393120e-02
1 233 9.565270022952585e+02 3.415397591981867e-18 7.137866409388068e-02
3 99 9.576573044623391e+02 5.518215915881349e-18 5.361097102709136e-02
1 234 9.606236558806623e+02 3.281695235166207e-18 7.135714311654084e-02
0 147 9.610742774338411e+02 4.793015744428764e-18 6.115737923687702e-02
1 235 9.647201743101510e+02 2.324703954511478e-16 7.135081414718970e-02
3 100 9.673118420564801e+02 6.122865691774990e-18 5.360583895374080e-02
0 148 9.675765387512618e+02 3.953804095331929e-18 6.116257803676683e-02
1 236 9.688168161231107e+02 2.848072490531245e-18 7.135538807586357e-02
2 86 9.717235376023608e+02 4.055838790058685e-03 1.032568979904382e-01
1 237 9.729141021993148e+02 2.847990656279767e-18 7.135731752941418e-02
0 149 9.740782985277879e+02 1.594959212168797e-17 6.117762843332811e-02
1 238 9.770106330475214e+02 6.369996124365793e-18 7.135450580198674e-02
3 101 9.769664078826864e+02 5.742361203078939e-18 5.359568657636799e-02
0 150 9.805810401244587e+02 1.513597502769154e-16 6.117385651387349e-02
1 239 9.811070628967794e+02 3.897433778699398e-18 7.135871836695244e-02
2 87 9.825299705472327e+02 1.922827574174672e-02 3.646975709181533e-02
1 240 9.852038158319862e+02 2.847177236516332e-18 7.137696241198932e-02
3 102 9.866208728181800e+02 5.196511503359818e-18 5.359128314487052e-02
0 151 9.870831759832449e+02 9.720329290765332e-16 6.116228267694980e-02
2 88 9.884700081897865e+02 1.934273926300547e-02 2.953223984560917e-02
1 241 9.893004696467401e+02 3.094291890021570e-18 7.137580306178123e-02
0 152 9.935860771406358e+02 3.921928307330730e-18 6.118634684224857e-02
1 242 9.933970705756391e+02 4.900149645646118e-18 7.136438099216824e-02
3 103 9.962751749473492e+02 5.797666860368418e-18 5.357311335803628e-02
1 243 9.974934608386488e+02 2.847756182026238e-18 7.136378987436656e-02
2 89 9.992945007361636e+02 2.047816476178000e-02 1.670880134740780e-09
0 153 1.000088891896367e+03 3.897580382860834e-18 6.119153265288212e-02
1 244 1.001590060674539e+03 3.284447892660059e-18 7.137008043512716e-02
1 245 1.005687245071191e+03 5.378470732273266e-18 7.135299242193338e-02
3 104 1.005929580912829e+03 5.701992148748221e-18 5.356967628266074e-02
0 154 1.006590546076571e+03 1.960822018097558e-15 6.120522731029426e-02
1 246 1.009783722373893e+03 2.848410907597150e-18 7.134930189586572e-02
0 155 1.013093506403946e+03 3.785770806150243e-16 6.123187332628609e-02
1 247 1.013880211019219e+03 3.760413736772247e-18 7.134756544952224e-02
2 90 1.016084213577801e+03 1.076091059564321e-02 7.778109555848627e-02
3 105 1.015583504334128e+03 5.362911473439365e-18 5.354451672784259e-02
1 248 1.017977311107490e+03 2.847588793091468e-18 7.136840854752498e-02
0 156 1.019595713816957e+03 5.526869169750043e-17 6.121546867397386e-02
1 249 1.022074033265658e+03 5.302586114053582e-18 7.136808553057887e-02
3 106 1.025237878391783e+03 7.137913907144123e-18 5.354172079768781e-02
0 157 1.026098120095306e+03 7.375802600973835e-18 6.121377054689442e-02
1 250 1.026170383390282e+03 3.180830978438621e-18 7.136993111069224e-02
2 91 1.026810028902326e+03 1.913047845233086e-02 3.790648628817586e-02
1 251 1.030266813733929e+03 3.008859770236506e-18 7.137843155254960e-02
0 158 1.032601638017360e+03 4.244156857975565e-18 6.124364889572319e-02
2 92 1.032750023886690e+03 1.962564723800335e-02 2.952974973008636e-02
1 252 1.034363462756514e+03 1.410284494829700e-17 7.137846073660982e-02
3 107 1.034891366569784e+03 3.296085660877546e-16 5.351584888018799e-02
1 253 1.038460327573532e+03 2.878578988874569e-18 7.135390084284968e-02
0 159 1.039103897126993e+03 3.870189499512916e-18 6.125603879631200e-02
1 254 1.042556852460591e+03 3.170123720077978e-18 7.134449941777916e-02
2 93 1.043573820916767e+03 2.047715246585086e-02 3.000087830708708e-09
3 108 1.044545737871003e+03 5.424337144361335e-18 5.351219130651005e-02
0 160 1.045606092363493e+03 3.869811087309593e-18 6.126180146689575e-02
1 255 1.046653447748776e+03 4.429804798388175e-17 7.134875077526004e-02
1 256 1.050750725459562e+03 3.226877300935261e-18 7.136124921408911e-02
0 161 1.052109113394463e+03 4.574723831075873e-18 6.127935448369416e-02
3 109 1.054198737450599e+03 6.546467969653447e-18 5.349054980754023e-02
1 257 1.054847323559537e+03 5.324652959289421e-18 7.136011593219506e-02
0 162 1.058611604727978e+03 4.389427288146734e-18 6.127292931051213e-02
1 258 1.058943726697828e+03 2.848302004501162e-18 7.136640833547037e-02
2 94 1.060367695184342e+03 1.126540219307539e-02 7.425621059758243e-02
1 259 1.063040246925286e+03 3.135781815978158e-18 7.138068143269947e-02
3 110 1.063853180554716e+03 5.311002965345779e-18 5.348850762267011e-02
0 163 1.065113905889598e+03 4.079673765930285e-18 6.126592813094463e-02
1 260 1.067136892694613e+03 3.247629472656534e-18 7.137921575970051e-02
2 95 1.071090008055792e+03 1.660395928867049e-02 6.276705743330807e-02
0 164 1.071617887818850e+03 2.595690837686485e-17 6.129483357270501e-02
1 261 1.071233643457965e+03 1.745239674161274e-16 7.135586304881496e-02
3 111 1.073505822991119e+03 5.716579289618350e-18 5.347096768790333e-02
1 262 1.075330061859208e+03 3.163570233491036e-18 7.135354808640676e-02
2 96 1.077014902094505e+03 1.811477765736587e-02 3.542853203384646e-02
0 165 1.078120266417019e+03 1.516302432246244e-17 6.129581885401718e-02
1 263 1.079426683092847e+03 2.949112835601062e-18 7.136056837254430e-02
3 112 1.083160250689532e+03 6.020244968938906e-18 5.347051400275207e-02
1 264 1.083523973110065e+03 2.848051911815530e-18 7.135608438506334e-02
0 166 1.084621833367581e+03 3.867056887656425e-18 6.130336474656205e-02
1 265 1.087620458860718e+03 3.369101002533153e-18 7.135423530150646e-02
2 97 1.087829976499915e+03 2.008039009056304e-02 1.647011552705126e-02
0 167 1.091125904572384e+03 5.972742395519109e-18 6.130807549794345e-02
1 266 1.091716850839659e+03 3.187823763188489e-18 7.135297983279222e-02
3 113 1.092812702118110e+03 6.231417044122663e-18 5.346419114564196e-02
1 267 1.095813755723992e+03 2.847332700336369e-18 7.137523453382194e-02
0 168 1.097627975697608e+03 5.556649677957707e-18 6.128790872292549e-02
1 268 1.099910519772098e+03 3.558617999912786e-18 7.137259930452677e-02
3 114 1.102467158884802e+03 5.058625834818226e-18 5.346383806465275e-02
1 269 1.104006954908745e+03 7.500542088116784e-18 7.136670507969235e-02
0 169 1.104130431796541e+03 4.122304788943330e-18 6.129418319966626e-02
2 98 1.104646919365577e+03 1.118487736160511e-02 7.479883816249799e-02
1 270 1.108103389534864e+03 2.926534366000473e-18 7.136993399364558e-02
0 170 1.110634632253351e+03 3.867638295171421e-18 6.129264187319381e-02
3 115 1.112119606960522e+03 8.440777813401780e-18 5.346885205522092e-02
1 271 1.112200000451977e+03 5.603861338853182e-18 7.137309208637080e-02
2 99 1.115292799467025e+03 4.595212901670559e-10 1.075458287261755e-01
1 272 1.116297018469699e+03 1.931865876723481e-16 7.135347634040334e-02
0 171 1.117136384435977e+03 4.457530079826123e-18 6.130335298161399e-02
1 273 1.120393547617790e+03 4.414308605335701e-18 7.134355448208617e-02
2 100 1.121309981303385e+03 1.971451495722730e-02 2.898627847892521e-02
3 116 1.121774098077217e+03 5.243324127774561e-18 5.346948360054074e-02
0 172 1.123638658618526e+03 4.710068872431676e-18 6.130642554323577e-02
1 274 1.124490094616166e+03 4.955797343826983e-18 7.134747641879513e-02
1 275 1.128587271351621e+03 2.847597510164667e-18 7.136665792261312e-02
0 173 1.130142086750526e+03 3.150998660306872e-17 6.127694952067130e-02
3 117 1.131426739705139e+03 5.530667704996083e-18 5.348423283511932e-02
2 101 1.132109992313502e+03 2.005832839822972e-02 1.732104212845441e-02
1 276 1.132683919943663e+03 5.301109792734582e-18 7.136588013728594e-02
0 174 1.136644407773815e+03 2.490482384920100e-16 6.127077580925792e-02
1 277 1.136780337670810e+03 2.957559158244431e-18 7.137214433229343e-02
1 278 1.140876723016995e+03 1.906220734429622e-17 7.137985437525141e-02
3 118 1.141081234307470e+03 5.178600389934148e-18 5.348638307232807e-02
0 175 1.143146976677720e+03 2.003732987186752e-15 6.126853828909552e-02
1 279 1.144973350958778e+03 3.704518169551650e-18 7.137930105164676e-02
2 102 1.148888568364331e+03 1.717735855290460e-02 4.279771880560886e-02
1 280 1.149070262147994e+03 3.290110380762432e-18 7.135057710982622e-02
0 176 1.149650503081677e+03 3.871302297758401e-18 6.126312632282416e-02
3 119 1.150734249911218e+03 1.299391780802239e-17 5.350862628976237e-02
1 281 1.153166685815325e+03 2.848427542336263e-18 7.134746057843605e-02
0 177 1.156152678159370e+03 3.902495125790581e-18 6.126046845759744e-02
1 282 1.157263290389210e+03 2.979710666442957e-18 7.135269543235401e-02
2 103 1.159649951812239e+03 1.863236166987606e-02 4.439746000000627e-02
3 120 1.160388715161155e+03 5.212290672739630e-18 5.351244476547587e-02
1 283 1.161360619152103e+03 6.933014991028891e-18 7.135925933540047e-02
0 178 1.162654449917555e+03 1.715149163169935e-15 6.125950393509547e-02
1 284 1.165457190027606e+03 2.931695556969597e-17 7.136007902754786e-02
2 104 1.165589981263957e+03 1.942330079378684e-02 2.822904082671275e-02
0 179 1.169157817525704e+03 2.533175209588636e-16 6.122903636132745e-02
1 285 1.169553557765484e+03 2.956392272089748e-18 7.136099221449251e-02
3 121 1.170042216861672e+03 5.952950983058800e-18 5.353828063861680e-02
1 286 1.173650219655548e+03 2.847154019799145e-18 7.137992506432604e-02
0 180 1.175660050920055e+03 3.453605595826484e-17 6.121129642352117e-02
2 105 1.176390727765279e+03 2.021975317418929e-02 1.193394113687201e-02
1 287 1.177746937452327e+03 2.870344081833303e-18 7.137567505701403e-02
3 122 1.179696668555104e+03 5.051229615676324e-18 5.354038180931402e-02
0 181 1.182162721374500e+03 5.289352738249475e-18 6.122531439652794e-02
1 288 1.181843478714892e+03 3.505857093114664e-18 7.135994924410559e-02
1 289 1.185939977966638e+03 3.151744185870904e-18 7.135953073850415e-02
0 182 1.188665811382820e+03 3.947216366587169e-18 6.119998730611350e-02
3 123 1.189350605850162e+03 5.731720564057873e-18 5.356643313572441e-02
1 290 1.190036584207068e+03 2.654745234840334e-16 7.136407559967593e-02
2 106 1.193129989268101e+03 3.899622842089891e-03 1.055722196445660e-01
1 291 1.194133757474750e+03 3.748833934339603e-18 7.135592680489704e-02
0 183 1.195167358725507e+03 4.235465060285562e-18 6.120497261020656e-02
1 292 1.198230285194020e+03 3.104390005762310e-18 7.134805694599866e-02
3 124 1.199005094163627e+03 6.125743655251833e-18 5.357051593548615e-02
0 184 1.201669983509284e+03 4.291013202466677e-18 6.120491833163853e-02
1 293 1.202326756153558e+03 3.617643561857447e-18 7.135189810163962e-02
2 107 1.203929959363160e+03 1.924135745447254e-02 3.651452218815384e-02
1 294 1.206423739398235e+03 3.396592274212443e-18 7.137255126022404e-02
0 185 1.208172397447429e+03 5.201874493287885e-18 6.116592019769999e-02
3 125 1.208659417166649e+03 5.046775746425293e-18 5.358947828004716e-02
2 108 1.209870001660457e+03 1.941654499027883e-02 2.791372856345163e-02
1 295 1.210520442313658e+03 6.192105706330006e-18 7.137165805071476e-02
0 186 1.214674769518204e+03 3.876050287082225e-18 6.116236287640788e-02
1 296 1.214616945032107e+03 3.669812275972602e-18 7.137183689000420e-02
3 126 1.218313917104334e+03 5.593812039609562e-18 5.359453876965815e-02
1 297 1.218713267618793e+03 3.476813062581134e-18 7.137292212311475e-02
2 109 1.220691563272754e+03 2.047740494038298e-02 2.126547267836926e-09
0 187 1.221177688421826e+03 4.618039015676084e-18 6.116663673336450e-02
1 298 1.222809852329697e+03 4.488243521727118e-18 7.137533734304653e-02
1 299 1.226906910708552e+03 2.937881454297842e-18 7.134907364216139e-02
0 188 1.227679762256113e+03 5.551560487017848e-17 6.116781679330636e-02
3 127 1.227968538101868e+03 8.345753761349909e-18 5.360547882608602e-02
1 300 1.231003384144385e+03 6.503693911628819e-18 7.134531086410935e-02
0 189 1.234181924286819e+03 9.963062907956086e-17 6.116644308414899e-02
1 301 1.235099983890823e+03 1.222387991038753e-16 7.134733655771355e-02
2 110 1.237481649200346e+03 1.058736981678236e-02 7.870723368936533e-02
3 128 1.237623086642102e+03 5.174846326161611e-18 5.360883962771735e-02
1 302 1.239197235365372e+03 4.463901468167372e-18 7.136491087517206e-02
0 190 1.240684100797942e+03 5.927064071856448e-18 6.115538955789955e-02
1 303 1.243293857840298e+03 3.141655660103766e-18 7.136702416180393e-02
0 191 1.247186548415933e+03 7.066580920297040e-18 6.114377998970162e-02
1 304 1.247390188832816e+03 2.940288902949925e-18 7.136914687570833e-02
3 129 1.247277756596655e+03 5.044547520357640e-18 5.361138997970213e-02
2 111 1.248210017131616e+03 1.911496667234976e-02 3.830840212516649e-02
1 305 1.251486686934588e+03 3.779115506554467e-18 7.138081879735257e-02
0 192 1.253688998353296e+03 5.202981651553107e-18 6.114068894429407e-02
2 112 1.254150021789303e+03 1.964253237236059e-02 2.783005286563781e-02
1 306 1.255583362843942e+03 3.977185541055096e-18 7.137723640436049e-02
3 130 1.256932391503941e+03 6.122086491513613e-18 5.361493856261794e-02
1 307 1.259680104286904e+03 3.058751363366286e-17 7.135420621256751e-02
0 193 1.260191670097985e+03 4.544862776485636e-18 6.115512956788867e-02
1 308 1.263776645435131e+03 2.848346324832870e-18 7.134995785206949e-02
2 113 1.264970817524759e+03 2.047750830014813e-02 2.130474329057853e-09
0 194 1.266693946711070e+03 5.202496356120999e-18 6.115737467881588e-02
3 131 1.266587012827241e+03 7.536050607883599e-18 5.361155107794910e-02
1 309 1.267873221723665e+03 3.020180572413956e-18 7.135451264705127e-02
1 310 1.271970488613764e+03 3.669757479644767e-18 7.135983126041355e-02
0 195 1.273195573671731e+03 4.255317558119859e-18 6.116340405630275e-02
1 311 1.276067074382522e+03 2.991122621340117e-18 7.135573289372843e-02
3 132 1.276241669393778e+03 5.658199856010405e-18 5.360896608526680e-02
0 196 1.279698340269201e+03 3.876308156101987e-18 6.115950933306260e-02
1 312 1.280163500000702e+03 4.488671559365415e-18 7.135978776227617e-02
2 114 1.281766973973724e+03 1.133536222001226e-02 7.350983051264780e-02
1 313 1.284260182556259e+03 5.269772939763795e-18 7.137701356021649e-02
3 133 1.285896181616264e+03 5.356975008969253e-18 5.360395665307541e-02
0 197 1.286200572334655e+03 1.590722270264161e-17 6.114837829759556e-02
1 314 1.288356868163926e+03 3.099915035124298e-18 7.137599515395281e-02
1 315 1.292453472919738e+03 5.135794462907515e-18 7.136418077463505e-02
2 115 1.292490038299274e+03 1.812016908542470e-02 4.997411162771790e-02
0 198 1.292703259648470e+03 1.196958052199887e-16 6.116893094372159e-02
3 134 1.295550696296673e+03 5.227306515158672e-18 5.359280226768991e-02
1 316 1.296549852228839e+03 2.879772752981732e-18 7.136187626418543e-02
2 116 1.298434785391433e+03 1.933955020865743e-02 2.440328506168918e-02
0 199 1.299206076968353e+03 7.796350664269859e-16 6.117385155753756e-02
1 317 1.300646470719665e+03 4.687471755109279e-18 7.136807991227606e-02
1 318 1.304743699367798e+03 3.267540191159497e-18 7.135318221060298e-02
3 135 1.305205159090615e+03 5.394258605431824e-18 5.358927974833404e-02
0 200 1.305707675434682e+03 3.906528568700718e-18 6.118525296253793e-02
1 319 1.308840160180458e+03 7.347923535081314e-17 7.134914011416051e-02
2 117 1.309229976886492e+03 2.015114945064149e-02 1.528017498789187e-02
0 201 1.312210400771620e+03 3.951712217706626e-18 6.120747844312720e-02
1 320 1.312936660395828e+03 4.852131745918869e-18 7.134842294079753e-02
3 136 1.314859401484330e+03 5.197999385421846e-18 5.356806112027438e-02
1 321 1.317033727888647e+03 2.927305325447326e-18 7.137074465022666e-02
0 202 1.318712715420764e+03 1.840452432811813e-15 6.119101388189683e-02
1 322 1.321130437485285e+03 3.729986679897861e-18 7.137197200929885e-02
3 137 1.324513782976092e+03 5.108773742156926e-18 5.356509665653736e-02
0 203 1.325215121722348e+03 2.745451456242463e-16 6.118924808112645e-02
1 323 1.325226825788393e+03 3.163863898405159e-18 7.137109727264972e-02
2 118 1.326045971957245e+03 1.122932452689694e-02 7.424201942475010e-02
1 324 1.329323235817223e+03 5.362666464611364e-18 7.137647752612976e-02
0 204 1.331718387716179e+03 2.979350307254616e-17 6.122147252907218e-02
1 325 1.333419835781317e+03 4.567250104290121e-18 7.137568756835998e-02
3 138 1.334167638481239e+03 5.248622469907181e-18 5.353962746402830e-02
2 119 1.336720077167820e+03 2.653032845402956e-10 1.075437365350485e-01
1 326 1.337516770769698e+03 3.040390514852239e-18 7.135134431641024e-02
0 205 1.338220650547265e+03 4.420679060061601e-18 6.123401234777905e-02
1 327 1.341613360064590e+03 3.719370043414670e-18 7.134354491148169e-02
2 120 1.342713444301149e+03 1.931579225704413e-02 2.471107293702870e-02
3 139 1.343822004228441e+03 5.526466237395780e-18 5.353511320402417e-02
0 206 1.344722817871435e+03 3.945430054577660e-18 6.123910579833333e-02
1 328 1.345709923369298e+03 3.137165508990804e-18 7.134762749305967e-02
1 329 1.349807148452923e+03 4.822296000254595e-18 7.136496816345082e-02
0 207 1.351225637214782e+03 5.239967231336267e-18 6.125714806885499e-02
2 121 1.353509985714877e+03 2.009844648243625e-02 1.722069533159377e-02
3 140 1.353475361165801e+03 7.894474288698001e-18 5.351052290721528e-02
1 330 1.353903758961728e+03 2.553859957796998e-16 7.136332666565698e-02
0 208 1.357728254574665e+03 4.284123926623021e-18 6.125043777242520e-02
1 331 1.358000113257902e+03 2.952973612665131e-18 7.136888430271145e-02
1 332 1.362096609548152e+03 3.796926445137444e-18 7.137944520379128e-02
3 141 1.363129764402459e+03 5.392993136957005e-18 5.350786844788369e-02
0 209 1.364230572340898e+03 4.110660133081939e-18 6.124630344573938e-02
1 333 1.366193324404586e+03 2.868010154855534e-18 7.137850666062470e-02
2 122 1.370318647332017e+03 1.026421055083625e-02 8.061421394730657e-02
0 210 1.370734277203526e+03 4.092320290298891e-18 6.128244250965490e-02
1 334 1.370290146644483e+03 3.127679301429016e-18 7.135502072130584e-02
3 142 1.372782676414957e+03 5.056514195026087e-18 5.348519874249096e-02
1 335 1.374386539043320e+03 3.111142647932560e-18 7.135153888717584e-02
0 211 1.377236733498772e+03 4.659012016234405e-18 6.128351539618227e-02
1 336 1.378483144232291e+03 3.843059566686411e-17 7.135933798004729e-02
2 123 1.381049974213954e+03 1.827981505960555e-02 4.843140818647280e-02
1 337 1.382580425246452e+03 5.495009891468093e-18 7.135766230807071e-02
3 143 1.382437082184322e+03 5.148158491375636e-18 5.348338617588928e-02
0 212 1.383738270681187e+03 1.055184597659074e-16 6.128886743806243e-02
1 338 1.386676924788376e+03 3.338133953209934e-18 7.135531376798777e-02
2 124 1.386989980581415e+03 1.953376695297488e-02 2.670231690348551e-02
0 213 1.390242229759688e+03 8.270970483914967e-17 6.130157168896800e-02
1 339 1.390773364265458e+03 3.658266966265571e-18 7.135369099485682e-02
3 144 1.392089671546039e+03 5.423958857958541e-18 5.346876074220069e-02
1 340 1.394870193130249e+03 2.847272560799880e-18 7.137601211328071e-02
0 214 1.396744463477811e+03 4.447552760540538e-18 6.128220690523232e-02
2 125 1.397790008026210e+03 2.019619984127265e-02 1.399923294965148e-02
1 341 1.398966913117555e+03 6.534875691355139e-18 7.137504589968011e-02
3 145 1.401744092519122e+03 5.296076419159567e-18 5.346832646712793e-02
1 342 1.403063379294536e+03 1.084982183294510e-17 7.136533244796643e-02
0 215 1.403246916937890e+03 6.280348275575909e-18 6.129069395935241e-02
1 343 1.407159839562153e+03 2.957647017185528e-18 7.136822009763641e-02
0 216 1.409751078643962e+03 4.573293581472254e-18 6.129913007790404e-02
1 344 1.411256427973088e+03 3.769893517830577e-18 7.137078296423471e-02
3 146 1.411396522392237e+03 6.328558608164250e-18 5.346471039898171e-02
2 126 1.414530003973090e+03 3.587379462560292e-03 1.058798974647425e-01
1 345 1.415353531527169e+03 2.889306909824882e-18 7.135353171541922e-02
0 217 1.416252798250998e+03 5.385530585003748e-18 6.130753593661982e-02
1 346 1.419450088737642e+03 3.851330448430746e-18 7.134407535000543e-02
3 147 1.421050991571957e+03 5.681197622825192e-18 5.346453324593019e-02
0 218 1.422755059729649e+03 6.849292296833752e-18 6.131042124764795e-02
1 347 1.423546569636496e+03 3.275778267582164e-18 7.134763983927651e-02
2 127 1.425329950815583e+03 1.919631972604456e-02 3.731878125747038e-02
1 348 1.427643702813298e+03 4.614936829538164e-16 7.136973358109598e-02
0 219 1.429258654631377e+03 5.813470961481016e-18 6.128823754134489e-02
3 148 1.430703453949719e+03 1.765177306146756e-15 5.347192671942510e-02
2 128 1.431269994427777e+03 1.949709527224852e-02 2.628735612814263e-02
1 349 1.431740408137935e+03 3.762643684079460e-18 7.136893003404336e-02
0 220 1.435760992949047e+03 4.760121861869432e-18 6.128223765178910e-02
1 350 1.435836816764034e+03 2.855463411809912e-18 7.137453311801362e-02
1 351 1.439933152321108e+03 3.597330403436588e-18 7.137746979394366e-02
3 149 1.440357949779221e+03 6.414678596458054e-18 5.347312317817970e-02
2 129 1.442088585188761e+03 2.047637818351355e-02 3.619640460160222e-09
0 221 1.442263525019245e+03 3.857732511231717e-17 6.128353255507485e-02
1 352 1.444029804724292e+03 3.448757858540196e-18 7.137691113437886e-02
1 353 1.448126763601720e+03 3.313871010455583e-18 7.134900513986937e-02
0 222 1.448767201069172e+03 4.540590790968879e-16 6.128399905058951e-02
3 150 1.450010646824957e+03 5.056352267910691e-18 5.348891747491023e-02
1 354 1.452223217540188e+03 3.344359019409838e-18 7.134481192649360e-02
0 223 1.455269338765936e+03 2.558430604572044e-15 6.128142073195613e-02
1 355 1.456319856605664e+03 4.223663900487403e-18 7.135170208476563e-02
2 130 1.458840262045066e+03 1.810572469038047e-02 3.655060870720928e-02
3 151 1.459665129306244e+03 5.163012229475766e-18 5.349247817540117e-02
1 356 1.460417132654134e+03 4.488512140695050e-18 7.136283638266436e-02
