0 0 2.390799271362837e-01 6.002487152361008e-18 7.078915787167953e-02
1 0 1.047544851675805e+00 5.159463215730891e-18 6.148951593681538e-02
2 0 2.065606774432976e+00 2.731053949708724e-18 8.733442741764445e-02
2 1 4.902082558278986e+00 2.938265391594560e-18 8.732134086152206e-02
0 1 5.565537179757972e+00 4.367200022002938e-18 7.078890106403796e-02
2 2 7.738526735200693e+00 5.522730756701564e-18 8.731588207302300e-02
1 1 9.175441469241909e+00 2.401911988579916e-17 6.149236441190554e-02
0 2 1.089214419365092e+01 1.393192687801484e-17 7.079193625883352e-02
2 3 1.057494848241176e+01 5.527488736795776e-18 8.730731369318621e-02
2 4 1.341138728238861e+01 3.929870371414314e-18 8.730529303872152e-02
0 3 1.621937327719589e+01 3.724716945621001e-18 7.077935544865287e-02
2 5 1.624779605823094e+01 2.989340395480214e-18 8.730448062073272e-02
1 2 1.730214561475306e+01 2.559829816750246e-17 6.150958808953239e-02
2 6 1.908416622856719e+01 2.794344368788418e-17 8.730413570822622e-02
0 4 2.154588417907206e+01 4.025261249343377e-18 7.077741770655449e-02
2 7 2.192056889775018e+01 4.227168483149265e-18 8.731005820831485e-02
2 8 2.475693640391719e+01 3.166039250434728e-18 8.731928443377840e-02
1 3 2.542999210426778e+01 5.875793257704595e-18 6.151127419167181e-02
0 5 2.687246515423496e+01 5.734430996897238e-18 7.077837740924725e-02
2 9 2.759332458910832e+01 9.982745655207388e-16 8.732181000979511e-02
2 10 3.042985842568331e+01 1.199573731620797e-17 8.733639500403001e-02
0 6 3.219976967270073e+01 4.186724546166779e-18 7.077462030093855e-02
1 4 3.355650492845081e+01 5.091727327181558e-18 6.151377031342956e-02
2 11 3.326629817837203e+01 3.509372838105101e-18 8.733830861232846e-02
2 12 3.610293897605848e+01 2.543524704033737e-18 8.734290407159254e-02
0 7 3.752623157191051e+01 6.433850007580902e-18 7.077133382455439e-02
2 13 3.893945360744687e+01 5.469176353317129e-17 8.734331696321242e-02
1 5 4.168438316107574e+01 5.145168023636259e-18 6.151299370065545e-02
2 14 4.177609340834812e+01 3.568477988362664e-18 8.733839659544546e-02
0 8 4.285265973747543e+01 3.675442112555544e-18 7.077480541437751e-02
2 15 4.461253797770615e+01 4.226738560131360e-18 8.733614345607725e-02
2 16 4.744907536918951e+01 2.545756348844753e-18 8.732246469830274e-02
0 9 4.817988159417655e+01 1.004538844434460e-17 7.078630819032368e-02
1 6 4.981109780058295e+01 5.972532519437104e-18 6.149948195522714e-02
2 17 5.028545166415439e+01 3.503298715537396e-18 8.731996667250701e-02
2 18 5.312180798128081e+01 3.441952531190685e-18 8.731014279318607e-02
0 10 5.350647011143222e+01 3.816957174905520e-18 7.078563784436032e-02
2 19 5.595818588928828e+01 2.764800976935666e-18 8.730449327487719e-02
1 7 5.793907771921862e+01 5.196950434789451e-18 6.149649949411300e-02
0 11 5.883293728808310e+01 4.234354302005388e-18 7.078761436977721e-02
2 20 5.879452738108107e+01 6.255599751752360e-18 8.730480106984723e-02
2 21 6.163091632284299e+01 2.653049264724512e-18 8.730514425391861e-02
0 12 6.415996725226351e+01 1.302312773519033e-16 7.080490738489426e-02
2 22 6.446734173275026e+01 4.227223365174907e-18 8.730701285471312e-02
1 8 6.606629429785302e+01 5.254378464291888e-18 6.147280563752491e-02
2 23 6.730376487889325e+01 2.414757595257363e-18 8.731571261117740e-02
0 13 6.948655468527488e+01 5.279888027103657e-18 7.080225272228145e-02
2 24 7.014021411911784e+01 1.017146608266875e-16 8.732098861883510e-02
2 25 7.297669847288883e+01 2.893497839619357e-18 8.733395867077490e-02
1 9 7.419440994598449e+01 5.981341581984405e-18 6.146860495117035e-02
0 14 7.481294317172265e+01 4.305086375382176e-18 7.080235648393818e-02
2 26 7.581313098888236e+01 4.226727560730376e-18 8.733606167730604e-02
2 27 7.864973091346195e+01 5.204638057662114e-18 8.734623005817765e-02
0 15 8.013966707221770e+01 3.903942166843286e-18 7.081842628735728e-02
2 28 8.148617267819712e+01 5.247658841842111e-16 8.734522945376252e-02
1 10 8.232221652072712e+01 5.485330797199621e-18 6.144506010693710e-02
2 29 8.432281099257719e+01 2.414084916622507e-18 8.733932127195244e-02
0 16 8.546621989588326e+01 3.673202571505208e-18 7.081830614336417e-02
2 30 8.715931832745356e+01 3.490516556154717e-18 8.733944398771609e-02
2 31 8.999589687744668e+01 8.583519777207540e-18 8.732573657698188e-02
0 17 9.079254185153624e+01 1.752475701846418e-15 7.082230425635035e-02
1 11 9.045049497701012e+01 7.233854279549698e-18 6.144003475564987e-02
2 32 9.283236528236284e+01 2.712199313809289e-18 8.732183453663082e-02
2 33 9.566884627543027e+01 3.363245375162765e-18 8.731061649553204e-02
0 18 9.611905577052678e+01 3.674748003278575e-18 7.083598562902887e-02
2 34 9.850521025066125e+01 2.414985912692369e-18 8.730722400971991e-02
1 12 9.857879912463389e+01 5.488831924430329e-18 6.142559618859610e-02
0 19 1.014457078032505e+02 1.261346852463015e-15 7.083523025840129e-02
2 35 1.013415405647130e+02 4.511086769133263e-17 8.730407112368521e-02
2 36 1.041778752147798e+02 3.361199677127811e-18 8.730188925747417e-02
0 20 1.067721135323791e+02 4.050405775009631e-18 7.083501144821686e-02
1 13 1.067072457428868e+02 4.875859813450279e-18 6.142130505709653e-02
2 37 1.070141980206453e+02 3.192198992249017e-18 8.730592500452845e-02
2 38 1.098505703134076e+02 2.414834558754520e-18 8.731283770679137e-02
0 21 1.120985295619563e+02 5.051970076181323e-18 7.083775857281256e-02
2 39 1.126869984931472e+02 2.716699224573916e-16 8.731537807941309e-02
1 14 1.148356913775097e+02 6.106172757711288e-18 6.142125969901601e-02
2 40 1.155235052640516e+02 2.674940939480701e-18 8.732993582130499e-02
0 22 1.174251401859926e+02 4.298635581801287e-18 7.083587031187742e-02
2 41 1.183599737479818e+02 3.782649637217242e-18 8.733342179694108e-02
2 42 1.211965776823949e+02 5.593599311325058e-18 8.734289122441218e-02
0 23 1.227515568334710e+02 4.376666403224190e-18 7.082596144084591e-02
1 15 1.229640795600028e+02 5.408327052855948e-18 6.142874927440957e-02
2 43 1.240330330661929e+02 5.901137919757842e-16 8.734399410453747e-02
2 44 1.268696431467580e+02 2.450380376102649e-18 8.734530360978617e-02
0 24 1.280778931445709e+02 1.089519967607744e-17 7.082467569983188e-02
2 45 1.297060693835386e+02 3.218964965712244e-18 8.734204425402925e-02
1 16 1.310923508521895e+02 4.874720184499122e-18 6.143405358602613e-02
2 46 1.325426194543484e+02 4.226839887685561e-18 8.732932761323473e-02
0 25 1.334045115291494e+02 3.678831482618823e-18 7.082769565046976e-02
2 47 1.353790726742980e+02 3.686728904731845e-18 8.732838681647495e-02
2 48 1.382155328943391e+02 2.496948277591148e-18 8.731300337373636e-02
0 26 1.387311893429006e+02 3.890110627958581e-18 7.081371519515425e-02
1 17 1.392203115187588e+02 7.362531671252463e-18 6.145542208546666e-02
2 49 1.410519916451814e+02 2.414949481941353e-18 8.730910023348992e-02
2 50 1.438884230031810e+02 4.227240308878331e-18 8.730656786733486e-02
0 27 1.440575952158474e+02 4.620616320804966e-18 7.081149221888913e-02
2 51 1.467248013598659e+02 5.123955571827105e-18 8.730252227672929e-02
1 18 1.473483944792430e+02 5.279629306460306e-18 6.146055502086716e-02
0 28 1.493842299156408e+02 5.052900786325437e-18 7.081290993948033e-02
2 52 1.495611849322177e+02 1.567739787495011e-17 8.730467277780828e-02
2 53 1.523975371786358e+02 4.214939499284270e-18 8.731025226729454e-02
0 29 1.547112241193090e+02 4.367186782305481e-18 7.079466629397640e-02
2 54 1.552338965542783e+02 3.374979401823726e-18 8.731432354265632e-02
1 19 1.554757566627672e+02 5.184204184207258e-18 6.148622151074334e-02
2 55 1.580703306174840e+02 4.185321603634400e-18 8.732638347701698e-02
0 30 1.600376818131953e+02 4.179557385302728e-18 7.079004008971093e-02
2 56 1.609067694369142e+02 2.544678312575578e-18 8.732937524632749e-02
1 20 1.636036883645988e+02 7.860829471658496e-18 6.148954190103892e-02
2 57 1.637433604718441e+02 3.259159846121058e-18 8.734097304767049e-02
0 31 1.653642326511841e+02 3.974046105741213e-18 7.079026406175265e-02
2 58 1.665798386066901e+02 3.354444612683663e-18 8.734179863579633e-02
2 59 1.694165136832917e+02 4.226630158579274e-18 8.734263597041340e-02
0 32 1.706913634302521e+02 3.897852208699322e-18 7.077667034500798e-02
1 21 1.717304876249215e+02 5.145931662381462e-17 6.150833141625845e-02
2 60 1.722529846260381e+02 5.161515436385723e-18 8.734244337859758e-02
2 61 1.750895617075672e+02 3.791882701707056e-18 8.733369844062616e-02
0 33 1.760178005923306e+02 3.984279544361567e-18 7.077551491351759e-02
2 62 1.779259736890142e+02 4.226835906897078e-18 8.732956025610990e-02
1 22 1.798583550448441e+02 9.252312259078062e-18 6.150947744094225e-02
2 63 1.807624072806105e+02 3.292707850513523e-18 8.731640327976613e-02
0 34 1.813443671192677e+02 4.059543070080053e-17 7.078007087386103e-02
2 64 1.835987812858372e+02 8.628197962061943e-10 8.731424026529133e-02
2 65 1.864351336835959e+02 3.287259909498902e-18 8.730602070093819e-02
0 35 1.866717220466294e+02 6.550573879878728e-18 7.077714709778202e-02
1 23 1.879848771822364e+02 5.664214448906817e-18 6.151396179734583e-02
2 66 1.892715370940710e+02 3.316045764244515e-18 8.730256893319903e-02
0 36 1.919982426848954e+02 4.437085042198792e-18 7.077426680587633e-02
2 67 1.921079341629977e+02 2.836933812433143e-18 8.730707171603953e-02
2 68 1.951056682363065e+02 3.940988047352739e-02 2.121381900215880e-09
1 24 1.961127361245696e+02 4.932160710824338e-18 6.151365517033188e-02
0 37 1.973247509946396e+02 5.823054553999906e-18 7.077722089406542e-02
2 69 1.977807720242343e+02 5.040484499045057e-18 8.731119309808009e-02
2 70 2.006172020140714e+02 7.145250630051537e-16 8.732535488926263e-02
0 38 2.026520423251901e+02 5.053997437688496e-18 7.078319747352278e-02
2 71 2.034536141451839e+02 2.414411147992608e-18 8.732721609203158e-02
1 25 2.042393661153996e+02 5.174428330926668e-18 6.150298038926916e-02
2 72 2.062901477930230e+02 2.478892929790560e-18 8.733984994613203e-02
0 39 2.079785821676900e+02 9.894210800990591e-16 7.077873021981144e-02
2 73 2.091265948404594e+02 2.820975095497523e-18 8.734274040308149e-02
1 26 2.123673000236217e+02 5.853832497789347e-18 6.150093117622570e-02
2 74 2.119632247725596e+02 5.001180422686522e-18 8.734454126647360e-02
0 40 2.133049756281020e+02 3.715179889997051e-18 7.078109036394842e-02
2 75 2.147997104125866e+02 3.251975083086395e-18 8.734318003522204e-02
2 76 2.176363646080881e+02 1.060060451148533e-16 8.733453934014847e-02
0 41 2.186319865059676e+02 4.200349353681697e-18 7.079861688020929e-02
1 27 2.204944205507593e+02 6.239239561221848e-18 6.147848623453606e-02
2 77 2.204728497913899e+02 2.814771005937702e-18 8.733285654016723e-02
2 78 2.233093743110848e+02 3.255811428374788e-18 8.731866606743335e-02
0 42 2.239585314767329e+02 4.768651860469419e-18 7.079892218952767e-02
2 79 2.261457979738244e+02 3.238438239632655e-18 8.731483629053048e-02
1 28 2.286225305227848e+02 6.224581950568573e-18 6.147440819562448e-02
2 80 2.289821724166059e+02 2.560735467891183e-18 8.730688977979578e-02
0 43 2.292849474736041e+02 4.457425278942318e-18 7.080241526408336e-02
2 81 2.318184892530099e+02 4.227251857975425e-18 8.730366435416206e-02
0 44 2.346117885944610e+02 5.052641888740334e-18 7.081972247806947e-02
2 82 2.346548149799627e+02 5.107788936400240e-18 8.730370226856539e-02
1 29 2.367502785922070e+02 6.583043506736478e-18 6.144964442188209e-02
2 83 2.374911641731758e+02 3.226186448822814e-18 8.730526436825560e-02
0 45 2.399384110933394e+02 4.389486554282212e-18 7.081898978499020e-02
2 84 2.403275354739843e+02 2.620987698233978e-18 8.731004071789132e-02
2 85 2.431639861453180e+02 1.621586679733033e-15 8.731916066649303e-02
1 30 2.448785543890037e+02 4.401761321837688e-17 6.144411670403277e-02
0 46 2.452647705473917e+02 6.711346443890942e-17 7.081964738376087e-02
2 86 2.460004458248771e+02 2.414545884101010e-18 8.732288235591168e-02
2 87 2.488369824844066e+02 2.759892085925378e-18 8.733911681033195e-02
0 47 2.505913031328644e+02 3.938807179996997e-18 7.083046769094524e-02
2 88 2.516734386217819e+02 3.027485631911746e-18 8.733872384574290e-02
1 31 2.530067893325439e+02 4.813974293259964e-16 6.142749477655617e-02
2 89 2.545100436364650e+02 2.860345661011362e-16 8.734569083475938e-02
0 48 2.559178816950034e+02 3.803791239527189e-18 7.082864285384351e-02
2 90 2.573464784549478e+02 4.547076517840849e-18 8.734747164688733e-02
2 91 2.601830666972609e+02 2.414094081204345e-18 8.733865306893972e-02
0 49 2.612442091165992e+02 1.596947834551400e-17 7.083015795085310e-02
1 32 2.611351888793967e+02 6.192268157522173e-18 6.142279321808350e-02
2 92 2.630195244385407e+02 2.582652759763894e-18 8.733631941044089e-02
2 93 2.658560656683385e+02 1.293686054504635e-17 8.732316826853208e-02
0 50 2.665706025023632e+02 5.051982071470834e-18 7.083710064115717e-02
2 94 2.686925312261395e+02 4.492371820515175e-18 8.731922309307687e-02
1 33 2.692636175728638e+02 6.377297657000980e-18 6.142126002249933e-02
2 95 2.715289880931074e+02 2.720418653795722e-18 8.730802231167109e-02
0 51 2.718972278066631e+02 1.103715050786466e-17 7.083843831488891e-02
2 96 2.743654220948827e+02 2.705813645874938e-18 8.730534533040503e-02
0 52 2.772236738747463e+02 4.435399955974558e-18 7.083138877959444e-02
2 97 2.772018041876382e+02 2.918621620839852e-17 8.730513566987579e-02
1 34 2.773920287196877e+02 5.996856234873149e-18 6.142672628146854e-02
2 98 2.800381301623793e+02 3.159657365872275e-18 8.730330222480923e-02
0 53 2.825500960066370e+02 4.679234659429247e-18 7.083109308041682e-02
2 99 2.828744983066601e+02 4.847238629089945e-18 8.730730086083550e-02
1 35 2.855203340873730e+02 5.096972899199852e-18 6.143205309250261e-02
2 100 2.857108676455572e+02 3.330575027399826e-18 8.731695857794523e-02
0 54 2.878767668063007e+02 4.111829092711458e-18 7.083071973587739e-02
2 101 2.885472495332804e+02 1.766468407358857e-17 8.732030583081049e-02
2 102 2.913837958438224e+02 4.226792438593021e-18 8.733292570933947e-02
0 55 2.932033748686753e+02 3.698247200329555e-18 7.081355210074358e-02
1 36 2.936483999713806e+02 5.679628462569556e-18 6.145146227131675e-02
2 103 2.942202664369459e+02 3.271298677720038e-18 8.733564257568259e-02
2 104 2.970568924464400e+02 1.754397616364190e-16 8.734458789997822e-02
0 56 2.985297114376325e+02 1.787484236828572e-17 7.081009856136727e-02
2 105 2.998933882987966e+02 2.772563625649739e-18 8.734317780549319e-02
1 37 3.017765314404618e+02 5.109201355450850e-18 6.145597060215388e-02
2 106 3.027300185923913e+02 3.521804783178679e-18 8.734079610483833e-02
0 57 3.038562780137811e+02 3.944577236169676e-18 7.081185860468654e-02
2 107 3.055664380766462e+02 2.544555710120940e-18 8.734064818774387e-02
2 108 3.084029512722450e+02 4.978129892857911e-18 8.732542729018816e-02
0 58 3.091831680844495e+02 6.280775839908062e-18 7.079574900259036e-02
1 38 3.099040047653021e+02 5.262574346631359e-18 6.148112987924703e-02
2 109 3.112393458007469e+02 3.083606935263691e-18 8.732264392291725e-02
0 59 3.145096327864564e+02 5.810593442440799e-18 7.079481879246835e-02
2 110 3.140757387062127e+02 2.762088988018263e-18 8.731277631697426e-02
2 111 3.169121481922827e+02 3.131000440193509e-18 8.730696912933818e-02
1 39 3.180319606722400e+02 5.232849151193152e-18 6.148484205076584e-02
0 60 3.198362469188097e+02 3.950752815884402e-18 7.079620478235964e-02
2 112 3.197485375943144e+02 4.887432848586521e-18 8.730513525049748e-02
2 113 3.225849535773855e+02 4.227253430812914e-18 8.730460846487485e-02
0 61 3.251634107702833e+02 1.387168676687480e-16 7.078214220329884e-02
2 114 3.254213679219686e+02 4.582284906112630e-18 8.730753557968302e-02
1 40 3.261588197313503e+02 7.563253491905642e-17 6.150597834423951e-02
2 115 3.282577514646895e+02 4.214331428432809e-17 8.731350069634281e-02
0 62 3.304899206472894e+02 3.816865729591130e-18 7.077889020632148e-02
2 116 3.310941801665331e+02 3.393915863794804e-18 8.731838821517789e-02
2 117 3.339306289993148e+02 4.226795632933874e-18 8.733247447918581e-02
1 41 3.342866612940500e+02 1.713491394033988e-17 6.150819371170918e-02
0 63 3.358164993889203e+02 3.926486111584258e-18 7.077886076072952e-02
2 118 3.367670410843777e+02 5.341678581202321e-18 8.733401217628368e-02
2 119 3.396036607436353e+02 2.522106785390456e-16 8.734356119456640e-02
0 64 3.411437681570179e+02 6.564001353763477e-18 7.077236274241500e-02
1 42 3.424131853429377e+02 5.978329003638456e-18 6.151539663521630e-02
2 120 3.424401321511379e+02 3.158689191510856e-18 8.734464972182157e-02
2 121 3.452767879714562e+02 3.498968065640954e-18 8.734111817226120e-02
0 65 3.464702117130444e+02 4.211357294232170e-18 7.077037889192167e-02
2 122 3.481133095972341e+02 5.638909940934451e-18 8.733949827145393e-02
1 43 3.505410491253977e+02 5.862535249447276e-18 6.151521513422228e-02
2 123 3.509499074404995e+02 2.719575436317201e-18 8.732841798913765e-02
0 66 3.517966686414703e+02 4.355167548488704e-16 7.077477964553666e-02
2 124 3.537863338384282e+02 2.704230780569249e-18 8.732605453448047e-02
2 125 3.566227907949262e+02 2.414836559285236e-18 8.731215317882690e-02
0 67 3.571239583315267e+02 4.584276701817554e-18 7.078274112415739e-02
1 44 3.586676607744253e+02 6.250783000092451e-18 6.150615974032701e-02
2 126 3.594591420415692e+02 6.389981353922016e-18 8.730885244433451e-02
0 68 3.624505487127080e+02 2.809050347524624e-17 7.078043492249809e-02
2 127 3.622954527059165e+02 2.960499952959410e-18 8.730628150736493e-02
2 128 3.651318032969616e+02 3.186713515018683e-18 8.730165949610642e-02
1 45 3.667956031614422e+02 5.372621617926618e-18 6.150375492245214e-02
0 69 3.677770271616093e+02 4.203693681053213e-18 7.078327999616071e-02
2 129 3.679681564413196e+02 4.227245173984441e-18 8.730542369166461e-02
2 130 3.708045540498172e+02 1.655871295182399e-16 8.731215184361461e-02
0 70 3.731041417581746e+02 3.698092524341159e-18 7.079794282359796e-02
2 131 3.736409862247695e+02 2.850213420180536e-18 8.731377759412678e-02
1 46 3.749226359617738e+02 5.646166751840767e-18 6.148262108859530e-02
2 132 3.764774651385294e+02 3.199302897724698e-18 8.732777342140011e-02
0 71 3.784307095309774e+02 4.742409872489974e-17 7.079401844089935e-02
2 133 3.793139258878739e+02 5.995286664989485e-18 8.733231676614964e-02
2 134 3.821504764948808e+02 4.731149440768846e-16 8.734366851480989e-02
1 47 3.830507033125189e+02 5.065329484572619e-18 6.147916041699454e-02
0 72 3.837570869874241e+02 3.931624473128943e-18 7.079442760360689e-02
2 135 3.849869103385454e+02 2.716207957808337e-18 8.734398349474030e-02
2 136 3.878235352764602e+02 3.213008092912060e-18 8.734559133292465e-02
0 73 3.890838827453709e+02 1.092426851078591e-15 7.081246621568364e-02
2 137 3.906599772260084e+02 3.421058232911617e-18 8.734430120741454e-02
1 48 3.911783382985236e+02 6.509643365832323e-18 6.145465792859349e-02
2 138 3.934965653622580e+02 3.112173410369324e-16 8.733129485078940e-02
0 74 3.944104404461592e+02 4.448443197560158e-18 7.081322756006492e-02
2 139 3.963330722527281e+02 2.504755472008650e-18 8.732970790770199e-02
1 49 3.993065731954400e+02 3.914910551211958e-15 6.144970094460748e-02
2 140 3.991695800513335e+02 3.227697087325786e-18 8.731595777428751e-02
0 75 3.997367860146561e+02 3.963832072593669e-18 7.081746215864641e-02
2 141 4.020060214495009e+02 5.925662193568678e-18 8.731158416868540e-02
0 76 4.050633844810695e+02 3.672527708171255e-18 7.083226327154916e-02
2 142 4.048424562873228e+02 2.943757704783697e-18 8.730556537453978e-02
1 50 4.074347344684812e+02 5.983570206351371e-18 6.143125157575905e-02
2 143 4.076788046511662e+02 2.608702580306884e-18 8.730279575274044e-02
0 77 4.103900363728012e+02 3.674154793717481e-18 7.083136177144815e-02
2 144 4.105151367126369e+02 3.240840721074913e-18 8.730507034716110e-02
2 145 4.133514846810124e+02 5.894139259874300e-18 8.730709834713571e-02
0 78 4.157164413946094e+02 5.030823566210059e-16 7.083219561164440e-02
1 51 4.155631239012708e+02 5.983971231249320e-18 6.142572461105000e-02
2 146 4.161878423632830e+02 3.326630501017626e-18 8.731178128858913e-02
2 147 4.190242852039990e+02 2.520622927067103e-18 8.732500208183225e-02
0 79 4.210428658702306e+02 4.888167881384341e-18 7.083632461535451e-02
2 148 4.218607420911284e+02 3.253376481594695e-18 8.732609278192641e-02
1 52 4.236915624225767e+02 5.984157386818782e-18 6.142109256615533e-02
2 149 4.246973292257808e+02 4.226690471613962e-18 8.733931799770989e-02
0 80 4.263694487971410e+02 5.679292814770897e-18 7.083430594101041e-02
2 150 4.275338076397921e+02 4.226642483774393e-18 8.734211794096684e-02
2 151 4.303704394013626e+02 2.594443147930668e-18 8.734445407173978e-02
0 81 4.316958064956574e+02 6.628902519353541e-18 7.082832616127571e-02
1 53 4.318200084231157e+02 5.075217785922114e-18 6.142381172291854e-02
2 152 4.332068851433402e+02 3.800679638587472e-18 8.734411525044121e-02
2 153 4.360434603946335e+02 4.356205522999173e-17 8.733742940107145e-02
0 82 4.370221486984073e+02 3.944896884387863e-18 7.082934778674951e-02
2 154 4.388798572471849e+02 2.414239653245815e-18 8.733350751459923e-02
1 54 4.399483586965557e+02 5.401772598799721e-18 6.142901412698261e-02
2 155 4.417163162413066e+02 3.317564932691489e-11 8.731836161259413e-02
0 83 4.423487924008234e+02 7.400134283457548e-17 7.083233224271294e-02
2 156 4.445527483353443e+02 3.781529945033655e-18 8.731677370793910e-02
2 157 4.473891375306980e+02 3.324000027216870e-18 8.730827469460742e-02
0 84 4.476754034834712e+02 3.798682987440530e-18 7.081925571041442e-02
1 55 4.480765001026846e+02 4.933055187256518e-18 6.144711003321675e-02
2 158 4.502255634982062e+02 2.834522251041279e-18 8.730345005871480e-02
0 85 4.530018010154780e+02 3.673347846480695e-18 7.081656842342725e-02
2 159 4.532639745185859e+02 3.329324185204104e-02 2.667586127157357e-02
2 160 4.558983519586458e+02 3.294686650094231e-18 8.730703309994312e-02
1 56 4.562046317966679e+02 5.510204975789944e-18 6.145247979889988e-02
0 86 4.583284578196881e+02 4.303530869987291e-18 7.081841520514126e-02
2 161 4.587347499064481e+02 5.398449769214044e-17 8.731033333800359e-02
2 162 4.615711594512048e+02 4.016698288006617e-18 8.732168946779693e-02
0 87 4.636553565355547e+02 4.196952740074839e-18 7.079862949719948e-02
1 57 4.643321788066907e+02 5.077962776804868e-18 6.147769193738191e-02
2 163 4.644075507426824e+02 2.509000114435397e-18 8.732519743203603e-02
2 164 4.672440752601424e+02 2.897733688843465e-18 8.733802545806343e-02
0 88 4.689817669987477e+02 5.053607068347039e-18 7.079392655664013e-02
2 165 4.700805492870721e+02 4.784093983764257e-18 8.733915109883823e-02
1 58 4.724601544236008e+02 5.023942775136479e-18 6.148146677882784e-02
2 166 4.729172013583766e+02 2.845581687474095e-18 8.734413925495207e-02
0 89 4.743083071472061e+02 6.495439020649065e-18 7.079510408582716e-02
2 167 4.757536969246570e+02 2.459931068343504e-18 8.734442982332159e-02
2 168 4.785903589372779e+02 2.817239897701769e-18 8.733618644268162e-02
0 90 4.796353699531185e+02 4.873313415540431e-18 7.078052169049499e-02
1 59 4.805871130940412e+02 2.702747399446414e-17 6.150315604825475e-02
2 169 4.814268209795688e+02 4.226759617162769e-18 8.733493387281843e-02
2 170 4.842633314459947e+02 4.201330372165270e-18 8.732284696409634e-02
0 91 4.849618208768920e+02 4.338632716098632e-18 7.077996910115786e-02
2 171 4.870997136843121e+02 2.490206939797733e-18 8.731760128592569e-02
1 60 4.887149886382460e+02 3.268862159779696e-17 6.150493645606021e-02
2 172 4.899360736324275e+02 3.703408975772157e-18 8.730833621376397e-02
0 92 4.902884278129123e+02 3.919266900541857e-18 7.078350249221145e-02
2 173 4.927724237422446e+02 5.085889996474952e-18 8.730606704851634e-02
0 93 4.956157590012390e+02 3.541561536204824e-17 7.077592126395223e-02
2 174 4.956087501563878e+02 4.227266055775333e-18 8.730485051225510e-02
1 61 4.968415568553687e+02 1.196423952224893e-17 6.151475393357402e-02
2 175 4.984451369866582e+02 2.451908671306568e-18 8.730421443747167e-02
0 94 5.009422728258854e+02 4.390224331920895e-18 7.077393217983757e-02
2 176 5.012815533490142e+02 4.227174022572089e-18 8.731000624314306e-02
2 177 5.041179665007417e+02 3.226996965521904e-18 8.731823875012849e-02
1 62 5.049694114660001e+02 6.287721272547155e-18 6.151536421860963e-02
0 95 5.062687987699639e+02 4.412876214794643e-18 7.077534412100900e-02
2 178 5.069544141349175e+02 2.414598035752455e-18 8.732089330056611e-02
2 179 5.097909200854309e+02 2.640826937213244e-18 8.733742422298510e-02
0 96 5.115960967731235e+02 5.054201524008317e-18 7.077737388590637e-02
2 180 5.126273389270901e+02 8.208652987615863e-16 8.733902086309861e-02
1 63 5.130959757687173e+02 5.756735207844850e-18 6.150942514203562e-02
2 181 5.154639296671464e+02 4.226578950924528e-18 8.734568274277817e-02
0 97 5.169225968480874e+02 4.778466621945027e-18 7.077374511635956e-02
2 182 5.183003915376407e+02 3.203866023970710e-18 8.734658889843884e-02
1 64 5.212238895974626e+02 5.100272723927704e-18 6.150772384749068e-02
2 183 5.211370126529265e+02 3.386054190475892e-18 8.734039131767150e-02
0 98 5.222490066808626e+02 2.138381024219062e-15 7.077757496627168e-02
2 184 5.239734988247379e+02 5.618288738627143e-17 8.733828251791434e-02
2 185 5.268100982472345e+02 6.018640252205871e-18 8.732417057360452e-02
0 99 5.275761175062609e+02 3.684797168148402e-18 7.079358082512820e-02
1 65 5.293508174454100e+02 5.878057166350975e-18 6.148814924484804e-02
2 186 5.296465713393683e+02 3.267991375361522e-18 8.732171133571325e-02
2 187 5.324830288909898e+02 2.559314223514440e-18 8.731025897683413e-02
0 100 5.329026825942091e+02 1.279865184804254e-15 7.079318890080077e-02
2 188 5.353194270846498e+02 2.095508814591089e-17 8.730539219193340e-02
1 66 5.374788527854092e+02 5.071533752797878e-18 6.148434871332888e-02
0 101 5.382291257135307e+02 4.340026050574143e-18 7.079541266421240e-02
2 189 5.381557769781250e+02 3.474790202607644e-18 8.730456761317344e-02
2 190 5.409920899096735e+02 3.344448309955483e-18 8.730375163195442e-02
0 102 5.435560520273577e+02 5.052868074730854e-18 7.081383638196592e-02
2 191 5.438284325969814e+02 2.552529665551922e-18 8.730539016861240e-02
1 67 5.456063984393459e+02 5.481747537328826e-18 6.145897633830665e-02
2 192 5.466648233837504e+02 2.573927682734138e-17 8.731374619032135e-02
0 103 5.488826600485290e+02 5.550954547804877e-18 7.081165788467779e-02
2 193 5.495012309893717e+02 2.414656621997470e-18 8.731896366337456e-02
2 194 5.523377504037878e+02 3.163901562286951e-18 8.733115147277634e-02
1 68 5.537346241847740e+02 5.042832657708636e-18 6.145394601493361e-02
0 104 5.542090030347370e+02 5.928767362217444e-18 7.081185428907455e-02
2 195 5.551742298200008e+02 6.383016403804338e-16 8.733335387595000e-02
2 196 5.580108331389251e+02 6.900058101284420e-18 8.734583095167250e-02
0 105 5.595355785568413e+02 1.618421233958694e-16 7.082534074686705e-02
2 197 5.608472779132982e+02 4.226591098620073e-18 8.734494311421664e-02
1 69 5.618627393003434e+02 4.874756095456465e-18 6.143407007282289e-02
2 198 5.636838852575929e+02 2.669460478485933e-18 8.734289636227521e-02
0 106 5.648621431674052e+02 3.672869190567788e-18 7.082475216814167e-02
2 199 5.665203102434270e+02 1.717060631374391e-17 8.734339345280620e-02
2 200 5.693568251116924e+02 5.186522887621266e-18 8.732940154596643e-02
0 107 5.701884842242944e+02 4.375434879689205e-18 7.082809982249676e-02
1 70 5.699911173965113e+02 1.905696894229876e-15 6.142896097447860e-02
2 201 5.721932567868802e+02 3.108378238028805e-18 8.732564642734851e-02
2 202 5.750297179775816e+02 2.546210490037856e-18 8.731371094867076e-02
0 108 5.755149409855119e+02 5.051983964975888e-18 7.083739200636588e-02
2 203 5.778661558152571e+02 4.334865339808392e-18 8.730996735322638e-02
1 71 5.781195189806105e+02 6.524755220234364e-18 6.142244176503509e-02
2 204 5.807025663625357e+02 4.227252024067850e-18 8.730597240531399e-02
0 109 5.808415761228960e+02 5.207652422062812e-18 7.083711003330800e-02
2 205 5.835389764318656e+02 4.227272884645848e-18 8.730305380071737e-02
0 110 5.861679927945106e+02 5.052261056852610e-18 7.083334439042696e-02
1 72 5.862479464435546e+02 5.068643648550273e-18 6.142320052837288e-02
2 206 5.863753643668565e+02 1.084715530895700e-17 8.730699230196004e-02
2 207 5.892117054819057e+02 2.414848663201404e-18 8.731205864547036e-02
0 111 5.914944164235662e+02 4.418208131010851e-18 7.083340311807254e-02
2 208 5.920481042985804e+02 2.414758659082775e-18 8.731504579908228e-02
1 73 5.943763124309921e+02 5.083967469801866e-18 6.142759544636850e-02
2 209 5.948845597252823e+02 3.426774622711597e-18 8.732918381410043e-02
0 112 5.968210578335337e+02 5.323547129916182e-18 7.083183092427724e-02
2 210 5.977209807029210e+02 1.397252902409153e-16 8.733220176804023e-02
2 211 6.005576058482728e+02 2.543429432734652e-18 8.734079270769354e-02
0 113 6.021475622192829e+02 3.673325915322138e-18 7.081753096245491e-02
1 74 6.025045261644415e+02 5.376780334182317e-18 6.144284210385255e-02
2 212 6.033941067421788e+02 3.507941675253218e-18 8.734243655481660e-02
2 213 6.062307673459486e+02 6.867149809844717e-18 8.734386889589738e-02
0 114 6.074738840257934e+02 3.679433007531569e-18 7.081554793984658e-02
2 214 6.090672559676251e+02 2.297375596078347e-16 8.734103156508224e-02
1 75 6.106327031133251e+02 5.113667568485662e-18 6.144773327817565e-02
2 215 6.119038487070685e+02 3.654752947536234e-18 8.733102638567442e-02
0 115 6.128004715514732e+02 4.760576803873142e-18 7.081833044400623e-02
2 216 6.147402489348376e+02 3.153593175708567e-18 8.733029144453697e-02
2 217 6.175766715585489e+02 4.609177534519701e-18 8.731531325769221e-02
0 116 6.181273023229879e+02 3.674114148210562e-18 7.080247695796535e-02
1 76 6.187603741200942e+02 5.290973117165396e-18 6.147246028740357e-02
2 218 6.204130418606081e+02 2.414866033511992e-18 8.731111299707676e-02
2 219 6.232493821706154e+02 3.231397741541504e-18 8.730798311944141e-02
0 117 6.234537677059330e+02 6.575683708670396e-18 7.080013477864792e-02
2 220 6.260857602837463e+02 4.227265849343088e-18 8.730346553207734e-02
1 77 6.268883822478633e+02 4.977465839489101e-18 6.147689671242338e-02
0 118 6.287803843022587e+02 5.053321006541276e-18 7.080166902619980e-02
2 221 6.289221454965291e+02 7.049130700565417e-17 8.730583602954103e-02
2 222 6.317585567096077e+02 2.793439018831536e-18 8.731056975375025e-02
0 119 6.341074828652528e+02 5.098426527095217e-18 7.078537840955831e-02
2 223 6.345949818282097e+02 2.414817085495259e-18 8.731396897415766e-02
1 78 6.350154263575889e+02 8.614396543796313e-18 6.150054671750004e-02
2 224 6.374314082475404e+02 5.563947462495418e-18 8.732627615951383e-02
0 120 6.394339614224419e+02 2.792875838957601e-16 7.078079054007379e-02
2 225 6.402678508264167e+02 3.411102390905059e-16 8.732967154576048e-02
1 79 6.431433076359240e+02 5.681073867370693e-17 6.150308583180825e-02
2 226 6.431043794365734e+02 3.183930525584674e-18 8.734297728251277e-02
0 121 6.447605186197871e+02 3.679144954120248e-18 7.078073780300553e-02
2 227 6.459408064228327e+02 2.752329797123023e-18 8.734377995424830e-02
2 228 6.487774630963498e+02 3.429495882096892e-18 8.734420571862855e-02
0 122 6.500877456596244e+02 7.742835284791256e-16 7.077206720181151e-02
1 80 6.512698984156616e+02 2.334314339296737e-17 6.151533732260544e-02
2 229 6.516139473458127e+02 4.324278179363911e-16 8.734444556289266e-02
2 230 6.544505731952152e+02 2.513008245523490e-18 8.733414071311069e-02
0 123 6.554141977057013e+02 4.331771928774601e-18 7.077121087686547e-02
2 231 6.572870871275779e+02 2.773780136482946e-18 8.733055988482340e-02
1 81 6.593977309594859e+02 5.978263639672250e-18 6.151552963970208e-02
2 232 6.601236225520939e+02 3.409390656827892e-18 8.731764996484113e-02
0 124 6.607407021330481e+02 5.054293826984439e-18 7.077575974847054e-02
2 233 6.629600298290892e+02 4.268979807669490e-18 8.731486363225405e-02
0 125 6.660680373172193e+02 4.308639563716403e-18 7.077919708975179e-02
2 234 6.657964239985763e+02 2.560090344111920e-18 8.730541454989806e-02
1 82 6.675242628266332e+02 6.435679029139537e-18 6.151128732309964e-02
2 235 6.686327620041027e+02 2.415109683952129e-18 8.730244304882885e-02
0 126 6.713946099865919e+02 5.959015953168213e-18 7.077640236035333e-02
2 236 6.714690750191460e+02 3.391364915783410e-18 8.730589736680085e-02
2 237 6.743054277407722e+02 2.933753139160730e-18 8.730583683290537e-02
1 83 6.756521749072089e+02 5.615830030696582e-18 6.150972294781663e-02
0 127 6.767211042633368e+02 7.840896406584551e-17 7.077944011906258e-02
2 238 6.771418102383794e+02 4.829296234242109e-17 8.730923676498251e-02
2 239 6.799782628220146e+02 2.811480705646134e-18 8.732311764844085e-02
0 128 6.820482758938249e+02 4.084373924913483e-18 7.079050633729544e-02
2 240 6.828147144668388e+02 3.269398926156131e-18 8.732490050525615e-02
1 84 6.837790512338643e+02 6.622874592644092e-18 6.149209225148560e-02
2 241 6.856512634181730e+02 4.177534418411702e-18 8.733855841674924e-02
0 129 6.873748093547326e+02 3.698249362934682e-18 7.078620699605311e-02
2 242 6.884877299132860e+02 2.414008106858304e-18 8.734185914007483e-02
2 243 6.913243204548467e+02 2.843913168745033e-18 8.734711038172287e-02
1 85 6.919070856177150e+02 4.870743824788113e-18 6.148921098717485e-02
0 130 6.927011805489966e+02 1.454658605078461e-17 7.078776270606059e-02
2 244 6.941607388711803e+02 3.351314541736047e-18 8.734617379307917e-02
2 245 6.969973357492788e+02 5.051007870949690e-18 8.733889230099094e-02
0 131 6.980280787078639e+02 4.414720468503317e-18 7.080695704650064e-02
1 86 7.000345234709233e+02 7.257135677324743e-18 6.146461330795204e-02
2 246 6.998337643858536e+02 1.123981710739986e-09 8.733695717993127e-02
2 247 7.026702649880046e+02 4.226973348884735e-18 8.732151037894471e-02
0 132 7.033546606285759e+02 4.375349831051288e-18 7.080782603332790e-02
2 248 7.055067493093197e+02 3.309960660562299e-18 8.731796433289019e-02
1 87 7.081626965807620e+02 5.049088558396878e-18 6.145994034431454e-02
0 133 7.086810381552926e+02 5.473167435785061e-18 7.081131256271884e-02
2 249 7.083431877492958e+02 4.227186321018088e-18 8.730936543056847e-02
2 250 7.111796007051179e+02 1.567708464323358e-10 8.730536402629768e-02
0 134 7.140077064815824e+02 5.714215604700991e-18 7.082690100905172e-02
2 251 7.140160142088038e+02 3.289338477213952e-18 8.730460661189508e-02
1 88 7.162907194555373e+02 1.082973020444448e-15 6.143827361034548e-02
2 252 7.168523534755752e+02 3.313243708917146e-18 8.730504866045502e-02
0 135 7.193343521300682e+02 3.834639401483963e-18 7.082671108712205e-02
2 253 7.196887074714067e+02 2.837629157503994e-18 8.730952931449130e-02
2 254 7.226854564585161e+02 3.940604493551725e-02 9.288626296457074e-10
0 136 7.246607378231723e+02 3.828137005005058e-18 7.082674075430560e-02
1 89 7.244190660795439e+02 1.085998207868045e-17 6.143238081909088e-02
2 255 7.253615086692924e+02 3.752018053628255e-18 8.732166421455062e-02
2 256 7.281980457047235e+02 1.259647191167105e-15 8.733634641632351e-02
0 137 7.299871793528853e+02 1.725952872582922e-16 7.083354683835558e-02
2 257 7.310345299743647e+02 4.764648655571657e-18 8.733644942596276e-02
1 90 7.325474417032461e+02 5.046065089114179e-18 6.142290735131950e-02
2 258 7.338711832061972e+02 2.472874540590119e-18 8.734342782609508e-02
0 138 7.353137443110081e+02 4.366537642853269e-18 7.083220517606595e-02
2 259 7.367076738206690e+02 5.079868854710458e-18 8.734560353651233e-02
2 260 7.395443031904946e+02 3.272346342644669e-18 8.733981881806399e-02
0 139 7.406400770692316e+02 4.439396274276546e-18 7.083001299583630e-02
1 91 7.406758874900012e+02 5.480929203086290e-18 6.142178415170263e-02
2 261 7.423807308719411e+02 2.849368520540614e-18 8.733763286341691e-02
2 262 7.452172378978184e+02 7.075377373009190e-18 8.732629530203628e-02
0 140 7.459664495757030e+02 5.238488401298777e-18 7.083331841713192e-02
2 263 7.480536091357819e+02 2.814222794545806e-18 8.732211558491684e-02
1 92 7.488042924531961e+02 5.623209121257989e-18 6.142568967644570e-02
0 141 7.512931179756945e+02 5.135937171105157e-18 7.083528019519066e-02
2 264 7.508899790209307e+02 1.068481814984256e-17 8.731056870117197e-02
2 265 7.537263894930396e+02 4.883598754839804e-18 8.730776006414294e-02
0 142 7.566196600665346e+02 1.322321859947654e-16 7.082334282191136e-02
2 266 7.565627464728954e+02 2.475607866962648e-18 8.730679093769746e-02
1 93 7.569325759442519e+02 5.983203998685051e-18 6.143939182895177e-02
2 267 7.593991381464562e+02 4.227251835912526e-18 8.730444876208317e-02
0 143 7.619460456980150e+02 3.688912018803341e-18 7.082222601995095e-02
2 268 7.622355743305505e+02 4.227200925775206e-18 8.730873993406714e-02
1 94 7.650607907477050e+02 5.903340258186023e-18 6.144482199068841e-02
2 269 7.650719493873243e+02 3.848409912609843e-18 8.731705433576215e-02
0 144 7.672727036301062e+02 4.193704619087812e-18 7.082237891191899e-02
2 270 7.679083577375172e+02 2.509794277354746e-18 8.732002899719678e-02
2 271 7.707448407044905e+02 1.396396920130660e-15 8.733378682096150e-02
0 145 7.725994822498582e+02 5.048871879000501e-18 7.080244360164305e-02
1 95 7.731885515617338e+02 5.123793630956565e-18 6.146880992000218e-02
2 272 7.735812541709953e+02 4.595003988920321e-18 8.733699379636481e-02
2 273 7.764178504819431e+02 2.756819058441631e-18 8.734525431112064e-02
0 146 7.779258633800173e+02 6.828956944433457e-18 7.079865559204664e-02
2 274 7.792543414734893e+02 2.661447938771487e-18 8.734428740614573e-02
1 96 7.813165556405668e+02 4.939365223482780e-18 6.147276221395296e-02
2 275 7.820910077744485e+02 1.255636049282793e-16 8.734070813984698e-02
0 147 7.832524192968140e+02 4.408591174685479e-18 7.080104793350221e-02
2 276 7.849275079769560e+02 5.974889615606500e-18 8.734038454205442e-02
2 277 7.877641186273634e+02 3.905077016852221e-18 8.732620184650394e-02
0 148 7.885794255884894e+02 4.392769298313391e-18 7.078584416342229e-02
1 97 7.894436725491058e+02 5.552447610938916e-18 6.149649627033956e-02
2 278 7.906005711617985e+02 2.450269613724331e-18 8.732351828390035e-02
2 279 7.934370123302896e+02 2.428989292951936e-17 8.731321183146243e-02
0 149 7.939058855168987e+02 4.806664015598290e-18 7.078496905788520e-02
2 280 7.962733702175415e+02 6.037738945704323e-18 8.730746113556127e-02
1 98 7.975715713872627e+02 3.192273682085751e-17 6.149911889299015e-02
0 150 7.992325094912940e+02 3.926335088761865e-18 7.078688989332693e-02
2 281 7.991096944691622e+02 2.540863386572047e-18 8.730441235943784e-02
2 282 8.019460397861585e+02 2.415069578245622e-18 8.730430056440179e-02
0 151 8.045597948471501e+02 3.768834407237151e-18 7.077700851202257e-02
2 283 8.047823845057869e+02 3.378665811952625e-17 8.730636050138890e-02
1 99 8.056982323718047e+02 4.558234773353269e-17 6.151391035009988e-02
2 284 8.076187851539408e+02 6.872564408456372e-18 8.731186978884038e-02
0 152 8.098862974210527e+02 1.045960110679241e-17 7.077385762265705e-02
2 285 8.104552292727733e+02 3.840311429163948e-18 8.731715958549489e-02
2 286 8.132917018164478e+02 2.414336671413027e-18 8.733074639328492e-02
1 100 8.138260923790737e+02 9.008322692999921e-18 6.151519743071454e-02
0 153 8.152128227723283e+02 6.024147848794996e-18 7.077419787960751e-02
2 287 8.161281537479217e+02 1.196888877011740e-17 8.733266223951026e-02
2 288 8.189647330947450e+02 3.136513122103792e-18 8.734543600977121e-02
0 154 8.205401121884740e+02 1.128818649097651e-16 7.077291922145353e-02
1 101 8.219526181950663e+02 4.868670407182705e-18 6.151418392111555e-02
2 289 8.218011464351890e+02 2.890968958698481e-18 8.734649050062557e-02
2 290 8.246377445407218e+02 7.847837972122743e-17 8.734501683395809e-02
0 155 8.258665989267796e+02 5.340017445201649e-18 7.077067454166568e-02
2 291 8.274742007063659e+02 3.574726604722265e-18 8.734371179238358e-02
1 102 8.300805036523153e+02 5.112833273606960e-18 6.151307257375670e-02
2 292 8.303107642440199e+02 5.435767205688054e-18 8.733172599607557e-02
0 156 8.311930509683878e+02 4.308173133098440e-18 7.077549714152249e-02
2 293 8.331472355183924e+02 2.658624938636987e-18 8.732886204442891e-02
2 294 8.359837506041874e+02 4.227097002027797e-18 8.731395228418352e-02
0 157 8.365202453538765e+02 4.230485747842661e-18 7.078882907180656e-02
1 103 8.382072900272774e+02 5.360559467676026e-18 6.149677039233455e-02
2 295 8.388202002205060e+02 2.766326434029360e-18 8.731114816827196e-02
0 158 8.418468069980341e+02 3.676461958338936e-18 7.078709699338770e-02
2 296 8.416566086137781e+02 4.620835322401156e-18 8.730681105638298e-02
2 297 8.444929808784765e+02 4.857813440787406e-18 8.730185470109458e-02
1 104 8.463352858334194e+02 6.774369247595892e-18 6.149337324374476e-02
0 159 8.471732581751975e+02 4.709296961782943e-16 7.078957292224736e-02
2 298 8.473293413045360e+02 3.963745438905081e-18 8.730488402223885e-02
2 299 8.501656749394865e+02 3.536899215846567e-18 8.731038508008176e-02
0 160 8.525002787630712e+02 4.909485083318002e-18 7.080690897812576e-02
2 300 8.530020503726545e+02 4.519271419345190e-18 8.731247375623433e-02
1 105 8.544626123254810e+02 5.247090827087509e-18 6.146888560255048e-02
2 301 8.558385213345567e+02 5.554480118371789e-17 8.732517134756278e-02
0 161 8.578268639767542e+02 6.643423218786353e-18 7.080343215811620e-02
2 302 8.586749742420134e+02 2.796089487419226e-18 8.733003630218202e-02
2 303 8.615115755785281e+02 2.414064136580003e-18 8.734040428596598e-02
1 106 8.625907641406569e+02 5.981609023800031e-18 6.146451883613588e-02
0 162 8.631531972973588e+02 3.673975058660506e-18 7.080399640328165e-02
2 304 8.643480683341816e+02 6.309052746020388e-18 8.734119726008449e-02
2 305 8.671847171582899e+02 2.007062944193912e-16 8.734629481672954e-02
0 163 8.684798374112461e+02 4.355282439743358e-18 7.082025107339404e-02
2 306 8.700211540808669e+02 4.120054757572701e-18 8.734456664996368e-02
1 107 8.707187178744582e+02 5.041261568895930e-18 6.144213069553817e-02
2 307 8.728577184546442e+02 3.495955020962137e-18 8.733467796050957e-02
0 164 8.738064074525366e+02 4.624285291794682e-16 7.082079736243461e-02
2 308 8.756941282128082e+02 2.780574056586325e-18 8.733341837994116e-02
1 108 8.788470583552170e+02 4.874788023477930e-18 6.143689230943473e-02
2 309 8.785305515334802e+02 3.309182060549632e-18 8.731899561739929e-02
0 165 8.791327762280176e+02 3.847270159687872e-18 7.082467988184110e-02
2 310 8.813669549797999e+02 2.883346827229637e-18 8.731486863149179e-02
2 311 8.842033521263731e+02 4.227209727096697e-18 8.730832141040688e-02
0 166 8.844592861865309e+02 4.963163777681042e-18 7.083560482714828e-02
1 109 8.869754209866993e+02 5.039312061875695e-18 6.142534975884876e-02
2 312 8.870397568464713e+02 3.017399419598983e-17 8.730508575276746e-02
0 167 8.897859071225658e+02 5.002445564375302e-18 7.083474934075591e-02
2 313 8.898761536844145e+02 2.553838396839936e-18 8.730693156241905e-02
2 314 8.927125411597385e+02 3.188305626638645e-18 8.730768630560476e-02
0 168 8.951123072929746e+02 5.519096426597133e-18 7.083350677219498e-02
1 110 8.951038648140609e+02 5.055307480422184e-18 6.142254591938348e-02
2 315 8.955489452638418e+02 4.227124376801415e-18 8.731263961887128e-02
2 316 8.983853345433147e+02 2.274038182816143e-16 8.732467787209014e-02
0 169 9.004387334507961e+02 1.243759043270792e-16 7.083383226684638e-02
2 317 9.012217487408535e+02 2.554800751816253e-18 8.732612554779760e-02
1 111 9.032322586565244e+02 6.732330982737015e-18 6.142452209391503e-02
2 318 9.040582953102615e+02 3.200977716893463e-18 8.733948158737777e-02
0 170 9.057653516251993e+02 5.917326121149819e-18 7.083205903934556e-02
2 319 9.068947465209563e+02 2.413998648412866e-18 8.734230327444351e-02
2 320 9.097314173527620e+02 3.813415268500800e-16 8.734335581513109e-02
0 171 9.110917869393431e+02 4.538032001514644e-18 7.082175410348635e-02
1 112 9.113605610201039e+02 6.828983795323262e-18 6.143520453094672e-02
2 321 9.125679355593669e+02 2.483513075171507e-18 8.734309017658437e-02
2 322 9.154045866038009e+02 3.215633703250009e-18 8.733724523160007e-02
0 172 9.164181044253825e+02 3.794116269448842e-18 7.082134805829303e-02
2 323 9.182410635208166e+02 4.226785855696448e-18 8.733333900229825e-02
1 113 9.194887984859076e+02 5.143586146014563e-18 6.144059663094228e-02
2 324 9.210775900925377e+02 2.805169183496245e-18 8.731971203219177e-02
0 173 9.217447146257081e+02 3.767341404710214e-18 7.082442647176422e-02
2 325 9.239139797226899e+02 2.574763697166080e-18 8.731838651787802e-02
2 326 9.267503333070523e+02 3.422722744896561e-18 8.730811963482862e-02
0 174 9.270714743991966e+02 4.612747307526268e-18 7.080851715428856e-02
1 114 9.276166682725546e+02 5.399331353159200e-18 6.146376477512092e-02
2 327 9.295866817928692e+02 3.399417404698094e-18 8.730377391255188e-02
0 175 9.323979225243626e+02 4.138999156677459e-18 7.080545790305863e-02
2 328 9.324230211277786e+02 5.298275466488060e-18 8.730656607895185e-02
2 329 9.352593902999196e+02 3.087184683999902e-18 8.730641085264930e-02
1 115 9.357447282542304e+02 5.860830158036694e-18 6.146863005839334e-02
0 176 9.377245507613725e+02 2.733610884522254e-17 7.080753401390873e-02
2 330 9.380957948097995e+02 4.227172303828764e-18 8.730965348254285e-02
2 331 9.409322394163654e+02 5.043041042872646e-18 8.732066519573631e-02
0 177 9.430515621023662e+02 4.215070238355411e-18 7.078852498875636e-02
1 116 9.438719681577984e+02 4.940220702236035e-18 6.149366649243174e-02
2 332 9.437686746839167e+02 4.805931955142914e-18 8.732438731690487e-02
2 333 9.466051692394386e+02 2.604518335523201e-18 8.733871928623846e-02
0 178 9.483780065001037e+02 3.964512916778882e-18 7.078344871664127e-02
2 334 9.494416122565125e+02 2.846879826292548e-18 8.734010640742425e-02
1 117 9.519998818364736e+02 1.160928970843100e-17 6.149674530584585e-02
2 335 9.522781955319122e+02 5.718446895782848e-18 8.734765735499700e-02
0 179 9.537045580132427e+02 4.263209251528354e-18 7.078429457979322e-02
2 336 9.551146196959027e+02 4.640516907809304e-18 8.734761142940251e-02
2 337 9.579512478055522e+02 1.254444689013583e-16 8.733892238575619e-02
0 180 9.590317473102100e+02 3.681774959759227e-18 7.077405088727114e-02
1 118 9.601265857293213e+02 9.042513680901131e-17 6.151295572496090e-02
2 338 9.607877321495678e+02 3.269373983369570e-18 8.733793597797439e-02
2 339 9.636242876466331e+02 2.095624264185807e-17 8.732448656797294e-02
0 181 9.643582039268993e+02 2.137649924044665e-16 7.077368613758404e-02
2 340 9.664607751805818e+02 2.829187623807926e-18 8.731937800913660e-02
1 119 9.682544310903975e+02 1.518357091908489e-17 6.151369286043139e-02
2 341 9.692972429196212e+02 1.087498279652184e-09 8.730861277744363e-02
0 182 9.696847396772715e+02 4.348838855043950e-18 7.077746465118383e-02
2 342 9.721336272800545e+02 2.835272263829233e-18 8.730686973422420e-02
2 343 9.749699933451586e+02 3.321201980120588e-18 8.730408241836446e-02
0 183 9.750120880337014e+02 5.054295446421417e-18 7.077589947852034e-02
1 120 9.763809294000096e+02 5.402763418027799e-18 6.151506099232538e-02
2 344 9.778063262769804e+02 4.227265479288544e-18 8.730281351223323e-02
0 184 9.803386573900510e+02 5.054409060944244e-18 7.077396179839698e-02
2 345 9.808421969341388e+02 3.371275187020795e-02 2.582397821454814e-02
2 346 9.834790690668483e+02 5.030578146023884e-18 8.731548743763984e-02
1 121 9.845087931779910e+02 5.461886803587665e-18 6.151444838910141e-02
0 185 9.856651686958924e+02 3.675441412030691e-18 7.077562763997852e-02
2 347 9.863154910307334e+02 1.372408803780661e-16 8.731871536454899e-02
2 348 9.891520355836035e+02 5.379037519299761e-18 8.733454333137727e-02
0 186 9.909923757298985e+02 2.519652460082372e-16 7.078337889122308e-02
2 349 9.919885092277482e+02 4.429101191537227e-17 8.733562286357392e-02
1 122 9.926355234240323e+02 5.877029036459496e-18 6.150078658564814e-02
2 350 9.948251235860351e+02 2.901077882015242e-18 8.734474972356676e-02
0 187 9.963188752306644e+02 3.729583508333510e-18 7.077959213311180e-02
2 351 9.976615934586438e+02 3.359145533114637e-18 8.734629734313870e-02
1 123 1.000763521990185e+03 7.704725787932158e-18 6.149824544288338e-02
2 352 1.000498187181448e+03 2.413941607687337e-18 8.734380720815775e-02
0 188 1.001645256928920e+03 3.814840849981778e-18 7.078265488853666e-02
2 353 1.003334591072162e+03 2.429102008084062e-18 8.734169965067662e-02
2 354 1.006171112393809e+03 3.323850798853018e-18 8.732818709110263e-02
0 189 1.006972261687034e+03 6.058842683209949e-18 7.080178720180244e-02
1 124 1.008890780778626e+03 6.012316959228200e-18 6.147464718620448e-02
2 355 1.009007520422882e+03 5.040749673187636e-18 8.732588314438172e-02
2 356 1.011843931234066e+03 2.414835376386661e-18 8.731328301317384e-02
0 190 1.012298855624598e+03 4.431926297549634e-18 7.080184973602258e-02
2 357 1.014680380134494e+03 2.763796831705309e-18 8.730854210690603e-02
1 125 1.017018920068390e+03 6.706199255780736e-18 6.147027605130494e-02
0 191 1.017625245164085e+03 5.053266127103792e-18 7.080402960187421e-02
2 358 1.017516781087647e+03 2.415054842446910e-18 8.730700668106635e-02
2 359 1.020353156900483e+03 3.243445116257435e-18 8.730479053931046e-02
0 192 1.022952002410368e+03 6.542246501615246e-18 7.082176563018970e-02
2 360 1.023189566030815e+03 2.415041081060357e-18 8.730680154866866e-02
1 126 1.025146761898491e+03 5.516969185389593e-18 6.144628981640465e-02
2 361 1.026025920460826e+03 2.538577954730872e-18 8.731344836577877e-02
0 193 1.028278652506031e+03 1.250840377509376e-17 7.082023558827909e-02
2 362 1.028862299428296e+03 2.805323315931354e-18 8.731860461838921e-02
2 363 1.031698771977046e+03 3.224008392334319e-18 8.733027256005146e-02
1 127 1.033275039957954e+03 2.405949989788423e-16 6.144064319635818e-02
0 194 1.033605022036938e+03 3.811633998376850e-18 7.081983917013350e-02
2 364 1.034535207717672e+03 3.821682747933458e-18 8.733279966162738e-02
2 365 1.037371829964891e+03 3.310382858480345e-18 8.734417214681092e-02
0 195 1.038931484811072e+03 3.768267166428385e-18 7.083000947404679e-02
2 366 1.040208335146691e+03 5.055727164068600e-16 8.734304000602557e-02
1 128 1.041403338295543e+03 1.151100794002562e-16 6.142680347851369e-02
2 367 1.043045014302452e+03 7.036891101884512e-18 8.734157235980043e-02
0 196 1.044258034244161e+03 7.354267779213659e-17 7.082978035380565e-02
2 368 1.045881515031025e+03 2.870775421967589e-18 8.734246660095210e-02
2 369 1.048718100139022e+03 2.847287045059713e-18 8.733019111135579e-02
0 197 1.049584358305033e+03 4.383999545704706e-18 7.083071942566213e-02
1 129 1.049531771143869e+03 5.516992567067157e-18 6.142310884171134e-02
2 370 1.051554511302154e+03 5.235188089305380e-18 8.732706869067308e-02
2 371 1.054390947090482e+03 4.227061632172721e-18 8.731571272590914e-02
0 198 1.054910774099255e+03 7.814373262405049e-18 7.083580070834936e-02
2 372 1.057227298943834e+03 3.261573675052435e-18 8.731140979124834e-02
1 130 1.057660200758068e+03 5.474334179781596e-18 6.142405517401101e-02
0 199 1.060237452302664e+03 4.496443514001984e-18 7.083601496728627e-02
2 373 1.060063623087876e+03 2.596958393778809e-18 8.730654953649718e-02
2 374 1.062900014246788e+03 3.824530542779239e-17 8.730411132078135e-02
0 200 1.065563930981631e+03 4.040616006251606e-18 7.082763433990641e-02
1 131 1.065788578695081e+03 8.338832640260524e-18 6.143264583904050e-02
2 375 1.065736382402950e+03 3.476770839245614e-18 8.730797880156675e-02
2 376 1.068572769271983e+03 2.834267011899880e-18 8.731168307002925e-02
0 201 1.070890321457583e+03 3.393588510015486e-16 7.082619642373961e-02
2 377 1.071409215450675e+03 3.001588426423688e-18 8.731488148626339e-02
1 132 1.073916858968680e+03 5.388454683891732e-18 6.143816143032450e-02
2 378 1.074245646072355e+03 2.338848409318430e-17 8.732942593870505e-02
0 202 1.076216969957819e+03 3.672867090524079e-18 7.082500055811407e-02
2 379 1.077082056236843e+03 3.145804495657639e-18 8.733230203131624e-02
2 380 1.079918607618701e+03 2.815498219821262e-18 8.734336592226120e-02
0 203 1.081543636202334e+03 1.184515631505037e-17 7.080665962726106e-02
1 133 1.082044811583622e+03 4.933298181555724e-18 6.145950215401545e-02
2 381 1.082755032535976e+03 3.999517246699437e-16 8.734502296050600e-02
2 382 1.085591650561606e+03 5.709633813116335e-18 8.734596225221400e-02
0 204 1.086869990471421e+03 5.115343473789692e-18 7.080443531789575e-02
2 383 1.088428137946208e+03 3.125145377576287e-18 8.734330599121803e-02
1 134 1.090172886722722e+03 4.872416840375687e-18 6.146380930324867e-02
2 384 1.091264761568124e+03 2.544313956860476e-18 8.733223463845008e-02
0 205 1.092196562740392e+03 4.244467608901635e-18 7.080776440903670e-02
2 385 1.094101256595098e+03 6.777731646863589e-18 8.733168569271364e-02
2 386 1.096937787749087e+03 4.520206910058943e-18 8.731593182037281e-02
0 206 1.097523501838788e+03 4.296513070887176e-18 7.079166485472546e-02
1 135 1.098300205889967e+03 4.993506048774038e-18 6.148900072378622e-02
2 387 1.099774214139006e+03 2.760511967223158e-18 8.731210306836415e-02
0 207 1.102849972991611e+03 4.375322748751975e-18 7.078960111829724e-02
2 388 1.102610609313856e+03 3.180416630203027e-18 8.730751306287843e-02
2 389 1.105446946525452e+03 3.572659197176954e-18 8.730253853462570e-02
1 136 1.106428113833374e+03 5.884792496696078e-18 6.149250942427527e-02
0 208 1.108176611383149e+03 7.839756311340704e-18 7.079127800785333e-02
2 390 1.108283277766622e+03 3.445486507926540e-18 8.730438498337072e-02
2 391 1.111119646705203e+03 2.414947303549317e-18 8.730877042814855e-02
0 209 1.113503848212410e+03 3.681420063492823e-18 7.077860206466906e-02
2 392 1.113956024335700e+03 2.202232495613983e-17 8.731170500494098e-02
1 137 1.114554880328855e+03 8.057002318789791e-17 6.151132156452306e-02
2 393 1.116792489498130e+03 2.788625724337894e-18 8.732335913482593e-02
0 210 1.118830321934112e+03 3.698690492451644e-18 7.077422940177761e-02
2 394 1.119628969253874e+03 4.323209688428777e-18 8.732746814686632e-02
1 138 1.122682749696187e+03 3.009939923474043e-17 6.151299069240680e-02
2 395 1.122465524570676e+03 3.424286188348008e-18 8.734138767947509e-02
0 211 1.124156835344631e+03 5.692461057205944e-18 7.077437421202006e-02
2 396 1.125301980811234e+03 1.577561073883774e-16 8.734203496609119e-02
2 397 1.128138602198316e+03 3.617734299997668e-18 8.734716473355227e-02
0 212 1.129484103626205e+03 3.923396747813801e-18 7.077059024917641e-02
1 139 1.130809284979474e+03 8.751555205924527e-18 6.151705299037040e-02
2 398 1.130975012537433e+03 3.135610328397103e-18 8.734754105066707e-02
2 399 1.133811569270464e+03 4.226693764243501e-18 8.733827089700473e-02
0 213 1.134810589392481e+03 5.054531432500542e-18 7.076966164294433e-02
2 400 1.136648007687658e+03 2.414198115893740e-18 8.733515819636507e-02
1 140 1.138937165684945e+03 5.449803326236940e-18 6.151640199988519e-02
2 401 1.139484486329496e+03 2.825587552287426e-18 8.732093769292774e-02
0 214 1.140137083806886e+03 6.362672363124608e-18 7.077460949956128e-02
2 402 1.142320927293206e+03 6.070570593143511e-18 8.731815615589088e-02
0 215 1.145464347663923e+03 7.445679546401021e-18 7.078377243568726e-02
2 403 1.145157365715743e+03 1.415876510852305e-17 8.730807537876116e-02
1 141 1.147063828918270e+03 4.931246061974971e-18 6.150429201857766e-02
2 404 1.147993782108787e+03 2.553179128453753e-18 8.730453041022435e-02
0 216 1.150790905291452e+03 4.271375640706437e-18 7.078102846317816e-02
2 405 1.150830174169899e+03 3.364474350100854e-18 8.730715505200205e-02
2 406 1.153666521726692e+03 3.175224169847406e-18 8.730531916567881e-02
1 142 1.155191772623832e+03 5.749979921861579e-18 6.150160954516191e-02
0 217 1.156117386491509e+03 3.738891579154295e-18 7.078437433366777e-02
2 407 1.156502897016073e+03 1.048886174774359e-16 8.730945545002776e-02
2 408 1.159339291727377e+03 2.586927141847115e-18 8.732201896999829e-02
0 218 1.161444473792156e+03 2.209388654446925e-16 7.079900037741356e-02
2 409 1.162175696004919e+03 2.414518859041115e-18 8.732325274517602e-02
1 143 1.163318911502942e+03 6.144146783527051e-18 6.147899481066196e-02
2 410 1.165012257884188e+03 5.568732623230016e-18 8.733612403862683e-02
0 219 1.166771017059493e+03 5.053550924822029e-18 7.079518209065024e-02
2 411 1.167848751914479e+03 3.564455881545482e-16 8.733985385484243e-02
2 412 1.170685410352384e+03 2.979898015647717e-18 8.734442020042592e-02
1 144 1.171447015738036e+03 5.067688845314760e-18 6.147527294200043e-02
0 220 1.172097338753388e+03 4.294080958940810e-18 7.079683092121755e-02
2 413 1.173521916717175e+03 3.209294369712849e-18 8.734387454050345e-02
2 414 1.176358570656798e+03 4.226668923244384e-18 8.733998280617794e-02
0 221 1.177424068206369e+03 4.473314962796155e-18 7.081536623829478e-02
1 145 1.179574774293444e+03 5.494897071709195e-18 6.145119775360115e-02
2 415 1.179194997501432e+03 2.219146074376533e-16 8.733789280469922e-02
2 416 1.182031493166261e+03 2.589897466573648e-18 8.732363106434256e-02
0 222 1.182750659440166e+03 4.058209778303084e-18 7.081637071814556e-02
2 417 1.184867888063844e+03 3.223640014351014e-18 8.732105639920472e-02
1 146 1.187703053488971e+03 5.373155320680634e-18 6.144595509207878e-02
2 418 1.187704242110432e+03 4.227143868848516e-18 8.731157596939192e-02
0 223 1.188077058522705e+03 1.207709241255404e-15 7.081976364527655e-02
2 419 1.190540619260350e+03 4.264353303059812e-18 8.730689004098581e-02
0 224 1.193403623223192e+03 3.683363192353464e-18 7.083194350985475e-02
2 420 1.193376994143332e+03 2.529267385540601e-18 8.730659545717441e-02
1 147 1.195831320652921e+03 5.426683439103841e-18 6.142993556548180e-02
2 421 1.196213379734646e+03 4.227223788660838e-18 8.730626523975293e-02
0 225 1.198730244414010e+03 2.050385145909868e-15 7.083205958169096e-02
2 422 1.199049783467766e+03 5.903948874951160e-18 8.731055445265055e-02
2 423 1.201886183704219e+03 2.930921070320468e-18 8.731791225360379e-02
0 226 1.204056632282468e+03 3.672754992604976e-18 7.083098593281889e-02
1 148 1.203959745563607e+03 5.368705584411689e-18 6.142488988663393e-02
2 424 1.204722596289189e+03 2.038678859860918e-16 8.732167061832016e-02
2 425 1.207559058161459e+03 4.673058744361121e-18 8.733762751137569e-02
0 227 1.209383044944836e+03 3.905227527730614e-18 7.083282553921037e-02
2 426 1.210395477622884e+03 3.369148942347060e-18 8.733777998443321e-02
1 149 1.212088177614503e+03 6.471635740794598e-18 6.142324699179371e-02
2 427 1.213232082431107e+03 4.170773694687328e-18 8.734517531003094e-02
0 228 1.214709633066529e+03 3.672487543081230e-18 7.083177093013099e-02
2 428 1.216068552396849e+03 2.461805347664360e-18 8.734734116004934e-02
2 429 1.218905208442204e+03 2.843185985776043e-18 8.733967273903175e-02
0 229 1.220036014832589e+03 4.384859608031678e-18 7.082580899268445e-02
1 150 1.220216569861432e+03 5.449473081687570e-18 6.142916607760680e-02
2 430 1.221741722199851e+03 3.414831435322800e-16 8.733812127715081e-02
2 431 1.224578326490426e+03 2.826456250978754e-18 8.732714222859431e-02
0 230 1.225362355267351e+03 9.083895461968227e-18 7.082678182478215e-02
2 432 1.227414778875312e+03 6.697538319060835e-10 8.732249369165375e-02
1 151 1.228344848277492e+03 5.910563060764266e-18 6.143483439736943e-02
2 433 1.230251233314125e+03 2.855317716049774e-18 8.731042314176365e-02
0 231 1.230688999284893e+03 3.897071658881460e-18 7.082924326117758e-02
2 434 1.233087608735863e+03 4.902882164384174e-18 8.730818460715145e-02
0 232 1.236015689430797e+03 3.879476235077369e-18 7.081356682925247e-02
2 435 1.235923931596460e+03 2.871695995703239e-18 8.730563952519169e-02
1 152 1.236472871045317e+03 4.931945643261430e-18 6.145520681331087e-02
2 436 1.238926654031716e+03 3.941383422825624e-02 1.235062921941786e-09
0 233 1.241342118974173e+03 4.278803564708300e-18 7.081172202621260e-02
2 437 1.241596648982572e+03 2.832137854543649e-18 8.730765106368048e-02
1 153 1.244600986837203e+03 5.138667592849431e-18 6.146022075631791e-02
2 438 1.244433052469617e+03 4.227083408149963e-18 8.731504148800143e-02
0 234 1.246668748547530e+03 3.673537102759052e-18 7.081239367719465e-02
2 439 1.247269484296051e+03 2.838218816114936e-18 8.731791255631606e-02
2 440 1.250111961660797e+03 4.902945481438395e-04 8.699903232021261e-02
0 235 1.251995649145975e+03 4.349716290729986e-18 7.079195804943310e-02
1 154 1.252728435106016e+03 5.349051568265893e-18 6.148568122358512e-02
2 441 1.252942457208479e+03 2.892359920320280e-18 8.733548075797767e-02
2 442 1.255779017831088e+03 4.226563552889924e-18 8.734662690135865e-02
0 236 1.257322053645303e+03 4.434183393863049e-18 7.078738349830081e-02
2 443 1.258615455575101e+03 2.831947431902995e-18 8.734630047334881e-02
1 155 1.260856395614434e+03 4.977819915469969e-18 6.148906075466670e-02
2 444 1.261452047268361e+03 2.488039516187417e-18 8.734507455093865e-02
0 237 1.262648610161448e+03 4.725289272820114e-18 7.078958725825664e-02
2 445 1.264288462061503e+03 2.819000670024294e-18 8.734480822370606e-02
2 446 1.267125017884253e+03 6.319511496594754e-18 8.732963032668016e-02
0 238 1.267975761322583e+03 4.166380951720148e-18 7.077763591660284e-02
1 156 1.268983246651868e+03 2.954078681519066e-17 6.150882866623207e-02
2 447 1.269961480667182e+03 4.911680935949084e-18 8.732715132467030e-02
2 448 1.272797953860550e+03 1.484620749120986e-17 8.731535492924257e-02
0 239 1.273302234400206e+03 3.720794246466154e-18 7.077688914881368e-02
2 449 1.275634398036791e+03 4.779479906142844e-18 8.730960360561137e-02
1 157 1.277111097391602e+03 5.823416030730211e-17 6.151036956055662e-02
0 240 1.278628801012240e+03 7.016773103724602e-17 7.077922734712629e-02
2 450 1.278470811897223e+03 3.251312871209818e-18 8.730570070306568e-02
2 451 1.281307175989009e+03 2.856840384047820e-18 8.730454543902218e-02
0 241 1.283956139779398e+03 5.054341601818260e-18 7.077469804866512e-02
2 452 1.284143534463990e+03 2.530992191360552e-18 8.730555946082275e-02
1 158 1.285237615699088e+03 1.818829054120642e-17 6.151708641705921e-02
2 453 1.286979883645173e+03 2.951466998351753e-18 8.731024444915236e-02
0 242 1.289282695085609e+03 5.054477369859922e-18 7.077199178347758e-02
2 454 1.289816270857534e+03 7.770085856513701e-18 8.731597000627471e-02
2 455 1.292652741998671e+03 2.862040614126223e-18 8.732800746610353e-02
1 159 1.293365471389348e+03 5.266444159249074e-18 6.151733080237561e-02
0 243 1.294609195683638e+03 5.812345576846544e-18 7.077258933061027e-02
2 456 1.295489203299923e+03 2.807225777048488e-18 8.732992673010721e-02
2 457 1.298325837669875e+03 8.873501207530632e-16 8.734256061137284e-02
0 244 1.299936423515459e+03 3.951480176788653e-18 7.077735616468610e-02
1 160 1.301492084219366e+03 4.869098740925735e-18 6.150825508166984e-02
2 458 1.301162332031227e+03 4.226622118443402e-18 8.734357848819976e-02
2 459 1.303998983555120e+03 4.415260044514640e-18 8.734457623820439e-02
0 245 1.305262906737648e+03 6.006166685275811e-16 7.077473178439805e-02
2 460 1.306835455666675e+03 2.450053897309065e-18 8.734432636696653e-02
1 161 1.309620026211409e+03 4.929027872991068e-18 6.150606380737270e-02
2 461 1.309672016360598e+03 3.073915442068717e-17 8.733481271120294e-02
0 246 1.310589324334670e+03 3.700629518607118e-18 7.077904301768422e-02
2 462 1.312508400523243e+03 6.008730400166582e-18 8.733175565759195e-02
2 463 1.315344839148148e+03 2.734069848730072e-18 8.731741928114058e-02
0 247 1.315916437937480e+03 3.836692658864064e-18 7.079650283663406e-02
1 162 1.317747096272667e+03 5.173084348641844e-18 6.148446648127481e-02
2 464 1.318181232293117e+03 2.692683702735845e-18 8.731442938410580e-02
2 465 1.321017584719070e+03 4.961650846421374e-17 8.730918847060326e-02
0 248 1.321243034499658e+03 5.024261986106151e-18 7.079501685602053e-02
2 466 1.323853999343669e+03 4.227257372005125e-18 8.730399790212821e-02
1 163 1.325875192150391e+03 5.231282104062123e-18 6.148030898880013e-02
0 249 1.326569430561983e+03 3.911613538162692e-18 7.079728264634991e-02
2 467 1.326690394151861e+03 2.541022170055711e-18 8.730725997811939e-02
2 468 1.329526754930676e+03 2.552852038301428e-18 8.731111395393863e-02
0 250 1.331896280515689e+03 1.180326418887124e-15 7.081558323869652e-02
2 469 1.332363165511280e+03 3.725723316370555e-17 8.731297528081576e-02
1 164 1.334002866011760e+03 6.414814396278152e-18 6.145523079707595e-02
2 470 1.335199566688902e+03 4.427954790269419e-18 8.732575128964387e-02
0 251 1.337222904154167e+03 5.345839569589341e-18 7.081243596902578e-02
2 471 1.338035963475598e+03 3.181944383699567e-18 8.733044949092165e-02
2 472 1.340872505089688e+03 3.305476693934252e-16 8.734080263682599e-02
1 165 1.342131108987823e+03 5.045052861731245e-18 6.145014377129224e-02
0 252 1.342549245338268e+03 3.702188266270826e-17 7.081252196165552e-02
2 473 1.343708960834814e+03 6.300179443843487e-18 8.734217098976149e-02
2 474 1.346545627683882e+03 2.413921364759217e-18 8.734567583215487e-02
0 253 1.347875766338968e+03 3.973320699101411e-18 7.082631425411220e-02
2 475 1.349382132920728e+03 3.647038996954546e-18 8.734376918129226e-02
1 166 1.350259278206558e+03 2.580416522126307e-17 6.143252061206565e-02
2 476 1.352218786517261e+03 2.355470565486985e-17 8.733430828123008e-02
0 254 1.353202326813540e+03 3.769002919480021e-18 7.082708248712954e-02
2 477 1.355055282901341e+03 5.355126452781568e-18 8.733370642245214e-02
2 478 1.357891799221901e+03 3.528222134873225e-18 8.731989674835325e-02
0 255 1.358528671443974e+03 2.329536350549318e-17 7.082975296024188e-02
1 167 1.358387656093619e+03 6.034600200724646e-16 6.142760394476177e-02
2 479 1.360728191074527e+03 2.545717016037924e-18 8.731540125193607e-02
2 480 1.363564572179195e+03 8.382658756693818e-18 8.730833209003226e-02
0 256 1.363855128809194e+03 6.449617701282668e-18 7.083616707090613e-02
2 481 1.366400914296930e+03 4.227234757105937e-18 8.730503640398736e-02
1 168 1.366516085715294e+03 5.984025618942167e-18 6.142408041037375e-02
0 257 1.369181793131474e+03 2.246350927393301e-16 7.083562506346359e-02
2 482 1.369237237611707e+03 3.444272534231935e-18 8.730602679976164e-02
2 483 1.372073636650426e+03 7.883623141315666e-18 8.730728531683922e-02
0 258 1.374508225781230e+03 3.672785521980780e-18 7.083053246479261e-02
1 169 1.374644523366868e+03 5.467692072464297e-18 6.142759989567365e-02
2 484 1.374910041012676e+03 3.618992217527723e-18 8.731168145169141e-02
2 485 1.377746469268054e+03 5.419903214422873e-18 8.732298081912009e-02
0 259 1.379834607418719e+03 4.016606721542554e-18 7.082851833965395e-02
2 486 1.380582933173274e+03 3.565483342882987e-18 8.732518922385062e-02
1 170 1.382772865187980e+03 5.983451684582150e-18 6.143259185148729e-02
2 487 1.383419442479955e+03 7.153781632630683e-17 8.734046637244461e-02
0 260 1.385161231184546e+03 3.829190163592050e-18 7.082676495926478e-02
2 488 1.386255857632368e+03 2.668600427305234e-18 8.734309440882204e-02
2 489 1.389092450047750e+03 3.513387490481794e-18 8.734695784277015e-02
0 261 1.390487798242117e+03 3.679878634713262e-18 7.081144117837526e-02
1 171 1.390900989617841e+03 7.627904881805480e-18 6.145045650796173e-02
2 490 1.391928871099243e+03 4.226550144081184e-18 8.734727176089280e-02
2 491 1.394765461916561e+03 1.364958142453433e-16 8.734056572010029e-02
0 262 1.395814155381804e+03 3.239080000629592e-17 7.081089078126684e-02
2 492 1.397601929344178e+03 3.290725444882533e-18 8.733652735000223e-02
1 172 1.399029122590734e+03 5.161612063875962e-18 6.145531222751870e-02
2 493 1.400438472635329e+03 6.084698784215421e-18 8.732207532821874e-02
0 263 1.401140762038197e+03 4.354480205401679e-18 7.081444423376669e-02
2 494 1.403274944611790e+03 8.471714762061812e-18 8.732048153015899e-02
2 495 1.406111390471332e+03 2.996385531181199e-18 8.730864964133095e-02
0 264 1.406467634875170e+03 6.647630720112874e-18 7.079741712655839e-02
1 173 1.407156644299888e+03 4.871344663138082e-18 6.148075985708882e-02
2 496 1.408947784167455e+03 2.836133632862622e-18 8.730466485296429e-02
0 265 1.411794090097169e+03 3.674525588220665e-18 7.079431470307816e-02
2 497 1.411784160794233e+03 2.415047622232365e-18 8.730626307995994e-02
2 498 1.414620484378022e+03 6.361647297971873e-17 8.730484586564252e-02
1 174 1.415284606454503e+03 5.001912863873436e-18 6.148496826255692e-02
0 266 1.417120735274344e+03 5.568037286565148e-18 7.079671078343736e-02
2 499 1.417456837840762e+03 2.844752369464266e-18 8.730767741629929e-02
2 500 1.420293263905961e+03 4.227024450124110e-18 8.731850096598269e-02
0 267 1.422447892440188e+03 9.761949499777423e-17 7.078019818910038e-02
2 501 1.423129685982669e+03 4.226963072776794e-18 8.732203620650328e-02
1 175 1.423411527778049e+03 1.110575563214452e-17 6.150698708435379e-02
2 502 1.425966236632876e+03 2.408310763690067e-16 8.733490711691164e-02
0 268 1.427774335314971e+03 3.792557524518850e-18 7.077539300466906e-02
2 503 1.428802749396280e+03 2.452676915447371e-18 8.733734823998725e-02
1 176 1.431539388458954e+03 1.021837675500237e-16 6.150905450351974e-02
2 504 1.431639379993928e+03 2.869745855040063e-18 8.734650738804332e-02
0 269 1.433100847377542e+03 4.870076442677083e-18 7.077620109356535e-02
2 505 1.434475838401044e+03 5.984065855879645e-18 8.734641837359933e-02
2 506 1.437312468228838e+03 2.115160453505290e-16 8.734230393826789e-02
0 270 1.438428098047237e+03 4.306279017521379e-18 7.077043736805130e-02
1 177 1.439665951250832e+03 3.738340389999514e-17 6.151797504605845e-02
2 507 1.440148875248191e+03 2.927147006520550e-18 8.734132281654391e-02
2 508 1.442985359117063e+03 3.217613942209486e-18 8.732802289031090e-02
0 271 1.443754597056428e+03 5.505329728683726e-18 7.077019266044841e-02
2 509 1.445821777396226e+03 3.415456974847586e-18 8.732337481679356e-02
1 178 1.447793824362580e+03 7.561324638199529e-18 6.151770607801172e-02
0 272 1.449081129793560e+03 3.822850344297634e-17 7.077430939561301e-02
2 510 1.448658176210324e+03 7.347094284378675e-18 8.731249779141843e-02
2 511 1.451494592312801e+03 2.571244914858666e-18 8.730988726647303e-02
0 273 1.454408428701350e+03 6.887896912597554e-18 7.077872191377849e-02
2 512 1.454330987456448e+03 3.231207198747694e-18 8.730636333274860e-02
1 179 1.455920414729863e+03 4.934089570566395e-18 6.151042103503569e-02
2 513 1.457167368766691e+03 4.674412616230176e-18 8.730445118630463e-02
0 274 1.459734974765299e+03 1.845758849833414e-17 7.077696510302209e-02
2 514 1.460003766025578e+03 3.336165281555748e-18 8.731004809412127e-02
