1 0 1.563102636087151e+00 2.754183232185799e-18 8.309131112849415e-02
0 0 3.474560481206717e+00 2.874819430897921e-18 1.324639327312328e-01
0 1 5.359373453451507e+00 1.242541187897266e-03 1.224945550684253e-01
1 1 4.736836838603222e+00 3.378153873414821e-18 8.309579813509130e-02
0 2 6.630202550254306e+00 1.651536448282649e-02 4.355396508467389e-09
1 2 7.910462370657578e+00 4.265135931164815e-18 8.309462735032273e-02
0 3 1.010685757545322e+01 1.651391228508635e-02 1.165564781585674e-09
1 3 1.108435455353887e+01 4.856473926074149e-18 8.309172110688803e-02
0 4 1.209136226196441e+01 3.496045537615128e-18 1.324695022208174e-01
0 5 1.376999688615268e+01 1.167299331035826e-02 7.442065362319357e-02
1 4 1.425835371192269e+01 3.611056674217028e-18 8.309071918519417e-02
1 5 1.743220828336415e+01 9.851755142394921e-17 8.309293694749896e-02
0 6 1.914125337475620e+01 1.505726504351850e-17 1.324634406028269e-01
0 7 2.079000418045086e+01 1.304161412748980e-02 8.071400229647191e-02
1 6 2.060581450610036e+01 2.967457648300140e-18 8.309489005375149e-02
0 8 2.227545549553962e+01 1.651459400595236e-02 2.028411690825396e-09
1 7 2.377959039725157e+01 2.648194021186599e-18 8.309372354989998e-02
1 8 2.695357422711603e+01 2.753586601005873e-18 8.309318371670033e-02
0 9 2.775779969398923e+01 2.779270883360643e-18 1.324693185430550e-01
0 10 2.941789050781095e+01 7.886805821686023e-03 6.920392299552301e-02
1 9 3.012752215703955e+01 3.354196260861868e-18 8.309331039268346e-02
1 10 3.330121274762836e+01 2.569926864630697e-18 8.309465703838374e-02
0 11 3.429000394728335e+01 1.046519507289683e-02 7.470702138006474e-02
0 12 3.645000477858680e+01 1.180137274871120e-02 6.531261319166905e-02
1 11 3.647486620171738e+01 7.399550359628917e-18 8.309224838179854e-02
0 13 3.802811018765985e+01 1.378117393468484e-02 4.441619210764636e-02
1 12 3.964878718110181e+01 3.310547289717848e-18 8.309149085433763e-02
1 13 4.282278198634809e+01 4.396620543671538e-18 8.309301171479322e-02
0 14 4.342427334697066e+01 4.849822882473690e-18 1.324679894351188e-01
0 15 4.510312014773697e+01 7.856191564852018e-03 6.945034676804449e-02
1 14 4.599659896320384e+01 3.318320238921511e-18 8.309554846683243e-02
1 15 4.917019817480122e+01 5.841074362150831e-18 8.309424650674690e-02
0 16 4.972099494260220e+01 2.176095056263122e-10 1.324625418661579e-01
0 17 5.204124221366280e+01 1.414650573490557e-18 1.324689087754958e-01
1 16 5.234401765746529e+01 3.796452661079013e-18 8.309008531192857e-02
0 18 5.376797367299458e+01 9.830952988462548e-03 7.229342105391234e-02
1 17 5.551801279821857e+01 2.900167443026724e-18 8.308987117871827e-02
0 19 5.909083056841676e+01 1.621093332871175e-18 1.324652729399193e-01
1 18 5.869193380632906e+01 5.341507255171569e-18 8.309317827719609e-02
0 20 6.075865142228447e+01 8.522296621020862e-03 6.410898309041051e-02
0 21 6.221734746536891e+01 1.570574830108684e-02 1.821374967589768e-02
1 19 6.186558763797850e+01 3.558898567872620e-18 8.309639083291319e-02
1 20 6.503928341485538e+01 5.259510990971954e-18 8.309308764243470e-02
0 22 6.561000306227815e+01 7.971426013927294e-03 1.005672877161344e-01
0 23 6.770770385322034e+01 1.011166388811345e-18 1.324700083533348e-01
1 21 6.821323368172264e+01 4.119416046462023e-18 8.309030775789943e-02
0 24 6.939106048489779e+01 1.070742671583220e-02 6.305846222010210e-02
1 22 7.138721590245929e+01 3.342356404798035e-18 8.309062747680046e-02
0 25 7.475749610703593e+01 2.714239946187762e-18 1.324620170646025e-01
1 23 7.456098766660018e+01 3.222184385804207e-18 8.309452029712300e-02
0 26 7.654164803789739e+01 3.107811569308499e-03 1.215536781674772e-01
0 27 7.813525393004078e+01 3.383971591233410e-03 1.219934819675760e-01
1 24 7.773459583159816e+01 2.797178540218130e-18 8.309504885963399e-02
1 25 8.090845545982231e+01 2.688373022389633e-18 8.309322460434378e-02
0 28 8.138064026359527e+01 1.651379672066976e-02 8.037197907023676e-10
0 29 8.337413938352057e+01 2.240039958239367e-18 1.324695989747962e-01
1 26 8.408245566144106e+01 2.782757696411894e-17 8.309221496621191e-02
0 30 8.504656624603143e+01 9.367281291495720e-03 6.636441285243340e-02
1 27 8.725634238719331e+01 3.593805554924061e-18 8.309303331305262e-02
0 31 8.998162471719378e+01 1.423831736558176e-02 3.800018511410437e-02
1 28 9.042996357893261e+01 5.744204808164405e-18 8.309430026648371e-02
0 32 9.185512212442833e+01 1.482903438477598e-02 1.352153047099206e-02
0 33 9.376810712028055e+01 9.448468195114251e-03 8.042060526466296e-02
1 29 9.360369945687636e+01 3.514720793698198e-18 8.309246181378402e-02
1 30 9.677766990737699e+01 2.950940871239873e-18 8.309267972235843e-02
0 34 9.904059789347657e+01 5.498545298491967e-18 1.324678129805794e-01
1 31 9.995163665615479e+01 2.698852708993844e-18 8.309404443097512e-02
0 35 1.007023609608625e+02 8.023749448415329e-03 6.810693351380864e-02
1 32 1.031253636051238e+02 2.799720417436422e-18 8.309565547559318e-02
0 36 1.057178344116128e+02 1.651523501262231e-02 2.976151906231105e-09
1 33 1.062989933997657e+02 2.953220383424662e-18 8.309239409763787e-02
0 37 1.076575603298298e+02 2.354227151469663e-18 1.324677246252971e-01
0 38 1.091947017468842e+02 1.651377071564187e-02 2.240730539872746e-09
1 34 1.094728883859254e+02 2.956209199393208e-18 8.309003257069643e-02
1 35 1.126468871912707e+02 4.317691680171990e-18 8.309133396802125e-02
0 39 1.147071267480571e+02 3.424681431264612e-18 1.324654050833044e-01
1 36 1.158207391319053e+02 2.764520094801713e-17 8.309492418229544e-02
0 40 1.166085999377041e+02 9.603388806962748e-04 1.247570905233610e-01
1 37 1.189943449658393e+02 4.647764349370426e-18 8.309552417172879e-02
0 41 1.213631979974329e+02 1.651437702645302e-02 1.978911772471627e-09
1 38 1.221681280130933e+02 3.389477137364888e-18 8.309125661083286e-02
0 42 1.233240472879034e+02 3.613798642133758e-18 1.324689961255945e-01
0 43 1.250099974568919e+02 1.312826836154224e-02 7.405731835745161e-02
1 39 1.253421143864303e+02 2.570116491106480e-18 8.308943330758749e-02
1 40 1.285160595189349e+02 2.575123775282221e-18 8.309168947731825e-02
0 44 1.303737577961598e+02 1.193317622983789e-18 1.324635076281473e-01
0 45 1.320244902890616e+02 8.426312980126392e-03 6.487954628615732e-02
1 41 1.316897432209732e+02 2.569888222333524e-18 8.309598049550379e-02
0 46 1.335319739327886e+02 1.651512925728619e-02 1.113600403480578e-09
1 42 1.348634047096422e+02 4.188100113218519e-18 8.309431993702268e-02
0 47 1.370087702033830e+02 1.651376364545993e-02 4.377502581751924e-09
1 43 1.380373335380922e+02 4.590421145006428e-18 8.309203874381903e-02
0 48 1.389904881096039e+02 4.974667317104194e-18 1.324695397383794e-01
0 49 1.406699968682636e+02 1.100866245028105e-02 6.918815500340651e-02
1 44 1.412113258058868e+02 5.851070271542326e-18 8.309137864056060e-02
1 45 1.443851322535062e+02 4.317614531969384e-18 8.309356264327085e-02
0 50 1.460404675094765e+02 1.698656793311358e-17 1.324636017120182e-01
0 51 1.476900051013956e+02 1.276635850954540e-02 8.006596729646641e-02
1 46 1.475587314979924e+02 3.413299487577877e-18 8.309415409386908e-02
0 52 1.492603722117218e+02 1.477101251655659e-02 3.628154796067242e-02
1 47 1.507325570507159e+02 2.804919676540745e-18 8.309312472323635e-02
1 48 1.539065529039702e+02 2.628735241997883e-18 8.309344519746624e-02
0 53 1.546569315200635e+02 3.802797897785775e-18 1.324690592400655e-01
0 54 1.563299980951468e+02 1.061857505805719e-02 9.775774533323973e-02
1 49 1.570804689418505e+02 2.762685672358145e-18 8.309402597551178e-02
1 50 1.602541166431275e+02 3.695776815363411e-18 8.309473969367283e-02
0 55 1.613635454408104e+02 1.633360608698230e-02 8.170750976588566e-03
0 56 1.631450190519429e+02 1.501904154725408e-02 1.545210924901740e-02
1 51 1.634278158629734e+02 4.317669340583086e-18 8.309156273286045e-02
0 57 1.649486585934038e+02 1.309809381968187e-02 5.091154827693629e-02
1 52 1.666017675256387e+02 4.317709201132451e-18 8.309099681114704e-02
1 53 1.697757490657351e+02 3.268298867468227e-18 8.309301117366867e-02
0 58 1.703234261230038e+02 1.144033960684181e-18 1.324672578422021e-01
0 59 1.720123590656838e+02 7.573762725868607e-03 7.171617401233812e-02
1 54 1.729495154246281e+02 3.437552657510328e-18 8.309600487262718e-02
1 55 1.761231256492792e+02 2.569964265173891e-18 8.309370414603129e-02
0 60 1.766535208512469e+02 1.221736100441644e-03 1.295690719174277e-01
0 61 1.789403822555778e+02 2.500826954763595e-18 1.324694672402899e-01
1 56 1.792969914081760e+02 2.625079827429067e-18 8.308975107680359e-02
0 62 1.806955072349634e+02 8.797302048550216e-03 7.973487108949408e-02
1 57 1.824709926420026e+02 3.052597592319476e-18 8.308978175844110e-02
0 63 1.859900160818755e+02 3.141874935263845e-18 1.324642504914866e-01
1 58 1.856448750519248e+02 3.360100139832361e-18 8.309358052312156e-02
0 64 1.876574156187587e+02 8.484564021272388e-03 6.441224115921217e-02
0 65 1.894500870766608e+02 4.857960334244057e-10 1.324623066975316e-01
1 59 1.888184945333069e+02 4.545543163131305e-18 8.309615432682002e-02
1 60 1.919922410300401e+02 4.317665165406020e-18 8.309294993614924e-02
0 66 1.925100020148676e+02 1.069652478597929e-02 8.213264981899987e-02
0 67 1.946068306386626e+02 2.611792672965386e-18 1.324700305202559e-01
1 61 1.951662153497555e+02 3.302211477410774e-18 8.309070553601973e-02
0 68 1.962839917529952e+02 1.002827066891493e-02 6.586707417863510e-02
1 62 1.983401769036059e+02 2.593115111922236e-17 8.309125987478473e-02
0 69 2.016567102510044e+02 2.448148837101382e-18 1.324613985441586e-01
1 63 2.015138957797317e+02 3.527347481922764e-18 8.309476248416306e-02
0 70 2.031800062010772e+02 1.223339997792569e-02 3.434299204448332e-02
0 71 2.049474733038259e+02 5.951747004766291e-03 1.099954820188582e-01
1 64 2.046875301045700e+02 8.013449881937818e-17 8.309440846293169e-02
1 65 2.078614315039141e+02 2.570120751931846e-18 8.309334968117489e-02
0 72 2.082825727808066e+02 1.651372828161369e-02 1.113340812289457e-09
0 73 2.102732679007634e+02 1.714356374167658e-18 1.324691853089447e-01
1 66 2.110354301148326e+02 4.317697643176222e-18 8.309279317103237e-02
0 74 2.119307791513054e+02 7.669299928098853e-03 7.094903233891359e-02
1 67 2.142092735401627e+02 4.459791789179166e-18 8.309378511617299e-02
0 75 2.169744323674310e+02 1.651568026504717e-02 3.454948622609477e-09
1 68 2.173828752070038e+02 2.569959754886113e-18 8.309379823162645e-02
0 76 2.187644101240759e+02 1.454479226414167e-02 1.580004294761353e-02
0 77 2.205891524777854e+02 1.271787730362632e-02 5.562254276268763e-02
1 69 2.205566623163074e+02 5.668368959965826e-18 8.309174928659487e-02
1 70 2.237306500326457e+02 5.508903051091449e-18 8.309229279004511e-02
0 78 2.259397432953132e+02 1.194667102949001e-18 1.324670946958658e-01
1 71 2.269045908392931e+02 2.997906428840809e-18 8.309425702646726e-02
0 79 2.276010657115011e+02 7.984264548672177e-03 6.842416603333040e-02
1 72 2.300782688652301e+02 3.405238631927466e-18 8.309593053366147e-02
0 80 2.326196385161535e+02 1.651496803557587e-02 1.401429650607408e-09
1 73 2.332519359902688e+02 5.057548808713305e-17 8.309183725673988e-02
0 81 2.346767326304362e+02 5.794237598778902e-03 1.066714457940230e-01
0 82 2.360966306405046e+02 1.651365598263965e-02 3.638241371187885e-09
1 74 2.364258683742281e+02 3.529559254045294e-18 8.308961173476394e-02
1 75 2.395998596158565e+02 1.337421008044158e-17 8.309131146022809e-02
0 83 2.416063016208158e+02 1.615429275278145e-18 1.324646175752138e-01
0 84 2.432589224752398e+02 8.596392493418127e-03 6.351241535537812e-02
1 76 2.427736626257514e+02 4.594206237933199e-18 8.309538945673380e-02
1 77 2.459472647649273e+02 4.317596682157188e-18 8.309505686116830e-02
0 85 2.482650739692646e+02 1.651414896702690e-02 4.535937780192924e-09
1 78 2.491210983846875e+02 2.922785082166694e-18 8.309120132827615e-02
0 86 2.502231778462340e+02 1.471124570254639e-18 1.324692815011521e-01
0 87 2.519099971060961e+02 1.286731130054095e-02 7.150966390958435e-02
1 79 2.522950951995547e+02 2.987670912122696e-18 8.308978143468283e-02
1 80 2.554690056467296e+02 2.858098215475610e-18 8.309220319902669e-02
0 88 2.572729631421106e+02 2.700755828915220e-18 1.324633184536139e-01
0 89 2.589250028633780e+02 8.410597927122969e-03 6.500528372561105e-02
1 81 2.586426484376781e+02 2.626055437783256e-18 8.309588238552204e-02
0 90 2.604337664042493e+02 1.651488555589349e-02 4.947612648969306e-09
1 82 2.618163557919440e+02 2.961101641639088e-18 8.309409609654843e-02
0 91 2.639106945671846e+02 1.651365683956222e-02 1.736522699288681e-09
1 83 2.649903136331955e+02 2.953676246255381e-18 8.309242473342537e-02
0 92 2.658896142358311e+02 1.025235187151400e-18 1.324694742749665e-01
0 93 2.674885274726778e+02 1.819875799320268e-03 1.312233342835777e-01
1 84 2.681642915077436e+02 5.470371442599636e-18 8.309208553613757e-02
1 85 2.713380469402066e+02 7.377521601618434e-18 8.309410977691893e-02
0 94 2.729396805324336e+02 3.839663688658047e-18 1.324638580521598e-01
0 95 2.745900052597210e+02 1.227001626499232e-02 7.799040498649644e-02
1 86 2.745116586249546e+02 5.462962666424558e-18 8.309339116189826e-02
0 96 2.761705145838451e+02 1.450866051304778e-02 3.950388807125217e-02
1 87 2.776855295831523e+02 4.464886992811131e-18 8.309254255013297e-02
0 97 2.794637060872309e+02 1.464119158299328e-02 4.078107485082321e-02
1 88 2.808595300350139e+02 2.889483275805507e-18 8.309332475135277e-02
0 98 2.815560681537906e+02 3.864658513770938e-18 1.324686658546571e-01
0 99 2.832299984654582e+02 8.770675196471999e-03 8.184555003741496e-02
1 89 2.840334060519348e+02 2.600349394006791e-18 8.309478689072336e-02
1 90 2.872070228860081e+02 2.806106104184109e-18 8.309456918804281e-02
0 100 2.880217120043487e+02 1.489097975380769e-02 4.463723037231557e-02
0 101 2.900118010930800e+02 1.554188786455627e-02 7.801095108755462e-03
1 91 2.903807738805554e+02 5.065417320180021e-18 8.309090422616359e-02
0 102 2.918781448490410e+02 1.204553287271796e-02 6.005489736799667e-02
1 92 2.935547489630340e+02 4.317708316124211e-18 8.309056077046777e-02
1 93 2.967287094601642e+02 5.865965148763378e-18 8.309310455557191e-02
0 103 2.972225881111976e+02 2.234044848104428e-18 1.324664229874872e-01
0 104 2.989214804168135e+02 7.294909114943866e-03 7.395307938868718e-02
1 94 2.999024243222656e+02 5.957133872529114e-18 8.309632157555258e-02
1 95 3.030760632050899e+02 3.010339540521429e-18 8.309324349986619e-02
0 105 3.035811022471845e+02 2.169629133175609e-03 1.253337977978808e-01
0 106 3.058395165671061e+02 3.969254578752473e-18 1.324698367632803e-01
1 96 3.062499701769149e+02 2.570109123345765e-18 8.308973787841113e-02
0 107 3.076071040321871e+02 8.425790500791326e-03 8.270144014304999e-02
1 97 3.094239689954294e+02 2.630557720831552e-18 8.308991995454452e-02
0 108 3.128892120839307e+02 5.382615250613024e-18 1.324632017687160e-01
1 98 3.125978063956011e+02 3.252200818666526e-18 8.309409403936908e-02
0 109 3.145561834180972e+02 8.446916288316621e-03 6.471473423325400e-02
0 110 3.163471648179329e+02 6.298478212212502e-10 1.324632932277026e-01
1 99 3.157714077458113e+02 3.390411838325829e-18 8.309574119934153e-02
1 100 3.189452057407525e+02 3.687259478827715e-18 8.309291492835155e-02
0 111 3.193941645492261e+02 1.258607495736111e-02 5.853068118995253e-02
0 112 3.215059563596492e+02 2.295407118599436e-18 1.324699371750575e-01
1 101 3.221191963227460e+02 1.255177776692333e-16 8.309117476896530e-02
0 113 3.231819536622895e+02 9.910674686612501e-03 6.648406838535387e-02
1 102 3.252931298797343e+02 3.259798195909904e-18 8.309192815084623e-02
0 114 3.285559275766945e+02 4.384654980306096e-18 1.324612205159992e-01
1 103 3.284667999527772e+02 3.045025427554271e-18 8.309476874484617e-02
0 115 3.300890591857577e+02 1.195636456199681e-02 3.656394918508582e-02
0 116 3.318300038950457e+02 8.340545447697046e-03 9.921540067323131e-02
1 104 3.316404732026476e+02 2.830478577848417e-18 8.309368101079304e-02
1 105 3.348144098370005e+02 2.625654000453280e-18 8.309337503442765e-02
0 117 3.351845105759703e+02 1.651368817681879e-02 2.506022521404040e-09
0 118 3.371724000329021e+02 1.975507066323322e-18 1.324686278565451e-01
1 106 3.379883992692408e+02 2.570091663128126e-18 8.309339907150305e-02
0 119 3.388294493418897e+02 7.628730826005842e-03 7.127485668499395e-02
1 107 3.411621944169997e+02 3.366125207556475e-18 8.309453334816180e-02
0 120 3.442226361969695e+02 3.821633783730111e-18 1.324635987580622e-01
1 108 3.443357954858276e+02 6.501912160248074e-18 8.309318192549278e-02
0 121 3.456738210981263e+02 1.425680955259331e-02 1.810875782820999e-02
0 122 3.474453937993877e+02 1.441894719958104e-02 3.969830975533089e-02
1 109 3.475096320499930e+02 7.399575108621498e-18 8.309106279522296e-02
1 110 3.506836295175328e+02 4.570143350414328e-18 8.309194326969101e-02
0 123 3.528388966094312e+02 2.257107320971195e-18 1.324663242609966e-01
1 111 3.538575366244139e+02 1.368014714684047e-17 8.309453197223335e-02
0 124 3.544997871515452e+02 7.945290243183242e-03 6.873726529281007e-02
1 112 3.570311742733489e+02 2.983348226134323e-18 8.309585314922334e-02
0 125 3.595214661725676e+02 1.651469733099070e-02 4.194885956785931e-09
1 113 3.602048884475979e+02 2.650582882365326e-18 8.309137762749604e-02
0 126 3.615527040732080e+02 6.805777696592358e-03 9.825676443901436e-02
0 127 3.631047374312587e+02 1.450552191069379e-02 4.724510936687991e-02
1 114 3.633788500409647e+02 3.069692058323829e-18 8.308933355262536e-02
1 115 3.665528260900957e+02 4.317667689678309e-18 8.309145280666581e-02
0 128 3.685054867955174e+02 3.432115885830489e-18 1.324639348202179e-01
0 129 3.701678682712208e+02 8.322900112286787e-03 6.570700776006497e-02
1 116 3.697265769065184e+02 3.756301145304444e-18 8.309581368788664e-02
1 117 3.729001944609742e+02 5.686245625954458e-18 8.309461922384485e-02
0 130 3.751669683500594e+02 1.651395082229636e-02 4.108527750058537e-09
1 118 3.760740737574737e+02 2.570105905221216e-18 8.309131896675537e-02
0 131 3.771223053984697e+02 1.529554039665000e-18 1.324694620441831e-01
0 132 3.786888355883383e+02 4.200295771151582e-18 1.324694789235094e-01
1 119 3.792480734292644e+02 8.432035269687492e-18 8.309027401810659e-02
1 120 3.824219423576820e+02 3.000484591999606e-18 8.309278370507105e-02
0 133 3.841721742236509e+02 1.194267057892761e-18 1.324633426420385e-01
0 134 3.858300037707946e+02 1.230366387967207e-02 8.831348793445516e-02
1 121 3.855955552814583e+02 5.294805293909459e-18 8.309536706420638e-02
0 135 3.873355818576811e+02 1.651464961823857e-02 4.036793681170685e-09
1 122 3.887693147237856e+02 6.307049626318389e-18 8.309391146430399e-02
0 136 3.908126273829789e+02 1.651359037097151e-02 3.387042293756358e-09
1 123 3.919432937227865e+02 2.883097614966824e-18 8.309281832073898e-02
0 137 3.927887420299813e+02 2.365436547931536e-18 1.324693271618231e-01
0 138 3.944436710599653e+02 7.451932335660661e-03 7.269221101023896e-02
1 124 3.951172496914441e+02 1.292493409454944e-17 8.309279919052581e-02
1 125 3.982909545654055e+02 3.576309269804276e-18 8.309448414616366e-02
0 139 3.998388893931672e+02 1.452190536940855e-18 1.324641971363366e-01
0 140 4.014900048774595e+02 1.145722099750962e-02 7.381540470896800e-02
1 126 4.014645959612872e+02 2.570030573146227e-18 8.309265225620159e-02
0 141 4.030831975095051e+02 1.415204030966033e-02 4.360835369087790e-02
1 127 4.046385064041933e+02 5.336476975486868e-18 8.309199727245049e-02
0 142 4.063535949898442e+02 1.423096699326390e-02 4.536595331395479e-02
1 128 4.078125037628614e+02 2.934191332910009e-18 8.309324561099311e-02
0 143 4.084552110552024e+02 2.431325109792209e-18 1.324681158038137e-01
0 144 4.102462165000079e+02 4.703158493035691e-03 9.474045306057265e-02
1 129 4.109863350411874e+02 2.753126995342455e-18 8.309533921374707e-02
1 130 4.141599353860414e+02 2.758176556270059e-18 8.309420800890169e-02
0 145 4.149419212896559e+02 6.979757535044448e-03 1.087873390385085e-01
0 146 4.169214371187492e+02 1.524697056301959e-02 1.016492658243208e-02
1 131 4.173337393871976e+02 3.787440446647563e-18 8.309029868649442e-02
0 147 4.188134633171861e+02 1.073134194586034e-02 7.058420242985458e-02
1 132 4.205077304896045e+02 1.018050156559247e-16 8.309021402559044e-02
0 148 4.241217602130546e+02 1.742401371701641e-18 1.324655041590355e-01
1 133 4.236816621586501e+02 3.611027428672154e-18 8.309330834951291e-02
0 149 4.257844069909085e+02 8.086625181445329e-03 6.760308014660707e-02
1 134 4.268553293345619e+02 3.396239276430509e-18 8.309641098008165e-02
1 135 4.300290101807518e+02 3.526643994157642e-18 8.309291733750064e-02
0 150 4.305818648509323e+02 5.199728026327305e-03 1.096395932002402e-01
0 151 4.327386466338262e+02 2.009661829815731e-18 1.324700302190651e-01
1 136 4.332029512496024e+02 4.079548154717756e-18 8.308992406792308e-02
0 152 4.344766199610762e+02 9.804275673346822e-03 7.391874377652941e-02
1 137 4.363769388725667e+02 2.570077725144036e-18 8.309038606068922e-02
0 153 4.397884175070314e+02 2.112144582808230e-18 1.324622392282463e-01
1 138 4.395507277253867e+02 2.655096549787041e-18 8.309462703814846e-02
0 154 4.414141501317446e+02 9.354243249014507e-03 5.743580314466545e-02
0 155 4.431426872318087e+02 3.467260137780205e-03 1.236772283215587e-01
1 139 4.427243299885794e+02 3.504891192413147e-18 8.309525627243150e-02
1 140 4.458981763958514e+02 4.229783310559427e-18 8.309297504376645e-02
0 156 4.463458396359683e+02 1.438827003521492e-02 4.084286136422302e-02
0 157 4.484050824004209e+02 1.869167297785766e-18 1.324697109271151e-01
1 141 4.490721755133671e+02 4.317705923518677e-18 8.309170217962485e-02
0 158 4.500780356549248e+02 9.579691921674150e-03 6.783008077472212e-02
1 142 4.522460739944552e+02 4.317647635222442e-18 8.309262553621946e-02
0 159 4.554551441771748e+02 2.007975397226242e-18 1.324615336598635e-01
1 143 4.554197045798925e+02 3.550683113191621e-18 8.309451416154148e-02
0 160 4.569982209106117e+02 1.167600720257497e-02 3.881166870371804e-02
0 161 4.587300029633603e+02 1.057305945392175e-02 8.495968277414793e-02
1 144 4.585934253666002e+02 3.401415725606875e-18 8.309297784514272e-02
1 145 4.617673892073175e+02 2.912860016721436e-18 8.309305812909537e-02
0 162 4.620864504072965e+02 1.651367792794743e-02 3.178242770247522e-09
0 163 4.640715372019052e+02 1.401646622434145e-18 1.324679665457900e-01
1 146 4.649413617418410e+02 2.582250353204527e-18 8.309399918249577e-02
0 164 4.657281338565087e+02 7.588609856064411e-03 7.159709810941048e-02
1 147 4.681151059285351e+02 3.036834427821833e-18 8.309520112889639e-02
0 165 4.711218282638701e+02 1.169141620415918e-17 1.324647248295440e-01
1 148 4.712887256368356e+02 2.971670585291585e-18 8.309254054771889e-02
0 166 4.725833498315762e+02 1.396524947457248e-02 2.044638451014076e-02
0 167 4.742548094333492e+02 1.651380896668410e-02 1.600321887196983e-09
1 149 4.744626072807019e+02 3.545607125571789e-18 8.309045109676527e-02
1 150 4.776366069849880e+02 9.870213317435362e-18 8.309169660717833e-02
0 168 4.797380589480726e+02 2.780641985392398e-18 1.324655088888961e-01
1 151 4.808104730875672e+02 3.574972812240677e-18 8.309490316961154e-02
0 169 4.811782062855088e+02 1.534644979545969e-02 9.372186895173815e-03
1 152 4.839840836593415e+02 3.425310051441150e-18 8.309552867644808e-02
0 170 4.864233168273612e+02 1.651443911337312e-02 4.722179563192954e-09
1 153 4.871578501440110e+02 3.276165151682456e-18 8.309106939434009e-02
0 171 4.881694454202482e+02 1.622500684912791e-02 2.317085031878992e-03
0 172 4.900167141650453e+02 1.403945638760902e-02 5.058982983743297e-02
1 154 4.903318321069511e+02 2.617329650826361e-18 8.308925215721477e-02
1 155 4.935057853564499e+02 3.183017714034075e-18 8.309174204895277e-02
0 173 4.954046817965992e+02 4.679633071464263e-18 1.324634507314805e-01
0 174 4.970703903901695e+02 8.245872438843624e-03 6.632693586420746e-02
1 156 4.966794845004646e+02 3.927524585067996e-18 8.309607100058015e-02
1 157 4.998531340065390e+02 2.917031334460004e-18 8.309428203278890e-02
0 175 5.020688782702618e+02 1.651378965082851e-02 4.037689848100202e-10
1 158 5.030270523569029e+02 3.388730423877860e-18 8.309159372560861e-02
0 176 5.040214314043703e+02 4.405470838648099e-18 1.324695201944971e-01
0 177 5.057025642204797e+02 1.187919957726473e-02 6.064907399666087e-02
1 159 5.062010473607358e+02 5.579249225238933e-18 8.309088919167386e-02
1 160 5.093748692178366e+02 5.421852129174454e-17 8.309338835529820e-02
0 178 5.110713881633599e+02 2.028786005682735e-18 1.324635265400552e-01
0 179 5.127300049102489e+02 1.208438613027212e-02 8.786518798956813e-02
1 161 5.125484690219135e+02 3.361190715622374e-18 8.309463378837170e-02
0 180 5.142374205764024e+02 1.651442964017608e-02 5.103373563479427e-09
1 162 5.157222800544690e+02 2.604932082926292e-18 8.309357137674216e-02
0 181 5.177145654708595e+02 1.651356028121932e-02 1.449786946633327e-09
1 163 5.188962729196708e+02 2.570127229831310e-18 8.309319106130941e-02
0 182 5.196878728571563e+02 1.424682429433271e-18 1.324690925502685e-01
0 183 5.213699980219319e+02 9.904691506441030e-03 1.058200627979796e-01
1 164 5.220701994840075e+02 3.348149153731569e-18 8.309351506785306e-02
1 165 5.252438588191014e+02 4.749176313690891e-18 8.309461520962734e-02
0 184 5.267380914850697e+02 3.154170183144510e-18 1.324646314014422e-01
0 185 5.284527820374292e+02 8.731187933114181e-03 7.934363654009635e-02
1 166 5.284175428021281e+02 4.738466647037918e-18 8.309194437948732e-02
0 186 5.300005832900250e+02 1.361633303415900e-02 4.930862247066103e-02
1 167 5.315914859306558e+02 4.640416416670295e-18 8.309149278625719e-02
0 187 5.332217185391006e+02 1.301574696075443e-02 5.761130032629255e-02
1 168 5.347654724921881e+02 6.279839630980699e-18 8.309323395561022e-02
0 188 5.353543616365824e+02 3.886206693834759e-18 1.324674213152163e-01
0 189 5.371554613475682e+02 4.420497904105630e-03 9.700758776625815e-02
1 169 5.379392543848802e+02 2.569915725305284e-18 8.309583348774563e-02
1 170 5.411128586914516e+02 4.354146951696020e-18 8.309369037341283e-02
0 190 5.416249986761497e+02 3.569055764354749e-10 1.324633054815043e-01
0 191 5.438311670237011e+02 1.494921590583011e-02 1.255178418726587e-02
1 171 5.442867112233121e+02 6.622929126184953e-18 8.308980457609105e-02
0 192 5.457418870144330e+02 9.677980849729245e-03 7.868332245470279e-02
1 172 5.474607109013832e+02 2.570108756423911e-18 8.309001339317100e-02
0 193 5.510209429472222e+02 2.063208488284284e-18 1.324645090850959e-01
1 173 5.506346061700058e+02 2.569983154761995e-18 8.309364483121673e-02
0 194 5.526831694385222e+02 8.048838145216055e-03 6.790673864310334e-02
1 174 5.538082350740091e+02 4.317567190137508e-18 8.309624768443469e-02
1 175 5.569819655784435e+02 3.353119279011440e-18 8.309272543851602e-02
0 195 5.575500023310603e+02 9.387926712521455e-03 8.585723140034751e-02
0 196 5.596377738990083e+02 1.097449161877806e-18 1.324700817977319e-01
1 176 5.601559331114125e+02 4.317708638643729e-18 8.309025605409080e-02
0 197 5.613299992196124e+02 1.013889588341609e-02 7.708195810364520e-02
1 177 5.633299021065095e+02 3.552967402726438e-18 8.309096274504350e-02
0 198 5.666876302229063e+02 1.617121325550860e-18 1.324615254334881e-01
1 178 5.665036379344879e+02 2.993593792571665e-18 8.309492096279657e-02
0 199 5.683231130900905e+02 9.080017558724179e-03 5.963460657506659e-02
1 179 5.696772622840707e+02 2.808156593606413e-18 8.309478535463205e-02
1 180 5.728511515156792e+02 2.689092634171825e-18 8.309312023358566e-02
0 200 5.733426778679882e+02 1.651374354145233e-02 3.800932932389284e-09
0 201 5.753042101998165e+02 4.484814998226355e-18 1.324693276383645e-01
1 181 5.760251515135752e+02 4.623500319283623e-17 8.309228651572141e-02
0 202 5.769565608286697e+02 7.234454303116244e-03 7.443704020562117e-02
1 182 5.791990084046728e+02 7.399535562374109e-18 8.309335517177831e-02
0 203 5.823543562523304e+02 5.563762382393677e-18 1.324622750719367e-01
1 183 5.823726139779407e+02 5.759337914824492e-18 8.309403679105920e-02
0 204 5.839075035161309e+02 1.139196613990104e-02 4.108909861109370e-02
0 205 5.856695272610494e+02 1.217169016035179e-02 6.384657320768726e-02
1 184 5.855463856809241e+02 4.687911486309432e-18 8.309227202456414e-02
1 185 5.887203691258810e+02 5.004677333172326e-18 8.309270701765445e-02
0 206 5.889007201887781e+02 1.506520303019427e-02 3.974052970020031e-02
0 207 5.909706807386827e+02 8.396488747462505e-18 1.324672380109659e-01
1 186 5.918943183571361e+02 2.745832184225227e-18 8.309424102357574e-02
0 208 5.926268341468557e+02 7.548979128928876e-03 7.191541656521258e-02
1 187 5.950680106205939e+02 2.569899904889840e-18 8.309569530002790e-02
0 209 5.980210096107145e+02 1.524749893253080e-17 1.324658032862581e-01
1 188 5.982416655722579e+02 3.277223407045488e-18 8.309193295402524e-02
0 210 5.994929858790156e+02 1.367043527322032e-02 2.281035354882728e-02
0 211 6.011567363941432e+02 1.651368724002265e-02 4.003093176542516e-09
1 189 6.014155863282846e+02 2.958863593556997e-18 8.308995196726451e-02
1 190 6.045895807124306e+02 4.317684405450010e-18 8.309159760461511e-02
0 212 6.066372311839822e+02 2.653958770038763e-18 1.324646903158198e-01
1 191 6.077633995775053e+02 4.317591101161788e-18 8.309535314028031e-02
0 213 6.080791897478980e+02 1.531657296503055e-02 9.613376804205511e-03
1 192 6.109370006953845e+02 3.207502467236555e-18 8.309506790743201e-02
0 214 6.132486734606225e+02 1.482061247885688e-02 3.302509643698249e-02
1 193 6.141108187805819e+02 2.993447430407056e-18 8.309091939504608e-02
0 215 6.157665367039095e+02 8.236643116455250e-10 1.324690727788861e-01
0 216 6.169268570655405e+02 1.361086842000500e-02 5.297889704125451e-02
1 194 6.172848133722177e+02 2.905184101200922e-18 8.308949318095672e-02
1 195 6.204587364097395e+02 2.581339958171244e-18 8.309216957016484e-02
0 217 6.223038853135985e+02 3.772332588264003e-18 1.324632166969777e-01
0 218 6.239709026360773e+02 8.230175219822933e-03 6.645253906160886e-02
1 196 6.236323894630834e+02 3.715028825214086e-18 8.309607085867156e-02
1 197 6.268060825790179e+02 3.003435622801637e-18 8.309404970470255e-02
0 219 6.289708005888513e+02 1.651367032630924e-02 1.787319519230400e-09
1 198 6.299800325043974e+02 3.217276712805095e-18 8.309197325475112e-02
0 220 6.309205573224597e+02 2.831917828258748e-18 1.324694695892325e-01
0 221 6.326099969160525e+02 1.093780400449634e-02 6.707579372759638e-02
1 199 6.331540153510856e+02 4.317687024438057e-18 8.309157937880093e-02
1 200 6.363277864974959e+02 4.317604993665503e-18 8.309394189977920e-02
0 222 6.379706017928473e+02 2.007967068864914e-18 1.324638156708206e-01
0 223 6.396300052376940e+02 1.166818238507181e-02 8.595173628218253e-02
1 201 6.395013927137404e+02 3.027589489434706e-18 8.309385540375798e-02
0 224 6.411392814572358e+02 1.651423111872205e-02 3.851470232268854e-09
1 202 6.426752507382502e+02 2.813646568596939e-18 8.309301679157370e-02
0 225 6.445297888339285e+02 1.469572268129888e-02 3.787369125001595e-02
1 203 6.458492502945940e+02 2.572369368813974e-18 8.309347710565403e-02
0 226 6.465870081193962e+02 1.625825219061207e-18 1.324687375010360e-01
0 227 6.482699983659534e+02 8.503793304686164e-03 9.213523926609192e-02
1 204 6.490231399683303e+02 2.881444866676819e-18 8.309426087411428e-02
1 205 6.521967641517118e+02 2.968767180352224e-18 8.309448577320400e-02
0 228 6.536372848700040e+02 1.629173117200743e-18 1.324651731026860e-01
0 229 6.551548945248499e+02 1.238911034389877e-02 3.309080753343439e-02
1 206 6.553704982831076e+02 2.914512311393429e-18 8.309125702237341e-02
0 230 6.569253663502452e+02 1.278603726129671e-02 5.737992210998598e-02
1 207 6.585444668862941e+02 4.317708620053434e-18 8.309102809331716e-02
0 231 6.601499987890352e+02 1.051504260450790e-02 8.776639719111698e-02
1 208 6.617184348801112e+02 3.610728891390534e-18 8.309329877306275e-02
0 232 6.622535211462335e+02 3.219109196341781e-18 1.324666162194056e-01
0 233 6.640645883507548e+02 4.141427859042605e-03 9.924570921903213e-02
1 209 6.648921653212983e+02 7.556713552073092e-17 8.309621296559579e-02
1 210 6.680657932608869e+02 2.847640967143259e-18 8.309317128770709e-02
0 234 6.685254913158079e+02 1.152670514363023e-04 1.320971674438817e-01
0 235 6.710694243247777e+02 3.106331611364606e-03 1.227969298333531e-01
1 211 6.712396881862509e+02 2.867273937261087e-18 8.308955102865742e-02
0 236 6.726569416329496e+02 9.167754933104677e-03 8.274802524048561e-02
1 212 6.744136885765545e+02 2.719965940903373e-18 8.309001101745737e-02
0 237 6.779201362859919e+02 2.713917862527121e-18 1.324634695550778e-01
1 213 6.775875405298329e+02 2.990116396826812e-18 8.309410857263289e-02
0 238 6.795819367931728e+02 8.011179259284358e-03 6.820934302395402e-02
1 214 6.807611459694838e+02 3.148760033653976e-18 8.309588296448674e-02
1 215 6.839349284071316e+02 4.317674683099448e-18 8.309265112856443e-02
0 239 6.844296129420396e+02 1.135882454473618e-02 6.466435558644243e-02
0 240 6.866437022263675e+02 6.828498849068851e-03 1.084645868919844e-01
1 216 6.871089146299399e+02 3.310947379831172e-18 8.309068468007168e-02
0 241 6.882299985255489e+02 1.015973669742194e-02 7.761704463726547e-02
1 217 6.902828576280543e+02 1.976799558176991e-17 8.309159563794277e-02
0 242 6.935868470783892e+02 2.682575933411117e-18 1.324612164257824e-01
1 218 6.934565425079362e+02 3.005725567303087e-18 8.309497257725174e-02
0 243 6.952321603363182e+02 8.803200390027013e-03 6.185429825170106e-02
1 219 6.966302031320746e+02 2.682439810169331e-17 8.309418335112084e-02
1 220 6.998041294538199e+02 4.532586296398727e-18 8.309331549871425e-02
0 244 7.002446149474672e+02 1.651369955990654e-02 3.315579087262603e-09
0 245 7.022033412323409e+02 2.078517256662515e-18 1.324687896617867e-01
1 221 7.029781226905035e+02 3.911778530831457e-18 8.309291336048535e-02
0 246 7.038552274499846e+02 7.193766103395930e-03 7.476375238033257e-02
1 222 7.061519326008229e+02 4.797553241828027e-18 8.309409308309831e-02
0 247 7.092535607054871e+02 2.702530366585464e-18 1.324632967512563e-01
1 223 7.093255314110406e+02 3.328801911520255e-18 8.309341899432621e-02
0 248 7.108169092491810e+02 1.110417630459950e-02 4.339676099366377e-02
0 249 7.125162660619097e+02 1.421318615880044e-02 4.449536091063618e-02
1 224 7.124993532141822e+02 7.155927413500402e-18 8.309157407601918e-02
1 225 7.156733487005606e+02 5.307037752782416e-18 8.309235910892412e-02
0 250 7.157973283911197e+02 1.487200492591082e-02 4.180497489195144e-02
0 251 7.178698318866766e+02 1.332240129053842e-18 1.324664564322588e-01
1 226 7.188472667927090e+02 2.917160987399442e-18 8.309451447180916e-02
0 252 7.195255510481113e+02 7.509858724003581e-03 7.222961463841324e-02
1 227 7.220209151552036e+02 2.735894339082271e-18 8.309576630142908e-02
0 253 7.249201803184679e+02 1.189458076790484e-18 1.324667885877368e-01
1 228 7.251946145448323e+02 2.797067294123551e-18 8.309138485125596e-02
0 254 7.264027153630382e+02 1.337279223035593e-02 2.519724456664320e-02
0 255 7.281471330261295e+02 1.509378368421582e-02 4.023168395765730e-02
1 229 7.283685675676116e+02 2.984315027643383e-18 8.308957892920782e-02
0 256 7.315359547029567e+02 1.651405502800433e-02 2.385422848970644e-09
1 230 7.315425490027466e+02 2.842277437367716e-17 8.309165544846503e-02
0 257 7.335364137315222e+02 3.797685723785469e-18 1.324639553614964e-01
0 258 7.349801636029616e+02 1.528698224426053e-02 9.852211572326070e-03
1 231 7.347163164437960e+02 2.569902267391024e-18 8.309579821725825e-02
1 232 7.378899273785793e+02 8.851534578623409e-18 8.309460152164574e-02
0 259 7.401500847226182e+02 1.478894860014645e-02 3.313402459784064e-02
1 233 7.410637929798297e+02 2.920147224940173e-18 8.309094907566114e-02
0 260 7.419892282484390e+02 1.561991373021372e-02 7.170081594487005e-03
0 261 7.438357530155264e+02 1.321146820076735e-02 5.470378230643621e-02
1 234 7.442377926211362e+02 2.951317186844039e-18 8.308989594718523e-02
1 235 7.474116758240722e+02 2.569989584572341e-18 8.309269692414191e-02
0 262 7.492030952280473e+02 4.663757116212359e-18 1.324632245520793e-01
0 263 7.508700033057828e+02 1.146250582164706e-02 9.519426231531980e-02
1 236 7.505852965213583e+02 2.893115908342175e-18 8.309579594489810e-02
1 237 7.537590392329736e+02 3.283176536045028e-18 8.309388544293314e-02
0 264 7.558727320684992e+02 1.651359288677963e-02 5.372539490013142e-09
1 238 7.569330129295957e+02 3.432025385963146e-18 8.309239250141633e-02
0 265 7.578196845586848e+02 4.507634897975250e-18 1.324693349861952e-01
0 266 7.593341372172699e+02 1.635898396837818e-02 7.475043527401549e-03
1 239 7.601069761401477e+02 5.533446623523859e-18 8.309229364465748e-02
1 240 7.632806959378929e+02 9.167780637932592e-17 8.309434849908716e-02
0 267 7.648698119938855e+02 2.691381829609262e-18 1.324641791372315e-01
0 268 7.665300049647165e+02 1.098808329837953e-02 8.201598372262077e-02
1 241 7.664543267849463e+02 4.647697025911074e-18 8.309309530863145e-02
0 269 7.681364618833344e+02 1.454038439608112e-02 4.172982980468687e-02
1 242 7.696282261912492e+02 2.570119953686653e-18 8.309248800750757e-02
0 270 7.714222502580905e+02 1.436267513030230e-02 4.141201004738450e-02
1 243 7.728022251827989e+02 2.771483205425100e-18 8.309342921239794e-02
0 271 7.734861492689944e+02 2.111951472430823e-18 1.324682316788824e-01
0 272 7.753893168563762e+02 1.550034402194367e-03 1.200316402070801e-01
1 244 7.759760701825314e+02 2.583252982948084e-18 8.309505977861033e-02
1 245 7.791496747407979e+02 2.921411297290994e-18 8.309414123357133e-02
0 273 7.805364683898677e+02 2.945915069844350e-18 1.324658040016562e-01
0 274 7.820645255148378e+02 1.209438798687829e-02 3.545346765484707e-02
1 246 7.823234615717367e+02 3.875815443757485e-18 8.309060048472852e-02
0 275 7.838566649088435e+02 1.167463771406090e-02 6.726128777538294e-02
1 247 7.854974482702835e+02 3.662202464008910e-18 8.309062415264205e-02
0 276 7.869530069641290e+02 3.074421580071309e-03 1.245678709288686e-01
0 277 7.891526905675044e+02 5.349849752021618e-18 1.324657259401285e-01
1 248 7.886713898840396e+02 5.850659015928271e-18 8.309345552108131e-02
0 278 7.908101632010448e+02 7.650976329679432e-03 7.109702387837682e-02
1 249 7.918450710840793e+02 3.562738037420696e-18 8.309638242920948e-02
1 250 7.950187375444681e+02 4.317641511061839e-18 8.309277361034041e-02
0 279 7.962030219747311e+02 4.373336126627264e-18 1.324677426764096e-01
0 280 7.978499990774776e+02 9.927819429013792e-03 1.058508342875887e-01
1 251 7.981926687600263e+02 2.928534150931482e-18 8.308961951197091e-02
0 281 7.994700000874557e+02 1.055472745983108e-02 7.994933027556927e-02
1 252 8.013666614600750e+02 2.572329398203419e-18 8.309023874322434e-02
0 282 8.048193394106574e+02 2.112455270764067e-18 1.324624769149645e-01
1 253 8.045404647918700e+02 2.762606778206593e-18 8.309463339007331e-02
0 283 8.064807039278863e+02 7.973484427115131e-03 6.851208926073273e-02
1 254 8.077140652313759e+02 3.696262739104801e-18 8.309541930091320e-02
1 255 8.108878975760416e+02 3.533669891652771e-18 8.309268713169822e-02
0 284 8.113936330891033e+02 1.376119659493755e-02 4.432573313328263e-02
0 285 8.135345923546297e+02 7.193341283017208e-03 1.037086679727481e-01
1 256 8.140618947503949e+02 2.570123819995476e-18 8.309118813846876e-02
0 286 8.151299976259120e+02 1.001477737155907e-02 7.950636922250878e-02
1 257 8.172358045824593e+02 6.167907703314072e-18 8.309226429299954e-02
0 287 8.204860642515130e+02 2.463599607912064e-18 1.324613942647767e-01
1 258 8.204094462407751e+02 5.170517330689283e-18 8.309476462185886e-02
0 288 8.221413159790272e+02 8.523070148627075e-03 6.410073578045535e-02
1 259 8.235831523543193e+02 3.288112315204760e-18 8.309348801793576e-02
1 260 8.267571086994020e+02 2.801625537569709e-18 8.309336235544817e-02
0 289 8.271465546838779e+02 1.651368466959331e-02 6.427633246544454e-10
0 290 8.291024769426620e+02 1.693181205754220e-18 1.324681316352989e-01
1 261 8.299310875323636e+02 3.308376227670318e-18 8.309355362335556e-02
0 291 8.306690809669428e+02 1.987298118801190e-18 1.324666543123788e-01
1 262 8.331048470816712e+02 2.987454265568984e-18 8.309477230314721e-02
0 292 8.361527554926081e+02 2.860475865860667e-18 1.324644278656062e-01
1 263 8.362784585676518e+02 4.193623912830267e-18 8.309275241962417e-02
0 293 8.377264331016735e+02 1.081279369269222e-02 4.573341127878764e-02
0 294 8.393149175963077e+02 1.651384708173507e-02 3.955912414388149e-09
1 264 8.394523267207145e+02 4.785158076065630e-18 8.309092533577560e-02
1 265 8.426263267155380e+02 3.302568210335824e-18 8.309207837371879e-02
0 295 8.426988368226434e+02 1.486550287882229e-02 4.199659533343267e-02
0 296 8.447689917936153e+02 5.472501554760965e-18 1.324656271399013e-01
1 266 8.458002061637295e+02 1.452913009596701e-17 8.309486458674120e-02
0 297 8.462293624188831e+02 1.500520410584129e-02 1.210885751894655e-02
1 267 8.489738229564716e+02 3.409025004333096e-18 8.309550999554043e-02
0 298 8.518193409948711e+02 1.631720722107198e-18 1.324676716771262e-01
1 268 8.521475728412013e+02 3.628470607261614e-17 8.309095523750688e-02
0 299 8.533125222852402e+02 1.307280704489721e-02 2.760311863420693e-02
0 300 8.550597427624207e+02 1.467283937803209e-02 4.424055268724338e-02
1 269 8.553215496872909e+02 3.425810409959384e-18 8.308933846186116e-02
0 301 8.584378363633464e+02 1.651422572408669e-02 5.901218577728159e-10
1 270 8.584955104904362e+02 2.570040215429399e-18 8.309185967191383e-02
0 302 8.604356063228704e+02 3.215330386137175e-18 1.324634068305010e-01
0 303 8.618811309169719e+02 1.525756386810282e-02 1.008945957964317e-02
1 271 8.616692256604914e+02 3.485448382232301e-18 8.309611705052712e-02
1 272 8.648428640606802e+02 3.550164354575616e-18 8.309422427675257e-02
0 304 8.670536599245585e+02 1.483063417283836e-02 3.243595319200475e-02
1 273 8.680167710087597e+02 2.570113872300910e-18 8.309115750272235e-02
0 305 8.688991677690701e+02 1.531592736490888e-02 9.608373550430843e-03
0 306 8.707447872512452e+02 1.277223193962446e-02 5.614092421635365e-02
1 274 8.711907681704746e+02 4.317698060912238e-18 8.309044612015383e-02
1 275 8.743646055022774e+02 3.336389810850554e-18 8.309327024580090e-02
0 307 8.761023087760323e+02 3.590165369651623e-18 1.324634219008083e-01
0 308 8.777700046729799e+02 1.132005940011884e-02 9.522242774971744e-02
1 276 8.775382079260314e+02 2.727361594661038e-18 8.309514141517650e-02
1 277 8.807120030940235e+02 2.679588543053267e-17 8.309375169330241e-02
0 309 8.827746694333500e+02 1.651355373539005e-02 5.202706687298501e-09
1 278 8.838859926973372e+02 2.687744766449524e-18 8.309280925258583e-02
0 310 8.847188144786161e+02 1.780376436045271e-18 1.324691206605116e-01
0 311 8.866692630205761e+02 3.644690094649232e-10 1.324660860177719e-01
1 279 8.870599288146387e+02 1.894094526106635e-17 8.309301015118006e-02
1 280 8.902336008453500e+02 3.584871978625495e-18 8.309452671780666e-02
0 312 8.917690160249648e+02 3.404767461822463e-18 1.324646175194884e-01
0 313 8.934300043132305e+02 9.948143705429372e-03 7.525073272514989e-02
1 281 8.934072706635754e+02 3.370299555384380e-18 8.309236932355583e-02
0 314 8.950511807682644e+02 1.412758230419421e-02 4.669457488903920e-02
1 282 8.965812047888193e+02 2.922704753876947e-18 8.309198988454954e-02
0 315 8.982997436636305e+02 1.347368442345669e-02 5.019122585471667e-02
1 283 8.997551954881600e+02 2.987532076737085e-18 8.309342620281177e-02
0 316 9.003852977411327e+02 3.924491965684565e-18 1.324675764425322e-01
0 317 9.022985672367845e+02 1.267152888186513e-03 1.223000019478221e-01
1 284 9.029289924170056e+02 3.490639517048742e-18 8.309561435476319e-02
1 285 9.061025935646461e+02 2.578790025732239e-18 8.309367403146033e-02
0 318 9.074356416708970e+02 6.013545705464729e-18 1.324664697459022e-01
0 319 9.089742505715005e+02 1.179681607134585e-02 3.783919040077450e-02
1 286 9.092764316481131e+02 2.840544196337282e-18 8.309002166051505e-02
0 320 9.107846670641503e+02 1.066610657078915e-02 7.570943625876145e-02
1 287 9.124504290023756e+02 3.054159919585291e-18 8.309033302288160e-02
0 321 9.137597309750012e+02 1.884605568816598e-10 1.324682705914686e-01
0 322 9.160518705267748e+02 5.832365479609958e-18 1.324647592213352e-01
1 288 9.156243365394894e+02 4.317628632789626e-18 8.309373168153528e-02
0 323 9.177089235680854e+02 7.613123894148475e-03 7.140115637167944e-02
1 289 9.187979761129380e+02 5.927154772710427e-18 8.309629635409548e-02
1 290 9.219716906008154e+02 5.411672343027657e-18 8.309251562104675e-02
0 324 9.231021663723498e+02 2.446643086216974e-18 1.324682552403127e-01
0 325 9.247499983632791e+02 9.958663694871778e-03 1.046486542437716e-01
1 291 9.251456506263273e+02 3.383933470585828e-18 8.308986338766676e-02
0 326 9.263438760137901e+02 6.983619973814254e-03 9.363886042304471e-02
1 292 9.283196267240312e+02 3.230020788542669e-18 8.309073978559689e-02
0 327 9.317185504823287e+02 1.467688580238521e-18 1.324616820404635e-01
1 293 9.314933797798125e+02 2.631374762066354e-18 8.309509355529279e-02
0 328 9.330721692089292e+02 1.797834037791319e-02 -1.173312155638362e-02
1 294 9.346669943704361e+02 4.081344305419624e-18 8.309495785189093e-02
1 295 9.378408716820099e+02 4.317696512957110e-18 8.309282925456005e-02
0 329 9.383273682037453e+02 1.487657800158206e-02 3.269157316875856e-02
0 330 9.404099970404808e+02 8.495622121216498e-03 9.953536877691592e-02
1 296 9.410148721519945e+02 4.404675729736304e-18 8.309176287014658e-02
0 331 9.420068764208405e+02 7.267545798889148e-03 8.831392242030710e-02
1 297 9.441887421182226e+02 7.399538804719534e-18 8.309296815059528e-02
0 332 9.473852778505934e+02 2.902089245050664e-18 1.324620294758898e-01
1 298 9.473623535958707e+02 2.569945099851380e-18 8.309431851133378e-02
0 333 9.490505927220787e+02 8.239246091500313e-03 6.637696581850240e-02
1 299 9.505361100225063e+02 3.407477113744069e-18 8.309279689995075e-02
1 300 9.537100884058362e+02 2.920882571208689e-18 8.309306859171980e-02
0 334 9.539510380402824e+02 1.479040347645657e-02 4.380004582631213e-02
0 335 9.560016186904971e+02 2.631824868199374e-18 1.324673950488620e-01
1 301 9.568840450085665e+02 2.657093030652811e-18 8.309416282994297e-02
0 336 9.575682479852164e+02 2.007142184715283e-18 1.324658310243328e-01
1 302 9.600577539011530e+02 2.695919535003903e-18 8.309530093882207e-02
0 337 9.630519396483619e+02 1.579842219566956e-18 1.324655366307618e-01
1 303 9.632313956847527e+02 3.390512318615509e-18 8.309210353498667e-02
0 338 9.646360649027993e+02 1.051813201860847e-02 4.809653763977578e-02
0 339 9.662168425091334e+02 1.651371945355567e-02 4.112365587143074e-09
1 304 9.664053045976543e+02 3.200202447175215e-18 8.309036671221200e-02
0 340 9.696061675494512e+02 1.507918752809811e-02 3.995309003165623e-02
1 305 9.695793015485981e+02 2.234065871821795e-17 8.309191989874153e-02
0 341 9.716681614136788e+02 2.489561338406311e-18 1.324647812249397e-01
1 306 9.727531356879060e+02 3.259734294601152e-18 8.309529744936808e-02
0 342 9.731303483855587e+02 1.497524398065998e-02 1.235064988787955e-02
1 307 9.759267374223673e+02 3.044824139741194e-18 8.309507033865776e-02
0 343 9.787184925930259e+02 3.613802913779287e-18 1.324684384980047e-01
1 308 9.791005395321880e+02 2.951897737982607e-18 8.309070336912401e-02
0 344 9.802223899448076e+02 1.277098512015879e-02 3.002386192578067e-02
0 345 9.819703729992077e+02 1.427729095931632e-02 4.719461148543835e-02
1 309 9.822745314589790e+02 2.578991790826536e-18 8.308930955932706e-02
0 346 9.853396979264022e+02 1.651442400266802e-02 4.711816157354103e-09
1 310 9.854484641142460e+02 2.570013507346430e-18 8.309220360015400e-02
0 347 9.873348078658771e+02 1.522315076437379e-18 1.324631157557420e-01
0 348 9.890168025178202e+02 8.049747577399112e-03 6.789983658399416e-02
1 311 9.886221308644749e+02 3.366215796121503e-18 8.309620570548563e-02
1 312 9.917958100674274e+02 3.166125626205459e-18 8.309396498065165e-02
0 349 9.940309069024033e+02 1.651368800085620e-02 4.918737393376053e-09
1 313 9.949697510938387e+02 3.380000651149105e-18 8.309150482975529e-02
0 350 9.960299999266288e+02 8.902023385194992e-03 9.800151258830710e-02
0 351 9.976499968658416e+02 1.205213818997095e-02 6.312416982275981e-02
1 314 9.981437382888139e+02 3.294169351373986e-18 8.309110129796732e-02
1 315 1.001317525433997e+03 2.915684127949631e-17 8.309382060024043e-02
0 352 1.003001522822035e+03 1.195490387188228e-18 1.324637426272515e-01
0 353 1.004670005185121e+03 1.097458193272352e-02 9.352020180816717e-02
1 316 1.004491128111362e+03 3.384990921045938e-18 8.309435104880296e-02
1 317 1.007664972581478e+03 3.082879043235815e-18 8.309344397243293e-02
0 354 1.009596949503637e+03 1.478102078230531e-02 3.451675590796980e-02
1 318 1.010838970820151e+03 2.857071843304617e-18 8.309321866423844e-02
0 355 1.011617948467468e+03 2.659755695157291e-18 1.324687998026899e-01
0 356 1.013494367357071e+03 2.201336018599263e-03 1.228381040677716e-01
1 319 1.014012872512381e+03 3.342110676356098e-18 8.309374464000231e-02
1 320 1.017186505543224e+03 4.481786917295875e-18 8.309444250784145e-02
0 357 1.018668211769411e+03 2.111129469696256e-18 1.324651449734752e-01
0 358 1.020297982409999e+03 9.236474038521059e-03 5.837910772434721e-02
1 321 1.020360223472011e+03 2.570069441754107e-18 8.309166359110265e-02
1 322 1.023534185156203e+03 3.328017699381396e-18 8.309151705183833e-02
0 359 1.025130195548433e+03 1.066958292962452e-02 7.340295333660274e-02
1 323 1.026708159795683e+03 4.439411259822008e-18 8.309348069220363e-02
0 360 1.027284454839154e+03 3.790397085666207e-18 1.324668022083173e-01
0 361 1.029207699342631e+03 9.878784805673786e-04 1.245392230015314e-01
1 324 1.029881905741930e+03 2.899712476039802e-18 8.309605491955564e-02
1 325 1.033055524107072e+03 3.106187363319557e-18 8.309313712028579e-02
0 362 1.034334805027917e+03 2.324319393669990e-18 1.324671068322192e-01
0 363 1.035884054230928e+03 1.149687074032374e-02 4.024418536261622e-02
1 326 1.036229407061159e+03 1.779695375909381e-17 8.308958403280348e-02
0 364 1.037610000769866e+03 1.142130487585625e-02 7.802455338384524e-02
1 327 1.039403407607097e+03 3.005836500913971e-18 8.309021481775765e-02
0 365 1.040837239850860e+03 5.957953579341593e-03 1.133759445944580e-01
0 366 1.042951061154559e+03 5.711242861870398e-18 1.324637358470681e-01
1 328 1.042577273846626e+03 4.396082568017321e-18 8.309413987269031e-02
0 367 1.044607690149197e+03 7.575442184606826e-03 7.170394055552037e-02
1 329 1.045750885021168e+03 3.576058085589681e-18 8.309598569367782e-02
1 330 1.048924651431035e+03 3.361824753733507e-18 8.309238700497149e-02
0 368 1.050001304312993e+03 4.078068753395301e-18 1.324687183154731e-01
0 369 1.051649997798567e+03 9.890660242722739e-03 1.024378527658025e-01
1 331 1.052098632535897e+03 4.734387442338519e-18 8.309023097651952e-02
0 370 1.053269998699261e+03 1.002223704388521e-02 8.544403298204380e-02
1 332 1.055272584630985e+03 3.354433564463597e-18 8.309132401916072e-02
0 371 1.058617766600771e+03 3.461715153829904e-18 1.324612494547092e-01
1 333 1.058446285446061e+03 2.603128392945656e-18 8.309520804858468e-02
0 372 1.060375259274838e+03 5.650077559031501e-03 8.714398891552555e-02
1 334 1.061619933438294e+03 2.881699395935581e-18 8.309454927209385e-02
1 335 1.064793849066850e+03 2.968622474351276e-18 8.309305233778008e-02
0 373 1.065304719380613e+03 1.651371068571396e-02 8.820381319545120e-10
0 374 1.067309996939083e+03 8.056580696646564e-03 9.299292899950792e-02
1 336 1.067967845226190e+03 5.956204560563731e-17 8.309239708759801e-02
0 375 1.068909958235902e+03 7.256752245023775e-03 9.042461747798418e-02
1 337 1.071141669576659e+03 2.569977174834425e-18 8.309369055051175e-02
0 376 1.074284484544383e+03 1.803452252590013e-18 1.324629945380487e-01
1 338 1.074315268234047e+03 2.569969526388303e-18 8.309370742505688e-02
0 377 1.075959993035260e+03 7.951657117853908e-03 6.868353924660779e-02
1 339 1.077489075222977e+03 4.605944803266267e-18 8.309210290094442e-02
1 340 1.080663068006026e+03 2.570118749290336e-18 8.309274801464411e-02
0 378 1.080846938699072e+03 1.455414696176321e-02 4.604418845346484e-02
0 379 1.082900767742603e+03 2.765538031357576e-18 1.324666023751042e-01
1 341 1.083836996084094e+03 2.570018581438227e-18 8.309445628552106e-02
0 380 1.084575942777578e+03 7.553156796686084e-03 8.616067386858588e-02
1 342 1.087010656658752e+03 2.662434476896372e-18 8.309560052194616e-02
0 381 1.089951113076351e+03 1.437804433692716e-18 1.324665585952646e-01
1 343 1.090184342145904e+03 2.570038180094143e-18 8.309150184427401e-02
0 382 1.091545791053086e+03 1.022060810670537e-02 5.048278878093160e-02
0 383 1.093118775763063e+03 1.651363024823824e-02 2.672479280945363e-09
1 344 1.093358285184491e+03 2.570124832632968e-18 8.308991696730414e-02
0 384 1.096596068446904e+03 1.651402625476758e-02 4.473068961114132e-09
1 345 1.096532271472864e+03 7.227332182968306e-18 8.309190577218889e-02
0 385 1.098567341307004e+03 2.948933185116489e-18 1.324639967724078e-01
1 346 1.099706055333703e+03 5.881054699473777e-18 8.309575335244715e-02
0 386 1.100167657345706e+03 2.221096420827191e-03 1.306071308855738e-01
1 347 1.102879661116855e+03 2.569950387344063e-18 8.309458164695585e-02
0 387 1.105617636316254e+03 2.899209671238875e-18 1.324690570149305e-01
1 348 1.106053512321329e+03 3.764150630824414e-18 8.309063144965152e-02
0 388 1.107132301483790e+03 1.246783861758188e-02 3.245532916231800e-02
0 389 1.108879344342135e+03 1.391902192467731e-02 4.932303524006801e-02
1 349 1.109227511451360e+03 3.713740020026596e-18 8.308960378136691e-02
0 390 1.112241537345331e+03 1.651464390629450e-02 2.849025438710257e-09
1 350 1.112401408822545e+03 2.574544792163651e-18 8.309268236335658e-02
0 391 1.114234016432970e+03 3.773880829266359e-18 1.324630922865853e-01
0 392 1.115956663894443e+03 1.396498907558804e-02 5.253009483397514e-02
1 351 1.115575036679063e+03 2.695188094334538e-18 8.309602461122702e-02
1 352 1.118748764428063e+03 4.550959475932034e-18 8.309379954950137e-02
0 393 1.120932836871869e+03 1.651359881459227e-02 4.307918711278846e-09
1 353 1.121922731802178e+03 3.208543090613036e-18 8.309192684540946e-02
0 394 1.122929999536467e+03 8.584419480433970e-03 9.312810637048005e-02
0 395 1.124549997008387e+03 1.039717459670447e-02 8.048771945105418e-02
1 354 1.125096701566913e+03 1.774137556615430e-17 8.309180468574043e-02
1 355 1.128270436885344e+03 4.775888194687507e-18 8.309425237954543e-02
0 396 1.129900734196931e+03 3.427738255577745e-18 1.324641372006606e-01
0 397 1.131570005036808e+03 1.040684166963546e-02 8.985433440258125e-02
1 356 1.131444058778149e+03 3.036235594621911e-18 8.309357072037500e-02
1 357 1.134617946552245e+03 2.822378021822950e-18 8.309294439388273e-02
0 398 1.136491286639513e+03 1.450447342649998e-02 3.729097754848471e-02
1 358 1.137791946185029e+03 2.617705021354978e-18 8.309354257087044e-02
0 399 1.138589997003065e+03 8.097275355430868e-03 8.933482610262974e-02
0 400 1.140209998664286e+03 9.739760536407793e-03 8.078400859554084e-02
1 359 1.140965806287166e+03 2.698109213436768e-18 8.309452255747550e-02
1 360 1.144139414393592e+03 4.060589783761873e-18 8.309412387873909e-02
0 401 1.145567397870963e+03 1.430957133075509e-18 1.324657563879436e-01
0 402 1.147207609582819e+03 8.941912415778979e-03 6.074091496988113e-02
1 361 1.147313184374924e+03 5.289935891936938e-18 8.309097398137580e-02
1 362 1.150487166255431e+03 3.499477307956468e-18 8.309107967655061e-02
0 403 1.152069478268259e+03 6.215100556557275e-03 1.067639768497404e-01
1 363 1.153661117013098e+03 6.939648650895651e-18 8.309360649506810e-02
0 404 1.154183621624202e+03 3.268772470179263e-18 1.324659395610038e-01
0 405 1.155835920102578e+03 7.215351036237979e-03 7.459080929481235e-02
1 364 1.156834812709674e+03 4.246373279800436e-17 8.309630444232007e-02
1 365 1.160008465567628e+03 3.013739726672308e-18 8.309266759146813e-02
0 406 1.161233959280051e+03 3.147860961993706e-18 1.324676778248216e-01
0 407 1.162889999241833e+03 1.085606585735846e-02 9.975802124863814e-02
1 366 1.163182386377022e+03 2.770314095068415e-18 8.308941392225601e-02
0 408 1.164510000251422e+03 1.120875309599058e-02 8.056205571528910e-02
1 367 1.166356382274456e+03 2.603479278470761e-18 8.309030233845333e-02
0 409 1.167748483434254e+03 6.261769692479464e-03 1.096042286256367e-01
0 410 1.169850261861487e+03 2.915676905044416e-17 1.324627262590343e-01
1 368 1.169530201112470e+03 2.925285939040446e-18 8.309463989258228e-02
0 411 1.171450502313751e+03 4.014097027816387e-03 1.196033745529094e-01
1 369 1.172703801477071e+03 4.317591673230278e-18 8.309554495838317e-02
1 370 1.175877618990148e+03 6.016247433253759e-18 8.309238115769609e-02
0 412 1.176900437095159e+03 1.545609235786973e-17 1.324691178152955e-01
0 413 1.178549997363898e+03 9.741080552331499e-03 9.944076422570176e-02
1 371 1.179051613430860e+03 3.319680438797675e-18 8.309069243932750e-02
0 414 1.180169997840533e+03 1.005856508830055e-02 8.575243179218663e-02
1 372 1.182225534272342e+03 1.281473948376314e-17 8.309195670957932e-02
0 415 1.185516984073398e+03 2.322892041103748e-18 1.324612888256770e-01
1 373 1.185399188579618e+03 2.890930097137702e-18 8.309504816913943e-02
0 416 1.187284407824840e+03 5.370205933410632e-03 8.938886408296354e-02
1 374 1.188572880458285e+03 9.563335389894669e-18 8.309398266161269e-02
1 375 1.191746828165004e+03 7.293882157514042e-18 8.309330210214305e-02
0 417 1.192206658915633e+03 1.651369135072744e-02 2.284408423127837e-09
0 418 1.194220237664872e+03 8.346743139964538e-03 7.931538403204562e-02
1 376 1.194920812385715e+03 5.123627049323125e-18 8.309306011370728e-02
0 419 1.195811861532338e+03 7.228395257563106e-03 9.202509026503324e-02
1 377 1.198094587097947e+03 8.759457921127948e-18 8.309437463901224e-02
0 420 1.201183681992843e+03 4.184926026061375e-18 1.324641184850724e-01
1 378 1.201268192323330e+03 4.317631065351206e-18 8.309302366853348e-02
0 421 1.202869512057992e+03 7.660453268993013e-03 7.101923399770758e-02
1 379 1.204442046823980e+03 4.317701359015784e-18 8.309143591288290e-02
1 380 1.207616046432916e+03 5.319586756958797e-18 8.309245801298916e-02
0 422 1.207747823958007e+03 1.452121912079188e-02 4.645906172606502e-02
0 423 1.209799925276021e+03 1.978432815496638e-18 1.324657602010892e-01
1 381 1.210789938327995e+03 2.569983528942490e-18 8.309479950710487e-02
0 424 1.211317597545612e+03 1.643467275256976e-02 5.513315182240486e-03
1 382 1.213963562744763e+03 2.841821746217383e-18 8.309546472837800e-02
0 425 1.216850276272884e+03 2.032409837015543e-18 1.324674781774289e-01
1 383 1.217137297086243e+03 2.807896826319411e-18 8.309096007534526e-02
0 426 1.218455595653384e+03 9.920707077694799e-03 5.288822724689667e-02
0 427 1.220102946121534e+03 1.522003244456472e-02 3.747877824487428e-02
1 384 1.220311267090360e+03 2.689132482437841e-18 8.308958175463534e-02
0 428 1.223497953823818e+03 1.651418684039788e-02 1.178593888601171e-09
1 385 1.223485235021454e+03 4.451713799936010e-17 8.309203248541269e-02
0 429 1.225466531405706e+03 2.770185370165806e-18 1.324633808833212e-01
0 430 1.227068835411357e+03 2.143645413372872e-03 1.307292717611727e-01
1 386 1.226658966536644e+03 3.285249934829556e-18 8.309612150308607e-02
1 387 1.229832594864534e+03 3.387467701243316e-18 8.309415934072717e-02
0 431 1.232516773549288e+03 3.452052607435989e-18 1.324694993998216e-01
1 388 1.233006489559162e+03 6.355169896807120e-18 8.309075275841642e-02
0 432 1.234042239830889e+03 1.216388902986034e-02 3.489333438826095e-02
0 433 1.235787758400237e+03 1.355813932717630e-02 5.103591498291971e-02
1 389 1.236180488366275e+03 2.570107859462854e-18 8.309006792639748e-02
0 434 1.239143353543201e+03 1.651487992652008e-02 3.756573336223671e-09
1 390 1.239354341212308e+03 2.569970991184673e-18 8.309321300724413e-02
0 435 1.241133229392244e+03 1.191931709172692e-18 1.324632909158591e-01
0 436 1.242810004385794e+03 1.047382885055823e-02 1.020331397806551e-01
1 391 1.242527947601686e+03 2.617860414042259e-18 8.309561111145589e-02
1 392 1.245701726229980e+03 3.391893165297439e-18 8.309369025581971e-02
0 437 1.248183217611629e+03 2.359840755099156e-18 1.324698526431060e-01
1 393 1.248875712105606e+03 3.425942621024466e-18 8.309237045855127e-02
0 438 1.249829998959866e+03 8.585537631931293e-03 9.179289060699364e-02
0 439 1.251464069310196e+03 6.744435845959632e-03 1.067047489088008e-01
1 394 1.252049657006029e+03 4.775222491527419e-18 8.309251855187667e-02
1 395 1.255223342731185e+03 1.404471652250800e-17 8.309447501685016e-02
0 440 1.256799940036850e+03 2.890009036228279e-18 1.324645903579270e-01
0 441 1.258470004456665e+03 9.547471071950392e-03 8.353903394559895e-02
1 396 1.258396999550012e+03 6.683705555394498e-18 8.309282821096900e-02
1 397 1.261570924121753e+03 4.317707292463455e-18 8.309246765466011e-02
0 442 1.263375158287851e+03 1.383522770418466e-02 4.368677045862228e-02
1 398 1.264744918015036e+03 2.695382315991584e-18 8.309356905724756e-02
0 443 1.265405434632317e+03 1.426472969915629e-03 1.317117781894539e-01
0 444 1.267126775307022e+03 1.130874631629214e-02 6.427581875347615e-02
1 399 1.267918729455851e+03 2.570088315472261e-18 8.309533704269921e-02
1 400 1.271092330798648e+03 4.126208661959888e-18 8.309365135990016e-02
0 445 1.272466573761579e+03 1.429426685883790e-18 1.324664103066130e-01
0 446 1.274117331076179e+03 8.644487262315250e-03 6.312582160169806e-02
1 401 1.274266152455878e+03 3.767150344423186e-18 8.309033266117213e-02
1 402 1.277440147098468e+03 2.904379050718786e-18 8.309072123315316e-02
0 447 1.278766750137993e+03 1.081557475986020e-10 1.324684655018838e-01
0 448 1.281082798822701e+03 1.463003630959086e-18 1.324650010679036e-01
1 403 1.280614066198697e+03 4.948394569666381e-18 8.309383261451075e-02
0 449 1.282734678092625e+03 7.177423843787802e-03 7.489547310291939e-02
1 404 1.283787717491808e+03 3.568703192758165e-18 8.309630006391096e-02
1 405 1.286961416145652e+03 4.226482891726472e-18 8.309233520010451e-02
0 450 1.288133105531982e+03 2.967326514388165e-18 1.324681827651403e-01
0 451 1.289789998492298e+03 1.091274407232820e-02 9.887597153186525e-02
1 406 1.290135368022536e+03 4.179666595833611e-18 8.308954849129949e-02
0 452 1.291468201930634e+03 4.351675771813506e-03 1.189951125351746e-01
1 407 1.293309350916954e+03 2.653688251536265e-18 8.309060471280440e-02
0 453 1.294657031604561e+03 6.468173895279645e-03 1.062917873001163e-01
0 454 1.296749471091917e+03 1.981313987325696e-18 1.324618652002205e-01
1 408 1.296483118674032e+03 2.569910703565841e-18 8.309512627915204e-02
0 455 1.298308069838148e+03 1.515841025328421e-02 2.592672157107390e-02
1 409 1.299656727513789e+03 4.082003503678969e-18 8.309508560375363e-02
1 410 1.302830591962065e+03 2.914621790625151e-18 8.309249852334318e-02
0 456 1.303799566092567e+03 2.007917162573722e-18 1.324694169954987e-01
0 457 1.305449997066491e+03 9.509739535166310e-03 9.569217522938935e-02
1 411 1.306004592071280e+03 3.396695431937041e-18 8.309124055571290e-02
0 458 1.307069996827107e+03 9.867593326126573e-03 8.772943088778115e-02
1 412 1.309178474791730e+03 3.277068221470896e-18 8.309263001718088e-02
0 459 1.310309993980210e+03 1.108160297493746e-02 8.459490175097938e-02
0 460 1.312416198964279e+03 4.041808753256639e-18 1.324618052050829e-01
1 413 1.312352094111527e+03 6.160044751494404e-17 8.309463892292505e-02
0 461 1.314193677995946e+03 5.086623043695723e-03 9.166370581067687e-02
1 414 1.315525835382095e+03 2.689848951567730e-18 8.309330994154350e-02
1 415 1.318699807804739e+03 2.747284668321252e-18 8.309335571331491e-02
0 462 1.319001191129823e+03 1.449549468024368e-02 4.784461146359422e-02
0 463 1.321142115684811e+03 9.239232162089207e-03 5.835540825400469e-02
1 416 1.321873772360775e+03 3.113725905755117e-18 8.309372227661493e-02
0 464 1.322711436047740e+03 7.188608362434130e-03 9.268653209491280e-02
1 417 1.325047496252207e+03 2.934031636572001e-18 8.309493206006768e-02
0 465 1.328082868958674e+03 2.459227464650294e-18 1.324652524389861e-01
1 418 1.328221126476218e+03 6.332631750444676e-18 8.309234139071892e-02
0 466 1.329779139736365e+03 7.365943361053734e-03 7.338156741597920e-02
1 419 1.331395023321443e+03 4.317706844145649e-18 8.309083658038495e-02
1 420 1.334569022196261e+03 4.618358959138318e-18 8.309226002920121e-02
0 467 1.334654391690642e+03 1.472431297453030e-02 4.481225416675578e-02
0 468 1.336699092311204e+03 2.709340934830667e-18 1.324648906101439e-01
1 421 1.337742870900745e+03 7.092972964944980e-18 8.309521864011622e-02
0 469 1.338389993882555e+03 1.000215960489735e-02 7.697101243501936e-02
1 422 1.340916474896093e+03 3.005792492686207e-18 8.309506391755198e-02
0 470 1.343749430115533e+03 1.195830244538636e-18 1.324682859015724e-01
1 423 1.344090260775306e+03 1.063459184954418e-17 8.309056730881845e-02
0 471 1.345365461912420e+03 9.618938279879660e-03 5.530872514155113e-02
0 472 1.347014137578407e+03 1.486353989363891e-02 4.100290917675319e-02
1 424 1.347264249196441e+03 4.149780962230234e-18 8.308937987857050e-02
0 473 1.350399819584587e+03 1.651437616731708e-02 5.523037751114123e-10
1 425 1.350438191065320e+03 2.899507263766386e-18 8.309229559305696e-02
0 474 1.352365730839295e+03 1.888292216861728e-18 1.324630224473050e-01
0 475 1.353833258056120e+03 1.488674138046372e-02 1.306425130707686e-02
1 426 1.353611872455089e+03 4.073568870309799e-18 8.309628987193152e-02
1 427 1.356785538224159e+03 3.328814959765497e-18 8.309385823120201e-02
0 476 1.359415905766004e+03 3.613796767185119e-18 1.324697680005003e-01
1 428 1.359959469422656e+03 5.684393982191645e-18 8.309104275607079e-02
0 477 1.361026584729137e+03 5.177621832142146e-03 1.138250556259269e-01
0 478 1.362697192114188e+03 1.310736586842057e-02 5.269425344105531e-02
1 429 1.363133460418133e+03 3.131458275687903e-18 8.309066761830790e-02
0 479 1.366045146717071e+03 1.651512393915175e-02 2.619837476583872e-09
1 430 1.366307263813557e+03 4.189027907208856e-18 8.309374944275602e-02
0 480 1.368032443660812e+03 2.791687383671016e-18 1.324636383535878e-01
0 481 1.369710005097779e+03 1.019478918035906e-02 1.006304972301731e-01
1 431 1.369480864910431e+03 2.702215842197972e-18 8.309487232162560e-02
1 432 1.372654694507072e+03 2.604731816408190e-18 8.309361449843350e-02
0 482 1.375082343366710e+03 6.665374939103154e-18 1.324697336821020e-01
1 433 1.375828691060884e+03 3.306547790963183e-18 8.309281754258160e-02
0 483 1.376729998167829e+03 8.457025883266221e-03 8.912214845282775e-02
0 484 1.378464817816291e+03 3.505581125627298e-03 1.200582865249761e-01
1 434 1.379002603769234e+03 2.532341602912192e-17 8.309324366160489e-02
1 435 1.382176247084269e+03 5.594608074570212e-18 8.309443851289634e-02
0 485 1.383699138054586e+03 1.141520095136364e-18 1.324651126243709e-01
0 486 1.385441064033794e+03 6.084000636320237e-03 8.366581379863582e-02
1 436 1.385349949557339e+03 3.508751533069076e-18 8.309211093994687e-02
1 437 1.388523903816245e+03 2.920052818003267e-18 8.309200552680243e-02
0 487 1.390229938408554e+03 1.198787318567373e-02 5.909624192929012e-02
1 438 1.391697884190666e+03 2.984876965009422e-18 8.309363280964999e-02
0 488 1.392426564574395e+03 9.375522720547579e-03 5.726374184142022e-02
0 489 1.393989311453381e+03 1.289366076344874e-02 5.204921060441987e-02
1 439 1.394871645421049e+03 2.865861266677865e-18 8.309584538270547e-02
1 440 1.398045256602130e+03 2.626567700242521e-18 8.309312721178960e-02
0 490 1.399365739592387e+03 4.753463043832043e-18 1.324670457258334e-01
0 491 1.401027131357444e+03 8.344676268491487e-03 6.553003395595389e-02
1 441 1.401219126427800e+03 3.744569533664324e-18 8.308979894847503e-02
1 442 1.404393126367883e+03 2.570106480202225e-18 8.309050477231561e-02
0 492 1.405855136884591e+03 6.337965214572860e-03 1.125291657396860e-01
0 493 1.407981986707230e+03 1.398460190781967e-18 1.324639987234732e-01
1 443 1.407567006362188e+03 4.474899284947969e-18 8.309418528085651e-02
0 494 1.409548777830433e+03 4.737982517467316e-18 1.324625350682350e-01
1 444 1.410740624781843e+03 2.085960263462263e-17 8.309605090450847e-02
1 445 1.413914374846277e+03 3.538759883050742e-18 8.309213978905179e-02
0 495 1.415032245008595e+03 2.494457283850187e-18 1.324686366562829e-01
0 496 1.416689997897538e+03 1.085673319502047e-02 9.699115382187001e-02
1 446 1.417088350142179e+03 2.570124201589175e-18 8.308983432145502e-02
0 497 1.418277982628432e+03 6.456020335895842e-03 1.010372159262461e-01
1 447 1.420262311027143e+03 3.241136160168606e-18 8.309112387127204e-02
0 498 1.421566052876944e+03 6.633800498660481e-03 1.025636132730764e-01
0 499 1.423648686216455e+03 1.525904566229691e-18 1.324613189905531e-01
1 448 1.423436028523791e+03 2.583319158865787e-18 8.309545861640344e-02
0 500 1.425210888348730e+03 1.513602790843992e-02 2.639171366166488e-02
1 449 1.426609663552545e+03 3.322930720257457e-18 8.309468158743449e-02
1 450 1.429783568714018e+03 4.186869121090108e-18 8.309272433955249e-02
0 501 1.430698692751034e+03 3.901060722263979e-18 1.324695873563530e-01
0 502 1.432349996925542e+03 9.118034456051544e-03 9.044747163199603e-02
1 451 1.432957566896846e+03 3.662562813230408e-18 8.309186627574738e-02
0 503 1.433942271718132e+03 6.811631535161178e-03 9.641794910656255e-02
1 452 1.436131405429603e+03 3.439260664461723e-18 8.309333139997306e-02
0 504 1.437209995785573e+03 1.198005523555905e-02 7.579713429503369e-02
0 505 1.439315407739674e+03 2.766890532069854e-18 1.324626968659996e-01
1 453 1.439305006044192e+03 3.562651079588920e-18 8.309404206779696e-02
0 506 1.441103072581253e+03 4.799246347145465e-03 9.396911792887486e-02
1 454 1.442478798139115e+03 3.019287194536989e-18 8.309263188367111e-02
1 455 1.445652787408765e+03 2.693339793708713e-18 8.309308690697634e-02
0 507 1.445896359817452e+03 1.421191264517366e-02 5.024932982925757e-02
0 508 1.447933893736585e+03 1.389965242698549e-02 5.586932920473636e-02
1 456 1.448826724433455e+03 2.671536529371886e-18 8.309434227456793e-02
0 509 1.449608473573041e+03 7.141729046321268e-03 9.234083032259406e-02
1 457 1.452000400217517e+03 2.889501091101136e-18 8.309527715301732e-02
0 510 1.454982045146121e+03 1.932355874220750e-18 1.324663110882763e-01
1 458 1.455174070253585e+03 4.103201861379247e-18 8.309169639264495e-02
0 511 1.456688862626991e+03 7.068539591965749e-03 7.576720901112353e-02
1 459 1.458348003048367e+03 6.371446904012585e-18 8.309032848346129e-02
