1 0 9.898020859145017e+00 1.793950891103946e-17 3.291227617000654e-02
0 0 1.075178661400891e+01 8.815605144935522e-18 4.645767971017008e-02
0 1 3.000573082406301e+01 2.097878518644761e-17 4.645670669290537e-02
0 2 4.926015875758249e+01 8.750822283595480e-18 4.645534123661881e-02
1 1 6.405096398395800e+01 1.736930607073361e-17 3.291181429831270e-02
0 3 6.851425911467551e+01 8.882914735189740e-18 4.645671434652172e-02
0 4 8.776820609865177e+01 8.887909193153057e-18 4.645758857573247e-02
0 5 1.070224693067677e+02 8.982080931984816e-18 4.645509686092797e-02
1 2 1.182038293295490e+02 1.737032311490348e-17 3.291073473696773e-02
0 6 1.262766449392591e+02 8.856374104410621e-18 4.645556582293578e-02
0 7 1.455307327380534e+02 8.802156727714735e-18 4.645790356241906e-02
0 8 1.647847945578676e+02 8.858011844081225e-18 4.645569817097094e-02
1 3 1.723566257754908e+02 1.738458843779243e-17 3.291084183337916e-02
0 9 1.840389641324878e+02 9.309968384672722e-18 4.645508274467862e-02
0 10 2.032932554136663e+02 8.887925048981550e-18 4.645749443536671e-02
0 11 2.225471932320565e+02 8.801665438516216e-18 4.645689223403265e-02
1 4 2.265095074204972e+02 1.745575692710754e-17 3.291196025897268e-02
0 12 2.418012783285505e+02 8.750921120771840e-18 4.645543689572351e-02
0 13 2.610557205944736e+02 8.888081233757513e-18 4.645656361260434e-02
0 14 2.803096750780861e+02 8.787987432077670e-18 4.645772025344537e-02
1 5 2.806624477865067e+02 1.489627218559646e-16 3.291225373716659e-02
0 15 2.995636467581718e+02 8.885115509236609e-18 4.645635876107111e-02
0 16 3.188181039411401e+02 7.476985417581895e-17 4.645558470816612e-02
1 6 3.348153815259905e+02 1.737950480020964e-17 3.291213446117464e-02
0 17 3.380721667019589e+02 8.727231933436135e-18 4.645712502673420e-02
0 18 3.573260964239600e+02 8.906566000387672e-18 4.645734015974164e-02
0 19 3.765804243669071e+02 9.071714403272613e-18 4.645508828824920e-02
1 7 3.889682867302929e+02 1.813204141529113e-17 3.291103094296868e-02
0 20 3.958345828076508e+02 8.737848966996909e-18 4.645590098407310e-02
0 21 4.150886112603293e+02 8.833607750166756e-18 4.645787936546679e-02
0 22 4.343427371446058e+02 9.055478171041260e-18 4.645540822368661e-02
1 8 4.431210892722636e+02 1.750819287572398e-17 3.291063160597343e-02
0 23 4.535969184716569e+02 8.721221413629695e-18 4.645514927964217e-02
0 24 4.728511419325467e+02 8.716955185448540e-18 4.645770727355746e-02
0 25 4.921051066881471e+02 8.950407967898551e-18 4.645647042146167e-02
1 9 4.972739313811734e+02 1.743023009509066e-17 3.291158377856275e-02
0 26 5.113592268787974e+02 8.811287927355984e-18 4.645523575499164e-02
0 27 5.306136309501593e+02 9.676510646545628e-18 4.645690807090128e-02
0 28 5.498675647619422e+02 8.717035222983564e-18 4.645757537061623e-02
1 10 5.514268711681573e+02 1.738797612512861e-17 3.291230134344738e-02
0 29 5.691215721597916e+02 8.757225078862956e-18 4.645601740039146e-02
0 30 5.883760417625574e+02 1.494806803406647e-17 4.645588374258783e-02
1 11 6.055797960496266e+02 1.741753746112419e-17 3.291228950541292e-02
0 31 6.076300650697264e+02 9.430789611556842e-18 4.645746843729533e-02
0 32 6.268839943343946e+02 8.978192485854427e-18 4.645704028063982e-02
0 33 6.461383784838961e+02 9.109398065566071e-18 4.645517419882148e-02
1 12 6.597327301132583e+02 3.837859776428244e-17 3.291141854376684e-02
0 34 6.653925112952792e+02 8.855773263498749e-18 4.645629702537304e-02
0 35 6.846464916300141e+02 9.056306480425279e-18 4.645777256404043e-02
0 36 7.039006863530215e+02 9.125579273185429e-18 4.645520567712715e-02
1 13 7.138855581145503e+02 1.737262295142886e-17 3.291059063347217e-02
0 37 7.231548697054286e+02 8.752839283909415e-18 4.645531433431430e-02
0 38 7.424090236123650e+02 8.716931103239614e-18 4.645784721127076e-02
0 39 7.616630307702685e+02 8.804911927523918e-18 4.645606090980477e-02
1 14 7.680383687547020e+02 4.417843923923464e-17 3.291118085569616e-02
0 40 7.809171797443423e+02 9.073151144209358e-18 4.645511512912629e-02
0 41 8.001715322019922e+02 9.238447740245092e-18 4.645722612015453e-02
0 42 8.194254597849952e+02 8.888003980822954e-18 4.645728039701972e-02
1 15 8.221912868659011e+02 1.740604254955515e-17 3.291221775316040e-02
0 43 8.386795064976826e+02 8.726889033328051e-18 4.645570371888277e-02
0 44 8.579339709309151e+02 8.872423771598994e-18 4.645621889542807e-02
1 16 8.763442158144238e+02 1.737422384471694e-17 3.291227604498471e-02
0 45 8.771879565818822e+02 2.486376461721088e-17 4.645768244757335e-02
0 46 8.964419009689483e+02 8.768731351768251e-18 4.645670653474056e-02
0 47 9.156963291862201e+02 8.996304347364742e-18 4.645534576905772e-02
1 17 9.304971587459521e+02 1.738629411109999e-17 3.291181666153371e-02
0 48 9.349504293234645e+02 1.775386848807938e-16 4.645672158611552e-02
0 49 9.542043760345905e+02 8.719550406307534e-18 4.645758942328840e-02
0 50 9.734586397831697e+02 8.747575158102265e-18 4.645509927488641e-02
1 18 9.846500247037065e+02 1.756607074368579e-17 3.291073742103225e-02
0 51 9.927128153436487e+02 8.717316381864230e-18 4.645557159471256e-02
0 52 1.011966902582230e+03 8.716920956296831e-18 4.645790633348119e-02
0 53 1.031220964872349e+03 8.717296523233408e-18 4.645569872526976e-02
1 19 1.038802820922956e+03 5.844430517750296e-17 3.291083894377039e-02
0 54 1.050475134616406e+03 8.933083066473821e-18 4.645508578726996e-02
0 55 1.069729425329821e+03 8.719634832784520e-18 4.645749912226762e-02
0 56 1.088983363251008e+03 8.959298665680687e-18 4.645689230668767e-02
1 20 1.092955702602870e+03 1.736936650681862e-17 3.291195809700997e-02
0 57 1.108237448729351e+03 8.911247373531584e-18 4.645543772399090e-02
0 58 1.127491890714497e+03 8.754325180859815e-18 4.645656922253062e-02
0 59 1.146745844998261e+03 6.208754907702909e-17 4.645772132121766e-02
1 21 1.147108642721545e+03 4.742907627388043e-17 3.291225280169242e-02
0 60 1.165999816955805e+03 9.016053712502210e-18 4.645635864190493e-02
0 61 1.185254274288849e+03 9.168188783628397e-18 4.645558967842032e-02
1 22 1.201261576612056e+03 1.752089746523414e-17 3.291213307461982e-02
0 62 1.204508336850506e+03 9.096836448483807e-18 4.645713203063696e-02
0 63 1.223762266402824e+03 8.750317678859330e-18 4.645734060937787e-02
0 64 1.243016594841626e+03 8.804997343465339e-18 4.645509119794568e-02
1 23 1.255414481780038e+03 1.742805042052665e-17 3.291103228507690e-02
0 65 1.262270753183769e+03 8.888192618663935e-18 4.645590827881482e-02
0 66 1.281524781114350e+03 8.845974886750067e-18 4.645788153128327e-02
0 67 1.300778907565936e+03 8.853792288261695e-18 4.645540851556721e-02
1 24 1.309567284635657e+03 1.737986357779810e-17 3.291062766246662e-02
0 68 1.320033088951775e+03 9.382422079999818e-18 4.645515364641264e-02
0 69 1.339287311817277e+03 8.967784341645450e-18 4.645771144352854e-02
0 70 1.358541276889822e+03 9.195609750179347e-18 4.645646912852944e-02
1 25 1.363720126185449e+03 1.741730014040185e-17 3.291157948330480e-02
0 71 1.377795397305573e+03 9.121993440736498e-18 4.645523732688293e-02
0 72 1.397049801005671e+03 8.717091349581865e-18 4.645691353692123e-02
0 73 1.416303734734709e+03 8.894004833674436e-18 4.645757603789398e-02
1 26 1.417873066065949e+03 4.158063394397371e-17 3.291229891450258e-02
0 74 1.435557742405963e+03 1.346429441148216e-17 4.645601746929274e-02
0 75 1.454812212043334e+03 8.820450432889280e-18 4.645588908336507e-02
