1 0 2.613291013573103e+00 3.725452647472936e-18 7.966043095175326e-02
0 0 5.073802485751361e+00 4.236243269541385e-18 6.560683635494427e-02
1 1 6.314845014374329e+00 3.208589830655997e-18 7.966323067802597e-02
1 2 1.001674275630875e+01 3.769579207434026e-18 7.967136545740125e-02
0 1 1.169947757522190e+01 4.463672344472405e-18 6.560350929675261e-02
1 3 1.371834497992374e+01 6.294882244225437e-18 7.967053870137204e-02
1 4 1.742010893137513e+01 3.116745055571742e-16 7.965386878821323e-02
0 2 1.832526040890038e+01 1.323760274269158e-16 6.561004636013101e-02
1 5 2.112161459872338e+01 3.173348196404047e-18 7.964995575614502e-02
0 3 2.495125038552438e+01 5.108109307418968e-18 6.560902918654503e-02
1 6 2.482302530562265e+01 3.027663691940003e-18 7.964663685243287e-02
1 7 2.852445323214251e+01 2.874004496359672e-18 7.964417783813434e-02
0 4 3.157718169814051e+01 2.124331529703183e-17 6.561131437319097e-02
1 8 3.222594612046574e+01 4.505107558015110e-18 7.964861542980337e-02
1 9 3.592754789687006e+01 5.041025524850140e-18 7.966586770427637e-02
0 5 3.820308280818482e+01 4.550581562822243e-18 6.560498168289056e-02
1 10 3.962911256883659e+01 3.504905995021649e-18 7.966791732270423e-02
1 11 4.333103774982737e+01 9.705580111057401e-16 7.966880052213808e-02
0 6 4.482873956665541e+01 4.256401343879537e-18 6.560456102736402e-02
1 12 4.703263634799713e+01 3.645591207001965e-18 7.966711957363179e-02
1 13 5.073430323870566e+01 2.904774355067821e-18 7.964952688708941e-02
0 7 5.145458836277707e+01 4.479753095294775e-18 6.561124216165504e-02
1 14 5.443577903599059e+01 4.158568926845302e-18 7.964529522085888e-02
0 8 5.808055777783007e+01 5.475620072398350e-18 6.560869742396153e-02
1 15 5.813717719702754e+01 5.522692724872341e-18 7.964670100017530e-02
1 16 6.183860572094083e+01 3.470428116501942e-17 7.964804832187600e-02
0 9 6.470651554861014e+01 4.982817928330840e-18 6.561059084798168e-02
1 17 6.554012742833935e+01 3.900435739068379e-18 7.965219866451585e-02
1 18 6.924183369395047e+01 3.919265249003233e-18 7.966989063668120e-02
0 10 7.133234074838471e+01 1.077634587600236e-17 6.560357397470104e-02
1 19 7.294341233445476e+01 3.275716257389101e-18 7.967108591381271e-02
1 20 7.664532086083210e+01 3.201463670475314e-18 7.966482574261609e-02
0 11 7.795801277602975e+01 4.906972567964272e-18 6.560618715495495e-02
1 21 8.034689999403716e+01 3.215034224073147e-18 7.966230144235287e-02
1 22 8.404846474250951e+01 3.764160669876298e-18 7.964703957016114e-02
0 12 8.458393001329684e+01 4.903562935448673e-18 6.561150802699779e-02
1 23 8.774991919667407e+01 2.874061249717136e-18 7.964245679481025e-02
0 13 9.120987021397707e+01 3.542926478630008e-17 6.561022808163704e-02
1 24 9.145133582591632e+01 5.570066448974338e-18 7.964620264665864e-02
1 25 9.515278367552733e+01 4.910805629852126e-18 7.965326783931011e-02
0 14 9.783584368983256e+01 4.236138019639987e-18 6.560911311190602e-02
1 26 9.885432395046759e+01 3.097115950518850e-18 7.965685009930881e-02
1 27 1.025561323523327e+02 3.123186091915425e-18 7.967187243932035e-02
0 15 1.044615891427838e+02 4.921314038106549e-18 6.560309064094741e-02
1 28 1.062577249382178e+02 3.246671203177004e-18 7.967212025022302e-02
1 29 1.099595829459066e+02 4.504824982466141e-18 7.965995377752212e-02
0 16 1.110873020378559e+02 5.582080899547803e-18 6.560796305769602e-02
1 30 1.136611302500058e+02 3.345290445838640e-16 7.965669038730561e-02
1 31 1.173626065396125e+02 4.761510858347045e-18 7.964622617091725e-02
0 17 1.177132721171709e+02 4.251884255324173e-18 6.561099591202502e-02
1 32 1.210640457458069e+02 4.790708447452343e-18 7.964188434209807e-02
0 18 1.243391943250776e+02 4.808997558355073e-18 6.561119377192187e-02
1 33 1.247654945185661e+02 3.438370065413172e-18 7.964611525595593e-02
1 34 1.284669943986964e+02 3.444081601610495e-18 7.965916955319237e-02
0 19 1.309651561176768e+02 4.821144729228361e-18 6.560727174743172e-02
1 35 1.321685464482277e+02 2.678434743307721e-17 7.966210902941286e-02
1 36 1.358704330271733e+02 4.504560933207175e-18 7.967160913382873e-02
0 20 1.375908397672650e+02 5.651658594666469e-18 6.560335791290192e-02
1 37 1.395720344362032e+02 3.634512660746749e-18 7.967095946490386e-02
1 38 1.432738163365505e+02 6.542979906135499e-18 7.965481337272227e-02
0 21 1.442166097270844e+02 9.174017443315454e-17 6.560976524993793e-02
1 39 1.469753287961470e+02 3.987675710343338e-18 7.965098729971899e-02
0 22 1.508426005478253e+02 4.881251993919908e-18 6.560930713034806e-02
1 40 1.506767469914183e+02 3.025712684043693e-18 7.964646943934790e-02
1 41 1.543781759161684e+02 3.518230343690472e-18 7.964353609177416e-02
0 23 1.574685278714942e+02 5.968601706577344e-18 6.561141715309976e-02
1 42 1.580796617253143e+02 7.014241753306846e-17 7.964797919156170e-02
1 43 1.617812438480782e+02 3.534159378627099e-18 7.966478415350829e-02
0 24 1.640944418316598e+02 5.797936551346671e-18 6.560533813781233e-02
1 44 1.654828061145154e+02 2.873134287688667e-18 7.966699478293589e-02
1 45 1.691847294476676e+02 4.287630612363941e-18 7.966938898121496e-02
0 25 1.707200995451240e+02 4.710965551390714e-18 6.560435471005430e-02
1 46 1.728863299232377e+02 4.457253380286998e-18 7.966788042250954e-02
1 47 1.765880176737673e+02 3.418416518523547e-18 7.965020381099705e-02
0 26 1.773459343155072e+02 4.953229900794339e-18 6.561106772957367e-02
1 48 1.802894988041540e+02 2.873927815587866e-18 7.964605732799128e-02
0 27 1.839719100621691e+02 4.857146978386725e-18 6.560861108355147e-02
1 49 1.839908964092145e+02 4.761879322079638e-17 7.964669275315835e-02
1 50 1.876923238393186e+02 3.817376238573802e-18 7.964707029260257e-02
0 28 1.905978616099205e+02 2.121371599753378e-16 6.561084840202513e-02
1 51 1.913938405543973e+02 5.502560716671469e-18 7.965130778123099e-02
1 52 1.950955250285638e+02 5.499364969610176e-18 7.966915966260543e-02
0 29 1.972237038825291e+02 4.520306262301187e-18 6.560384394493023e-02
1 53 1.987971005590233e+02 4.271626486137473e-18 7.967053780767931e-02
1 54 2.024990155354781e+02 1.246587038738903e-17 7.966565906001757e-02
0 30 2.038493699836646e+02 4.854539144093151e-18 6.560586480466822e-02
1 55 2.062006000592202e+02 3.222415868464864e-18 7.966330350894507e-02
1 56 2.099021850617640e+02 1.361408842242308e-17 7.964733708137500e-02
0 31 2.104752743289120e+02 5.475513158269285e-18 6.561157501145788e-02
1 57 2.136036432888474e+02 2.874048354407371e-18 7.964279416293497e-02
0 32 2.171012194574872e+02 2.455569444536217e-16 6.560997971072453e-02
1 58 2.173050545073154e+02 2.873987498554201e-18 7.964624347377218e-02
1 59 2.210064961324076e+02 5.554265112169894e-18 7.965206039230062e-02
0 33 2.237271922214699e+02 5.475563109156297e-18 6.560947478423021e-02
1 60 2.247080333107046e+02 2.985466820697405e-18 7.965577343863695e-02
1 61 2.284098220010967e+02 2.992318416593736e-18 7.967159046274712e-02
0 34 2.303529527693957e+02 4.236417854561373e-18 6.560315523255615e-02
1 62 2.321114121988847e+02 3.247690244812930e-18 7.967202827169774e-02
1 63 2.358132827980028e+02 8.484805286568252e-18 7.966092790859081e-02
0 35 2.369786561943288e+02 4.310851820993355e-18 6.560760561105375e-02
1 64 2.395148370970514e+02 3.614161310306580e-18 7.965780224994974e-02
1 65 2.432163294091865e+02 4.505188790322267e-18 7.964621476192556e-02
0 36 2.436046170530377e+02 4.883454080699229e-18 6.561117558149350e-02
1 66 2.469177713110966e+02 2.482312231877713e-16 7.964174915644096e-02
0 37 2.502305416261857e+02 4.444404798307225e-18 6.561103266042284e-02
1 67 2.506192131606267e+02 3.052835556106124e-18 7.964598330485038e-02
1 68 2.543206993229127e+02 2.943611127622936e-18 7.965789683490979e-02
0 38 2.568565085619306e+02 4.657356163432109e-18 6.560770023015459e-02
1 69 2.580222494080533e+02 3.564283732655608e-18 7.966097126221734e-02
1 70 2.617241230606256e+02 3.404376322298619e-18 7.967177136540804e-02
0 39 2.634822024635052e+02 8.016197924496748e-17 6.560322481469603e-02
1 71 2.654257232421442e+02 7.510149935613148e-18 7.967130036290991e-02
1 72 2.691275223380223e+02 3.500485045785262e-18 7.965578022615559e-02
0 40 2.701079595835316e+02 5.014563239892864e-18 6.560944940778018e-02
1 73 2.728290417649660e+02 4.505026518455808e-18 7.965205145172820e-02
0 41 2.767339499102738e+02 4.291748912518056e-17 6.560962841175472e-02
1 74 2.765304687868723e+02 3.423401880287263e-18 7.964631567164129e-02
1 75 2.802318992899218e+02 2.958932915023192e-18 7.964297361614572e-02
0 42 2.833598740334667e+02 4.488894393710579e-18 6.561149984668724e-02
1 76 2.839333777190173e+02 4.176987593670923e-18 7.964739911041788e-02
1 77 2.876349410848557e+02 2.873279959546213e-18 7.966364838448967e-02
0 43 2.899857998818835e+02 4.311492097673337e-18 6.560570417781691e-02
1 78 2.913365010873986e+02 7.726913116616043e-18 7.966601582157631e-02
1 79 2.950384206638366e+02 5.415449134398704e-18 7.966991491723249e-02
0 44 2.966114599928287e+02 4.482015193454327e-18 6.560415518425283e-02
1 80 2.987400224054020e+02 4.279469083934904e-18 7.966857937652799e-02
1 81 3.024417303893952e+02 3.262067116870376e-18 7.965099696048777e-02
0 45 3.032372810345418e+02 4.793181114335430e-18 6.561086703936336e-02
1 82 3.061432174462431e+02 3.015332763760546e-18 7.964689124013967e-02
0 46 3.098632622451927e+02 5.537314146709934e-18 6.560862892985847e-02
1 83 3.098446159246743e+02 4.156659949652002e-18 7.964665265923904e-02
1 84 3.135460428946671e+02 4.848789355049380e-18 7.964615309040234e-02
0 47 3.164892078721843e+02 1.595003444047747e-17 6.561103713305048e-02
1 85 3.172475541558040e+02 2.873758883844286e-18 7.965046486294787e-02
1 86 3.209492169260526e+02 3.758607724760710e-18 7.966834640804567e-02
0 48 3.231150664109229e+02 4.902163595718310e-18 6.560413867391789e-02
1 87 3.246507894679235e+02 3.591750521792127e-18 7.966990271250188e-02
1 88 3.283527095521152e+02 3.002559809360025e-18 7.966645456977524e-02
0 49 3.297407279451605e+02 5.475698298380276e-18 6.560554722255105e-02
1 89 3.320542986892241e+02 3.011338305140577e-18 7.966426829528919e-02
1 90 3.357559043190381e+02 3.248741171373059e-18 7.964770855860946e-02
0 50 3.363666187850107e+02 1.731601008534752e-17 6.561161954966407e-02
1 91 3.394573665935279e+02 3.893129416271780e-18 7.964322517334518e-02
0 51 3.429925690651214e+02 4.845453845553693e-18 6.560958144927381e-02
1 92 3.431587730987004e+02 5.882877145706535e-16 7.964629184069810e-02
1 93 3.468602097831925e+02 4.505056992109792e-18 7.965088916774886e-02
0 52 3.496185401249044e+02 4.783620287711453e-18 6.560982136398102e-02
1 94 3.505617435595861e+02 2.873589621453070e-18 7.965472622256944e-02
1 95 3.542635119122752e+02 2.880812103794304e-18 7.967120948519869e-02
0 53 3.562443164856566e+02 5.118473313895841e-18 6.560324342886258e-02
1 96 3.579650993721442e+02 3.038845836105376e-18 7.967184349750210e-02
1 97 3.616669814166356e+02 8.271555601408957e-16 7.966188412997183e-02
0 54 3.628700112279494e+02 4.260508483471808e-18 6.560725322101921e-02
1 98 3.653685425186106e+02 3.866027129305773e-18 7.965890296115953e-02
1 99 3.690700520195565e+02 2.873953722912905e-18 7.964625560513672e-02
0 55 3.694959617760364e+02 5.475529776923398e-18 6.561131861078501e-02
1 100 3.727714968064272e+02 3.721696836511207e-18 7.964170949819929e-02
0 56 3.761218894455171e+02 1.962470229046402e-17 6.561086321203949e-02
1 101 3.764729318115994e+02 3.260700694109693e-18 7.964590359283973e-02
1 102 3.801744058859555e+02 2.925016317408998e-18 7.965661785297547e-02
0 57 3.827478598956937e+02 4.493569662977792e-18 6.560811661456706e-02
1 103 3.838759538194812e+02 2.986264711223793e-18 7.965982532163650e-02
1 104 3.875778128820770e+02 1.198418161263711e-16 7.967184862423314e-02
0 58 3.893735655820622e+02 7.576740285900066e-17 6.560315518710383e-02
1 105 3.912794114827664e+02 6.110158833461633e-18 7.967155811417698e-02
1 106 3.949812269609199e+02 3.776129642597125e-18 7.965676221584603e-02
0 59 3.959993103462667e+02 5.064015194308724e-18 6.560911553093782e-02
1 107 3.986827534801490e+02 7.407500148941395e-18 7.965314023768041e-02
1 108 4.023841909134347e+02 2.982067341532082e-18 7.964617431812153e-02
0 60 4.026252983396836e+02 4.982783061651772e-18 6.560998336956846e-02
1 109 4.060856232767754e+02 3.364000870957782e-18 7.964249228838448e-02
0 61 4.092512201936760e+02 7.138315428139030e-18 6.561156114843790e-02
1 110 4.097870940887340e+02 3.499901049655383e-18 7.964687589783558e-02
1 111 4.134886397118547e+02 5.347211378762614e-18 7.966246835690642e-02
0 62 4.158771573265862e+02 4.311601679090184e-18 6.560612840045386e-02
1 112 4.171901975740404e+02 4.846540095688630e-18 7.966498838658846e-02
1 113 4.208921114689016e+02 6.218256492807773e-18 7.967037444070442e-02
0 63 4.225028209189472e+02 5.842958719911016e-18 6.560396455469190e-02
1 114 4.245937138870195e+02 3.109892756556805e-17 7.966921268353834e-02
1 115 4.282954416335770e+02 2.873692227214570e-18 7.965183795844735e-02
0 64 4.291286285465890e+02 5.082185711858609e-18 6.561064389919623e-02
1 116 4.319969349355034e+02 7.701000411472394e-18 7.964779031736614e-02
0 65 4.357546139242003e+02 1.793843246887346e-16 6.560875671880655e-02
1 117 4.356983358534455e+02 2.874003185915371e-18 7.964657654528826e-02
1 118 4.393997628499976e+02 2.873963252050349e-18 7.964530080490348e-02
0 66 4.423805542795304e+02 5.105313822824268e-18 6.561119073787618e-02
1 119 4.431012681992356e+02 4.505078929488057e-18 7.964967225464899e-02
1 120 4.468029095422314e+02 4.504662112649804e-18 7.966745543617063e-02
0 67 4.490064282229722e+02 9.663110985767187e-18 6.560445489176839e-02
1 121 4.505044792360492e+02 4.028351765606228e-17 7.966918534933504e-02
1 122 4.542064027607834e+02 4.271266834138368e-18 7.966720314140527e-02
0 68 4.556320866466889e+02 4.529894915006389e-18 6.560523728845061e-02
1 123 4.579079959260152e+02 3.156221698480274e-18 7.966519148390845e-02
1 124 4.616096223929702e+02 4.871416872127162e-18 7.964815502215293e-02
0 69 4.622579633647941e+02 4.236049451036626e-18 6.561161446991287e-02
1 125 4.653110890068850e+02 4.324309764495545e-18 7.964374702006735e-02
0 70 4.688839198097425e+02 4.236174233837623e-18 6.560924524544481e-02
1 126 4.690124916435124e+02 4.505209155087076e-18 7.964633820301061e-02
1 127 4.727139245611614e+02 3.811689258127070e-18 7.964975994496910e-02
0 71 4.755098874872488e+02 4.960201140682594e-18 6.561014948390892e-02
1 128 4.764154545805932e+02 8.076948479220479e-17 7.965371331426924e-02
1 129 4.801172020207082e+02 3.478732211248780e-18 7.967073536978071e-02
0 72 4.821356802295599e+02 4.844369960439881e-18 6.560335532510404e-02
1 130 4.838187865860009e+02 2.904243729223655e-18 7.967156597735016e-02
1 131 4.875206788468400e+02 3.991989577476796e-18 7.966281661361546e-02
0 73 4.887613664886781e+02 1.342855901680964e-17 6.560692988717871e-02
1 132 4.912222464880552e+02 3.734475103713140e-18 7.965998639414555e-02
0 74 4.953873063176840e+02 5.475522883648970e-18 6.561144477011645e-02
1 133 4.949237741971122e+02 3.647949685108050e-18 7.964635511695511e-02
1 134 4.986252220707846e+02 5.647404846520407e-18 7.964176642381950e-02
0 75 5.020132377771392e+02 6.393524162374085e-18 6.561068836019657e-02
1 135 5.023266504187557e+02 3.961430454933958e-18 7.964586800466474e-02
1 136 5.060281140845386e+02 2.903232383099403e-18 7.965534247524565e-02
0 76 5.086392102189433e+02 2.059483772442596e-17 6.560851599085697e-02
1 137 5.097296595850217e+02 3.254825957521334e-18 7.965867879462693e-02
1 138 5.134315025158311e+02 2.872971763869743e-18 7.967183768407796e-02
0 77 5.152649288965821e+02 4.548044543273581e-18 6.560315456947714e-02
1 139 5.171330992436316e+02 4.504559519365355e-18 7.967172974242444e-02
1 140 5.208349302307248e+02 1.079770373245810e-17 7.965775221909874e-02
0 78 5.218906620262371e+02 3.878557419563010e-16 6.560876862965591e-02
1 141 5.245364639110825e+02 3.180907694077135e-18 7.965424579265078e-02
1 142 5.282379133058985e+02 3.607680722664440e-18 7.964605409868881e-02
0 79 5.285166457488829e+02 4.236124719810415e-18 6.561036233391106e-02
1 143 5.319393478112587e+02 3.659675607860579e-18 7.964209010919274e-02
0 80 5.351425663697237e+02 4.254652376668407e-18 6.561159409323587e-02
1 144 5.356408108154394e+02 3.111056733702558e-18 7.964640991407784e-02
1 145 5.393423398077875e+02 3.883704606514136e-18 7.966125235527433e-02
0 81 5.417685135196108e+02 4.483776718050926e-18 6.560656173503654e-02
1 146 5.430438956278193e+02 4.557202105239701e-18 7.966392069900040e-02
1 147 5.467458019226942e+02 3.676110690367225e-18 7.967076364877416e-02
0 82 5.483941823326657e+02 4.986564442083524e-18 6.560378506376970e-02
1 148 5.504474044609622e+02 3.754714226857214e-18 7.966977661221759e-02
1 149 5.541491514152132e+02 3.203404751715059e-18 7.965272086291826e-02
0 83 5.550199768631809e+02 4.743860027453108e-18 6.561040241805764e-02
1 150 5.578506510813796e+02 2.997114491730258e-18 7.964873845767889e-02
0 84 5.616459651425716e+02 1.641790767932852e-17 6.560894568679618e-02
1 151 5.615520562986725e+02 3.541507685053006e-18 7.964646221539606e-02
1 152 5.652534836658738e+02 5.979505355687620e-18 7.964451733103317e-02
0 85 5.682719006647853e+02 5.475511156190560e-18 6.561132813213756e-02
1 153 5.689549826637955e+02 3.173431822777019e-18 7.964893192986459e-02
1 154 5.726566030352278e+02 6.082015893795124e-18 7.966649219555172e-02
0 86 5.748977892163801e+02 5.011624057805632e-18 6.560478889744603e-02
1 155 5.763581700328344e+02 3.196778986185515e-18 7.966839130254687e-02
1 156 5.800600952427742e+02 3.569070111349547e-18 7.966790057481947e-02
0 87 5.815234460699012e+02 2.190011664968817e-17 6.560493783619706e-02
1 157 5.837616915946486e+02 2.969971147418083e-18 7.966606285886792e-02
1 158 5.874633391843685e+02 4.137564071495212e-18 7.964867624988391e-02
0 88 5.881493081688750e+02 4.726006962295349e-18 6.561149928477077e-02
1 159 5.911648104444135e+02 5.318781017320678e-16 7.964435602368185e-02
0 89 5.947752714422346e+02 5.475610668554484e-18 6.560898406184607e-02
1 160 5.948662102079550e+02 3.859401117588167e-18 7.964637348147062e-02
1 161 5.985676404073049e+02 2.873838459691142e-18 7.964867806296987e-02
0 90 6.014012343920093e+02 4.841541003959539e-18 6.561045603876156e-02
1 162 6.022691662720400e+02 3.205359216648484e-18 7.965273897773113e-02
1 163 6.059708923066071e+02 3.549437848966594e-18 7.967017109656176e-02
0 91 6.080270439265842e+02 4.237755278910800e-18 6.560349061156476e-02
1 164 6.096724738481485e+02 2.880969011478484e-18 7.967119528589901e-02
1 165 6.133743751426304e+02 3.495882096464009e-18 7.966371990154222e-02
0 92 6.146527224130953e+02 4.798380194443867e-18 6.560660674020904e-02
1 166 6.170759489892304e+02 1.901657217992764e-16 7.966104686781152e-02
1 167 6.207774957669023e+02 3.833024026126502e-18 7.964651879648968e-02
0 93 6.212786507623063e+02 6.845142402450442e-18 6.561155198242934e-02
1 168 6.244789469460935e+02 2.874081277966313e-18 7.964192032199997e-02
0 94 6.279045866049436e+02 4.570124549956132e-18 6.561051146764631e-02
1 169 6.281803689423834e+02 7.386205970326735e-18 7.964586774844826e-02
1 170 6.318818236887963e+02 2.982281910584819e-18 7.965408378648101e-02
0 95 6.345305599579304e+02 7.959535480158646e-18 6.560889690267502e-02
1 171 6.355833665847166e+02 2.941118553023929e-18 7.965754136349486e-02
1 172 6.392851919898857e+02 3.515180217167721e-18 7.967173573219834e-02
0 96 6.411562924061457e+02 4.466364273593377e-18 6.560317546305280e-02
1 173 6.429867866135625e+02 2.591055877940244e-17 7.967181268144412e-02
1 174 6.466886321737128e+02 3.572430898462588e-18 7.965874323434616e-02
0 97 6.477820146254642e+02 4.975271055369989e-18 6.560841361090487e-02
1 175 6.503901730225584e+02 5.786001542127753e-18 7.965536047042149e-02
1 176 6.540916358659642e+02 3.567714485689039e-17 7.964596358748137e-02
0 98 6.544079920948183e+02 4.831482601914815e-18 6.561075577801234e-02
1 177 6.577930727122656e+02 2.984792953717159e-18 7.964177741279149e-02
0 99 6.610339128593145e+02 4.700420998750708e-18 6.561145552072035e-02
1 178 6.614945278727840e+02 3.300943569765989e-18 7.964600112384011e-02
1 179 6.651960414234123e+02 3.235213893893869e-18 7.966000884686389e-02
0 100 6.676598684538557e+02 5.821559721868807e-18 6.560699860181554e-02
1 180 6.688975952671722e+02 4.014092197756309e-18 7.966282110594015e-02
1 181 6.725994920738125e+02 4.504572877104376e-18 7.967107864691353e-02
0 101 6.742855442423253e+02 6.311577972830429e-18 6.560361908089465e-02
1 182 6.763010942185001e+02 2.873036054693806e-18 7.967026746790216e-02
1 183 6.800028597513717e+02 2.102544637970859e-16 7.965363923773072e-02
0 102 6.809113259823256e+02 2.201678355158838e-16 6.561014692488240e-02
1 184 6.837043660182139e+02 2.986571575845743e-18 7.964973352815180e-02
0 103 6.875373160496030e+02 6.735409732559239e-18 6.560917570196956e-02
1 185 6.874057773482091e+02 2.924931660649878e-18 7.964630966386191e-02
1 186 6.911072052959262e+02 2.874017908956945e-18 7.964380640292672e-02
0 104 6.941632470305502e+02 6.134194974869184e-18 6.561144797813086e-02
1 187 6.948086975368113e+02 3.987634245170254e-18 7.964824552555801e-02
1 188 6.985102975586879e+02 2.873211798936660e-18 7.966546294085991e-02
0 105 7.007891493023866e+02 5.175392992829521e-18 6.560513661453714e-02
1 189 7.022118620155553e+02 2.873115188304920e-18 7.966752693388610e-02
1 190 7.059137870870275e+02 6.522588147745955e-16 7.966854293130791e-02
0 106 7.074148060933138e+02 4.275711877598556e-18 6.560466642037105e-02
1 191 7.096153858766683e+02 2.873165535500747e-18 7.966687713973261e-02
1 192 7.133170546164266e+02 2.881614566985938e-18 7.964927079770023e-02
0 107 7.140406536407037e+02 4.604800523474938e-18 6.561135164409433e-02
1 193 7.170185308402930e+02 3.180481536902498e-18 7.964504765523352e-02
0 108 7.206666236625631e+02 6.112788229166232e-18 6.560880963441372e-02
1 194 7.207199288779680e+02 4.505213587790658e-18 7.964638938255064e-02
1 195 7.244213572709809e+02 1.888878312591157e-16 7.964764846430598e-02
0 109 7.272925809170350e+02 4.436721144056422e-18 6.561073815609199e-02
1 196 7.281228785499404e+02 3.175238806280634e-18 7.965180691534640e-02
1 197 7.318245828875476e+02 3.244696155441858e-18 7.966951844963431e-02
0 110 7.339184076356254e+02 5.762847760700615e-18 6.560372020128991e-02
1 198 7.355261612348718e+02 3.129600667588203e-18 7.967072997615041e-02
1 199 7.392280703677354e+02 3.000314325789932e-18 7.966458888935311e-02
0 111 7.405440791008242e+02 5.707736640779729e-18 6.560628257091879e-02
1 200 7.429296500192299e+02 3.206733196821617e-18 7.966207912380670e-02
1 201 7.466312165599135e+02 3.444194705074938e-18 7.964675110822290e-02
0 112 7.471699951955353e+02 6.409424145171626e-18 6.561163858734968e-02
1 202 7.503326712825631e+02 3.681595638631049e-18 7.964217083713794e-02
0 113 7.537959358988585e+02 6.008147027335757e-17 6.561033635542762e-02
1 203 7.540340873601930e+02 5.721995030353784e-18 7.964589351395596e-02
1 204 7.577355346274434e+02 3.602371336217731e-18 7.965284894815054e-02
0 114 7.604219093173961e+02 5.247934397233530e-18 6.560926899862823e-02
1 205 7.614370746553747e+02 2.992782407944468e-18 7.965644283000774e-02
1 206 7.651388813409027e+02 3.027290542259695e-18 7.967154048577299e-02
0 115 7.670476560863760e+02 4.236412388443157e-18 6.560321884121653e-02
1 207 7.688404736877172e+02 3.899385471083624e-18 7.967180488490146e-02
1 208 7.725423328182410e+02 2.873400877616534e-18 7.965972847526744e-02
0 116 7.736733681373698e+02 5.293456434860823e-18 6.560805521426219e-02
1 209 7.762438807768970e+02 3.650341224732633e-17 7.965647693466804e-02
1 210 7.799453584666014e+02 4.782685585475440e-18 7.964591104318682e-02
0 117 7.802993373753102e+02 4.240867768823130e-18 6.561115446297439e-02
1 211 7.836467978400717e+02 3.261524633219721e-18 7.964155670442465e-02
0 118 7.869252598622804e+02 5.283469422121785e-18 6.561130403420540e-02
1 212 7.873482459382017e+02 2.873964412978098e-18 7.964578882932223e-02
1 213 7.910497445814020e+02 3.463368792710201e-18 7.965874634334960e-02
0 119 7.935512221531486e+02 6.907029124826570e-18 6.560743347550514e-02
1 214 7.947512964758641e+02 3.978497346768874e-18 7.966169793790444e-02
1 215 7.984531819604528e+02 3.879679937785956e-18 7.967131559444185e-02
0 120 8.001769066540108e+02 5.067942273244389e-18 6.560346907630808e-02
1 216 8.021547832483294e+02 3.642826177002830e-18 7.967068163196935e-02
1 217 8.058565666639781e+02 3.732084166888013e-18 7.965458628168860e-02
0 121 8.068026754930950e+02 5.898270749392751e-17 6.560986177418114e-02
1 218 8.095580797464623e+02 3.274832755696085e-18 7.965076846252975e-02
0 122 8.134286663182936e+02 5.818656001182281e-18 6.560945770283393e-02
1 219 8.132594986761397e+02 2.881888644239252e-18 7.964614335813291e-02
1 220 8.169609276825984e+02 3.052482853221721e-18 7.964317161181964e-02
0 123 8.200545933793042e+02 4.236050669536094e-18 6.561154894471687e-02
1 221 8.206624128093495e+02 9.643500001907802e-17 7.964761436290319e-02
1 222 8.243639932549848e+02 3.852122506492034e-18 7.966437463114330e-02
0 124 8.266805084107302e+02 5.104269965634720e-18 6.560549366107529e-02
1 223 8.280655553226350e+02 2.873148551768175e-18 7.966659927437726e-02
1 224 8.317674783789829e+02 6.456353818584897e-18 7.966912632105998e-02
0 125 8.333061662870674e+02 4.434111536108825e-18 6.560446051719500e-02
1 225 8.354690789854435e+02 3.545664117677617e-18 7.966763298807933e-02
1 226 8.391707685241350e+02 3.160003962035505e-18 7.964996005572382e-02
0 126 8.399319998393012e+02 4.430804081495811e-18 6.561117459210998e-02
1 227 8.428722501453419e+02 3.190566319890309e-18 7.964581658499241e-02
0 127 8.465579761261463e+02 5.404437547392801e-18 6.560873203973895e-02
1 228 8.465736477543002e+02 6.678058049416058e-17 7.964637872729209e-02
1 229 8.502750751089158e+02 3.825698634458330e-18 7.964667574753936e-02
0 128 8.531839271335903e+02 4.236060524948049e-18 6.561099316165558e-02
1 230 8.539765913489894e+02 6.193677687851829e-18 7.965092031528020e-02
1 231 8.576782738985288e+02 4.232220789820969e-18 7.966878017793234e-02
0 129 8.598097708975639e+02 5.431419179994760e-18 6.560399242557527e-02
1 232 8.613798491490677e+02 3.525939288268007e-18 7.967017417326890e-02
1 233 8.650817646092265e+02 1.057525688972141e-17 7.966541907390812e-02
0 130 8.664354365493574e+02 4.843501207711213e-18 6.560596045278373e-02
1 234 8.687833495902233e+02 3.945988033008540e-18 7.966307828435494e-02
1 235 8.724849364193494e+02 2.153875461446443e-17 7.964705538802561e-02
0 131 8.730613396999802e+02 4.508408560233740e-18 6.561170339043630e-02
1 236 8.761863949432860e+02 4.505249515304139e-18 7.964251680682458e-02
0 132 8.796872852939357e+02 1.633024858618990e-16 6.561006656499040e-02
1 237 8.798878056708448e+02 4.505211756946064e-18 7.964593567113246e-02
1 238 8.835892468266740e+02 4.054172000723248e-18 7.965164464695389e-02
0 133 8.863132579689166e+02 7.532442353030083e-18 6.560962933220041e-02
1 239 8.872907837301929e+02 3.087404935748295e-18 7.965536876385292e-02
1 240 8.909925706187614e+02 3.154760220720740e-18 7.967125030677191e-02
0 134 8.929390199005744e+02 6.031414220442167e-18 6.560328543448790e-02
1 241 8.946941605705180e+02 3.240048423703143e-18 7.967170493464787e-02
1 242 8.983960321965152e+02 9.641372184241615e-18 7.966070144434198e-02
0 135 8.995647225468437e+02 5.980644355126066e-18 6.560769796109835e-02
1 243 9.020975871368664e+02 4.955043663857706e-18 7.965758822872916e-02
1 244 9.057990809579064e+02 6.291245359428843e-18 7.964590424161831e-02
0 136 9.061906825005559e+02 4.695058478087885e-18 6.561131279248925e-02
1 245 9.095005230430534e+02 1.652716169298559e-16 7.964143007579551e-02
0 137 9.128166073826918e+02 4.733259633785177e-18 6.561114186150280e-02
1 246 9.132019642215786e+02 2.987316981972489e-18 7.964566204776012e-02
1 247 9.169034492780073e+02 2.873510856350865e-18 7.965747327175461e-02
0 138 9.194425746705833e+02 5.744740598194813e-18 6.560786097277636e-02
1 248 9.206049992052619e+02 2.873368525622631e-18 7.966055937588269e-02
1 249 9.243068716125422e+02 3.724296094788675e-18 7.967147077246212e-02
0 139 9.260682695696163e+02 1.341471942136590e-16 6.560333758014678e-02
1 250 9.280084716366547e+02 4.504578080912282e-18 7.967101562341385e-02
1 251 9.317102721772791e+02 4.748880245526033e-18 7.965555496130863e-02
0 140 9.326940256050233e+02 4.767174884367927e-18 6.560954407134355e-02
1 252 9.354117922457251e+02 1.101151931779086e-15 7.965183529380858e-02
0 141 9.393200157733062e+02 6.110967250038067e-18 6.560978217276284e-02
1 253 9.391132201483862e+02 3.150190604138173e-18 7.964599051743136e-02
1 254 9.428146507536050e+02 3.072652851424606e-18 7.964261640533121e-02
0 142 9.459459397161900e+02 5.475507699388468e-18 6.561162970732010e-02
1 255 9.465161284719732e+02 4.505148814696251e-18 7.964703945150801e-02
1 256 9.502176902490020e+02 3.744066433377401e-18 7.966323480992822e-02
0 143 9.525718665901271e+02 4.390137701362334e-18 6.560586461337281e-02
1 257 9.539192500675191e+02 5.737735426036422e-17 7.966561589834377e-02
1 258 9.576211691973798e+02 3.480861309679235e-18 7.966964686265798e-02
0 144 9.591975269501770e+02 6.350262915652299e-18 6.560426157356922e-02
1 259 9.613227710108963e+02 3.244045484172007e-18 7.966832662364330e-02
1 260 9.650244807399388e+02 3.125602281774384e-18 7.965075792026355e-02
0 145 9.658233468062706e+02 5.942450405001656e-18 6.561097160146949e-02
1 261 9.687259683238798e+02 2.993872159968433e-18 7.964665675470242e-02
0 146 9.724493284528418e+02 4.444291029764713e-18 6.560875927166843e-02
1 262 9.724273669459909e+02 3.841101367018806e-18 7.964633577409105e-02
1 263 9.761287938827691e+02 4.505177894313223e-18 7.964576422274852e-02
0 147 9.790752736163103e+02 1.084395025720211e-17 6.561117481274012e-02
1 264 9.798303046217777e+02 3.690339981049208e-18 7.965008190324004e-02
1 265 9.835319654879647e+02 5.432705646947345e-18 7.966795999468666e-02
0 148 9.857011335424058e+02 5.475750007275097e-18 6.560428914274702e-02
1 266 9.872335377652978e+02 3.597606377407082e-18 7.966953176249474e-02
1 267 9.909354581978689e+02 2.903576596639447e-18 7.966621098162600e-02
0 149 9.923267947498736e+02 4.236289914626075e-18 6.560564334053691e-02
1 268 9.946370477302314e+02 3.272058710094072e-18 7.966403979528637e-02
1 269 9.983386552056152e+02 4.290222649344103e-18 7.964743377585637e-02
0 150 9.989526843514831e+02 2.992856414545894e-17 6.561174569932055e-02
1 270 1.002040117807802e+03 3.782016958282834e-18 7.964295621763494e-02
0 151 1.005578635182091e+03 4.741609751253737e-18 6.560967295698308e-02
1 271 1.005741523896233e+03 1.150730682793623e-16 7.964598450803670e-02
1 272 1.009442960214891e+03 5.457068844185540e-18 7.965047708800739e-02
0 152 1.012204605999953e+03 4.236097633789220e-18 6.560997428127881e-02
1 273 1.013144493683317e+03 3.578827643013108e-18 7.965432459265720e-02
1 274 1.016846260199069e+03 3.129478512010271e-18 7.967086084127115e-02
0 153 1.018830383798749e+03 5.475782392939029e-18 6.560337566613275e-02
1 275 1.020547847378113e+03 3.320830299320722e-18 7.967151214137524e-02
1 276 1.024249730346615e+03 3.633422194577832e-18 7.966165598347186e-02
0 154 1.025456077830264e+03 4.236558109462096e-18 6.560734611861953e-02
1 277 1.027951292069163e+03 4.504872295185996e-18 7.965868782165936e-02
1 278 1.031652803174132e+03 3.741524248201635e-18 7.964595031462092e-02
0 155 1.032082027378149e+03 4.487703340398917e-18 6.561145424757987e-02
1 279 1.035354248162285e+03 3.978926478751216e-18 7.964139911702671e-02
0 156 1.038707955420822e+03 1.561884613684059e-16 6.561097158106402e-02
1 280 1.039055682510188e+03 5.037717692519529e-18 7.964558684336176e-02
1 281 1.042757155634702e+03 2.925386817189687e-18 7.965619413917295e-02
0 157 1.045333926085605e+03 5.275366745288646e-18 6.560827592970642e-02
1 282 1.046458703378527e+03 3.399755605063402e-18 7.965941333335147e-02
1 283 1.050160561055101e+03 1.761545675545327e-16 7.967154067129242e-02
0 158 1.051959632885985e+03 4.911309862980309e-17 6.560327742382759e-02
1 284 1.053862159468378e+03 3.531187127306314e-18 7.967126617975773e-02
1 285 1.057563976316332e+03 6.152464952397351e-18 7.965653814136035e-02
0 159 1.058585376623393e+03 5.796999857507284e-18 6.560920877578719e-02
1 286 1.061265503490217e+03 7.467881458431968e-18 7.965292605380929e-02
1 287 1.064966941947880e+03 3.136640170359357e-18 7.964585088613549e-02
0 160 1.065211364285820e+03 4.236131092649284e-18 6.561013944362429e-02
1 288 1.068668374435736e+03 3.068534721741644e-18 7.964214196497632e-02
0 161 1.071837286051421e+03 9.923916723422147e-18 6.561168896121997e-02
1 289 1.072369844511258e+03 3.197250913525861e-18 7.964652147606399e-02
1 290 1.076071388643025e+03 3.223450535623052e-18 7.966205147224448e-02
0 162 1.078463224097551e+03 4.501620769720543e-18 6.560628973700032e-02
1 291 1.079772946333675e+03 5.768446684617120e-18 7.966458478471145e-02
1 292 1.083474859611704e+03 4.889838633037659e-18 7.967010066137016e-02
0 163 1.085088888091934e+03 6.187103030368968e-18 6.560407170812793e-02
1 293 1.087176462045691e+03 2.279132526522447e-17 7.966895429212408e-02
1 294 1.090878191486941e+03 2.983204007406376e-18 7.965160312586184e-02
0 164 1.091714694566809e+03 5.664919085581663e-18 6.561074651151456e-02
1 295 1.094579685349881e+03 1.565229122954434e-17 7.964756147078444e-02
0 165 1.098340680238295e+03 4.301859319812339e-18 6.560889684697009e-02
1 296 1.098281086562685e+03 2.874014818448997e-18 7.964625651945731e-02
1 297 1.101982513555565e+03 7.360295643036869e-18 7.964491796445204e-02
0 166 1.104966620198304e+03 4.526680092347221e-18 6.561132692512596e-02
1 298 1.105684018336451e+03 3.586681013586244e-18 7.964929399313606e-02
1 299 1.109385657812294e+03 3.822883317591138e-18 7.966706254858850e-02
0 167 1.111592495460014e+03 4.861770365725609e-18 6.560460703966230e-02
1 300 1.113087227258309e+03 2.635772628275039e-17 7.966880754866597e-02
1 301 1.116789150980506e+03 3.466952296734777e-18 7.966695545541844e-02
0 168 1.118218153688127e+03 4.515963486059775e-18 6.560533410744969e-02
1 302 1.120490744482760e+03 3.106848511219548e-18 7.966495935967839e-02
1 303 1.124192372799698e+03 3.278454990153247e-18 7.964788717762342e-02
0 169 1.124844029108262e+03 1.244705423741427e-16 6.561172912073923e-02
1 304 1.127893839774290e+03 5.646561786782600e-18 7.964348618256072e-02
0 170 1.131469986187053e+03 5.461832670128876e-18 6.560934261590928e-02
1 305 1.131595242082094e+03 2.874006529306030e-18 7.964603050449913e-02
1 306 1.135296674726259e+03 5.650008885519054e-18 7.964935200895615e-02
0 171 1.138095953497179e+03 6.051337784425878e-18 6.561030050396910e-02
1 307 1.138998204399696e+03 4.940084562227298e-17 7.965331512431521e-02
1 308 1.142699949953948e+03 3.501689366788941e-18 7.967037888249175e-02
0 172 1.144721747717553e+03 4.491145898803779e-18 6.560348959562393e-02
1 309 1.146401534239907e+03 2.880878383091808e-18 7.967122663181327e-02
1 310 1.150103427314358e+03 3.807723033481976e-18 7.966258630065991e-02
0 173 1.151347433273314e+03 9.584469463845829e-18 6.560702497109290e-02
1 311 1.153804995547999e+03 7.517498445397349e-18 7.965976962961900e-02
0 174 1.157973372082373e+03 4.985766230642225e-18 6.561157861477114e-02
1 312 1.157506524941307e+03 2.873952609592018e-18 7.964605559975893e-02
1 313 1.161207973036833e+03 5.390552908930824e-18 7.964146482743824e-02
0 175 1.164599303970009e+03 7.901129221279109e-18 6.561079616638509e-02
1 314 1.164909400752280e+03 3.632108862039392e-18 7.964555502944745e-02
1 315 1.168610863598841e+03 3.143253515934258e-18 7.965492016767174e-02
0 176 1.171225276500029e+03 3.696701114167421e-17 6.560867346641887e-02
1 316 1.172312408896360e+03 3.309219280224243e-18 7.965826735728519e-02
1 317 1.176014250312529e+03 3.261477020817698e-18 7.967152209314411e-02
0 177 1.177850996393962e+03 4.560975454276883e-18 6.560327854973089e-02
1 318 1.179715846829211e+03 3.429396048004360e-18 7.967143035310570e-02
1 319 1.183417679106552e+03 1.249331398876673e-16 7.965752870758257e-02
0 178 1.184476728558437e+03 3.331616427316346e-17 6.560886089012055e-02
1 320 1.187119213448624e+03 3.903155506382105e-18 7.965403289476593e-02
1 321 1.190820664005972e+03 3.613538552877261e-18 7.964573318004989e-02
0 179 1.191102711772922e+03 4.805854603719635e-18 6.561051985298663e-02
1 322 1.194522098650521e+03 2.904090829848014e-18 7.964174772185610e-02
0 180 1.197728632408863e+03 4.255867832257683e-18 6.561170630673765e-02
1 323 1.198223560907425e+03 3.448649419749696e-18 7.964606076584579e-02
1 324 1.201925088513131e+03 2.873384774307090e-18 7.966083292420414e-02
0 181 1.204354580350906e+03 4.591039262659348e-18 6.560672347617297e-02
1 325 1.205626644171142e+03 4.843704357444268e-18 7.966351417127615e-02
1 326 1.209328549680600e+03 4.504586282754149e-18 7.967048380946085e-02
0 182 1.210980249721601e+03 5.965024214568445e-18 6.560389317728084e-02
1 327 1.213030152182594e+03 3.760565355106572e-18 7.966951225992873e-02
1 328 1.216731900775032e+03 3.211718153207062e-18 7.965248968058758e-02
0 183 1.217606043131133e+03 4.913554776780918e-18 6.561050345517759e-02
1 329 1.220433401017729e+03 3.191156718119194e-18 7.964851367862794e-02
0 184 1.224232031614104e+03 1.068220195378087e-17 6.560908719703683e-02
1 330 1.224134806706295e+03 3.127855241532595e-18 7.964613896009792e-02
1 331 1.227836234087413e+03 3.936680302388311e-18 7.964414085658887e-02
0 185 1.230857966757359e+03 4.906702628380646e-18 6.561146271347414e-02
1 332 1.231537732473171e+03 4.912647114972473e-18 7.964855853142516e-02
1 333 1.235239351029613e+03 5.032075240930320e-17 7.966609336744786e-02
0 186 1.237483856549079e+03 4.686514569476394e-18 6.560494237648067e-02
1 334 1.238940917796745e+03 3.194333330483688e-18 7.966800719306823e-02
1 335 1.242642843046272e+03 4.773416505792761e-18 7.966764846418152e-02
0 187 1.244109513345475e+03 3.493915177508301e-17 6.560503558487626e-02
1 336 1.246344439645221e+03 2.904277103651012e-18 7.966582585926499e-02
1 337 1.250046089104849e+03 4.099678315818298e-18 7.964841525763673e-02
0 188 1.250735374146382e+03 4.996103902607640e-18 6.561161079804835e-02
1 338 1.253747560760251e+03 7.701389758873502e-16 7.964410294234624e-02
0 189 1.257361338054839e+03 6.661817677295084e-18 6.560908841781278e-02
1 339 1.257448960296719e+03 3.805718522806665e-18 7.964606463481887e-02
1 340 1.261150390302787e+03 3.630248006269240e-18 7.964827471165768e-02
0 190 1.263987300543423e+03 4.831445125534587e-18 6.561060491727654e-02
1 341 1.264851915779472e+03 3.393034894386832e-18 7.965234457138674e-02
1 342 1.268553639897342e+03 3.261836036595443e-18 7.966980687558846e-02
0 191 1.270613111581262e+03 4.289140372950126e-18 6.560362687331844e-02
1 343 1.272255221135935e+03 2.926929409615036e-18 7.967084770393348e-02
1 344 1.275957123154672e+03 3.840001893058987e-18 7.966348697317571e-02
0 192 1.277238789437375e+03 4.808463345554168e-18 6.560670155737629e-02
1 345 1.279658697558406e+03 2.804877135001273e-16 7.966082801310886e-02
1 346 1.283360246084914e+03 4.505173493387237e-18 7.964622550535636e-02
0 193 1.283864716697813e+03 2.124331389456375e-17 6.561168385406123e-02
1 347 1.287061697509288e+03 3.604187844440314e-18 7.964162753061378e-02
0 194 1.290490653013045e+03 5.024550826526134e-18 6.561061902401173e-02
1 348 1.290763118909603e+03 8.503539475853648e-18 7.964555775459650e-02
1 349 1.294464572963395e+03 3.281010347676874e-18 7.965366353625108e-02
0 195 1.297116626402089e+03 8.830587555216785e-18 6.560905315945133e-02
1 350 1.298166115632906e+03 2.950673612642764e-18 7.965713319519981e-02
1 351 1.301867939413443e+03 3.201697729338962e-18 7.967141226480551e-02
0 196 1.303742360094957e+03 4.236405822623836e-18 6.560330129200503e-02
1 352 1.305569533808438e+03 3.810797918186088e-17 7.967150561616688e-02
1 353 1.309271380574245e+03 3.814168520662318e-18 7.965851967643044e-02
0 197 1.310368081411506e+03 4.443600681444973e-18 6.560850530721545e-02
1 354 1.312972922085213e+03 3.801289268810881e-18 7.965514819697503e-02
1 355 1.316674386221287e+03 2.495932703338012e-17 7.964564595315643e-02
0 198 1.316994058195556e+03 5.011306927387505e-18 6.561091389537059e-02
1 356 1.320375823220932e+03 3.525124713654422e-18 7.964144322090946e-02
0 199 1.323619979114537e+03 6.368550816903326e-18 6.561156631298440e-02
1 357 1.324077277633335e+03 4.133884785433021e-18 7.964565724894100e-02
1 358 1.327778789907348e+03 2.873431340242743e-18 7.965958764105233e-02
0 200 1.330245935346050e+03 5.865296206233398e-18 6.560716025328016e-02
1 359 1.331480343594946e+03 3.213535225460573e-18 7.966241240790356e-02
1 360 1.335182239451486e+03 2.873007860176614e-18 7.967079241023874e-02
0 201 1.336871611847486e+03 4.471330312994269e-18 6.560372836304310e-02
1 361 1.338883841512606e+03 5.750474048808396e-18 7.966999683233034e-02
1 362 1.342585608621866e+03 1.365872177053404e-16 7.965341111012197e-02
0 202 1.343497392496125e+03 3.628260899121288e-16 6.561024677747912e-02
1 363 1.346287115492446e+03 3.188676132199882e-18 7.964951281481859e-02
0 203 1.350123382640443e+03 4.519348887648888e-18 6.560932203192826e-02
1 364 1.349988527462617e+03 2.940527350059934e-18 7.964598330007108e-02
1 365 1.353689955431004e+03 3.252713808214523e-18 7.964343662487426e-02
0 204 1.356749313295904e+03 5.475502846928301e-18 6.561158083867705e-02
1 366 1.357391447019842e+03 3.995950278617969e-18 7.964787713059791e-02
1 367 1.361093045292832e+03 3.758599702157655e-18 7.966505877646382e-02
0 205 1.363375216722337e+03 4.236313591830560e-18 6.560529104397034e-02
1 368 1.364794609536397e+03 5.699134922919388e-18 7.966713712509201e-02
1 369 1.368496534483883e+03 4.404382966023558e-16 7.966828607420631e-02
0 206 1.370000873556727e+03 2.651674562019861e-16 6.560477122962602e-02
1 370 1.372198133459463e+03 3.163093205567547e-18 7.966663545911487e-02
1 371 1.375899804046602e+03 3.178021198669700e-18 7.964901646191785e-02
0 207 1.376626719857499e+03 6.294968043510626e-18 6.561146026361299e-02
1 372 1.379601280701688e+03 2.978599886033633e-18 7.964480189177531e-02
0 208 1.383252690481002e+03 5.475608009516443e-18 6.560892197148384e-02
1 373 1.383302678627710e+03 3.198376322646770e-18 7.964607868984143e-02
1 374 1.387004106894789e+03 3.646901949902897e-18 7.964725010704554e-02
0 209 1.389878647215707e+03 4.712786285033462e-18 6.561088466727000e-02
1 375 1.390705627740641e+03 3.494909573829180e-18 7.965141658976052e-02
1 376 1.394407330148782e+03 5.988483894652157e-18 7.966914669313431e-02
0 210 1.396504475452354e+03 5.031882746665055e-18 6.560386604743694e-02
1 377 1.398108908203894e+03 2.989488660800464e-18 7.967037444724799e-02
1 378 1.401810817932222e+03 2.961400603530678e-18 7.966435292907555e-02
0 211 1.403130146363863e+03 4.927138287912997e-18 6.560637738194268e-02
1 379 1.405512398098905e+03 3.585232111795629e-18 7.966185775198613e-02
1 380 1.409213966437056e+03 6.484315777738009e-18 7.964646439526313e-02
0 212 1.409756061309875e+03 4.883373681234653e-18 6.561176834736446e-02
1 381 1.412915421431020e+03 9.187219050668087e-18 7.964188679905536e-02
0 213 1.416382002518343e+03 9.932151753410997e-17 6.561044402131866e-02
1 382 1.416616836961721e+03 4.870993669225493e-18 7.964558566487945e-02
1 383 1.420318283656766e+03 3.889343858064530e-18 7.965243136155448e-02
0 214 1.423007975870957e+03 5.909214841324588e-18 6.560942419444368e-02
1 384 1.424019823435649e+03 3.253950688727487e-18 7.965603682629897e-02
1 385 1.427721628395605e+03 3.249836661191479e-18 7.967120895437152e-02
0 215 1.429633723963431e+03 7.256499206077293e-17 6.560334660578018e-02
1 386 1.431423220501981e+03 3.251607633817799e-18 7.967148997234930e-02
1 387 1.435125080747942e+03 4.504835309559362e-18 7.965950428740065e-02
0 216 1.436259435175331e+03 4.811359573732221e-18 6.560814674724305e-02
1 388 1.438826629362040e+03 4.504928547048991e-18 7.965626465811267e-02
1 389 1.442528108464240e+03 5.552109507677701e-18 7.964559742793077e-02
0 217 1.442885403597319e+03 4.248827114512484e-18 6.561129448867198e-02
1 390 1.446229548005830e+03 3.589986060864615e-18 7.964123093555389e-02
0 218 1.449511326333543e+03 4.583406561187725e-18 6.561141357097253e-02
1 391 1.449930995428214e+03 2.998277001379987e-18 7.964546399959417e-02
1 392 1.453632492845703e+03 3.046682450405722e-18 7.965832412953211e-02
0 219 1.456137289109644e+03 6.174203901527499e-18 6.560759455386428e-02
1 393 1.457334044585572e+03 4.504792389089200e-18 7.966128781455925e-02
