2 0 5.126087286079123e-01 3.371353417758995e-18 8.582391741134607e-02
1 0 3.343218536409847e+00 4.588706335265405e-18 7.399498037026517e-02
2 1 4.318628760684036e+00 3.217124965286828e-18 8.583607273960014e-02
2 2 8.125502101657680e+00 3.393120418317530e-18 8.584759292664530e-02
0 0 8.632835999956013e+00 6.187321258889428e-18 6.159960361641756e-02
1 1 9.281676023182774e+00 1.059212397899074e-17 7.399443207288489e-02
2 3 1.193143369684235e+01 3.728420186659008e-18 8.583959791143883e-02
1 2 1.522122158917844e+01 1.444623778684417e-17 7.401438087578675e-02
2 4 1.573729384649373e+01 3.919608548077481e-18 8.584510320373939e-02
0 1 1.892892305702689e+01 6.234126643648322e-18 6.159068051974375e-02
2 5 1.954362605117824e+01 3.474249870810814e-18 8.588798471044271e-02
1 3 2.116069269477843e+01 1.248834209430459e-17 7.399388965140057e-02
2 6 2.334967852585332e+01 1.249729053317004e-15 8.588745710550427e-02
1 4 2.710168609413171e+01 4.789467117311074e-18 7.398619769963605e-02
2 7 2.715549135085652e+01 1.599132090892185e-17 8.587971660023150e-02
0 2 2.922400106001361e+01 6.235132345075782e-18 6.158991738404471e-02
2 8 3.096129878563802e+01 5.119840597607833e-18 8.588840542141829e-02
1 5 3.304159137061276e+01 6.009781220022286e-18 7.398242763423052e-02
2 9 3.476740442366785e+01 8.733172625249427e-18 8.589654492025540e-02
2 10 3.857352553011438e+01 6.513203574529350e-18 8.585603208123854e-02
1 6 3.898098613011975e+01 4.584752309612351e-18 7.398455681929315e-02
0 3 3.952011170656397e+01 6.398980655605779e-18 6.159795807686970e-02
2 11 4.237927309026538e+01 5.312602114438208e-16 8.584724330133424e-02
1 7 4.492030785058998e+01 4.354961411202737e-18 7.398212377028174e-02
2 12 4.618535095175869e+01 3.988739001056893e-18 8.585437887226546e-02
0 4 4.981607013503074e+01 6.588530550379445e-18 6.160080926621177e-02
2 13 4.999216699488225e+01 4.065171230332118e-18 8.583329683202995e-02
1 8 5.085895633458623e+01 9.963272749975222e-18 7.400469314165679e-02
2 14 5.379807055522145e+01 4.708887255855017e-18 8.582595161479480e-02
1 9 5.679879089344177e+01 1.056001338116483e-17 7.403552875033674e-02
2 15 5.760407292889536e+01 4.708801591982823e-18 8.582713181135641e-02
0 5 6.011186019436143e+01 6.800471771086286e-18 6.158601556943037e-02
2 16 6.141085540528783e+01 9.872079964286229e-17 8.585853559422135e-02
1 10 6.273787615947879e+01 1.896732811847892e-17 7.401864063667364e-02
2 17 6.521684180323099e+01 3.530428865153605e-18 8.586017862366872e-02
1 11 6.867861216053595e+01 8.154574134948101e-18 7.399376538298705e-02
2 18 6.902256578540391e+01 3.985759247742208e-18 8.585957624216697e-02
0 6 7.040705787504976e+01 7.088528180405618e-18 6.159495206854190e-02
2 19 7.282862850411055e+01 3.870493848360089e-18 8.589132494244929e-02
1 12 7.461827944892477e+01 4.561184408282643e-18 7.396894363552785e-02
2 20 7.663477454658509e+01 3.287551597152874e-18 8.589594129780488e-02
0 7 8.070321490652267e+01 9.539388465088336e-17 6.159418729749224e-02
1 13 8.055776106285848e+01 5.582253425717362e-18 7.396789774671171e-02
2 21 8.044053221157191e+01 3.244023434894512e-18 8.588326567183155e-02
2 22 8.424627158453504e+01 3.215918784670884e-18 8.587869822613392e-02
1 14 8.649712399023052e+01 8.155209932341988e-18 7.397067255946037e-02
2 23 8.805246488754950e+01 3.672448077352813e-18 8.587892847368644e-02
0 8 9.099927621204563e+01 6.181308470509310e-18 6.159871709843562e-02
2 24 9.185893944724539e+01 3.772369776978604e-18 8.584177958432378e-02
1 15 9.243629901895797e+01 5.991294360158816e-18 7.400214876071488e-02
2 25 9.566469029734124e+01 5.289742607569024e-18 8.583903809225368e-02
1 16 9.837669480263013e+01 6.128104949685255e-18 7.403326770904574e-02
2 26 9.947065609506342e+01 4.446753325712633e-18 8.583741424796848e-02
0 9 1.012946861107944e+02 6.710737331628319e-18 6.158438278060962e-02
2 27 1.032776158430265e+02 3.688470654486401e-16 8.583279438655943e-02
1 17 1.043156202715167e+02 1.316734388433674e-17 7.403575748871961e-02
2 28 1.070836276496532e+02 8.566462392738569e-18 8.583402145692266e-02
1 18 1.102558337690051e+02 1.112777907263819e-17 7.400329763440279e-02
2 29 1.108894406239692e+02 4.708559585320640e-18 8.583826317519294e-02
0 10 1.115901998388499e+02 8.263524237203573e-18 6.159963877121339e-02
2 30 1.146959595290158e+02 4.097448813929379e-18 8.587419452206682e-02
1 19 1.161949241595587e+02 1.308299875259411e-17 7.397179405374996e-02
2 31 1.185021130361006e+02 4.707701085151472e-18 8.587219061170204e-02
0 11 1.218862161920195e+02 6.440073978772701e-18 6.159535243370249e-02
1 20 1.221343119109631e+02 1.886692644564957e-17 7.397043267143315e-02
2 32 1.223078307726615e+02 4.707672911173990e-18 8.587923144289816e-02
2 33 1.261136093545323e+02 5.212547559267809e-18 8.589750337239692e-02
1 21 1.280738423922259e+02 1.945137520626521e-17 7.397129686986396e-02
2 34 1.299197337781984e+02 4.707173457897826e-18 8.589198139406198e-02
0 12 1.321823672335514e+02 6.790011705500501e-18 6.159351945245795e-02
1 22 1.340136237567744e+02 9.311916446941571e-18 7.399289089041435e-02
2 35 1.337257060816322e+02 6.930145374515528e-18 8.586424756322872e-02
2 36 1.375314996221265e+02 4.707894202975777e-18 8.586537773687852e-02
1 23 1.399544018405062e+02 9.852065001909007e-18 7.401388290383695e-02
2 37 1.413375483878426e+02 9.652062702262220e-17 8.586423524875349e-02
0 13 1.424774964339391e+02 6.522956618147733e-18 6.158704984198302e-02
2 38 1.451442916798358e+02 3.510359298129827e-18 8.582994773910843e-02
1 24 1.458935256144074e+02 7.071594852965155e-18 7.403190269673776e-02
2 39 1.489502203939219e+02 3.534014890002741e-18 8.582783590297639e-02
1 25 1.518333258184688e+02 6.332478543396648e-18 7.400268341548359e-02
0 14 1.527733590949907e+02 6.706902042757869e-18 6.160079326412743e-02
2 40 1.527560811021784e+02 3.812531724024546e-18 8.583572098464876e-02
2 41 1.565629403757171e+02 3.395595482624421e-18 8.585012693996119e-02
1 26 1.577719341491549e+02 2.030729379369967e-17 7.398472458646893e-02
2 42 1.603690303305148e+02 3.190409551550231e-18 8.584158040646143e-02
0 15 1.630692718796005e+02 6.189768082997660e-18 6.159853287123528e-02
1 27 1.637112597571758e+02 3.358846584532996e-17 7.398785120546947e-02
2 43 1.641748296455675e+02 3.231972632239939e-18 8.584956437735483e-02
2 44 1.679810576661910e+02 3.533572851270454e-18 8.589344483222043e-02
1 28 1.696506718379990e+02 4.219452599444647e-17 7.398765712458523e-02
2 45 1.717871605691649e+02 3.758518568646765e-18 8.588501531401675e-02
0 16 1.733653089720619e+02 6.224358185250387e-18 6.158889879049781e-02
1 29 1.755906017174233e+02 2.852435244557375e-17 7.398789121571239e-02
2 46 1.755929512115019e+02 3.810643170862962e-18 8.588034498785044e-02
2 47 1.793987272946125e+02 4.160228035910353e-18 8.589004960677242e-02
1 30 1.815316995138397e+02 9.942299581978964e-18 7.398909179725059e-02
2 48 1.832047270262690e+02 1.453131091221994e-17 8.589148426800469e-02
0 17 1.836603634902093e+02 6.296751207995891e-18 6.159201042999928e-02
2 49 1.870109197325530e+02 3.665756242073553e-18 8.584887235937273e-02
1 31 1.874713199545042e+02 1.959572352287845e-17 7.400875722383385e-02
2 50 1.908168422948697e+02 6.567700034012130e-18 8.584196159610073e-02
1 32 1.934107649867806e+02 5.305913546036085e-18 7.399273694873922e-02
0 18 1.939564558706711e+02 6.539672540371269e-18 6.159849348424789e-02
2 51 1.946228707787726e+02 4.078671745626361e-18 8.584988749737600e-02
2 52 1.984297437494189e+02 6.061689435523183e-18 8.583519140852382e-02
1 33 1.993492366756307e+02 2.536683097370820e-17 7.399646491196266e-02
2 53 2.022357021764669e+02 2.281262419626412e-17 8.582277871867763e-02
0 19 2.042523688091633e+02 6.403543362518285e-18 6.159874929084341e-02
1 34 2.052886046887343e+02 3.518113759519784e-17 7.400281659023375e-02
2 54 2.060415867235042e+02 4.035371867217607e-18 8.582935140274835e-02
2 55 2.098482931604971e+02 4.927365312699691e-18 8.586918899546191e-02
1 35 2.112280047224183e+02 5.408537912563327e-17 7.401328282462719e-02
2 56 2.136542647879028e+02 5.714342326653528e-18 8.586210324647409e-02
0 20 2.145481188987571e+02 7.150788757293251e-18 6.158692327996439e-02
1 36 2.171678972527995e+02 4.892918206838987e-17 7.400963544435711e-02
2 57 2.174599942662098e+02 1.467203299073824e-17 8.586444703517222e-02
2 58 2.212661141320623e+02 4.102988676199516e-16 8.589607943287465e-02
1 37 2.231086606868262e+02 5.094859212094605e-18 7.397398842140976e-02
0 21 2.248433045186123e+02 6.330455671107022e-18 6.159634115244390e-02
2 59 2.250722169660248e+02 3.181094693824003e-18 8.589849938118996e-02
1 38 2.290484659766364e+02 1.827829163781728e-17 7.397612606806832e-02
2 60 2.288780662284439e+02 5.888629030474232e-18 8.587858854365350e-02
2 61 2.326838528697913e+02 3.578252581961074e-18 8.587028311741103e-02
0 22 2.351394311817833e+02 1.342732303051773e-16 6.159274257031288e-02
1 39 2.349879150157258e+02 4.567530005765735e-18 7.397721792866846e-02
2 62 2.364899030947323e+02 3.291510542198783e-18 8.587481483041012e-02
2 63 2.402964003690742e+02 3.212865117792263e-18 8.584101328251356e-02
1 40 2.409267689870645e+02 2.172221011654605e-17 7.399864589554941e-02
2 64 2.441022292887378e+02 3.373952021920502e-18 8.582891473780613e-02
0 23 2.454354396953247e+02 9.292806468003699e-18 6.159771530168152e-02
1 41 2.468662594763944e+02 2.939556554483864e-17 7.400763559585989e-02
2 65 2.479082139138961e+02 3.183437091408550e-18 8.583270564526968e-02
2 66 2.517152447039668e+02 3.395697352811849e-18 8.584079130329862e-02
1 42 2.528058125098572e+02 4.045012957987831e-17 7.403411181701199e-02
2 67 2.555211945691430e+02 3.542561568370384e-18 8.583672286950687e-02
0 24 2.557308422661679e+02 8.595619658076485e-18 6.158633339685821e-02
1 43 2.587455608639579e+02 4.660833158981346e-17 7.403095358936990e-02
2 68 2.593270084896758e+02 1.536326036248180e-15 8.584006736366738e-02
2 69 2.631335177786489e+02 4.172740732425779e-17 8.587810825106076e-02
1 44 2.646855971482997e+02 2.865275458941925e-17 7.397590921695099e-02
0 25 2.660263261894782e+02 8.459160647817011e-18 6.159916790943699e-02
2 70 2.669395507746971e+02 3.181808103533356e-18 8.587842940916857e-02
1 45 2.706253433105861e+02 1.965216902948658e-17 7.396312709388846e-02
2 71 2.707452135867025e+02 5.819530411203384e-18 8.588388725094122e-02
2 72 2.745510705357630e+02 7.350178756357130e-18 8.589096458668791e-02
0 26 2.763223043741297e+02 6.446542489881262e-18 6.159309036040965e-02
1 46 2.765648059381695e+02 1.619941946759162e-17 7.396359732225545e-02
2 73 2.783572081046236e+02 7.633405745165598e-18 8.589139202436367e-02
1 47 2.825041422887592e+02 2.607779524240862e-17 7.399126168717085e-02
2 74 2.821633355072667e+02 4.707954185007555e-18 8.586505722511348e-02
2 75 2.859690525018089e+02 6.382617717186146e-18 8.585765846720540e-02
0 27 2.866184222244537e+02 6.570842968741490e-18 6.159517269342694e-02
1 48 2.884438680251225e+02 2.678011352973413e-17 7.400171644200976e-02
2 76 2.897750732233909e+02 7.633905179999659e-18 8.585842876041032e-02
2 77 2.935819548794730e+02 4.947261711905507e-18 8.583045275433281e-02
1 49 2.943839604668680e+02 5.510449394930344e-18 7.403575172962418e-02
0 28 2.969135385887928e+02 6.327387998011770e-18 6.158804316978343e-02
2 78 2.973878139188487e+02 1.786124384049194e-17 8.582756494950607e-02
1 50 3.003236868619614e+02 7.541410903031620e-18 7.403380592099068e-02
2 79 3.011936616810590e+02 2.877906007713793e-16 8.583397650312841e-02
2 80 3.050005850868588e+02 3.824312250813317e-18 8.584939831267943e-02
1 51 3.062627925555238e+02 5.566203460080144e-17 7.398976679608898e-02
0 29 3.072093618432679e+02 6.181215572352849e-18 6.159874880028840e-02
2 81 3.088066531967984e+02 3.183028424822919e-18 8.584587911975207e-02
1 52 3.122022117374966e+02 6.892635032990528e-17 7.397780242482924e-02
2 82 3.126124676663312e+02 3.288493486387972e-18 8.585816805110695e-02
2 83 3.164185596185881e+02 3.241896801365488e-18 8.589069203785347e-02
0 30 3.175052340823993e+02 6.281260050369054e-18 6.159839316525049e-02
1 53 3.181415554587398e+02 5.849386380346093e-17 7.396290687399759e-02
2 84 3.202246248735686e+02 3.320987967837689e-18 8.588703758584008e-02
1 54 3.240814036628763e+02 6.122355967966000e-17 7.398501474193901e-02
2 85 3.240304548055686e+02 3.509249631070978e-18 8.588369952358543e-02
0 31 3.278012580263534e+02 6.551287666023483e-18 6.159073485374826e-02
2 86 3.278361846148176e+02 3.748795175997277e-18 8.588641584838799e-02
1 55 3.300213438763368e+02 3.421884856928628e-17 7.399410012856282e-02
2 87 3.316422404946409e+02 4.234361354284499e-18 8.588655753544525e-02
2 88 3.354486723322470e+02 3.490123387965446e-18 8.584218388861699e-02
1 56 3.359619831726267e+02 3.769420730618408e-17 7.401688256555983e-02
0 32 3.380962852360936e+02 6.276346015995001e-18 6.159059169895261e-02
2 89 3.392545026081372e+02 9.190958048698494e-17 8.583843068007140e-02
1 57 3.419016874515944e+02 3.747194063870766e-17 7.401620889675176e-02
2 90 3.430604836390168e+02 7.540461302006587e-18 8.584833827318725e-02
2 91 3.468674111419054e+02 4.708668708202692e-18 8.583167154532891e-02
1 58 3.478403596674892e+02 5.251834120043918e-17 7.400258758965383e-02
0 33 3.483923306211198e+02 6.379402600840549e-18 6.159672081801344e-02
2 92 3.506733401951862e+02 4.942134637274018e-18 8.582479460561078e-02
1 59 3.537796567970391e+02 9.212836826853644e-17 7.399401305339581e-02
2 93 3.544792310019797e+02 3.183325716086633e-18 8.583691083592297e-02
2 94 3.582858427717857e+02 7.633711256244275e-18 8.587214756245870e-02
0 34 3.586882192318814e+02 6.363409600309653e-18 6.160074046251534e-02
1 60 3.597185805952200e+02 1.319344175857621e-16 7.397912637260907e-02
2 95 3.620919039516524e+02 7.633825832108527e-18 8.586553230353257e-02
1 61 3.656586651022623e+02 1.356180652167388e-16 7.400456144599045e-02
2 96 3.658977807955279e+02 3.810107493635984e-18 8.586938176791566e-02
0 35 3.689839537420301e+02 6.623849318904397e-18 6.158704361652926e-02
2 97 3.697036791420688e+02 3.735894836215409e-18 8.589677553942744e-02
1 62 3.715986561072326e+02 6.596665228724415e-17 7.399375095172188e-02
2 98 3.735097118253997e+02 3.965048940178190e-18 8.589882169834286e-02
1 63 3.775395671788651e+02 5.222179150588498e-17 7.398626541172795e-02
2 99 3.773156336362129e+02 2.427493693732104e-17 8.586865258036834e-02
0 36 3.792790984768222e+02 6.181439968642495e-18 6.159408400626445e-02
2 100 3.811213946050455e+02 4.505051287259489e-18 8.586430900944317e-02
1 64 3.834793590662364e+02 6.002796527905219e-17 7.398623266650090e-02
2 101 3.849274686363468e+02 3.809739546880020e-18 8.587445452565716e-02
2 102 3.887340482607815e+02 3.757723224791020e-18 8.583373004295596e-02
0 37 3.895751778549222e+02 7.671617271697325e-18 6.159368800497934e-02
1 65 3.894181569436849e+02 1.418788044437390e-17 7.400487458985490e-02
2 103 3.925399447893131e+02 3.296954682561438e-18 8.582471086052329e-02
1 66 3.953573323638589e+02 8.389961733495701e-17 7.400312559494966e-02
2 104 3.963460236618139e+02 3.305848347244056e-18 8.583253704934089e-02
0 38 3.998711747205789e+02 7.088483737907687e-18 6.159899832628279e-02
2 105 4.001529282866611e+02 3.296728779222637e-18 8.584645211961228e-02
1 67 4.012960812496726e+02 1.690521876899153e-16 7.400292809660522e-02
2 106 4.039588323857110e+02 3.593426987390502e-18 8.584083862947571e-02
1 68 4.072365572019922e+02 1.293349974975684e-16 7.402799754220631e-02
2 107 4.077646676021119e+02 4.494475979367916e-18 8.584131339506394e-02
0 39 4.101665481747010e+02 6.709866062710846e-18 6.158461284942606e-02
2 108 4.115710485210527e+02 4.210861277615118e-18 8.588287106153834e-02
1 69 4.131761529504340e+02 1.030212278429387e-16 7.400333124898918e-02
2 109 4.153771320666791e+02 3.858768394798479e-18 8.588674073832253e-02
1 70 4.191166989564418e+02 3.077590148563420e-17 7.396824605987060e-02
2 110 4.191828785993205e+02 9.209662612545254e-17 8.588061277540587e-02
0 40 4.204619720439860e+02 6.513902545064428e-18 6.159818292340307e-02
2 111 4.229886916855888e+02 5.187985410074582e-18 8.588781331675714e-02
1 71 4.250564898263120e+02 2.416784867490321e-17 7.396102755208604e-02
2 112 4.267948712857289e+02 5.070521068085495e-18 8.589393910138234e-02
2 113 4.306009786553368e+02 5.905414261234877e-18 8.585914825086921e-02
0 41 4.307579334323611e+02 6.348933670313117e-18 6.159486664078172e-02
1 72 4.309957536205785e+02 2.425071433647595e-17 7.398710475579973e-02
2 114 4.344066946288447e+02 6.044880418310264e-18 8.585047772043244e-02
1 73 4.369351569334871e+02 7.079573540312844e-17 7.399987115370517e-02
2 115 4.382127770686621e+02 3.937593512956496e-18 8.585193730951822e-02
0 42 4.410540306575330e+02 6.364649611896594e-18 6.159453748814725e-02
2 116 4.420196132453390e+02 3.862528771626343e-18 8.582971538690154e-02
1 74 4.428741148862744e+02 1.441502820794402e-16 7.402124234074194e-02
2 117 4.458255176552850e+02 4.708853264624764e-18 8.582746270463547e-02
1 75 4.488148024769079e+02 5.009932807261503e-17 7.403702367770486e-02
2 118 4.496314597229867e+02 4.176314474534859e-18 8.582679850095369e-02
0 43 4.513490954219121e+02 6.756186007985361e-18 6.158573146403695e-02
2 119 4.534382714917390e+02 9.605016018718205e-18 8.585458574377866e-02
1 76 4.547539427847619e+02 9.850930449665025e-17 7.401671352801746e-02
2 120 4.572443273136770e+02 7.264138766704537e-16 8.585704006030438e-02
1 77 4.606939405615284e+02 1.392922090061671e-16 7.398146979501653e-02
2 121 4.610500296336694e+02 3.493215385026145e-18 8.586110836794707e-02
0 44 4.616448732220850e+02 6.302922685886159e-18 6.160050009043914e-02
2 122 4.648560834134739e+02 3.418397251676358e-18 8.589203525506023e-02
1 78 4.666334572915609e+02 8.757112165797604e-17 7.395444134959597e-02
2 123 4.686622606408773e+02 4.108582626531532e-18 8.589148355579915e-02
0 45 4.719407301929199e+02 6.292509421985973e-18 6.159918975818282e-02
1 79 4.725730779152411e+02 2.773277593248089e-17 7.396438074504860e-02
2 124 4.724680387892197e+02 3.181932367519644e-18 8.588228611186434e-02
2 125 4.762737643473531e+02 3.206611176301481e-18 8.588201926467036e-02
1 80 4.785128305731412e+02 8.608029831577651e-17 7.399328153323673e-02
2 126 4.800799171256972e+02 3.181778994036523e-18 8.587794259319038e-02
0 46 4.822367206147863e+02 6.213620990084936e-18 6.158861586270068e-02
2 127 4.838863981715079e+02 3.420394634671842e-18 8.583871057378958e-02
1 81 4.844522838177196e+02 6.769781670263523e-17 7.402193306684665e-02
2 128 4.876921974834652e+02 3.566173308721565e-18 8.583943495983537e-02
1 82 4.903931966346053e+02 5.776550585000189e-17 7.402303017772563e-02
2 129 4.914981158142069e+02 4.708460343682650e-18 8.584021537457341e-02
0 47 4.925316811908730e+02 6.534353263110480e-18 6.159073011795085e-02
2 130 4.953050643322098e+02 3.523078634879103e-18 8.583189555063181e-02
1 83 4.963321323669405e+02 2.954416300695490e-17 7.402252464455683e-02
2 131 4.991111314179774e+02 4.923396361389324e-17 8.582984654841543e-02
1 84 5.022716002661357e+02 1.718650046833308e-16 7.399994242831733e-02
0 48 5.028277082314764e+02 6.528913932359628e-18 6.159837689270185e-02
2 132 5.029169608505725e+02 5.706950296571840e-18 8.583859013725767e-02
2 133 5.067234667889203e+02 4.132716186699181e-18 8.587546633916764e-02
1 85 5.082105346591703e+02 2.604346338507356e-16 7.396864370791188e-02
2 134 5.105296024639829e+02 4.707802451801446e-18 8.586791622837940e-02
0 49 5.131235702784030e+02 6.227931527084330e-18 6.159929555569401e-02
1 86 5.141501767671538e+02 2.595705835934281e-16 7.397006806278406e-02
2 135 5.143353546046125e+02 6.091415035339242e-18 8.587414085542550e-02
2 136 5.181411677732951e+02 4.467936001927136e-16 8.589856810377096e-02
1 87 5.200904480959573e+02 1.525714911179098e-16 7.399247873635381e-02
2 137 5.219472290128979e+02 4.049404188296744e-18 8.589266615611467e-02
0 50 5.234192461932795e+02 6.617955556401652e-18 6.158551148992088e-02
1 88 5.260304565334723e+02 1.120699440045321e-17 7.400989966918085e-02
2 138 5.257531904666015e+02 4.123771028562251e-18 8.586328229708225e-02
2 139 5.295590489617654e+02 3.987532013442523e-18 8.586384349785767e-02
1 89 5.319712765896790e+02 1.230065822218101e-16 7.399617154925761e-02
0 51 5.337143504873724e+02 7.454257537692927e-18 6.159599718176252e-02
2 140 5.333650839358378e+02 1.597864554380426e-17 8.586772682673065e-02
2 141 5.371717795148877e+02 1.504741234499342e-16 8.583184535173385e-02
1 90 5.379103653044916e+02 8.292175023554942e-17 7.401133212069884e-02
2 142 5.409777191732609e+02 4.385033855007835e-18 8.582415099369919e-02
0 52 5.440104147086271e+02 6.705721268216289e-18 6.159369111379468e-02
1 91 5.438496626898434e+02 9.436652217325744e-17 7.400724539229110e-02
2 143 5.447836170847037e+02 3.778640085095129e-18 8.583287187617460e-02
2 144 5.485904744365629e+02 3.994517333076514e-18 8.585114462961760e-02
1 92 5.497881873444095e+02 3.777430373343937e-16 7.399387023614427e-02
2 145 5.523965031117918e+02 3.277753234730651e-18 8.583943052024356e-02
0 53 5.543063582769209e+02 6.628690744319297e-18 6.159688474261957e-02
1 93 5.557278173414029e+02 4.132927926743838e-16 7.399662744434587e-02
2 146 5.562023190874164e+02 3.916946369153739e-18 8.584516562977348e-02
2 147 5.600086302212690e+02 3.181309768091749e-18 8.589141815923820e-02
1 94 5.616681528570086e+02 2.430516736037373e-16 7.400134038458353e-02
2 148 5.638146957075035e+02 3.736803133370279e-18 8.588671737031504e-02
0 54 5.646016777674004e+02 6.026771625331133e-17 6.158575300180053e-02
1 95 5.676082318235981e+02 1.008699960047260e-16 7.399721492601172e-02
2 149 5.676204645290968e+02 3.409326565657243e-18 8.588077621018105e-02
2 150 5.714262821040688e+02 4.412890115727819e-18 8.588675535686852e-02
1 96 5.735489076017622e+02 7.344674979166001e-17 7.397043329682518e-02
0 55 5.748970820802869e+02 6.181355030796702e-18 6.159942923260217e-02
2 151 5.752323011201541e+02 6.482964400398580e-17 8.589148368687255e-02
2 152 5.790384445243853e+02 7.504453706278507e-18 8.585209141403134e-02
1 97 5.794884490757881e+02 1.491279540890789e-16 7.398717881872326e-02
2 153 5.828443269771368e+02 6.816572290361822e-18 8.584027822408644e-02
0 56 5.851930057464511e+02 6.462186659238716e-18 6.159312569747231e-02
1 98 5.854277592109050e+02 2.747283230190968e-17 7.399578063339429e-02
2 154 5.866503845200806e+02 4.708310888253686e-18 8.584640308677345e-02
2 155 5.904572932741729e+02 4.708606836884608e-18 8.583506351438873e-02
1 99 5.913663230209486e+02 3.467332308676393e-16 7.401521111503249e-02
2 156 5.942631925475055e+02 4.006930832823260e-17 8.582391595835244e-02
0 57 5.954890346173979e+02 6.868618917878855e-18 6.159390829058353e-02
1 100 5.973059941381281e+02 3.902953135807211e-16 7.401979779945357e-02
2 157 5.980690746841856e+02 4.000075814927606e-18 8.582796915920818e-02
2 158 6.018758520267503e+02 5.922374880125883e-18 8.586500000915308e-02
1 101 6.032462484241414e+02 2.473770568766650e-16 7.401556135680207e-02
0 58 6.057840848476320e+02 7.832422857580754e-18 6.158767264532214e-02
2 159 6.056818148930137e+02 3.742302928180737e-18 8.586289603907676e-02
1 102 6.091862288756274e+02 2.092269919672613e-16 7.400795246970317e-02
2 160 6.094875041616283e+02 4.220622615231213e-18 8.586572305930974e-02
2 161 6.132936230838983e+02 6.843479729968023e-17 8.589232676048823e-02
1 103 6.151262733293877e+02 1.201635852677774e-16 7.396074865134755e-02
0 59 6.160798275327729e+02 6.194758002760172e-18 6.159973069779893e-02
2 162 6.170997527893687e+02 3.521012941428824e-18 8.589430500697864e-02
1 104 6.210659619682804e+02 4.057860308202115e-17 7.396059047913991e-02
2 163 6.209056019152669e+02 3.813486349163391e-18 8.588071340877243e-02
2 164 6.247113304057957e+02 3.567977788068419e-18 8.587098720168763e-02
0 60 6.263756242359485e+02 6.185005987292750e-18 6.159703936458506e-02
1 105 6.270055591241772e+02 1.489359678574397e-17 7.397365136592027e-02
2 165 6.285173928042914e+02 3.209038072168014e-18 8.587304161930115e-02
2 166 6.323239390274600e+02 3.322786146251232e-18 8.583958910820731e-02
1 106 6.329448256576599e+02 1.941371781765576e-16 7.402148542247075e-02
2 167 6.361297320893872e+02 3.265593604306471e-18 8.583230618319375e-02
0 61 6.366715768350957e+02 6.182870069563401e-18 6.159070671276322e-02
1 107 6.388845988476934e+02 2.169608430545727e-16 7.402770321566125e-02
2 168 6.399356808066483e+02 3.311612530822083e-18 8.583468259332239e-02
2 169 6.437427295537137e+02 3.700363306297969e-18 8.583621127282766e-02
1 108 6.448246841981384e+02 1.232884985509450e-16 7.402477449598932e-02
0 62 6.469665238575217e+02 6.273898574629991e-18 6.159148434097018e-02
2 170 6.475487020306168e+02 4.458152494495852e-18 8.583407899645187e-02
1 109 6.507644522988622e+02 1.425162525006230e-16 7.401781836704829e-02
2 171 6.513545007741917e+02 4.385056807188867e-18 8.584164811646150e-02
2 172 6.551609768596525e+02 2.679681313172320e-16 8.587562389115184e-02
1 110 6.567037439614542e+02 3.796187395782824e-16 7.397217560898027e-02
0 63 6.572624956221057e+02 6.181421570881003e-18 6.159642363306413e-02
2 173 6.589670286160488e+02 5.612706343566875e-18 8.587370817685649e-02
1 111 6.626433664187049e+02 4.063019604814575e-16 7.395937733552801e-02
2 174 6.627727425403555e+02 5.055173318777528e-18 8.588274924555504e-02
2 175 6.665785535862069e+02 5.891493216607570e-18 8.589353430611893e-02
0 64 6.675582987088873e+02 6.566455831246446e-18 6.159986011641690e-02
1 112 6.685831026184447e+02 2.115418229793903e-16 7.396186874777103e-02
2 176 6.703846710054208e+02 3.872667029693966e-18 8.589159131399708e-02
1 113 6.745232047993662e+02 6.651029016304891e-17 7.401184597543094e-02
2 177 6.741908316890856e+02 6.166458745448782e-18 8.586228690023066e-02
0 65 6.778539687199709e+02 7.089234164243831e-18 6.158720481846474e-02
2 178 6.779965517036909e+02 5.189372412484222e-18 8.585927669166223e-02
1 114 6.804631643338496e+02 3.247332153637523e-17 7.401875742470009e-02
2 179 6.818025352837850e+02 3.796738800036198e-18 8.586173410074138e-02
2 180 6.856093780037020e+02 4.754766564391317e-18 8.582752237784455e-02
1 115 6.864033196950988e+02 9.196274198532930e-17 7.401830048503394e-02
0 66 6.881490379105636e+02 6.499004476494749e-18 6.159469692846390e-02
2 181 6.894152620321762e+02 4.243682437303730e-18 8.582333882812640e-02
1 116 6.923430103159915e+02 4.665197867616656e-17 7.401300747843449e-02
2 182 6.932211388809588e+02 1.182066272730165e-16 8.583483489458521e-02
2 183 6.970280083803643e+02 5.130372983606655e-18 8.584948278651085e-02
0 67 6.984450320332912e+02 7.088770183823756e-18 6.159251057064721e-02
1 117 6.982816181685884e+02 5.001634304372560e-16 7.399440516615109e-02
2 184 7.008340685874165e+02 3.523432325251196e-18 8.584343700044550e-02
1 118 7.042209676552856e+02 7.964318391356627e-16 7.398642655084728e-02
2 185 7.046399387318788e+02 3.677841163695717e-18 8.585475661690883e-02
0 68 7.087409611277806e+02 6.619740061514350e-18 6.159899170087312e-02
2 186 7.084460223330296e+02 3.304846611385235e-18 8.589291963037918e-02
1 119 7.101606156938129e+02 6.297587307699068e-16 7.397074928424430e-02
2 187 7.122520457216942e+02 3.268746852543642e-18 8.588859996420496e-02
1 120 7.161014154427940e+02 1.572044232831676e-16 7.399779500350534e-02
2 188 7.160578763280122e+02 3.189174374733695e-18 8.587998260327534e-02
0 69 7.190362633084154e+02 6.336709982563217e-17 6.158578044307223e-02
2 189 7.198636356195665e+02 3.539990887195357e-18 8.588367088741088e-02
1 121 7.220415269397570e+02 4.229360387345881e-17 7.400269184908066e-02
2 190 7.236696881743212e+02 3.479447029678870e-18 8.588890868107123e-02
2 191 7.274760482889189e+02 5.149499193281425e-18 8.584188630697411e-02
1 122 7.279817660047877e+02 2.544447246221076e-16 7.399759346743000e-02
0 70 7.293316098111550e+02 6.677921614105474e-18 6.159745926549787e-02
2 192 7.312818890852357e+02 4.708620356509482e-18 8.583577483694715e-02
1 123 7.339213829581912e+02 2.078638295918153e-16 7.399428175098892e-02
2 193 7.350879284766901e+02 1.331932279117069e-17 8.584745314645616e-02
2 194 7.388948087250153e+02 5.975230537322666e-18 8.583411189503409e-02
0 71 7.396274895703256e+02 6.181736872993118e-18 6.159459917100167e-02
1 124 7.398599236306281e+02 3.126078108081494e-16 7.400593916579219e-02
2 195 7.427007023382686e+02 5.796226789707398e-18 8.582528892017718e-02
1 125 7.457993092138310e+02 8.113746535223424e-16 7.401241943265430e-02
2 196 7.465066247767161e+02 4.708666108280012e-18 8.583269149825895e-02
0 72 7.499235173309124e+02 6.968005013620048e-18 6.159534646857406e-02
2 197 7.503132638267573e+02 5.269939863010048e-18 8.587058896500444e-02
1 126 7.517385347553868e+02 9.852591891047854e-16 7.399595334973208e-02
2 198 7.541192983868017e+02 6.035749709147480e-16 8.586705643551068e-02
1 127 7.576794874545261e+02 4.396100351153959e-16 7.400644865603913e-02
2 199 7.579251416238661e+02 3.845907228119683e-18 8.586617942067352e-02
0 73 7.602185244696993e+02 6.401671410395329e-18 6.158605377528043e-02
2 200 7.617310743902158e+02 3.771635273084742e-18 8.589233609531591e-02
1 128 7.636195677981588e+02 4.603898408236036e-17 7.399093547142421e-02
2 201 7.655371463567492e+02 6.642415212735777e-18 8.589861573146858e-02
1 129 7.695597754733636e+02 1.638146104157151e-16 7.397184987701318e-02
2 202 7.693429966543068e+02 3.939377145356339e-18 8.587090421487834e-02
0 74 7.705142134556570e+02 6.181224712010896e-18 6.159949178515981e-02
2 203 7.731487391346476e+02 4.125357349150497e-16 8.586420700591886e-02
1 130 7.754994490334757e+02 1.476263008000466e-16 7.397015117273675e-02
2 204 7.769548629092169e+02 3.538067553130825e-18 8.587168755360397e-02
0 75 7.808100022253192e+02 6.354336840514056e-18 6.159919537976122e-02
2 205 7.807614277029166e+02 5.097028577299117e-18 8.583573891753669e-02
1 131 7.814384039794564e+02 6.006578474152639e-17 7.400124137352115e-02
2 206 7.845672841711219e+02 4.262913260846546e-18 8.582724620549402e-02
1 132 7.873779770183269e+02 5.206602495684533e-16 7.402590289194390e-02
2 207 7.883733558375642e+02 3.286784989009898e-18 8.582916308410103e-02
0 76 7.911059311921978e+02 6.197693809618796e-18 6.158990406367229e-02
2 208 7.921802954705986e+02 5.042664828648560e-18 8.584166388960487e-02
1 133 7.933170029909608e+02 9.296678820020286e-16 7.402335979377996e-02
2 209 7.959862133034952e+02 3.211184610681689e-18 8.584142194443581e-02
1 134 7.992580066065963e+02 3.502644480881610e-16 7.401823348598210e-02
2 210 7.997919907501936e+02 3.183194641862510e-18 8.584067302792391e-02
0 77 8.014008272463211e+02 6.877054934773714e-18 6.158970491360782e-02
2 211 8.035983847913292e+02 3.502430834383437e-18 8.587990708462109e-02
1 135 8.051976113795890e+02 2.291006071356683e-16 7.398948004267474e-02
2 212 8.074045232069926e+02 3.476953654633257e-18 8.588389333348556e-02
1 136 8.111374185907042e+02 4.448061725837024e-16 7.396363515471026e-02
2 213 8.112102329679929e+02 6.338246214357634e-16 8.588318231557183e-02
0 78 8.116967772136235e+02 6.362415952421012e-18 6.159871990754730e-02
2 214 8.150160128309225e+02 3.181386720879456e-18 8.588957154841621e-02
1 137 8.170770827663919e+02 2.573032217043846e-16 7.395593786622931e-02
2 215 8.188222136807969e+02 5.780366657216313e-18 8.589011557409075e-02
0 79 8.219925649209998e+02 7.088371345383824e-18 6.160061974816387e-02
2 216 8.226283449196475e+02 3.771234210169076e-18 8.585735435835892e-02
1 138 8.230166291536505e+02 2.939270881432680e-17 7.398466950654242e-02
2 217 8.264340512113630e+02 3.182769742644189e-18 8.585304778504478e-02
1 139 8.289567820929860e+02 1.691293876714875e-16 7.402033544142141e-02
2 218 8.302400905788763e+02 2.563768612981201e-16 8.585084252872643e-02
0 80 8.322881988973821e+02 7.035943186032948e-18 6.158539445287695e-02
2 219 8.340469377295938e+02 3.898435947487349e-18 8.582583535784169e-02
1 140 8.348959693898078e+02 4.509546201107866e-16 7.403844195131631e-02
2 220 8.378528902857860e+02 3.825193672786973e-18 8.582653830327963e-02
1 141 8.408366956060770e+02 3.649917470123981e-17 7.401914699627636e-02
2 221 8.416587783750466e+02 5.798941357648864e-18 8.582909633440380e-02
0 81 8.425832251985325e+02 6.489245374109824e-18 6.159565268013580e-02
2 222 8.454655742106322e+02 3.974649598703639e-18 8.585426932491552e-02
1 142 8.467757794817005e+02 3.315478150738998e-16 7.399559795763405e-02
2 223 8.492716717491678e+02 1.232640153927531e-16 8.585275320065668e-02
0 82 8.528792159812733e+02 6.691881782504132e-18 6.159428753456529e-02
1 143 8.527152733695765e+02 9.304056504304349e-16 7.398543948394370e-02
2 224 8.530773870565281e+02 3.524253652719058e-18 8.586118276807482e-02
2 225 8.568834213320649e+02 3.454109618541000e-18 8.589428127485813e-02
1 144 8.586547030111578e+02 9.918103119793465e-16 7.396198552946384e-02
2 226 8.606895794310479e+02 3.481376328314049e-18 8.588826587457239e-02
0 83 8.631751102478052e+02 7.611668635110326e-18 6.159782568718095e-02
1 145 8.645946323481750e+02 4.712472928202643e-16 7.397113564062720e-02
2 227 8.644953903091831e+02 3.335079786703815e-18 8.587815732986234e-02
2 228 8.683011468454540e+02 3.245187213420787e-18 8.588302547576611e-02
1 146 8.705353288584113e+02 1.914873017815191e-17 7.400547373006225e-02
2 229 8.721072380597433e+02 3.243226554412821e-18 8.587935261963181e-02
0 84 8.734703701955762e+02 8.585341129962107e-18 6.158489553808088e-02
2 230 8.759136993932775e+02 3.306049104708162e-18 8.583775931985527e-02
1 147 8.764749438641577e+02 1.639980906033042e-16 7.403007399957327e-02
2 231 8.797195544399460e+02 3.576596977296001e-18 8.583695555194742e-02
1 148 8.824154236889926e+02 2.774522156174931e-16 7.400317722439818e-02
2 232 8.835254600329533e+02 3.280781249980315e-18 8.584310445199018e-02
0 85 8.837657080330877e+02 6.325351681606304e-18 6.159974827717822e-02
2 233 8.873323794029567e+02 4.786046472777965e-18 8.583369330172581e-02
1 149 8.883542534689351e+02 2.412060518959261e-16 7.400038335144205e-02
2 234 8.911384578171779e+02 3.409098259427487e-16 8.582581727877833e-02
0 86 8.940615647616683e+02 6.481409647034299e-18 6.159461602341756e-02
1 150 8.942935713347096e+02 7.996782911348828e-16 7.400273531915558e-02
2 235 8.949443296042094e+02 7.556356935386544e-18 8.583499513959035e-02
2 236 8.987508455074143e+02 3.181838144993126e-18 8.587668753272507e-02
1 151 9.002325754780006e+02 1.699133002162602e-15 7.398650664357075e-02
2 237 9.025569232822802e+02 6.458404803122856e-18 8.586685207916130e-02
0 87 9.043575476422548e+02 7.178070202118950e-18 6.159346887150004e-02
1 152 9.061725156018832e+02 1.526779640116935e-15 7.398613946596175e-02
2 238 9.063626846811221e+02 3.867890823306529e-18 8.587064889028365e-02
2 239 9.101685643515915e+02 5.419050767171948e-18 8.589702547795211e-02
1 153 9.121136386749571e+02 1.045218463483002e-16 7.399311592178752e-02
2 240 9.139745858436410e+02 5.204552319512585e-18 8.589551606266814e-02
0 88 9.146525308870619e+02 6.230603542561012e-18 6.158791101196473e-02
1 154 9.180537251284635e+02 5.300520985006593e-16 7.400612165669061e-02
2 241 9.177805182988005e+02 3.182459558206860e-18 8.586480817766558e-02
2 242 9.215864149380319e+02 3.729376161325260e-18 8.586044570398833e-02
1 155 9.239938148557811e+02 3.314503610476755e-16 7.398106116764953e-02
0 89 9.249482078032717e+02 6.388324455187540e-18 6.160099484639749e-02
2 243 9.253924821929371e+02 3.655483933277435e-18 8.586727505020537e-02
2 244 9.291991569312922e+02 3.935208486259804e-17 8.583433000650911e-02
1 156 9.299327710345983e+02 1.963325036603868e-17 7.399483714881626e-02
2 245 9.330050596616775e+02 3.508510993303729e-18 8.582214351505181e-02
0 90 9.352439601667792e+02 6.195508542603725e-18 6.159755770845289e-02
1 157 9.358722024166829e+02 4.055157355597498e-16 7.400310915289847e-02
2 246 9.368109842413734e+02 4.014172916194003e-18 8.582891883249660e-02
2 247 9.406178840960696e+02 3.460984813214027e-18 8.585048779563910e-02
1 158 9.418111091525865e+02 1.778726040792414e-15 7.401652433135293e-02
2 248 9.444238537186817e+02 3.210661668479361e-18 8.584076180659098e-02
0 91 9.455398450535931e+02 6.195433780534775e-18 6.159006187344242e-02
1 159 9.477509979571870e+02 1.796618694230823e-15 7.401647911951176e-02
2 249 9.482296592022813e+02 3.332371936669183e-18 8.584426436823250e-02
2 250 9.520360383901533e+02 3.188606136736605e-18 8.588759654857331e-02
1 160 9.536918390397475e+02 4.300561604288857e-16 7.399073465344333e-02
0 92 9.558347345803892e+02 6.254417359989827e-18 6.159189048953893e-02
2 251 9.558421130266921e+02 3.300497979887541e-18 8.588789845884345e-02
1 161 9.596319186120053e+02 1.008308065930818e-16 7.398248924763967e-02
2 252 9.596478543592256e+02 3.283427345267030e-18 8.588303494829327e-02
2 253 9.634536681449349e+02 4.319311470889592e-18 8.588356231120958e-02
1 162 9.655718359246258e+02 9.170851817006739e-17 7.396482052756619e-02
0 93 9.661306573916683e+02 6.300089393005138e-18 6.159787452047260e-02
2 254 9.672597259157986e+02 3.525591016494396e-18 8.588757892603535e-02
2 255 9.710658820095281e+02 2.571542319063414e-17 8.585337711449433e-02
1 163 9.715112428013941e+02 1.205021760858046e-17 7.398149925870981e-02
2 256 9.748717030486074e+02 4.708497192902622e-18 8.584087837277116e-02
0 94 9.764263989297806e+02 6.372897042148544e-18 6.159915109276647e-02
1 164 9.774508133123283e+02 1.810833653009398e-16 7.399295603661839e-02
2 257 9.786777650128919e+02 4.813143740842158e-18 8.584441011898025e-02
2 258 9.824847349586892e+02 3.183470451220572e-18 8.583254133932093e-02
1 165 9.833901199595686e+02 1.063194951776076e-15 7.403559783055395e-02
2 259 9.862906085245226e+02 4.708879883822224e-18 8.582648728905355e-02
0 95 9.867220060506650e+02 6.358138446653231e-18 6.158776142178399e-02
1 166 9.893299999842405e+02 1.137039289422336e-15 7.403664977857405e-02
2 260 9.900964655481232e+02 3.130624630507572e-17 8.582942529492099e-02
2 261 9.939032795674968e+02 3.182405880702449e-18 8.586060266605847e-02
1 167 9.952702688744391e+02 6.453564061501743e-16 7.399739240173377e-02
0 96 9.970170194415049e+02 7.201449446723666e-18 6.159626314257531e-02
2 262 9.977092846835209e+02 3.777790101046554e-18 8.585998451146444e-02
1 168 1.001210180612165e+03 5.919201695236798e-16 7.398638286217071e-02
2 263 1.001514970802037e+03 6.631279300591638e-18 8.586732052719487e-02
2 264 1.005321039898615e+03 6.748052034363762e-18 8.589078291275179e-02
0 97 1.007312971694630e+03 7.958083881855884e-18 6.159252645638145e-02
1 169 1.007149701745149e+03 8.188193939712439e-16 7.396400240988306e-02
2 265 1.009127184245717e+03 5.930888742428809e-16 8.589042589096846e-02
1 170 1.013089305027065e+03 6.268462673102887e-16 7.396750316898366e-02
2 266 1.012933083591138e+03 4.063373914498777e-18 8.587974339700039e-02
2 267 1.016738763203489e+03 4.707672014611196e-18 8.587350004732745e-02
0 98 1.017608817105283e+03 1.819769528736034e-17 6.159902167004962e-02
1 171 1.019029204848357e+03 4.594969909403544e-16 7.398006498676932e-02
2 268 1.020544808584122e+03 3.286165932359854e-18 8.587348712506573e-02
2 269 1.024351400278349e+03 3.292007456319191e-18 8.583580161104287e-02
1 172 1.024969414992846e+03 1.779523673133128e-17 7.403355036762337e-02
0 99 1.027904063573528e+03 6.307863889210936e-18 6.158660833950327e-02
2 270 1.028157220032029e+03 3.183690585042307e-18 8.583253018087256e-02
1 173 1.030909328416217e+03 4.894843585475808e-17 7.403577708436417e-02
2 271 1.031963148695933e+03 3.276822252889772e-18 8.583713208847973e-02
2 272 1.035770173940575e+03 4.004208942048040e-18 8.583314735395524e-02
1 174 1.036848963919813e+03 5.243286269705192e-16 7.400497888897904e-02
0 100 1.038199375622022e+03 7.988948894594423e-18 6.159847816841657e-02
2 273 1.039576174705762e+03 3.911150519967841e-18 8.582953590437953e-02
1 175 1.042788618241366e+03 7.457706037604475e-16 7.399536203057305e-02
2 274 1.043382005802837e+03 4.708474979149862e-18 8.584169853871675e-02
2 275 1.047188422184887e+03 1.493958687976447e-15 8.587643950655419e-02
0 101 1.048495176956649e+03 7.843155822068491e-18 6.159394439434291e-02
1 176 1.048727747778281e+03 1.451118974023051e-15 7.397472024455266e-02
2 276 1.050994468490492e+03 3.486029061704756e-17 8.587199037865631e-02
1 177 1.054667441545467e+03 2.273840277647338e-15 7.397696166047557e-02
2 277 1.054800250285474e+03 6.047404613184036e-18 8.587932630284502e-02
2 278 1.058606065929516e+03 3.181196248619916e-18 8.589566504159198e-02
0 102 1.058791138980717e+03 7.088642836903310e-18 6.159573532154772e-02
1 178 1.060607467598567e+03 1.250017597001775e-15 7.397725057207290e-02
2 279 1.062412159448736e+03 3.837260477526587e-18 8.589360000254928e-02
2 280 1.066218326190141e+03 3.610064666209387e-16 8.585885326153604e-02
1 179 1.066548427301739e+03 6.698273093061599e-16 7.401212455759804e-02
0 103 1.069086098342679e+03 6.421138775900591e-18 6.158770520899807e-02
2 281 1.070024079032296e+03 4.708118218145856e-18 8.585600621915535e-02
1 180 1.072488463296186e+03 7.806119608648935e-16 7.401487250441384e-02
2 282 1.073830065239321e+03 3.831914112251138e-18 8.586355406626058e-02
2 283 1.077636840665674e+03 3.757448704150817e-18 8.582701093938502e-02
1 181 1.078427881316131e+03 9.098642786926488e-17 7.400331235562506e-02
0 104 1.079381732645854e+03 6.181132039826059e-18 6.159902595286718e-02
2 284 1.081442736269980e+03 4.644939862588094e-18 8.582030366927300e-02
1 182 1.084367426669566e+03 5.043876669039432e-16 7.399640517657961e-02
2 285 1.085248682838696e+03 2.756466826104246e-17 8.583284277375100e-02
2 286 1.089055519615370e+03 3.522909310138952e-18 8.585188745544900e-02
0 105 1.089677440301941e+03 6.237163724849085e-18 6.159963946827061e-02
1 183 1.090306164266070e+03 1.841644584231096e-15 7.399023860379050e-02
2 287 1.092861552844909e+03 4.708414425463736e-18 8.584423423276175e-02
1 184 1.096245904229898e+03 5.457702861156867e-18 7.400886948720137e-02
2 288 1.096667456737906e+03 3.488286825723362e-18 8.585059091836549e-02
0 106 1.099973305592255e+03 6.293805349998888e-18 6.159133156204090e-02
2 289 1.100473575101674e+03 3.312494346286188e-18 8.589142364149106e-02
1 185 1.102185813355916e+03 4.363132417268716e-18 7.399017407479198e-02
2 290 1.104279576301759e+03 3.267364526103607e-18 8.589078627013222e-02
1 186 1.108127130911917e+03 2.965057103139212e-16 7.398674686257754e-02
2 291 1.108085360124805e+03 3.237704713315002e-18 8.587798235645415e-02
0 107 1.110268161083085e+03 6.232605249594238e-18 6.159011067855968e-02
2 292 1.111891142986647e+03 3.438492718138238e-18 8.587985051400622e-02
1 187 1.114067245377859e+03 9.239126020850781e-16 7.398759397812610e-02
2 293 1.115697246341455e+03 3.446976569729459e-18 8.588866874076682e-02
2 294 1.119503549408935e+03 5.267181530985670e-18 8.584399468860354e-02
1 188 1.120006723854486e+03 2.769914160178313e-16 7.399180911041733e-02
0 108 1.120564028391666e+03 6.181377691360392e-18 6.159823323382248e-02
2 295 1.123309374749452e+03 4.399702452696066e-18 8.583559979159404e-02
1 189 1.125946206972176e+03 3.054914596497103e-16 7.398845556678979e-02
2 296 1.127115470686265e+03 4.870577520530013e-17 8.584410863545794e-02
0 109 1.130859749646310e+03 6.181256377655578e-18 6.160110952364562e-02
2 297 1.130922360061531e+03 4.250020158174679e-18 8.583516573869354e-02
1 190 1.131885018341273e+03 4.685510447109191e-18 7.400312711001698e-02
2 298 1.134728219241735e+03 5.022915375352205e-18 8.582756504587939e-02
1 191 1.137825154960494e+03 4.301478524952058e-18 7.403282255773912e-02
2 299 1.138534123481309e+03 4.103973419472493e-18 8.582945778272630e-02
0 110 1.141155329159191e+03 6.961774485225722e-18 6.158664948614875e-02
2 300 1.142340796403228e+03 8.129888634954116e-18 8.586622980044004e-02
1 192 1.143764590555858e+03 4.622106261435207e-18 7.401283960120425e-02
2 301 1.146146853680843e+03 4.707831348949592e-18 8.586779126474679e-02
1 193 1.149705568522157e+03 4.363477132129476e-18 7.398810136507562e-02
2 302 1.149952634717751e+03 4.009127716113638e-18 8.586645295058415e-02
0 111 1.151450285862109e+03 6.630909438417382e-18 6.159489691254497e-02
2 303 1.153758566072023e+03 3.181336227660602e-18 8.589011019335660e-02
1 194 1.155645596137170e+03 2.275499057317657e-17 7.396895748893061e-02
2 304 1.157564701755877e+03 4.791339976522524e-18 8.589591797579492e-02
0 112 1.161746207152981e+03 7.088798720791335e-18 6.159467870465084e-02
1 195 1.161585291697058e+03 4.629689541432718e-18 7.397495751845713e-02
2 305 1.161370528003418e+03 5.902641959502686e-18 8.587353906955141e-02
2 306 1.165176241224367e+03 7.752676625149009e-17 8.586599185854306e-02
1 196 1.167524882077398e+03 4.386591512903401e-18 7.397710323133186e-02
2 307 1.168982380622629e+03 3.527964292487367e-18 8.586790514404587e-02
0 113 1.172042035089180e+03 2.504869427688196e-17 6.159930737403934e-02
2 308 1.172788975910057e+03 3.440583828346025e-18 8.583305479872681e-02
1 197 1.173464147747462e+03 4.679155520218365e-18 7.400777291576395e-02
2 309 1.176594815193834e+03 3.572260817786615e-18 8.582938215650300e-02
1 198 1.179404681835905e+03 4.280985478749066e-18 7.403814975477759e-02
2 310 1.180400823047407e+03 3.294263671195093e-18 8.582806945066108e-02
0 114 1.182337230673190e+03 6.623464692772367e-18 6.158466543176240e-02
2 311 1.184207774116358e+03 3.190430794778980e-18 8.583807975062724e-02
1 199 1.185343866233858e+03 4.595879566440797e-18 7.403173704230392e-02
2 312 1.188013749419756e+03 3.183256156469081e-18 8.584003747086129e-02
1 200 1.191284428477208e+03 4.404588350612671e-18 7.399850931822116e-02
2 313 1.191819482952852e+03 3.210391370375932e-18 8.584291318920188e-02
0 115 1.192632490054978e+03 7.630345021061805e-18 6.159970024194682e-02
2 314 1.195625857409560e+03 3.469726512799839e-18 8.588017560894025e-02
1 201 1.197223926191247e+03 4.305144771095252e-18 7.396700074933261e-02
2 315 1.199432039196037e+03 4.036859128000840e-18 8.587984998892674e-02
0 116 1.202928283128915e+03 6.181712878338542e-18 6.159541779864828e-02
1 202 1.203163581754299e+03 4.404637310683727e-18 7.396622237959737e-02
2 316 1.203237767649009e+03 3.860363371470141e-18 8.588276487680127e-02
2 317 1.207043509512758e+03 3.586825554817061e-18 8.589193555387087e-02
1 203 1.209103334993375e+03 4.595233982455903e-18 7.397353757497969e-02
2 318 1.210849666098098e+03 3.964121049153441e-18 8.588741948982363e-02
0 117 1.213224208538893e+03 6.613030758000827e-18 6.159415626316731e-02
2 319 1.214655816333935e+03 4.796931115752121e-18 8.585290202483187e-02
1 204 1.215043196499571e+03 4.401686424430529e-18 7.400043995875158e-02
2 320 1.218461561613378e+03 4.708193183901349e-18 8.585314278238099e-02
1 205 1.220984227492456e+03 4.402667572909749e-18 7.402111849195096e-02
2 321 1.222267541072179e+03 3.881999871172356e-18 8.585206511436684e-02
0 118 1.223519101196399e+03 6.228999826359987e-18 6.158703242291497e-02
2 322 1.226074379319859e+03 3.933948167990086e-18 8.582447251380619e-02
1 206 1.226923500977183e+03 4.301375520091918e-18 7.403509790401601e-02
2 323 1.229880393270726e+03 4.032262790991459e-18 8.582320159620539e-02
1 207 1.232863488808316e+03 4.594813218461538e-18 7.400455469878346e-02
0 119 1.233814724908947e+03 6.181269093074311e-18 6.160107583885079e-02
2 324 1.233686277528560e+03 4.945112111051414e-18 8.583084904324792e-02
2 325 1.237493030150546e+03 5.618164288040158e-18 8.585641556479799e-02
1 208 1.238802444053055e+03 4.912432676697692e-18 7.397926531006981e-02
2 326 1.241299111896820e+03 1.289603374716318e-17 8.584912991838099e-02
0 120 1.244110412348522e+03 6.181330366534869e-18 6.159897920926883e-02
1 209 1.244742084728294e+03 4.380264254603766e-18 7.398156479994282e-02
2 327 1.245104849124462e+03 7.227268551638937e-16 8.585736755630977e-02
2 328 1.248910893939682e+03 4.398783559115408e-18 8.589576126631729e-02
1 210 1.250681910869789e+03 4.399519307595779e-18 7.398472968547250e-02
2 329 1.252716992572495e+03 4.651643548131062e-18 8.588792792256389e-02
0 121 1.254406218065933e+03 6.284286791561207e-18 6.158914043295977e-02
1 211 1.256622113963380e+03 4.399613927088553e-18 7.399108990654017e-02
2 330 1.256522816077601e+03 3.447505880634166e-18 8.587527646540952e-02
2 331 1.260328630405222e+03 3.298081637853761e-18 8.588090322969928e-02
1 212 1.262563351916918e+03 4.303452614724023e-18 7.399493751890295e-02
2 332 1.264134684108816e+03 3.213103046933155e-18 8.588197688193681e-02
0 122 1.264701034372069e+03 6.412538266645389e-18 6.159211490315012e-02
2 333 1.267941104017630e+03 3.249955909898811e-18 8.583892281580358e-02
1 213 1.268502988490027e+03 4.460328660258288e-18 7.401552992330869e-02
2 334 1.271746978938668e+03 3.289453184677352e-18 8.583288703874072e-02
1 214 1.274442709591294e+03 4.609813095514329e-18 7.399812273756151e-02
0 123 1.274996897362644e+03 6.290608940807123e-18 6.159900860070232e-02
2 335 1.275552907237910e+03 4.222890854458646e-18 8.584116775440322e-02
2 336 1.279359806089367e+03 5.226572340767467e-18 8.583593957742076e-02
1 215 1.280381404880746e+03 4.600583631697056e-18 7.399526327835053e-02
2 337 1.283165836441982e+03 4.353532706734623e-18 8.582387076853989e-02
0 124 1.285292578188230e+03 6.336631219624420e-18 6.159908828168653e-02
1 216 1.286320998346426e+03 4.657545472013932e-18 7.400048033707622e-02
2 338 1.286971729498096e+03 4.802722887053512e-17 8.583090570358287e-02
2 339 1.290778290372645e+03 5.136393180441750e-18 8.587611309960334e-02
1 217 1.292260772500337e+03 4.829359819852273e-18 7.400743409470910e-02
2 340 1.294584307612497e+03 7.044511897220820e-18 8.586900020442237e-02
0 125 1.295588095222808e+03 6.920109475472882e-18 6.158700086511518e-02
1 218 1.298200944569498e+03 4.396405572850807e-18 7.400349974747529e-02
2 341 1.298390043516738e+03 5.078661635159328e-18 8.587040814958416e-02
2 342 1.302195973161804e+03 3.181229918731080e-18 8.589342630463813e-02
1 219 1.304142103439881e+03 4.400430767432104e-18 7.397504291056831e-02
0 126 1.305883049758394e+03 6.622088416976942e-18 6.159649949161461e-02
2 343 1.306002003222806e+03 4.715191927127177e-16 8.589637725503974e-02
1 220 1.310082133630568e+03 4.460206911578921e-18 7.398458923148700e-02
2 344 1.309807900215005e+03 5.965535523210022e-18 8.586728423654048e-02
2 345 1.313613771377714e+03 3.765187432618502e-18 8.585730711211445e-02
0 127 1.316178947960336e+03 6.666651818794256e-18 6.159326215281644e-02
1 221 1.316021704780279e+03 4.663456038363426e-18 7.398485124842637e-02
2 346 1.317419868521851e+03 3.985859886677748e-18 8.586294401273568e-02
2 347 1.321226574138646e+03 1.047624336347546e-17 8.583529758643979e-02
1 222 1.321960579647769e+03 4.375560826831392e-18 7.400250379241183e-02
2 348 1.325032410090704e+03 1.748753724498606e-16 8.582293379672026e-02
0 128 1.326474716377123e+03 6.694013056920906e-18 6.159781959562308e-02
1 223 1.327900333376638e+03 4.302891034455529e-18 7.401032575728217e-02
2 349 1.328838326660624e+03 3.542363482016998e-18 8.582720195935144e-02
2 350 1.332645283585924e+03 3.282901793216945e-18 8.584778376881490e-02
1 224 1.333840204347714e+03 4.650227220443350e-18 7.402941378321412e-02
0 129 1.336769893166011e+03 7.738470146648349e-18 6.158658103030664e-02
2 351 1.336451237451951e+03 3.426469992293097e-18 8.584339233502519e-02
1 225 1.339780245971104e+03 4.393723632434087e-18 7.402532326193731e-02
2 352 1.340257007097597e+03 3.276131636341390e-18 8.584623895079070e-02
2 353 1.344063384832633e+03 3.571230399922747e-18 8.588378138528863e-02
1 226 1.345720653635338e+03 4.596331529634779e-18 7.397133689872562e-02
0 130 1.347065143836731e+03 6.710680970289183e-18 6.159959839667449e-02
2 354 1.347869484427421e+03 3.264894885672959e-18 8.588478458554447e-02
1 227 1.351660632997132e+03 4.365791389095200e-18 7.396037383855789e-02
2 355 1.351675216470333e+03 3.442098178886250e-18 8.588506051977493e-02
2 356 1.355480976266233e+03 3.947920859297147e-18 8.588247922072741e-02
0 131 1.357360888474113e+03 6.181585180994370e-18 6.159325848251960e-02
1 228 1.357600395324037e+03 4.574742668574217e-18 7.396797300602558e-02
2 357 1.359287050840028e+03 4.418640406934050e-18 8.588412928234225e-02
2 358 1.363093271989748e+03 8.645289174428727e-17 8.585176930820350e-02
1 229 1.363539878582975e+03 4.454619005880763e-18 7.400002869450752e-02
2 359 1.366899050976629e+03 7.515325698888713e-18 8.584336908838562e-02
0 132 1.367656774468171e+03 7.754906784376888e-18 6.159526793251753e-02
1 230 1.369479754744735e+03 4.587858949264057e-18 7.400955852625372e-02
2 360 1.370705084183300e+03 4.185539234621536e-18 8.584493392824506e-02
2 361 1.374512085272673e+03 4.708751629842762e-18 8.582880500852710e-02
1 231 1.375419943127961e+03 4.372020451096963e-18 7.403682950241412e-02
0 133 1.377951664851596e+03 6.579693127716412e-18 6.158827160003814e-02
2 362 1.378317970849645e+03 4.708887457812204e-18 8.582608367656214e-02
1 232 1.381359911553185e+03 4.685309685698534e-18 7.403368072145627e-02
2 363 1.382123794004475e+03 2.793754917689506e-17 8.583205226111694e-02
2 364 1.385930577195773e+03 3.887111239047129e-18 8.585827416741057e-02
1 233 1.387299436004680e+03 4.587118420401512e-18 7.398321488237031e-02
0 134 1.388247253357358e+03 6.378941803205144e-18 6.159915775874304e-02
2 365 1.389736619488227e+03 4.077073215112776e-18 8.585581310083712e-02
1 234 1.393239200532383e+03 4.305364563651652e-18 7.397059121850946e-02
2 366 1.393542354800391e+03 4.707903630467905e-18 8.586756523012148e-02
2 367 1.397348359422602e+03 3.181276429708876e-18 8.589228954993001e-02
0 135 1.398542893994321e+03 6.277252512887405e-18 6.159833879927235e-02
1 235 1.399178857714144e+03 4.553090227988208e-18 7.396076675818539e-02
2 368 1.401154489521461e+03 9.095381144803355e-17 8.588947989550366e-02
1 236 1.405118857834161e+03 4.805725860602658e-18 7.399131606665985e-02
2 369 1.404960442739249e+03 3.864103250014138e-18 8.587612240057974e-02
0 136 1.408838694705087e+03 6.217698425030652e-18 6.159097970660606e-02
2 370 1.408766113597417e+03 3.547239100745537e-18 8.587496201506518e-02
1 237 1.411059032370785e+03 4.583139701162098e-18 7.400092313926240e-02
2 371 1.412572116265831e+03 3.373670530786591e-18 8.587540031976994e-02
2 372 1.416378700070758e+03 3.551077752885634e-18 8.583180762267434e-02
1 238 1.416999771768272e+03 4.795445522074290e-18 7.402376615595853e-02
0 137 1.419133487044601e+03 6.219208976869395e-18 6.159108901893353e-02
2 373 1.420184564008499e+03 3.227304051862424e-18 8.582803366281003e-02
1 239 1.422939683500292e+03 4.372295411291261e-18 7.402195564839349e-02
2 374 1.423990515052863e+03 3.190499832020761e-18 8.583809755913717e-02
2 375 1.427797485879720e+03 3.519752171115036e-18 8.583324590599363e-02
1 240 1.428878549665333e+03 4.371070526558931e-18 7.400047924190964e-02
0 138 1.429429301669019e+03 6.777259470732564e-18 6.159679667288216e-02
2 376 1.431603487710044e+03 3.363025455968637e-18 8.582719850367346e-02
1 241 1.434818065766579e+03 4.390881012600152e-18 7.399084059500138e-02
2 377 1.435409371202274e+03 3.280100074930896e-18 8.583966873795665e-02
2 378 1.439215749310101e+03 4.483396536021525e-18 8.587935623723106e-02
0 139 1.439724966750814e+03 6.181227375640196e-18 6.160095446950987e-02
1 242 1.440757465317013e+03 4.305050491871996e-18 7.397313838965260e-02
2 379 1.443021764851586e+03 2.509768997689063e-16 8.587352763218858e-02
1 243 1.446697914740586e+03 4.575433907548102e-18 7.399863595122923e-02
2 380 1.446827573520015e+03 4.234306497634954e-18 8.587522259571240e-02
0 140 1.450020469073230e+03 6.923268949934744e-18 6.158742228925377e-02
2 381 1.450633424491326e+03 3.465098547182608e-18 8.589331637482274e-02
1 244 1.452638151358037e+03 4.775849908943349e-18 7.399543135951642e-02
2 382 1.454439511302415e+03 3.801467357858298e-18 8.589554266803670e-02
2 383 1.458245641770236e+03 5.207561420844458e-18 8.585678473964839e-02
1 245 1.458579132340091e+03 4.584388124654287e-18 7.399490627890179e-02
0 141 1.460315383794966e+03 6.612473504742006e-18 6.159438514573944e-02
