1 0 5.527391543782491e+00 5.325014178168492e-18 5.939887493532536e-02
1 1 1.463375537906006e+01 5.270846685859622e-18 5.939889011264649e-02
1 2 2.374011850000750e+01 5.774210824952377e-18 5.939899772756233e-02
1 3 3.284648259746182e+01 5.680789543249536e-18 5.939914808857238e-02
1 4 4.195284858990222e+01 5.462859412984837e-18 5.939923301687072e-02
1 5 5.105921502978227e+01 5.424937281821068e-18 5.939919050640411e-02
1 6 6.016558000868134e+01 6.310211760910401e-18 5.939905273278839e-02
1 7 6.927194325485755e+01 5.763167714331245e-18 5.939892025431814e-02
1 8 7.837830648227165e+01 5.482179660437517e-18 5.939887097000350e-02
1 9 8.748467110373809e+01 7.129381656369669e-18 5.939887218915370e-02
0 0 8.787027350138735e+01 2.403365081881762e-17 2.784367279082469e-02
1 10 9.659103581980172e+01 5.403588749379035e-18 5.939887013786096e-02
1 11 1.056973991297798e+02 6.384721786575962e-18 5.939891232671275e-02
1 12 1.148037622899123e+02 6.310212448806458e-18 5.939903990045865e-02
1 13 1.239101271100598e+02 9.010477975240896e-17 5.939918161516591e-02
1 14 1.330164934954298e+02 8.060964261365731e-18 5.939923461443086e-02
1 15 1.421228595979241e+02 5.495977383688604e-18 5.939915912938252e-02
1 16 1.512292238560272e+02 5.364915084010437e-18 5.939901043900171e-02
1 17 1.603355869688812e+02 5.372677361790232e-18 5.939889562628319e-02
1 18 1.694419507100881e+02 5.488172869896338e-18 5.939887431613782e-02
0 1 1.762795184621632e+02 2.401611991215171e-17 2.784320132212600e-02
1 19 1.785483155686385e+02 5.639796272195656e-18 5.939888078573826e-02
1 20 1.876546798744801e+02 5.412320653255201e-18 5.939887843017731e-02
1 21 1.967610429827728e+02 5.657803687823318e-18 5.939894398425951e-02
1 22 2.058674065847476e+02 5.570225550266908e-18 5.939908756646821e-02
1 23 2.149737719911843e+02 5.374323911496990e-18 5.939921663046312e-02
1 24 2.240801384239335e+02 5.810304694922034e-18 5.939923305071726e-02
1 25 2.331865041604102e+02 5.680760588633129e-18 5.939912023998859e-02
1 26 2.422928680963183e+02 5.592531101970306e-18 5.939897000856881e-02
1 27 2.513992311493744e+02 6.310221234333933e-18 5.939888453276713e-02
1 28 2.605055951709177e+02 7.275434449455968e-18 5.939887974369865e-02
0 2 2.646886977207824e+02 3.208874135488005e-17 2.784271791939839e-02
1 29 2.696119600775268e+02 5.763194780095338e-18 5.939887743612762e-02
1 30 2.787183240649338e+02 5.270847105517738e-18 5.939888480972516e-02
1 31 2.878246872467232e+02 7.057197471021531e-18 5.939898039400231e-02
1 32 2.969310511118504e+02 5.270830624230821e-18 5.939913180633936e-02
1 33 3.060374168967919e+02 7.164335189163538e-18 5.939922991300763e-02
1 34 3.151437833941779e+02 6.816150110556984e-18 5.939920336110491e-02
1 35 3.242501486242250e+02 9.128905813222319e-17 5.939907256499941e-02
1 36 3.333565120309767e+02 5.270843628883933e-18 5.939893370777757e-02
1 37 3.424628751476951e+02 5.984145415195476e-18 5.939887359871353e-02
1 38 3.515692395986646e+02 5.308675204699569e-18 5.939887401495890e-02
0 3 3.530978937629125e+02 6.205922185562106e-17 2.784344359412744e-02
1 39 3.606756044437770e+02 5.270848868860096e-18 5.939886952840998e-02
1 40 3.697819679093980e+02 5.488179035358262e-18 5.939890210746973e-02
1 41 3.788883309600326e+02 5.270837850475522e-18 5.939902126445532e-02
1 42 3.879946955200160e+02 5.799554550231134e-18 5.939916721724228e-02
1 43 3.971010617898721e+02 5.657822417435634e-18 5.939923519706708e-02
1 44 4.062074280526781e+02 5.728592629564784e-18 5.939917442597611e-02
1 45 4.153137925816361e+02 5.270837264093418e-18 5.939902952506192e-02
1 46 4.244201556627388e+02 5.423230986123542e-18 5.939890457924516e-02
1 47 4.335265192742411e+02 5.509394284543130e-18 5.939887307613233e-02
0 4 4.415071465575440e+02 2.405100831821523e-17 2.784354909288570e-02
1 48 4.426328840649720e+02 6.336348576150707e-18 5.939888126965220e-02
1 49 4.517392485347685e+02 5.424974869234947e-18 5.939887691909729e-02
1 50 4.608456117213310e+02 5.867018527137427e-18 5.939893073980951e-02
1 51 4.699519751454366e+02 5.470686281294333e-18 5.939906809383207e-02
1 52 4.790583403245161e+02 5.331431008941033e-18 5.939920467681751e-02
1 53 4.881647067258106e+02 7.087129067195269e-18 5.939924041031770e-02
1 54 4.972710726299441e+02 5.270830086046759e-18 5.939913976090520e-02
1 55 5.063774367914829e+02 6.035814311186375e-18 5.939898753990203e-02
1 56 5.154837998558074e+02 5.686981284833575e-18 5.939889027753574e-02
1 57 5.245901637032110e+02 8.917591484453133e-17 5.939887915898677e-02
0 5 5.299163535513268e+02 2.406980968749830e-17 2.784277293351891e-02
1 58 5.336965285953087e+02 5.610624651849406e-18 5.939887982105087e-02
1 59 5.428028927408062e+02 6.489554820377179e-18 5.939888104364147e-02
1 60 5.519092559130039e+02 5.524420299008304e-18 5.939896396831743e-02
1 61 5.610156196654995e+02 5.421316968341947e-18 5.939911468788554e-02
1 62 5.701219852182463e+02 5.270824606942948e-18 5.939922485068366e-02
1 63 5.792283517349339e+02 5.819122856565282e-18 5.939921459979248e-02
1 64 5.883347172036674e+02 6.310209598171964e-18 5.939909233240240e-02
1 65 5.974410807978464e+02 6.310217440343968e-18 5.939894849307024e-02
1 66 6.065474438362031e+02 6.083406521699939e-18 5.939887715595127e-02
1 67 6.156538081034457e+02 5.613919481893890e-18 5.939887524194722e-02
0 6 6.183255273309281e+02 1.257174921363821e-16 2.784306481694053e-02
1 68 6.247601730424575e+02 5.515351512761698e-18 5.939886927148191e-02
1 69 6.338665366850055e+02 5.450741773905514e-18 5.939889332196526e-02
1 70 6.429728996613361e+02 6.528302397939309e-18 5.939900311211575e-02
1 71 6.520792639626685e+02 5.846844111732529e-18 5.939915161871236e-02
1 72 6.611856300835948e+02 5.705110890773543e-18 5.939923375764731e-02
1 73 6.702919964731418e+02 5.470667679937331e-18 5.939918840215087e-02
1 74 6.793983612743174e+02 5.482265843133829e-18 5.939904892168003e-02
1 75 6.885047243783491e+02 7.221543805315667e-18 5.939891549082665e-02
1 76 6.976110878577682e+02 5.465330706053726e-18 5.939887235888602e-02
0 7 7.067347639276409e+02 2.416590857337107e-17 2.784369073439756e-02
1 77 7.067174525548750e+02 5.270848464736656e-18 5.939888115292712e-02
1 78 7.158238171731153e+02 5.270848112355343e-18 5.939887632085205e-02
1 79 7.249301804683531e+02 8.782552761912848e-17 5.939891896113526e-02
1 80 7.340365437409358e+02 5.797839301638815e-18 5.939904872754788e-02
1 81 7.431429086801625e+02 5.270826758481210e-18 5.939919120448063e-02
1 82 7.522492750355616e+02 5.344017000767518e-18 5.939924262849979e-02
1 83 7.613556410659243e+02 5.570001779314169e-18 5.939915859818731e-02
1 84 7.704620054624140e+02 6.078549431301245e-18 5.939900609939384e-02
1 85 7.795683685730028e+02 5.450272385240265e-18 5.939889750660671e-02
1 86 7.886747322544885e+02 6.310222100004948e-18 5.939887851792851e-02
0 8 7.951440015694632e+02 2.411034904390685e-17 2.784307747891112e-02
1 87 7.977810970999317e+02 5.832464052921264e-18 5.939888189351009e-02
1 88 8.068874614029396e+02 5.483324410373842e-18 5.939887867946675e-02
1 89 8.159938245991672e+02 5.630054064636911e-18 5.939894888365926e-02
1 90 8.251001882590128e+02 5.603495906590529e-18 5.939909693135847e-02
1 91 8.342065535592341e+02 5.866623721696283e-18 5.939921789667347e-02
1 92 8.433129200564080e+02 5.592415606069246e-18 5.939922409973959e-02
1 93 8.524192857464008e+02 5.270831961533888e-18 5.939911182258026e-02
1 94 8.615256495505907e+02 5.432746810930805e-18 5.939896451715957e-02
1 95 8.706320125453526e+02 5.763267978589553e-18 5.939888182162200e-02
1 96 8.797383766220752e+02 5.482305626000844e-18 5.939887597728094e-02
0 9 8.835531754690294e+02 2.425647741511382e-17 2.784276604636386e-02
1 97 8.888447416084135e+02 7.264900099667140e-18 5.939886983902503e-02
1 98 8.979511054517362e+02 5.465297996019121e-18 5.939888594222564e-02
1 99 9.070574683907175e+02 6.179596576472349e-18 5.939898562946014e-02
1 100 9.161638324404079e+02 5.686903945381182e-18 5.939913500243963e-02
1 101 9.252701983820024e+02 8.664245376502232e-17 5.939923031598031e-02
1 102 9.343765648623979e+02 5.458012979089567e-18 5.939920090062591e-02
1 103 9.434829299316550e+02 6.152210207218040e-18 5.939906843150642e-02
1 104 9.525892931878467e+02 5.807056589471180e-18 5.939892894205113e-02
1 105 9.616956564602696e+02 5.698782316614100e-18 5.939887241385182e-02
1 106 9.708020210427180e+02 5.553331746587717e-18 5.939888040593713e-02
0 10 9.719623816497236e+02 1.294204956999003e-16 2.784354476865994e-02
1 107 9.799083857882506e+02 5.639661056539210e-18 5.939887641537719e-02
1 108 9.890147492189296e+02 6.310219693683912e-18 5.939890869670899e-02
1 109 9.981211123699201e+02 5.270837258040941e-18 5.939902967955472e-02
1 110 1.007227477062047e+03 5.570346505006382e-18 5.939917636787921e-02
1 111 1.016333843334485e+03 5.413248949309032e-18 5.939924283166014e-02
1 112 1.025440209470374e+03 5.423229293667139e-18 5.939917654845448e-02
1 113 1.034546574105804e+03 5.509285235819605e-18 5.939902551483565e-02
1 114 1.043652937296648e+03 5.784482347244334e-18 5.939890629626077e-02
1 115 1.052759300826569e+03 5.888291613106556e-18 5.939887804856128e-02
0 11 1.060371634540699e+03 2.402041632887225e-17 2.784345193655028e-02
1 116 1.061865665594940e+03 6.310222101096557e-18 5.939888349841993e-02
1 117 1.070972030048250e+03 5.763292766144861e-18 5.939887754761457e-02
1 118 1.080078393301009e+03 5.482330170101287e-18 5.939893525783075e-02
1 119 1.089184756869739e+03 7.016091905635419e-18 5.939907839596658e-02
1 120 1.098291121924449e+03 5.465247576226737e-18 5.939920913986083e-02
1 121 1.107397488363390e+03 6.035899449325591e-18 5.939923175884684e-02
1 122 1.116503854252598e+03 6.310207491052300e-18 5.939913082374226e-02
1 123 1.125610218284658e+03 8.410891812649986e-17 5.939898165968163e-02
1 124 1.134716581271991e+03 5.797902565579834e-18 5.939888774585379e-02
1 125 1.143822945158101e+03 6.152311603635912e-18 5.939887637549839e-02
0 12 1.148780831353151e+03 2.399813779191632e-17 2.784272391128017e-02
1 126 1.152929310122053e+03 5.394305449100407e-18 5.939887327683939e-02
1 127 1.162035674205076e+03 5.416060701475057e-18 5.939887990427074e-02
1 128 1.171142037144511e+03 6.723451312341131e-18 5.939896898688401e-02
1 129 1.180248400954967e+03 6.310208207620340e-18 5.939911756221727e-02
1 130 1.189354766690416e+03 5.412342888150548e-18 5.939922491568142e-02
1 131 1.198461133224109e+03 6.727749836294347e-18 5.939921178076545e-02
1 132 1.207567498551942e+03 5.570390896580074e-18 5.939908785042283e-02
1 133 1.216673861990055e+03 5.614257413135535e-18 5.939894364611004e-02
1 134 1.225780225080445e+03 5.515271062184628e-18 5.939887347844583e-02
1 135 1.234886589532855e+03 5.866416312491546e-18 5.939887905886623e-02
0 13 1.237190010218321e+03 4.400411283491600e-17 2.784319021098158e-02
1 136 1.243992954379822e+03 5.462937190875287e-18 5.939887696929495e-02
1 137 1.253099317968130e+03 5.888265870682353e-18 5.939889996045126e-02
1 138 1.262205681030350e+03 6.871628638060899e-18 5.939901115386866e-02
1 139 1.271312045473530e+03 7.271541269686374e-18 5.939916033774443e-02
1 140 1.280418411628001e+03 5.421748095248610e-18 5.939924101535576e-02
1 141 1.289524777860274e+03 7.087347518392395e-18 5.939919277222372e-02
1 142 1.298631142718911e+03 5.465220349925278e-18 5.939904559717183e-02
1 143 1.307737506022109e+03 5.475579121751233e-18 5.939891668500948e-02
1 144 1.316843869420333e+03 5.853656663900368e-18 5.939887799145987e-02
0 14 1.325599254346313e+03 2.565128418531927e-17 2.784367750167524e-02
1 145 1.325950234084358e+03 9.171143408908188e-17 5.939888453110164e-02
1 146 1.335056598674351e+03 7.549730108657758e-18 5.939887744845095e-02
1 147 1.344162962013987e+03 5.762354862580325e-18 5.939892317916269e-02
1 148 1.353269325422791e+03 5.394319448883022e-18 5.939905841911420e-02
1 149 1.362375690318156e+03 5.356112326318858e-18 5.939919868998003e-02
1 150 1.371482056660956e+03 5.488203644906032e-18 5.939923749694310e-02
1 151 1.380588422723147e+03 7.162927045413728e-18 5.939914912794824e-02
1 152 1.389694786995867e+03 5.799741136161719e-18 5.939899977609535e-02
1 153 1.398801150012318e+03 5.832537105176487e-18 5.939889504525116e-02
1 154 1.407907513714400e+03 5.324997992831415e-18 5.939887662856998e-02
0 15 1.414008483028860e+03 2.405095503152794e-17 2.784296124902562e-02
1 155 1.417013878623970e+03 5.438368652459708e-18 5.939887645768679e-02
1 156 1.426120242940958e+03 5.772809016474345e-18 5.939887510854060e-02
1 157 1.435226605918526e+03 6.310217131530325e-18 5.939895333567264e-02
1 158 1.444332969507352e+03 6.310209171434264e-18 5.939909949998126e-02
1 159 1.453439335013949e+03 6.959436542409692e-18 5.939921762362885e-02
