1 0 3.858956967392264e+00 6.184591465731356e-18 5.748935440943692e-02
0 0 6.315960468758106e+00 7.312541059760714e-18 4.958865777721153e-02
1 1 1.303992666507995e+01 5.723293632367403e-18 5.748489016191452e-02
0 1 2.062116033513786e+01 6.914089986264822e-18 4.958715860722220e-02
1 2 2.222059739012401e+01 5.727049994075206e-18 5.748987929923445e-02
1 3 3.140334269839503e+01 5.202577309919584e-18 5.751928207246445e-02
0 2 3.492525527419767e+01 6.916205993807279e-18 4.956933334727764e-02
1 4 4.058458610843611e+01 6.212570617186334e-18 5.751668451873104e-02
0 3 4.923096185321188e+01 7.100453293602311e-18 4.956507362670448e-02
1 5 4.976495718701653e+01 5.369618732143558e-18 5.752011943712151e-02
1 6 5.894576901185499e+01 5.308086372262709e-18 5.753817247526646e-02
0 4 6.353683607196962e+01 7.059467610369360e-18 4.955631246475868e-02
1 7 6.812710664732933e+01 5.310715510360220e-18 5.753817372576556e-02
1 8 7.730791862194546e+01 5.202280007235483e-18 5.752012872427826e-02
0 5 7.784271000655293e+01 7.443615274511492e-18 4.956508389368367e-02
1 9 8.648828536045757e+01 5.375722010714011e-18 5.751668545877681e-02
0 6 9.214842283103566e+01 6.916206569161965e-18 4.956933586427791e-02
1 10 9.566952476691272e+01 5.377668648905020e-18 5.751928478301845e-02
1 11 1.048522639543833e+02 5.204024681455586e-18 5.748990645681532e-02
0 7 1.064525257074364e+02 7.019140002419045e-18 4.958714799918569e-02
1 12 1.140329325639491e+02 5.805683360209454e-18 5.748491632246422e-02
0 8 1.207577287677566e+02 7.735416995312014e-18 4.958864354985634e-02
1 13 1.232139002112135e+02 5.388231584538949e-18 5.748938068307233e-02
1 14 1.323976659219723e+02 5.335285119584445e-18 5.749344173732474e-02
0 9 1.350607736337824e+02 7.238322858459797e-18 4.958614010161622e-02
1 15 1.415787003182259e+02 5.337822927185624e-18 5.748925048235289e-02
0 10 1.493660356616619e+02 6.914555097159445e-18 4.958395863310510e-02
1 16 1.507592992073927e+02 6.332556103145895e-18 5.749419770843503e-02
1 17 1.599416401168245e+02 5.399326977056922e-18 5.752545811123348e-02
0 11 1.636705355551589e+02 6.965853001463541e-18 4.956520897054151e-02
1 18 1.691229167226426e+02 5.371383711515652e-18 5.752332947115763e-02
0 12 1.779763670442750e+02 6.917530307492510e-18 4.956078752334401e-02
1 19 1.783032719751246e+02 5.344031951149618e-18 5.752543478097762e-02
1 20 1.874838639875842e+02 5.343761388701761e-18 5.753705071794411e-02
0 13 1.922823674198015e+02 6.994810031494115e-18 4.955686134092643e-02
1 21 1.966651973678967e+02 6.458200875787647e-18 5.753757908478174e-02
1 22 2.058463017364442e+02 5.141924297971116e-18 5.751377197247064e-02
0 14 2.065880184315947e+02 8.812293742328313e-16 4.956979532485250e-02
1 23 2.150267056273173e+02 5.640310041296246e-18 5.750962420775198e-02
0 15 2.208936054830159e+02 6.966754543756337e-18 4.957370797469455e-02
1 24 2.242079048179821e+02 5.840019883087195e-18 5.751266363532093e-02
1 25 2.333910100551662e+02 5.419769406406710e-18 5.748710608648093e-02
0 16 2.351973355050411e+02 5.671378936451871e-17 4.958931732168882e-02
1 26 2.425717529611073e+02 5.370297182785266e-18 5.748214253415743e-02
0 17 2.495024982861357e+02 6.913565645428234e-18 4.959011345825771e-02
1 27 2.517526525912572e+02 5.201499528158845e-18 5.748682713955001e-02
1 28 2.609363125879134e+02 5.142958009619249e-18 5.749876211662221e-02
0 18 2.638056533282087e+02 7.450011328917362e-18 4.958276036121931e-02
1 29 2.701174067398655e+02 5.200277564841901e-18 5.749489173176601e-02
0 19 2.781109989208055e+02 6.974634508580556e-18 4.957998086134813e-02
1 30 2.792979374662063e+02 5.374709875062123e-18 5.749971857016575e-02
1 31 2.884798616211238e+02 5.858944284817676e-18 5.753074853373696e-02
0 20 2.924159054635140e+02 7.026668246846449e-18 4.956164795604085e-02
1 32 2.976611641976327e+02 5.196701848704925e-18 5.752911121971040e-02
0 21 3.067218502338304e+02 6.936934152506408e-18 4.955788647545281e-02
1 33 3.068415352886939e+02 5.600411530097714e-18 5.752867209006645e-02
1 34 3.160219849656849e+02 5.379630687823300e-18 5.753424741661126e-02
0 22 3.210278730579496e+02 7.888222051039103e-18 4.955851957291153e-02
1 35 3.252033070176549e+02 5.993967614583902e-18 5.753529716353841e-02
1 36 3.343847655719362e+02 5.606488340946658e-18 5.750710695217474e-02
0 23 3.353332160251149e+02 6.926162873638046e-18 4.957467238444024e-02
1 37 3.435652210058755e+02 5.198540320774565e-18 5.750255141841244e-02
0 24 3.496386862220107e+02 7.736609668213037e-18 4.957808128778910e-02
1 38 3.527463734661465e+02 5.866169086435040e-18 5.750599803518275e-02
1 39 3.619297826445458e+02 5.360340802815804e-18 5.748597640533883e-02
0 25 3.639421028252759e+02 6.941632416116394e-18 4.959037486471245e-02
1 40 3.711105997357504e+02 5.456229174042986e-18 5.748110647214336e-02
0 26 3.782472502252172e+02 7.127876416272846e-18 4.959042472161744e-02
1 41 3.802914283931379e+02 5.359473197285806e-18 5.748595555545442e-02
1 42 3.894748829357362e+02 5.407409103405676e-18 5.750496094981910e-02
0 27 3.925506186701433e+02 7.071738886185528e-18 4.957875115830438e-02
1 43 3.986560310182949e+02 6.023052041913424e-18 5.750145461570913e-02
0 28 4.068560654969609e+02 3.984018621359668e-16 4.957538974779118e-02
1 44 4.078364995416243e+02 6.080057754265087e-18 5.750606393421386e-02
1 45 4.170180211901500e+02 5.139776072570030e-18 5.753480745651887e-02
0 29 4.211613500941251e+02 7.054782276416883e-18 4.955885175214610e-02
1 46 4.261993426326441e+02 5.625138389596505e-18 5.753367855299983e-02
0 30 4.354673661030735e+02 3.050453546548070e-16 4.955764112926457e-02
1 47 4.353797778287059e+02 6.045515358443182e-18 5.752895589565551e-02
1 48 4.445601533641666e+02 5.351166657168601e-18 5.752992507743512e-02
0 31 4.497733284865629e+02 7.000684218805799e-18 4.956114181410889e-02
1 49 4.537414568732522e+02 6.834478267051857e-18 5.753148502089275e-02
1 50 4.629233118874313e+02 5.633611115072398e-18 5.750071338233961e-02
0 32 4.640783027376204e+02 7.042862745566630e-18 4.957924531528937e-02
1 51 4.721038288823850e+02 6.852189528695926e-18 5.749591205839070e-02
0 33 4.783836679400355e+02 6.926706290603564e-18 4.958214166898612e-02
1 52 4.812849286472832e+02 5.635870456445325e-18 5.749972815771599e-02
1 53 4.904685593751794e+02 5.435852990853554e-18 5.748659232121158e-02
0 34 4.926868541701857e+02 8.017399064269551e-18 4.959023030174181e-02
1 54 4.996494488774158e+02 5.144621972736427e-18 5.748187779592177e-02
0 35 5.069920116716151e+02 7.288400985149387e-18 4.958956086358656e-02
1 55 5.088302046233033e+02 5.439089909378849e-18 5.748683168674698e-02
1 56 5.180133678453240e+02 6.134312921911966e-18 5.751162566069840e-02
0 36 5.212956805915978e+02 7.737038210075421e-18 4.957439973663573e-02
1 57 5.271945636397730e+02 5.899498653864115e-18 5.750852176392762e-02
0 37 5.356012436653021e+02 7.082450086006712e-18 4.957057734220537e-02
1 58 5.363749791897885e+02 5.142001165720039e-18 5.751276857487744e-02
1 59 5.455561369823812e+02 7.764414097278474e-18 5.753736795632643e-02
0 38 5.499068486166531e+02 7.914489520774765e-18 4.955703739703107e-02
1 60 5.547374700608275e+02 6.158939038269759e-18 5.753675914356356e-02
1 61 5.639180352864001e+02 5.451600696252013e-18 5.752618427950754e-02
0 39 5.642128574315881e+02 7.562046580931969e-18 4.956022735481711e-02
1 62 5.730983877446844e+02 5.452040494972839e-18 5.752434289295821e-02
0 40 5.785187131423721e+02 7.331983859753804e-18 4.956459229684914e-02
1 63 5.822796656453871e+02 5.654898053242596e-18 5.752639647586607e-02
1 64 5.914619356919264e+02 6.204159433387360e-18 5.749506747763023e-02
0 41 5.928232845058026e+02 7.106275598002991e-18 4.958334672120038e-02
1 65 6.006425209302997e+02 5.662072930424531e-18 5.749012767023427e-02
0 42 6.071285623772400e+02 7.960955501426304e-18 4.958562165019544e-02
1 66 6.098235624862529e+02 5.143359085221781e-18 5.749427093866307e-02
1 67 6.190073172352111e+02 6.204529352032197e-18 5.748891019924726e-02
0 43 6.214316189040043e+02 7.663339373257005e-18 4.958892852644471e-02
1 68 6.281882760660149e+02 5.670814949366318e-18 5.748440823901767e-02
0 44 6.357368113039506e+02 7.249987575734012e-18 4.958753589214910e-02
1 69 6.373689583314570e+02 5.872668854049266e-18 5.748940318898148e-02
1 70 6.465517640457163e+02 5.672942421569034e-18 5.751831606623071e-02
0 45 6.500408451458690e+02 7.718768371227378e-18 4.956998109279000e-02
1 71 6.557330010553366e+02 5.335094457967633e-18 5.751564807857077e-02
0 46 6.643465320070142e+02 7.698646580866838e-18 4.956575488373669e-02
1 72 6.649133771848007e+02 5.675532684287029e-18 5.751926088689035e-02
1 73 6.740942300427663e+02 5.139488615808728e-18 5.753825715193468e-02
0 47 6.786523772520651e+02 7.081500104815427e-18 4.955628989125909e-02
1 74 6.832755673839088e+02 5.331747176095626e-18 5.753817465323198e-02
1 75 6.924563388466112e+02 6.997193082090376e-18 5.752116144489730e-02
0 48 6.929582780954225e+02 6.917146026194384e-18 4.956431149223674e-02
1 76 7.016367027662340e+02 5.488591099191004e-18 5.751784043570837e-02
0 49 7.072640099985708e+02 7.682317716740262e-18 4.956862413903875e-02
1 77 7.108179482765851e+02 5.141041012276390e-18 5.752036582814528e-02
1 78 7.200006259702628e+02 5.498559231006314e-18 5.749056385376783e-02
0 50 7.215681746461047e+02 7.150516857911069e-18 4.958666893705998e-02
1 79 7.291812833442821e+02 5.333353499102264e-18 5.748556975082768e-02
0 51 7.358733858927972e+02 7.069891128981178e-18 4.958827945798901e-02
1 80 7.383622616032479e+02 6.941625852813183e-18 5.748999345890921e-02
1 81 7.475460343279773e+02 5.695518463636651e-18 5.749277082991175e-02
0 52 7.501764234013227e+02 7.082075407116539e-18 4.958656678182564e-02
1 82 7.567270585595489e+02 5.697467584773294e-18 5.748853414696767e-02
0 53 7.644816745650935e+02 7.065936819000288e-18 4.958449212120184e-02
1 83 7.659076686642732e+02 5.329251373854799e-18 5.749350141964126e-02
1 84 7.750900742723934e+02 5.514210590800864e-18 5.752459289155930e-02
0 54 7.787861102373109e+02 6.916673107983131e-18 4.956580137592900e-02
1 85 7.842713455107279e+02 5.324829544119500e-18 5.752238924286538e-02
0 55 7.930919232771956e+02 7.320626153380175e-18 4.956137764863602e-02
1 86 7.934517017501354e+02 5.825569249038979e-18 5.752479237095875e-02
1 87 8.026323228417076e+02 5.517602360307834e-18 5.753740772316630e-02
0 56 8.073979103508785e+02 7.440138968869740e-18 4.955666908669844e-02
1 88 8.118136573156003e+02 5.702875168012222e-18 5.753785227876435e-02
1 89 8.209947104608503e+02 5.706490763039147e-18 5.751490970715650e-02
0 57 8.217036026852295e+02 7.060822744418175e-18 4.956900014796671e-02
1 90 8.301751084434370e+02 5.707211331799923e-18 5.751081819578215e-02
0 58 8.360092086739518e+02 7.094581614529867e-18 4.957297684768296e-02
1 91 8.393563147377863e+02 5.322854435650237e-18 5.751378842024856e-02
1 92 8.485393661493192e+02 6.613395587171435e-18 5.748750659723229e-02
0 59 8.503129935235054e+02 7.198362575384677e-18 4.958901384677795e-02
1 93 8.577200976099009e+02 6.205125898549677e-18 5.748253127605739e-02
0 60 8.646181608088831e+02 7.044142831001228e-18 4.958992125461197e-02
1 94 8.669010084592281e+02 5.717498077035532e-18 5.748718446168049e-02
1 95 8.760846918560201e+02 5.721917466518063e-18 5.749791492067918e-02
0 61 8.789212914423745e+02 7.433668677447683e-18 4.958330914279595e-02
1 96 8.852657765134726e+02 5.800053672831348e-18 5.749399177779192e-02
0 62 8.932266229651835e+02 6.915028619465168e-18 4.958061318329898e-02
1 97 8.944463175938153e+02 6.203906753948700e-18 5.749885467226745e-02
1 98 9.036283067207911e+02 6.201501523682991e-18 5.753004496417910e-02
0 63 9.075314670416324e+02 6.917159803223287e-18 4.956213385299676e-02
1 99 9.128096051841455e+02 6.201686273315059e-18 5.752832892029028e-02
0 64 9.218373960677744e+02 7.005074341688878e-18 4.955818809851548e-02
1 100 9.219899711662877e+02 5.553519416559793e-18 5.752839335065548e-02
1 101 9.311704382470832e+02 5.139813746880101e-18 5.753485983876602e-02
0 65 9.361434216139311e+02 7.375360954635160e-18 4.955815666160976e-02
1 102 9.403517626167312e+02 5.312835641699357e-18 5.753582670876047e-02
1 103 9.495331616066992e+02 5.142347962084147e-18 5.750823763704657e-02
0 66 9.504488176725215e+02 6.990210681349214e-18 4.957387427242330e-02
1 104 9.587136090305218e+02 5.314727005797192e-18 5.750371344642703e-02
0 67 9.647543051154777e+02 2.055427871639399e-15 4.957737227017178e-02
1 105 9.678947696518881e+02 6.203180214608549e-18 5.750709652305609e-02
1 106 9.770781363085293e+02 5.742215502775482e-18 5.748610003590586e-02
0 68 9.790577655081191e+02 6.942000946959264e-18 4.959025673630697e-02
1 107 9.862589419164228e+02 5.743882006738163e-18 5.748120999612331e-02
0 69 9.933629136161659e+02 7.735265582102564e-18 4.959042377681517e-02
1 108 9.954397821126131e+02 5.744579537628759e-18 5.748603761642448e-02
1 109 1.004623274837546e+03 5.309480461099857e-18 5.750399760395865e-02
0 70 1.007666242575922e+03 6.927817149705131e-18 4.957938513768258e-02
1 110 1.013804414277177e+03 5.750184726737476e-18 5.750043172316210e-02
0 71 1.021971672948184e+03 2.951491944909235e-17 4.957610701406459e-02
1 111 1.022984891908877e+03 5.308727721265295e-18 5.750509679665158e-02
1 112 1.032166474762567e+03 5.750339553515954e-18 5.753431605406956e-02
0 72 1.036276901346811e+03 6.944077586651979e-18 4.955920130062909e-02
1 113 1.041347793368924e+03 5.752377102034108e-18 5.753310560719913e-02
1 114 1.050528214261912e+03 5.305274879419396e-18 5.752915594605058e-02
0 73 1.050582910503812e+03 8.176014135097606e-18 4.955744852833163e-02
1 115 1.059708597900576e+03 6.394170614810814e-18 5.753076019555636e-02
0 74 1.064888886372869e+03 6.931083938928019e-18 4.956063119743242e-02
1 116 1.068889904925931e+03 5.303566662039403e-18 5.753223919279249e-02
1 117 1.078071695417339e+03 5.760573062459491e-18 5.750175431752616e-02
0 75 1.079193921608601e+03 7.437620271770431e-18 4.957851225807785e-02
1 118 1.087252202950765e+03 5.761659632195776e-18 5.749697224278295e-02
0 76 1.093499301458231e+03 6.914632496151423e-18 4.958149950695805e-02
1 119 1.096433311870506e+03 6.814145543890143e-18 5.750073134952957e-02
1 120 1.105616914171321e+03 5.609411071428250e-18 5.748643675108143e-02
0 77 1.107802517312982e+03 7.017739624405442e-18 4.959030016061927e-02
1 121 1.114797792310810e+03 5.303910117801493e-18 5.748169359066287e-02
0 78 1.122107671557850e+03 7.041120015306673e-18 4.958975055319242e-02
1 122 1.123978559620050e+03 5.612647106940394e-18 5.748663658124997e-02
1 123 1.133161773351168e+03 1.780216359961195e-15 5.751061354850543e-02
0 79 1.136411288787478e+03 1.328643644465824e-17 4.957507151305381e-02
1 124 1.142342961582076e+03 1.527250333766401e-15 5.750744397996332e-02
0 80 1.150716833504982e+03 7.043124345916728e-18 4.957133473157280e-02
1 125 1.151523384553123e+03 1.056679536231695e-15 5.751177617826082e-02
1 126 1.160704596033384e+03 1.791796591028109e-16 5.753712498516273e-02
0 81 1.165022392847600e+03 3.385337164898327e-17 4.955722942049376e-02
1 127 1.169885927434705e+03 2.252802645438911e-16 5.753643276393782e-02
1 128 1.179066466570139e+03 3.431248755579881e-16 5.752684626151549e-02
0 82 1.179328409060015e+03 6.968889199964510e-18 4.955967163604826e-02
1 129 1.188246820802508e+03 6.101935326107172e-16 5.752535354667718e-02
0 83 1.193634283370172e+03 4.514758715458249e-16 4.956397370712604e-02
1 130 1.197428103542537e+03 3.891743365964078e-16 5.752732909830953e-02
1 131 1.206610308157691e+03 1.820921063758952e-16 5.749595276417242e-02
0 84 1.207938918768090e+03 6.989788085302954e-18 4.958272519987435e-02
1 132 1.215790882788597e+03 1.698351933949890e-16 5.749102303351679e-02
0 85 1.222244208737386e+03 7.380629592012105e-18 4.958509352313464e-02
1 133 1.224971934204141e+03 1.109095970768669e-16 5.749511667572968e-02
1 134 1.234155676485861e+03 1.231721529852745e-17 5.748848941408839e-02
0 86 1.236547278315753e+03 6.913665230552293e-18 4.958918165757792e-02
1 135 1.243336624468064e+03 1.005047329872318e-17 5.748395039421518e-02
0 87 1.250852463688954e+03 7.367246857174398e-18 4.958789748280911e-02
1 136 1.252517318257237e+03 1.081129506711428e-17 5.748894547776340e-02
1 137 1.261700183362743e+03 6.202429523015898e-18 5.751732596077180e-02
0 88 1.265156437463405e+03 7.012725007492547e-18 4.957064198691925e-02
1 138 1.270881413784653e+03 5.288565765674949e-18 5.751458693626120e-02
0 89 1.279462104862875e+03 7.358338012245135e-18 4.956646212787229e-02
1 139 1.280061794694922e+03 5.426341474675766e-18 5.751834260788233e-02
1 140 1.289242691062581e+03 6.343701161316254e-18 5.753828373094694e-02
0 90 1.293767918487409e+03 6.964868578181836e-18 4.955630228805648e-02
1 141 1.298424028090383e+03 5.804064101530709e-18 5.753811693445312e-02
1 142 1.307604761268120e+03 7.315498691712192e-18 5.752212254688106e-02
0 91 1.308073843642754e+03 7.212059538568256e-18 4.956356541762292e-02
1 143 1.316785122481501e+03 5.821226435431893e-18 5.751896765492535e-02
0 92 1.322379594656491e+03 7.345338452166814e-18 4.956792698203640e-02
1 144 1.325966373922893e+03 5.425736238687897e-18 5.752141889110055e-02
1 145 1.335148989230920e+03 5.817837140056170e-18 5.749123875512625e-02
0 93 1.336683821875252e+03 7.335273946537812e-18 4.958617425763814e-02
1 146 1.344329635407859e+03 5.817369230617817e-18 5.748624572221116e-02
0 94 1.350989041712409e+03 6.913816236738195e-18 4.958789756038980e-02
1 147 1.353510624261583e+03 6.232938788608237e-18 5.749062790194828e-02
1 148 1.362694401375001e+03 5.809921029305582e-18 5.749211798841486e-02
0 95 1.365292074688988e+03 9.252352419855586e-18 4.958697807891964e-02
1 149 1.371875415313469e+03 5.663769631618570e-18 5.748783615525806e-02
0 96 1.379597315478853e+03 6.914403746404806e-18 4.958501336296212e-02
1 150 1.381056036470254e+03 5.824946685495235e-18 5.749281498195147e-02
1 151 1.390238506524473e+03 5.801524543746896e-18 5.752369293338464e-02
0 97 1.393901687129722e+03 7.162532508655432e-18 4.956641297830614e-02
1 152 1.399419772323696e+03 5.799967126303216e-18 5.752141371909847e-02
0 98 1.408207481498947e+03 6.960283092497303e-18 4.956201096084181e-02
1 153 1.408600129695044e+03 5.691656634507975e-18 5.752408288878838e-02
1 154 1.417780782300600e+03 6.270324061026120e-18 5.753770725308162e-02
0 99 1.422513452642733e+03 7.304601455019521e-18 4.955651138509454e-02
1 155 1.426962117748190e+03 5.795220183460544e-18 5.753806761207217e-02
1 156 1.436143121440979e+03 1.956847979136888e-17 5.751600286117429e-02
0 100 1.436819184095109e+03 7.727476801829756e-18 4.956822243659032e-02
1 157 1.445323513607339e+03 3.237573430131964e-17 5.751199536928957e-02
0 101 1.451124809241821e+03 6.915822648661387e-18 4.957225416510613e-02
1 158 1.454504726919139e+03 4.702521805610776e-17 5.751489623538081e-02
