1 0 2.969860797830911e+00 2.096920024109193e-02 2.235475361100329e-02
0 0 6.924739912383449e+00 8.071410395298845e-18 4.581641150419261e-02
1 1 1.646979913665942e+01 2.099022387117605e-02 2.439563066642186e-02
0 1 2.471548691145563e+01 8.263150185080044e-18 4.581706839042034e-02
1 2 2.996985373981978e+01 2.114963639690013e-02 2.389762180431917e-02
1 3 3.482981335913712e+01 1.998032131003304e-02 3.738871864582309e-02
0 2 4.250622649628367e+01 8.077479403591676e-18 4.581652685704381e-02
1 4 4.346994581894372e+01 1.289816748045346e-02 8.975575831821929e-02
1 5 4.832982107044140e+01 2.029146605780561e-02 3.272965681001225e-02
1 6 5.696986257287185e+01 2.136797264674536e-02 2.189404957363499e-02
0 3 6.029697351189183e+01 8.312947129944521e-18 4.581695504327380e-02
1 7 6.182996982812468e+01 2.080284949521048e-02 2.835095252777188e-02
1 8 7.532987782301609e+01 2.127436274445848e-02 2.377265558623997e-02
0 4 7.808771373425307e+01 8.017174977316610e-18 4.581662285639907e-02
1 9 8.882981092640782e+01 2.096227689987805e-02 2.414463928774849e-02
0 5 9.587845949915928e+01 8.130803761004365e-18 4.581687960322296e-02
1 10 1.023298163256119e+02 2.111090798681774e-02 2.429043322174800e-02
1 11 1.071898309824688e+02 1.993639475268920e-02 3.842697308405753e-02
0 6 1.136692014076512e+02 8.815671043956778e-18 4.581666695897447e-02
1 12 1.158262942958229e+02 2.158970443511411e-02 1.089721997471791e-02
1 13 1.206897968911787e+02 2.022887912891554e-02 3.370644670033494e-02
1 14 1.293298779477145e+02 2.160428925799317e-02 1.446587011799391e-02
0 7 1.314599452025144e+02 8.668204769588578e-18 4.581686849719018e-02
1 15 1.341899321167789e+02 2.058040957422406e-02 2.914118215458873e-02
1 16 1.474765605435936e+02 1.506874933282625e-03 1.088514204716129e-01
0 8 1.492506891560357e+02 8.057744616534650e-18 4.581664287597580e-02
1 17 1.611898285433562e+02 2.094799136903183e-02 2.357476904157066e-02
0 9 1.670414310312514e+02 8.311360485430098e-18 4.581692815223221e-02
1 18 1.746897936358664e+02 2.108103642216200e-02 2.446372577671949e-02
1 19 1.795498516562507e+02 1.993373043388291e-02 3.954111529608337e-02
0 10 1.848321766077285e+02 8.446065032557317e-18 4.581655490446225e-02
1 20 1.881899262971750e+02 2.129971097122552e-02 2.162060280516431e-02
1 21 1.930497913053306e+02 2.017004802928428e-02 3.468791697826640e-02
1 22 2.016899544143188e+02 1.355625404274197e-02 8.741236147022795e-02
0 11 2.026229173574797e+02 8.536296038856603e-18 4.581704292132596e-02
1 23 2.065498867893015e+02 2.047212296984029e-02 3.007264522024479e-02
1 24 2.198514640891975e+02 1.909799918431980e-03 1.080456457682509e-01
0 12 2.204136634643631e+02 8.108290962947445e-18 4.581642718995368e-02
1 25 2.335511801483993e+02 2.096175611959959e-02 2.149410234488545e-02
0 13 2.382044044007980e+02 7.954007823904525e-18 4.581717901873122e-02
1 26 2.470497957766445e+02 2.104463052154411e-02 2.449030381166893e-02
0 14 2.559951496297141e+02 7.946350727629657e-18 4.581629819276625e-02
1 27 2.605498808446072e+02 2.120556355273219e-02 2.345962172911505e-02
1 28 2.654098054837934e+02 2.009037825220448e-02 3.569118033866809e-02
0 15 2.737858920852049e+02 7.945234344284890e-18 4.581729233002723e-02
1 29 2.740499477857912e+02 9.380859830296455e-03 1.006946498658159e-01
1 30 2.789098431809361e+02 2.039669565918518e-02 3.104092192124291e-02
1 31 2.875498510205013e+02 2.132133998791996e-02 2.318326336514544e-02
0 16 2.915766353958417e+02 8.294584053080297e-18 4.581629745249818e-02
1 32 2.924099827898798e+02 2.115087588835677e-02 2.692638927118677e-02
1 33 3.059098679359786e+02 2.108537563700012e-02 2.171651981790883e-02
0 17 3.093673797002995e+02 8.014199063059258e-18 4.581716142625510e-02
1 34 3.194098028881150e+02 2.101366399385736e-02 2.436601819276427e-02
0 18 3.271581216784672e+02 8.734449611352827e-18 4.581645419240385e-02
1 35 3.329098377647456e+02 2.115785466821837e-02 2.411887957484287e-02
1 36 3.377698196922295e+02 2.003695595438796e-02 3.671406830315766e-02
0 19 3.449488665620856e+02 7.981089003109595e-18 4.581700687957009e-02
1 37 3.464222677327152e+02 2.180430508372004e-02 2.443156921664971e-09
1 38 3.512698096336445e+02 2.033278438107850e-02 3.201930200549585e-02
1 39 3.599098692483651e+02 2.143019099511551e-02 2.035453156819709e-02
0 20 3.627396086802201e+02 8.270504403446788e-18 4.581659038514094e-02
1 40 3.647699566697284e+02 2.074697731624013e-02 2.751189133099717e-02
1 41 3.782018039422642e+02 1.155166407657958e-02 7.904818818166008e-02
0 21 3.805303527297233e+02 8.456084944514355e-18 4.581689270467142e-02
1 42 3.917698172792635e+02 2.099213939200457e-02 2.401538201215786e-02
0 22 3.983210962258191e+02 7.943578164890765e-18 4.581667244254772e-02
1 43 4.052698054090624e+02 2.112551907970590e-02 2.441049123021079e-02
1 44 4.101298389152085e+02 2.000643626509008e-02 3.777342076444394e-02
0 23 4.161118384911167e+02 3.549541161352631e-17 4.581684512533984e-02
1 45 4.187699509416757e+02 2.144285297719182e-02 1.845830986016852e-02
1 46 4.236297923754422e+02 2.027380901733923e-02 3.300142434672509e-02
1 47 4.325069019989282e+02 5.566279009063431e-10 1.117227884416986e-01
0 24 4.339025839886035e+02 9.496516552050991e-18 4.581668474953617e-02
1 48 4.371299147940784e+02 2.059045144633848e-02 2.839075722436693e-02
1 49 4.504161825988763e+02 1.389412280436556e-03 1.093189708015015e-01
0 25 4.516933242502346e+02 8.416098468961145e-18 4.581686901240204e-02
1 50 4.641298363461634e+02 2.098874201260129e-02 2.323817064751560e-02
0 26 4.694840715708069e+02 1.640638851860433e-17 4.581663271459373e-02
1 51 4.776297897741944e+02 2.109993467107008e-02 2.452533874478592e-02
1 52 4.824898598385288e+02 2.004213866558658e-02 3.895749813789945e-02
0 27 4.872748104191943e+02 8.063262798383906e-18 4.581694778709446e-02
1 53 4.911299088557312e+02 2.127246188552702e-02 2.262201644316012e-02
1 54 4.959898004056748e+02 2.019972663492442e-02 3.399134102797233e-02
1 55 5.046299500560322e+02 9.994317343519826e-03 9.923550100505998e-02
0 28 5.050655586274191e+02 8.073395140451157e-18 4.581654043161303e-02
1 56 5.094898690685156e+02 2.050129569216771e-02 2.934717916774814e-02
0 29 5.228562972441052e+02 8.254085203712609e-18 4.581704837909499e-02
1 57 5.227565244751966e+02 1.207300647618190e-03 1.085317554444390e-01
1 58 5.364898566004288e+02 2.103244330798305e-02 2.125480176305132e-02
0 30 5.406470450376327e+02 8.087225632179303e-18 4.581644512627307e-02
1 59 5.499897975774611e+02 2.106360383045302e-02 2.450055709169364e-02
1 60 5.548498801386535e+02 2.031092107257804e-02 4.062139967033263e-02
0 31 5.584377846716767e+02 8.409257734544800e-18 4.581712873356295e-02
1 61 5.634898632315594e+02 2.120529080224260e-02 2.381436090523010e-02
1 62 5.683498102794188e+02 2.014083722847859e-02 3.500709737642787e-02
0 32 5.762285309697936e+02 8.039914675905910e-18 4.581638967931361e-02
1 63 5.769899451915667e+02 1.072455509880857e-02 9.714772284141886e-02
1 64 5.818498284851391e+02 2.043373888837385e-02 3.032514090988646e-02
1 65 5.904898585345341e+02 2.135210086521506e-02 2.246251299033549e-02
0 33 5.940192723806192e+02 7.943586944874118e-18 4.581714726167225e-02
1 66 5.953499759457736e+02 2.100235799875294e-02 2.597510619646698e-02
1 67 6.088498744447272e+02 2.126574553863309e-02 2.113777573075186e-02
0 34 6.118100168526664e+02 7.992449608365817e-18 4.581643658944757e-02
1 68 6.223498077668831e+02 2.103783211811927e-02 2.430179252351540e-02
0 35 6.296007596805364e+02 7.987372001639128e-18 4.581700127927124e-02
1 69 6.358498234528471e+02 2.116752209538317e-02 2.428844862981769e-02
1 70 6.407098268019359e+02 2.009627608677369e-02 3.604216499891681e-02
0 36 6.473915034971900e+02 8.076720379048020e-18 4.581661727724094e-02
1 71 6.493609394611007e+02 2.180239832489552e-02 1.662740364621009e-09
1 72 6.542098007180979e+02 2.037414329921972e-02 3.130893516197744e-02
1 73 6.628498751007210e+02 2.153176404338486e-02 1.742825530328776e-02
0 37 6.651822461265161e+02 8.414958542872373e-18 4.581684664404775e-02
1 74 6.677099413808654e+02 2.072691304561724e-02 2.672416401595501e-02
1 75 6.809567684656532e+02 4.827667222000995e-04 1.107302557748659e-01
0 38 6.829729908420252e+02 7.943580364319876e-18 4.581673679766850e-02
1 76 6.947098243569501e+02 2.102395456527772e-02 2.382347895707013e-02
0 39 7.007637320146745e+02 8.076626394397954e-18 4.581676523615279e-02
1 77 7.082097970803436e+02 2.114041850243081e-02 2.450430852865108e-02
1 78 7.130698471089020e+02 2.008484737519283e-02 3.713251502139309e-02
0 40 7.185544785516699e+02 8.668190546162089e-18 4.581678060250593e-02
1 79 7.217099356052681e+02 2.136847343652207e-02 2.085244721491244e-02
1 80 7.265697908603095e+02 2.031864396545426e-02 3.229657184345535e-02
1 81 7.352140364551609e+02 2.181770958075707e-02 1.376093415992450e-09
0 41 7.363452177855330e+02 2.734164613901516e-16 4.581676029031097e-02
1 82 7.400698968889892e+02 2.060879347804919e-02 2.765229347475019e-02
1 83 7.533429379198277e+02 1.067927874165848e-03 1.098655286595964e-01
0 42 7.541359661765709e+02 8.879326616798441e-18 4.581675517675697e-02
1 84 7.670698443340829e+02 2.103530528654432e-02 2.273829919937092e-02
0 43 7.719267038901269e+02 8.396218862834017e-18 4.581681428743008e-02
1 85 7.805697953497419e+02 2.111116217754929e-02 2.456464252717981e-02
1 86 7.854298678028321e+02 2.018840854033608e-02 3.844128818513012e-02
0 44 7.897174533407203e+02 8.626454877886889e-18 4.581668506299553e-02
1 87 7.940698908998314e+02 2.125800448757102e-02 2.325958289145096e-02
1 88 7.989298033569464e+02 2.024514318415840e-02 3.330002850261364e-02
0 45 8.075081905879093e+02 8.130795763274329e-18 4.581689402200591e-02
1 89 8.075699489656906e+02 9.279180664043127e-03 1.010636494126548e-01
1 90 8.124298521463309e+02 2.053279071067049e-02 2.862484070475993e-02
0 46 8.252989398949491e+02 8.308874500411422e-18 4.581660752016675e-02
1 91 8.259395614632948e+02 2.114807372389200e-02 1.873345508880134e-02
1 92 8.391644974603465e+02 1.703496991294015e-04 1.112034562183631e-01
0 47 8.430896778712009e+02 8.078902658173206e-18 4.581695832344879e-02
1 93 8.529298006522373e+02 2.108293258633922e-02 2.448316323993975e-02
1 94 8.575999651275048e+02 3.230141376743922e-03 9.522202286215786e-02
0 48 8.608804259347511e+02 8.141868964683127e-18 4.581656420301911e-02
1 95 8.664298465283165e+02 2.120838456052485e-02 2.407048587825281e-02
1 96 8.712898161043546e+02 2.019277077081902e-02 3.432384202269704e-02
0 49 8.786711655067234e+02 8.105158863883658e-18 4.581696829816895e-02
1 97 8.798410219149547e+02 1.795985783392302e-02 5.039856728564888e-02
1 98 8.847898157749535e+02 2.047121823782945e-02 2.960979777668861e-02
0 50 8.964619117727410e+02 8.037139484274392e-18 4.581659043497639e-02
1 99 8.982899643852909e+02 2.090994864220179e-02 2.510145095516409e-02
1 100 9.120027465707342e+02 1.741379550455538e-10 1.117217989716525e-01
0 51 9.142526530792035e+02 7.943585165297786e-18 4.581689719399833e-02
1 101 9.252898136367972e+02 2.106307753877243e-02 2.419535529461921e-02
0 52 9.320433978981773e+02 7.960017027514416e-18 4.581670591317343e-02
1 102 9.387898112181880e+02 2.117799705823776e-02 2.442105698872932e-02
1 103 9.436498344979100e+02 2.015966861486716e-02 3.537513828719392e-02
0 53 9.498341399754432e+02 8.068284299263982e-18 4.581674305480439e-02
1 104 9.522899585052613e+02 2.154329532948011e-02 1.621299105265998e-02
1 105 9.571497945730929e+02 2.041544424477191e-02 3.059855534034460e-02
1 106 9.655737451319629e+02 2.160114338896413e-03 1.017572529106516e-01
0 54 9.676248849815073e+02 8.017541211321746e-18 4.581685580273027e-02
1 107 9.706499246260755e+02 2.072615248518690e-02 2.596331276188800e-02
1 108 9.838923219229588e+02 3.030543549382862e-04 1.112328737472202e-01
0 55 9.854156260374895e+02 8.066789829624776e-18 4.581663546277424e-02
1 109 9.976498319605446e+02 2.105869003345880e-02 2.354475418739272e-02
0 56 1.003206372594644e+03 7.980861633959550e-18 4.581692124596842e-02
1 110 1.011149791570580e+03 2.115545328884819e-02 2.457435201431194e-02
1 111 1.016009855352336e+03 2.017765936518215e-02 3.651437728527584e-02
0 57 1.020997111865059e+03 8.272998704516717e-18 4.581661335035922e-02
1 112 1.024649918718637e+03 2.132636938767573e-02 2.217564150787529e-02
1 113 1.029509799369256e+03 2.034822719109332e-02 3.159008827415184e-02
1 114 1.038149951056873e+03 1.129970895314997e-02 9.556943105583834e-02
0 58 1.038787860225494e+03 8.302104144111737e-18 4.581690882447512e-02
1 115 1.043009878950946e+03 2.063221212175958e-02 2.692076757815817e-02
1 116 1.056263137669818e+03 6.414295487479722e-04 1.104433695407286e-01
0 59 1.056578597934032e+03 8.013410321291469e-18 4.581665740036533e-02
1 117 1.070009852280063e+03 2.109149264511165e-02 2.196697317734859e-02
0 60 1.074369347470914e+03 1.975857301251668e-17 4.581684487256100e-02
1 118 1.083509796416326e+03 2.112618902347704e-02 2.458451101641533e-02
1 119 1.088369875594355e+03 2.040301603008129e-02 3.804676673348017e-02
0 61 1.092160084533741e+03 8.409530218158339e-18 4.581673288572930e-02
1 120 1.097009873008732e+03 2.125105077237337e-02 2.368836874908302e-02
1 121 1.101869807521000e+03 2.029134940821197e-02 3.260872714217833e-02
0 62 1.109950834123838e+03 8.331612338900130e-18 4.581676802633054e-02
1 122 1.110509946566456e+03 9.757092350814945e-03 9.989223541143899e-02
1 123 1.115369836522301e+03 2.056561528481563e-02 2.790413958384514e-02
0 63 1.127741571730418e+03 1.476418577782811e-17 4.581679852897506e-02
1 124 1.128869980718828e+03 2.121587965634527e-02 2.359370587051842e-02
1 125 1.142457521347159e+03 1.372662055369925e-02 6.066931743265293e-02
0 64 1.145532320202634e+03 8.201660164386456e-18 4.581671953126333e-02
1 126 1.155869804916717e+03 2.110283235332673e-02 2.443408737125332e-02
1 127 1.160635664653281e+03 5.554476079270983e-03 9.802234895353738e-02
0 65 1.163323059358396e+03 8.293064553970902e-18 4.581681715101595e-02
1 128 1.169369831231353e+03 2.121345978296358e-02 2.426230367505487e-02
1 129 1.174229822803514e+03 2.024687604705214e-02 3.364232892829176e-02
0 66 1.181113805981066e+03 8.123142263470713e-18 4.581673270344770e-02
1 130 1.182876443546197e+03 2.180329968974477e-02 1.121628254863792e-09
1 131 1.187729805413549e+03 2.050884534102429e-02 2.889455848685100e-02
0 67 1.198904547034336e+03 8.485778229712099e-18 4.581676421778371e-02
1 132 1.201229950189118e+03 2.086876453961437e-02 2.429478333548455e-02
1 133 1.214650236371657e+03 1.641214776350085e-02 5.693457260418887e-02
0 68 1.216695291924146e+03 8.054802968677629e-18 4.581682496806837e-02
1 134 1.228229820333907e+03 2.108990111032999e-02 2.403509230447748e-02
1 135 1.233032751502812e+03 6.354881435786959e-03 9.734367047868304e-02
0 69 1.234486034296164e+03 8.016176672997806e-18 4.581663317890653e-02
1 136 1.241729801408519e+03 2.118890302716516e-02 2.452474919681353e-02
1 137 1.246589842574217e+03 2.022948821954556e-02 3.471661611220671e-02
0 70 1.252276778486614e+03 7.966819583821955e-18 4.581699290011093e-02
1 138 1.255229944437162e+03 2.143584768631104e-02 1.976157540875231e-02
1 139 1.260089791368979e+03 2.045665643058809e-02 2.988827419426363e-02
0 71 1.270067520765685e+03 7.960331485186365e-18 4.581646658490586e-02
1 140 1.273335176226955e+03 5.530894659165585e-04 1.100100422010899e-01
1 141 1.287089949226971e+03 9.124889561509487e-03 9.933052141189973e-02
0 72 1.287858265944330e+03 7.943586041493651e-18 4.581709370764555e-02
1 142 1.300589839874724e+03 2.109793712259210e-02 2.313776322724189e-02
0 73 1.305649006622089e+03 8.079856941527774e-18 4.581644281396482e-02
1 143 1.314089789031143e+03 2.117054140064223e-02 2.462132843562112e-02
1 144 1.318949863456640e+03 2.029703273719020e-02 3.593926109761332e-02
0 74 1.323439753622426e+03 8.765196376669407e-18 4.581707767079723e-02
1 145 1.327589900976206e+03 2.130177488410583e-02 2.298413045305707e-02
1 146 1.332449801609010e+03 2.038966002716767e-02 3.089241667135034e-02
1 147 1.341089949625752e+03 9.503367267131833e-03 1.005721407685827e-01
0 75 1.341230492607974e+03 8.259678428833428e-18 4.581649390099755e-02
1 148 1.345698157269396e+03 6.565249888176104e-04 1.097452911694389e-01
0 76 1.359021240988500e+03 8.156622260392690e-18 4.581700261616527e-02
1 149 1.359407709637233e+03 1.871192641485614e-02 4.239818899590896e-02
1 150 1.372949859961761e+03 2.116457280014689e-02 2.069742849826465e-02
0 77 1.376811979081140e+03 8.317907938183362e-18 4.581658230244291e-02
1 151 1.386449798788026e+03 2.114146733868128e-02 2.457823497400174e-02
1 152 1.391462593990559e+03 4.175557082958249e-03 9.892322564816576e-02
0 78 1.394602727751312e+03 1.818422593077708e-16 4.581690959433753e-02
1 153 1.399949855732874e+03 2.124858701996269e-02 2.398973157752519e-02
1 154 1.404809812789089e+03 2.033874616144711e-02 3.191781321901407e-02
0 79 1.412393466185469e+03 8.787533561969858e-18 4.581666580868742e-02
1 155 1.413449945510454e+03 1.238535547698036e-02 9.194202361167211e-02
1 156 1.418061071913536e+03 7.572743979202530e-04 1.094883340826174e-01
0 80 1.430184213876208e+03 8.035192079814636e-18 4.581684035100804e-02
1 157 1.431809971298039e+03 2.107798593923631e-02 2.268374918222098e-02
1 158 1.445391802788923e+03 1.384338650812189e-02 5.532302667315220e-02
0 81 1.447974953790413e+03 9.729784025133523e-18 4.581670765705423e-02
1 159 1.458809810252266e+03 2.112359641306832e-02 2.434724701079098e-02
