2 0 1.212215510829996e+00 4.607023050170962e-18 5.990246145210617e-02
3 0 1.379476518655725e+00 4.086114745799788e-18 6.761407015284258e-02
1 0 2.279886252679123e+00 5.654856631326543e-18 5.280328190359892e-02
3 1 6.168622819456792e+00 4.040357498473654e-18 6.761559842320279e-02
0 0 6.247426053091596e+00 2.460215538305664e-17 4.492087150935344e-02
2 1 8.099754610572990e+00 4.021230366550865e-18 5.990248462063247e-02
3 2 1.095779908978824e+01 3.919306086096874e-18 6.761366513345354e-02
1 1 1.233638361066269e+01 5.577275218381795e-18 5.280225249843180e-02
2 2 1.498733937177762e+01 4.020439502900664e-18 5.990567568872416e-02
3 3 1.574696796352791e+01 3.402815834657028e-18 6.761442582379139e-02
3 4 2.053624684858794e+01 3.201855407322883e-18 6.761485184028874e-02
1 2 2.239237715071928e+01 2.372638492639773e-17 5.280128377124080e-02
2 3 2.187483440298588e+01 4.020931214247314e-18 5.989909604546747e-02
0 1 2.257966127646337e+01 7.523319716591281e-18 4.492065079073209e-02
3 5 2.532541877671813e+01 3.260930796038201e-18 6.761420384648592e-02
2 4 2.876228593987465e+01 4.624739380058188e-18 5.989692946842751e-02
3 6 3.011461081492881e+01 3.497640818104753e-18 6.761520995583907e-02
1 3 3.244834944434022e+01 5.174753946235020e-18 5.280104833503906e-02
3 7 3.490389252015079e+01 5.579213525356406e-18 6.761169324513053e-02
2 5 3.564992367333182e+01 4.044829094751924e-18 5.989520486712608e-02
0 2 3.891187512835332e+01 7.199823547249440e-18 4.492124601340905e-02
3 8 3.969307180141102e+01 3.914197992378122e-18 6.761230686402912e-02
1 4 4.250484468052655e+01 5.679499412524718e-18 5.280264710282895e-02
2 6 4.253746524726169e+01 4.385406002576472e-18 5.989466020590085e-02
3 9 4.448223845115842e+01 4.008955943406861e-18 6.761246618241336e-02
3 10 4.927144638121421e+01 3.155852174356678e-18 6.761216904505458e-02
2 7 4.942511755319114e+01 6.839751837054133e-17 5.989882304372922e-02
1 5 5.256264981120103e+01 5.719456045226701e-18 5.279572769560275e-02
3 11 5.406057868562782e+01 3.656948094089316e-18 6.761222886579833e-02
0 3 5.524372681463132e+01 8.236172829982374e-18 4.492234136119030e-02
2 8 5.631272497359375e+01 4.642541573909384e-18 5.990060085589453e-02
3 12 5.884977192243257e+01 3.242231033513728e-18 6.761283501563280e-02
1 6 6.261898430088971e+01 5.311075196846149e-18 5.279285423561267e-02
2 9 6.320017927805570e+01 2.862139373266496e-16 5.990224315596520e-02
3 13 6.363892004746487e+01 4.414395166799137e-18 6.761475106841019e-02
3 14 6.842812851766536e+01 4.732058303603023e-18 6.761739824098303e-02
2 10 7.008777599030300e+01 4.288658806780610e-18 5.990354284069029e-02
0 4 7.157587862527721e+01 7.243405575193016e-18 4.492191888574473e-02
1 7 7.267499179567520e+01 5.615277261536789e-18 5.279365071516599e-02
3 15 7.321729765615532e+01 4.689846287948355e-18 6.761801001551801e-02
2 11 7.697535618585277e+01 4.726267023627264e-18 5.990148683642737e-02
3 16 7.800643349283231e+01 6.284241663048964e-18 6.761932777122000e-02
1 8 8.273149809751123e+01 5.449458797935509e-18 5.280648404132734e-02
3 17 8.279573770575135e+01 4.609309704821568e-18 6.761919623119811e-02
2 12 8.386292271125784e+01 4.270945008575660e-18 5.990031928947157e-02
3 18 8.758487532752220e+01 1.287986094130994e-17 6.761918352304769e-02
0 5 8.790803717760502e+01 7.774724967630872e-18 4.492015339504964e-02
2 13 9.075081845100571e+01 9.932823611145586e-17 5.990545615535574e-02
3 19 9.237403237000294e+01 3.280025060689650e-18 6.761846400459574e-02
1 9 9.278790669922081e+01 6.002855925719283e-18 5.280504576070148e-02
3 20 9.716325627484707e+01 3.369124108628588e-18 6.761604106001376e-02
2 14 9.763842588712103e+01 4.095258594765084e-18 5.991005685707358e-02
3 21 1.019523930641825e+02 3.275736260580445e-17 6.761389511009545e-02
1 10 1.028446533220043e+02 2.057112826294042e-16 5.279026215063087e-02
0 6 1.042401397380177e+02 7.150378911043622e-18 4.492219278553419e-02
2 15 1.045259317293395e+02 4.223003455827774e-18 5.991234083141914e-02
3 22 1.067415773014432e+02 3.960900002112759e-18 6.761345849952288e-02
2 16 1.114138370562493e+02 4.678370153636816e-18 5.991051190943020e-02
3 23 1.115307293245968e+02 3.864010240144755e-18 6.761330774963974e-02
1 11 1.129005330092685e+02 5.255296592910421e-18 5.278787124415336e-02
3 24 1.163199047834390e+02 4.689993741194728e-18 6.761302414409924e-02
2 17 1.183014099813289e+02 2.804802931067903e-17 5.990595027409994e-02
0 7 1.205722763255909e+02 7.149515435456890e-18 4.492250402816157e-02
3 25 1.211091046260386e+02 3.155818858085794e-18 6.761252021560413e-02
1 12 1.229567738513720e+02 5.692136891164871e-18 5.279070744761461e-02
2 18 1.251890075330282e+02 4.237822416940709e-18 5.990524056872365e-02
3 26 1.258982500517505e+02 3.903189218050716e-18 6.761233907060983e-02
3 27 1.306875667861135e+02 3.177201119329593e-18 6.761480011875615e-02
2 19 1.320768994870659e+02 4.764063902173940e-18 5.989857881446373e-02
1 13 1.330142764096398e+02 6.489736068822319e-18 5.280336507865652e-02
3 28 1.354767276517093e+02 3.259057202233222e-18 6.761410050017276e-02
0 8 1.369041686048334e+02 8.040882747884826e-18 4.492089368241016e-02
2 20 1.389644125390447e+02 4.020871233955395e-18 5.989914879575001e-02
3 29 1.402659294902891e+02 3.871433725840256e-18 6.761420029774372e-02
1 14 1.430707686589514e+02 5.528034983472717e-18 5.280222057427229e-02
3 30 1.450552131020416e+02 4.014057117773548e-18 6.761358902603748e-02
2 21 1.458519368346015e+02 5.324704425848396e-18 5.990387123449908e-02
3 31 1.498443943453456e+02 4.689997938618503e-18 6.761292313801474e-02
2 22 1.527394570448919e+02 4.099563855876755e-18 5.990015921552468e-02
0 9 1.532364027912476e+02 7.372709102355166e-18 4.492061982464102e-02
1 15 1.531267683761763e+02 5.335743612785335e-18 5.280165160479256e-02
3 32 1.546335735041414e+02 4.757047004702081e-18 6.761386901655191e-02
3 33 1.594227387475360e+02 4.171107326100644e-18 6.761368995050469e-02
2 23 1.596269184044062e+02 5.815682268354229e-18 5.989903689244085e-02
1 16 1.631827544152250e+02 5.403851194208345e-18 5.280190002320528e-02
3 34 1.642118994799492e+02 3.330022663695144e-18 6.761364828188816e-02
2 24 1.665146299294112e+02 4.715081723639406e-18 5.989593573270800e-02
3 35 1.690010641059620e+02 3.319534030297370e-18 6.761492380971114e-02
0 10 1.695686200041132e+02 7.194794569546645e-18 4.492116145093801e-02
1 17 1.732392619884328e+02 5.233216126913910e-18 5.280319298002806e-02
2 25 1.734021732543836e+02 8.051897514502268e-18 5.989531832920578e-02
3 36 1.737901933070897e+02 1.289707843993573e-16 6.761495258698028e-02
3 37 1.785793906591049e+02 5.562116643782451e-18 6.761924102995091e-02
2 26 1.802898282438328e+02 6.595481729902570e-18 5.989801808977457e-02
1 18 1.832970355274323e+02 6.125275025242332e-18 5.279470220222453e-02
3 38 1.833685425309939e+02 3.155554608257844e-18 6.761821151614320e-02
0 11 1.859004830852831e+02 7.188314291230408e-18 4.492234219913091e-02
2 27 1.871774182654339e+02 4.244727476165134e-18 5.989933879226011e-02
3 39 1.881576877997227e+02 5.980767447532138e-18 6.761847921741253e-02
3 40 1.929469559009784e+02 3.155483412939165e-18 6.761972469289908e-02
1 19 1.933533557358089e+02 5.240890407989144e-18 5.279188713140257e-02
2 28 1.940647820593462e+02 4.243140434789486e-18 5.990142323423441e-02
3 41 1.977361214827317e+02 4.062996125171566e-17 6.761805156658381e-02
2 29 2.009524362098702e+02 5.222381474717589e-18 5.990526651364069e-02
0 12 2.022326294560842e+02 8.107316476893872e-18 4.492208568127494e-02
3 42 2.025252803797962e+02 3.234484823388489e-18 6.761800007268293e-02
1 20 2.034093463637454e+02 5.509132919025879e-18 5.279267888573456e-02
3 43 2.073144893699015e+02 3.312203545791439e-18 6.761415079770554e-02
2 30 2.078399770589244e+02 1.819502233981005e-17 5.990485550610476e-02
3 44 2.121036669961465e+02 9.167038380277722e-18 6.761323680779702e-02
1 21 2.134659082468714e+02 5.370331531123301e-18 5.280624783030149e-02
2 31 2.147276439476775e+02 4.020549452810805e-18 5.990353772601872e-02
3 45 2.168928361025351e+02 3.687570101347563e-18 6.761241493713591e-02
0 13 2.185647737556692e+02 7.349483673014761e-18 4.492006343745386e-02
2 32 2.216156096966522e+02 4.795262767977711e-18 5.990718779552756e-02
3 46 2.216820100540869e+02 5.410091134528485e-17 6.761086241522896e-02
1 22 2.235222874008780e+02 5.264931305626263e-18 5.280507083751636e-02
3 47 2.264711716576575e+02 3.155806972159263e-18 6.761270037402271e-02
2 33 2.285032728068756e+02 4.098401233959246e-18 5.990975693597350e-02
3 48 2.312603934501126e+02 3.485448095683404e-18 6.761086938412091e-02
1 23 2.335789566667028e+02 4.420127053646421e-16 5.279057555618714e-02
0 14 2.348968933835708e+02 7.149600661147464e-18 4.492218994981735e-02
2 34 2.353907870756771e+02 1.720840764423710e-17 5.991177234422400e-02
3 49 2.360495521582747e+02 3.257805571531525e-18 6.761168213882655e-02
3 50 2.408388282155472e+02 3.159059102976803e-18 6.761485652470943e-02
2 35 2.422785962914530e+02 5.717577927069345e-18 5.990764794511448e-02
1 24 2.436348300196675e+02 5.361315504315304e-18 5.278867863024772e-02
3 51 2.456280288472531e+02 3.155718011032318e-18 6.761458466782411e-02
2 36 2.491661173980230e+02 4.768983866897550e-18 5.990369119676416e-02
3 52 2.504172099195497e+02 3.888960410706685e-18 6.761587289889436e-02
0 15 2.512290315105082e+02 7.497918259291244e-18 4.492246784999634e-02
1 25 2.536910883184638e+02 5.233264670751752e-18 5.279147391225197e-02
3 53 2.552064943810405e+02 3.762346999043616e-18 6.761384544833196e-02
2 37 2.560536293062439e+02 4.655849442042246e-18 5.990391934436722e-02
3 54 2.599956755602129e+02 5.687536861013519e-17 6.761588342362940e-02
2 38 2.629415284425488e+02 1.726525851095697e-17 5.989807833767832e-02
1 26 2.637486728694956e+02 6.811931847208349e-18 5.280324467576640e-02
3 55 2.647848484715904e+02 3.155677898985590e-18 6.761531447660946e-02
0 16 2.675609139360503e+02 8.075150069282023e-18 4.492094320631056e-02
3 56 2.695740286836185e+02 5.309269131028412e-18 6.761451333250491e-02
2 39 2.698290557395442e+02 4.674019234547437e-18 5.989959386995330e-02
1 27 2.738051687021840e+02 5.228197954736546e-18 5.280197137617363e-02
3 57 2.743631544209263e+02 3.305577466164499e-18 6.761560948524002e-02
2 40 2.767166930395440e+02 4.221803362269729e-18 5.990353751761969e-02
3 58 2.791523434122668e+02 3.391527804691483e-18 6.761533112324838e-02
2 41 2.836041907857720e+02 4.309966737691491e-18 5.990102158943481e-02
0 17 2.838931418030126e+02 7.404803953272631e-18 4.492063432044358e-02
1 28 2.838611798386474e+02 6.327754904351918e-18 5.280161093833997e-02
3 59 2.839414670745378e+02 6.129247147882405e-17 6.761636827183092e-02
3 60 2.887306304397791e+02 3.461238781168255e-18 6.761820944707705e-02
2 42 2.904916298937338e+02 1.471781551108242e-16 5.989804061821342e-02
1 29 2.939171857652614e+02 6.187971011287075e-18 5.280254604996212e-02
3 61 2.935198107850847e+02 5.465060310189487e-18 6.761844243204101e-02
2 43 2.973793013405052e+02 4.656645326319471e-18 5.989436750540985e-02
3 62 2.983089433442407e+02 4.062616457056871e-18 6.761760881711036e-02
0 18 3.002253651536587e+02 7.225941266170121e-18 4.492098989786072e-02
3 63 3.030982287774834e+02 3.605141084890186e-18 6.761753042013896e-02
1 30 3.039736988563880e+02 5.240436904400045e-18 5.280387937090132e-02
2 44 3.042667365334318e+02 4.021294507165504e-18 5.989347928725745e-02
3 64 3.078873802291095e+02 3.403835083265933e-18 6.761798509488497e-02
2 45 3.111544325413417e+02 4.303238275199312e-18 5.989839379574255e-02
3 65 3.126765658174832e+02 3.292688291149367e-18 6.761583001297636e-02
1 31 3.140314166535510e+02 1.644795448218275e-17 5.279399291824905e-02
0 19 3.165572392475900e+02 7.363678231654747e-18 4.492245913041747e-02
3 66 3.174657981011658e+02 3.556446521472216e-18 6.761315987333882e-02
2 46 3.180419890255904e+02 3.672397707552845e-16 5.990132658868716e-02
3 67 3.222549519953489e+02 5.762946788057857e-18 6.761182048131549e-02
1 32 3.240877085359439e+02 5.801591921169043e-18 5.279111707445475e-02
2 47 3.249294679660342e+02 4.380126262212728e-18 5.990448021103544e-02
3 68 3.270441566141699e+02 3.439680938495353e-18 6.761177609568580e-02
2 48 3.318171994220208e+02 5.022314661948213e-17 5.990878576810390e-02
3 69 3.318333212189376e+02 4.690082323144406e-18 6.761085059067123e-02
0 20 3.328893801998992e+02 7.357045975329203e-18 4.492214438074643e-02
1 33 3.341436739608249e+02 5.232327742905557e-18 5.279181884810026e-02
3 70 3.366224758856154e+02 5.562772377880693e-18 6.761075061221257e-02
2 49 3.387047826398893e+02 5.740811613061479e-18 5.990654700701496e-02
3 71 3.414116966020189e+02 6.461011105868581e-18 6.761210646248779e-02
1 34 3.442002964228556e+02 5.772451868501676e-18 5.280585857839944e-02
2 50 3.455924439742276e+02 4.076819562778403e-18 5.990439352211150e-02
3 72 3.462008486633900e+02 3.259702367242853e-18 6.761128209446320e-02
0 21 3.492215117898726e+02 8.122132637477212e-18 4.492005062170645e-02
3 73 3.509901221287334e+02 3.157505245884275e-18 6.761533392089371e-02
2 51 3.524803677138128e+02 4.619654389718295e-18 5.990509018101058e-02
1 35 3.542566598294862e+02 5.281760402519453e-18 5.280502696649494e-02
3 74 3.557792832068625e+02 3.823375744011661e-18 6.761602746523095e-02
2 52 3.593680120701105e+02 4.841057048684195e-18 5.990759220630509e-02
3 75 3.605684812093943e+02 3.155603754626922e-18 6.761691101151195e-02
1 36 3.643132631893879e+02 6.231054319490653e-18 5.279093479085024e-02
0 22 3.655536442650217e+02 7.152741637220661e-18 4.492215600413686e-02
3 76 3.653577562787094e+02 3.155634105458588e-18 6.761647491225942e-02
2 53 3.662554508301631e+02 4.343723450005686e-18 5.991062038184322e-02
3 77 3.701469056398824e+02 3.988371880511656e-18 6.761660097904333e-02
2 54 3.731432859703556e+02 4.044646212608731e-18 5.990744528244350e-02
1 37 3.743691468213778e+02 5.672203974708517e-18 5.278946478825748e-02
3 78 3.749360933655270e+02 4.689841245049605e-18 6.761811193895004e-02
3 79 3.797252577452654e+02 5.814033615801337e-18 6.761539298656771e-02
2 55 3.800307956735808e+02 4.329137490045264e-18 5.990504110784776e-02
0 23 3.818857876571378e+02 7.742867522672764e-18 4.492235770177866e-02
1 38 3.844254308928088e+02 5.298525199917579e-18 5.279218816367730e-02
3 80 3.845143975051702e+02 3.155687735825120e-18 6.761535112222267e-02
2 56 3.869184050121813e+02 4.685580648246744e-18 5.990435224839473e-02
3 81 3.893035626716331e+02 3.286825247817886e-18 6.761639506996878e-02
2 57 3.938062642769782e+02 4.020969975651118e-18 5.989774691509642e-02
3 82 3.940927100142407e+02 2.861215364189315e-17 6.761517273466280e-02
1 39 3.944830961581431e+02 5.322920826588478e-18 5.280299822744766e-02
0 24 3.982176585869506e+02 7.895001686517897e-18 4.492110319446093e-02
3 83 3.988818781139014e+02 3.155579818143242e-18 6.761764222098759e-02
2 58 4.006937878332907e+02 4.394789550157953e-17 5.989689539292519e-02
3 84 4.036710385376338e+02 3.862992889565118e-18 6.761634362931775e-02
1 40 4.045395907515611e+02 5.749344047464473e-18 5.280181364698659e-02
2 59 4.075814237205098e+02 4.583624081032259e-18 5.990050777275926e-02
3 85 4.084602136090342e+02 3.155629888138195e-18 6.761645982357187e-02
3 86 4.132494944704311e+02 3.902453574293426e-18 6.761648049835529e-02
0 25 4.145498802320864e+02 7.291885067630680e-18 4.492057993975920e-02
1 41 4.145955963878947e+02 5.650087481805443e-18 5.280176818173267e-02
2 60 4.144687973281938e+02 2.170370508929874e-16 5.989890630800776e-02
3 87 4.180386601287902e+02 3.759665773281382e-18 6.761532046065072e-02
2 61 4.213562277956056e+02 4.648732860213152e-18 5.989792293647989e-02
3 88 4.228278579538594e+02 3.177984140134630e-18 6.761581328191478e-02
1 42 4.246516096858014e+02 5.588135403708127e-18 5.280329703062399e-02
3 89 4.276171112566200e+02 3.549341296925222e-18 6.761149812605756e-02
2 62 4.282438317680877e+02 2.373312590321389e-16 5.989586162397742e-02
0 26 4.308821107339054e+02 7.205648997242061e-18 4.492092725337619e-02
3 90 4.324062935381897e+02 4.596998459769890e-18 6.761114105095876e-02
1 43 4.347081192211324e+02 5.306922024440713e-18 5.280446217247228e-02
2 63 4.351313568682333e+02 4.094994877098048e-18 5.989573783358871e-02
3 91 4.371954647092524e+02 4.108935691640130e-18 6.761165505839047e-02
3 92 4.419846712927947e+02 4.690080327004127e-18 6.761082867433367e-02
2 64 4.420191254708212e+02 5.310661922922371e-18 5.990128623034421e-02
1 44 4.447657710298516e+02 5.851205882365416e-18 5.279311023384086e-02
3 93 4.467738102775771e+02 3.441368767852672e-18 6.761161398057808e-02
0 27 4.472139940751908e+02 7.288310614937108e-18 4.492251359192173e-02
2 65 4.489067496544051e+02 5.255502388144873e-18 5.990250146510963e-02
3 94 4.515630097342445e+02 3.499749518394634e-18 6.761174454687617e-02
1 45 4.548220420591780e+02 5.453439168592231e-18 5.279017378153078e-02
2 66 4.557942454489469e+02 1.045349994854061e-16 5.990564247447763e-02
3 95 4.563521725379815e+02 3.261500206588823e-18 6.761331534361943e-02
3 96 4.611414082886082e+02 3.155624374141037e-18 6.761641914017776e-02
2 67 4.626819629391832e+02 5.039545087377074e-18 5.990852565013080e-02
0 28 4.635461335274251e+02 1.167733816796220e-17 4.492215891952947e-02
1 46 4.648779916860650e+02 5.575491268520883e-18 5.279095347332770e-02
3 97 4.659305791626816e+02 7.509592325899775e-17 6.761659255349595e-02
2 68 4.695695031416548e+02 4.776402802221292e-18 5.990622321393486e-02
3 98 4.707197304825284e+02 3.155512469385455e-18 6.761898346453959e-02
1 47 4.749346860970795e+02 6.793906988223649e-18 5.280536026440405e-02
3 99 4.755090260669803e+02 4.066712951590111e-18 6.761756215506497e-02
2 69 4.764570627263138e+02 5.572551977357511e-18 5.990443099576751e-02
0 29 4.798782481922074e+02 7.947140684659523e-18 4.492012756553742e-02
3 100 4.802981641277533e+02 3.404500212833268e-18 6.761842726956346e-02
2 70 4.833450465185175e+02 2.156635285263182e-17 5.990524034838901e-02
1 48 4.849910488661329e+02 5.453119249619029e-18 5.280490558205355e-02
3 101 4.850873125752139e+02 3.630917763982410e-18 6.761853634864767e-02
3 102 4.898765106685739e+02 1.831559254807326e-17 6.761629836256657e-02
2 71 4.902327018925633e+02 4.306332826293211e-18 5.990888654158267e-02
3 103 4.946656297973345e+02 3.395962687002038e-18 6.761533140528828e-02
1 49 4.950475935568740e+02 6.825770332867791e-18 5.279143510995075e-02
0 30 4.962103949178210e+02 7.408081008829076e-18 4.492200519197857e-02
2 72 4.971202579296329e+02 5.310167872585123e-18 5.991139683218547e-02
3 104 4.994548030541279e+02 3.391362568907548e-18 6.761452999848824e-02
2 73 5.040080785275810e+02 5.310372715811634e-18 5.990736691210515e-02
3 105 5.042439442115717e+02 1.429984033971368e-17 6.761506089010297e-02
1 50 5.051034900452021e+02 5.749825642342564e-18 5.279052581670689e-02
3 106 5.090331187058754e+02 3.977883950066261e-18 6.761529097100884e-02
2 74 5.108955769545930e+02 7.037331874582274e-18 5.990309395827318e-02
0 31 5.125425440559260e+02 7.590749722509298e-18 4.492236163450679e-02
3 107 5.138223067798526e+02 1.041312371494262e-16 6.761445201031026e-02
1 51 5.151597881776886e+02 5.444499230705288e-18 5.279336929520518e-02
2 75 5.177831691164945e+02 4.896936736665454e-18 5.990183843671351e-02
3 108 5.186114485783286e+02 3.426688984934293e-18 6.761464924134729e-02
3 109 5.234007759761563e+02 4.689925247594169e-18 6.761517939930688e-02
2 76 5.246708747360611e+02 4.520715042935567e-18 5.989445287189536e-02
1 52 5.252175127602176e+02 5.174532464329292e-18 5.280290520813057e-02
3 110 5.281899351395848e+02 3.257584499894685e-18 6.761487685136111e-02
0 32 5.288744025296687e+02 7.357115952823390e-18 4.492118867720735e-02
2 77 5.315583866078234e+02 4.247777747794514e-18 5.989468178064040e-02
3 111 5.329791354640381e+02 3.155742151025395e-18 6.761399524247051e-02
1 53 5.352739987053641e+02 5.900795222986571e-18 5.280157020099266e-02
3 112 5.377684122288551e+02 3.155821284232284e-18 6.761240509814263e-02
2 78 5.384459839680499e+02 4.020828181808570e-18 5.989989961439666e-02
3 113 5.425575938012007e+02 3.888362130531980e-18 6.761119811518695e-02
0 33 5.452066205908660e+02 7.224079387303806e-18 4.492056968818803e-02
1 54 5.453299965056272e+02 5.327549158218888e-18 5.280165921865838e-02
2 79 5.453334342852584e+02 5.839642383042147e-18 5.990061934576757e-02
3 114 5.473467852078315e+02 3.425359054495092e-18 6.761159169106777e-02
3 115 5.521359599451143e+02 5.834933520034356e-17 6.761241223460630e-02
2 80 5.522208965429254e+02 4.246913893636978e-18 5.990083925132295e-02
1 55 5.553860256375978e+02 5.174491692068763e-18 5.280371389237694e-02
3 116 5.569251280861025e+02 3.974475319015314e-18 6.761194751795341e-02
2 81 5.591085544787195e+02 4.020976956420051e-18 5.989733574645662e-02
0 34 5.615388534229625e+02 7.286490556542040e-18 4.492091003589777e-02
3 117 5.617143164886742e+02 4.217170992659763e-18 6.761367534253020e-02
1 56 5.654425391194534e+02 5.360435229174929e-18 5.280474799702896e-02
2 82 5.659960792560015e+02 5.829136496222731e-18 5.989668688620637e-02
3 118 5.665034519540907e+02 3.306480091626099e-18 6.761385961184724e-02
3 119 5.712926926334696e+02 3.381433632101228e-18 6.761854944175158e-02
2 83 5.728838459722446e+02 1.589891234853448e-17 5.990078324204477e-02
1 57 5.755001230526484e+02 5.175594334533255e-18 5.279208636217896e-02
3 120 5.760818435635194e+02 5.709820820472474e-17 6.761810118299431e-02
0 35 5.778707498548268e+02 7.149512905916255e-18 4.492246130074733e-02
2 84 5.797714425549694e+02 4.704299851460246e-18 5.990163858231794e-02
3 121 5.808709962817552e+02 4.209627657963726e-18 6.761865220724343e-02
1 58 5.855563814503549e+02 5.739791219401066e-18 5.278907264131018e-02
3 122 5.856602737240834e+02 3.836621552077630e-18 6.761974090364711e-02
2 85 5.866588580753909e+02 4.543283780282195e-18 5.990558703846910e-02
3 123 5.904494235872656e+02 5.492898500486568e-18 6.761813135778443e-02
2 86 5.935466559035610e+02 4.962724572164478e-18 5.991008679987834e-02
0 36 5.942028871216343e+02 7.227524530241239e-18 4.492228871967704e-02
3 124 5.952385814017540e+02 3.470126062460656e-18 6.761868999579569e-02
1 59 5.956123221824995e+02 5.225626299327684e-18 5.279019844386645e-02
3 125 6.000277562489644e+02 3.253692714270772e-18 6.761555183845450e-02
2 87 6.004341753558322e+02 4.684064428622133e-17 5.990938294882759e-02
3 126 6.048169158944244e+02 3.210997190472086e-18 6.761438776235240e-02
1 60 6.056690865052342e+02 5.817589308677994e-18 5.280510558332350e-02
2 88 6.073218316164846e+02 5.310363715434134e-18 5.990701985664432e-02
3 127 6.096060756338974e+02 3.707169835350115e-18 6.761398373672987e-02
0 37 6.105349836086685e+02 7.581210034186177e-18 4.492012052181808e-02
2 89 6.142098384257988e+02 4.226187007286946e-18 5.990579152354782e-02
3 128 6.143952239669466e+02 5.409145686875047e-18 6.761228199218056e-02
1 61 6.157254437733518e+02 5.229765131444363e-18 5.280524498978383e-02
3 129 6.191843976393371e+02 4.689945184679084e-18 6.761470480078104e-02
2 90 6.210975196222822e+02 4.329117289716607e-18 5.990690150129931e-02
3 130 6.239735935092687e+02 3.933127616297891e-18 6.761230417043029e-02
1 62 6.257819184406953e+02 5.678996791501485e-18 5.279236989742275e-02
0 38 6.268671467416445e+02 7.540590611065661e-18 4.492189113487579e-02
2 91 6.279850779269485e+02 8.918854294787217e-18 5.990893334447464e-02
3 131 6.287627519718675e+02 4.009985557093023e-18 6.761266001955941e-02
3 132 6.335520445744276e+02 3.530856698579688e-18 6.761499651084944e-02
2 92 6.348727636035956e+02 5.259043086018352e-18 5.990379354635288e-02
1 63 6.358378252915606e+02 6.985532102345447e-18 5.279167463358812e-02
3 133 6.383412363929411e+02 4.135009899591768e-18 6.761396297682955e-02
2 93 6.417602272983451e+02 5.310705332498983e-18 5.990095499489911e-02
0 39 6.431992979627400e+02 7.237101195218700e-18 4.492235845830321e-02
3 134 6.431304282881541e+02 3.190205899605438e-18 6.761498015807633e-02
1 64 6.458941394365379e+02 5.281145730587243e-18 5.279444011804268e-02
3 135 6.479196902599293e+02 3.383997641108843e-18 6.761206473832465e-02
2 94 6.486477507919213e+02 4.818671266754323e-18 5.990108175573226e-02
3 136 6.527088890727009e+02 4.726540090432320e-18 6.761342436775467e-02
2 95 6.555354858041990e+02 1.308125726129061e-16 5.989525003865719e-02
1 65 6.559519214135016e+02 5.379988858706436e-18 5.280250277902954e-02
3 137 6.574980607325565e+02 6.717769772669283e-18 6.761305406636318e-02
0 40 6.595311486244150e+02 7.283669405362132e-18 4.492120049181227e-02
3 138 6.622872400238321e+02 3.155818979805275e-18 6.761282782843316e-02
2 96 6.624230257280544e+02 4.396024577774150e-18 5.989590005723987e-02
1 66 6.660084066428954e+02 5.727280479423618e-18 5.280104428212606e-02
3 139 6.670763823958699e+02 3.455626174227235e-18 6.761436998439975e-02
2 97 6.693107210810709e+02 1.411276438338363e-16 5.989968567723283e-02
3 140 6.718655771563162e+02 3.549841642939356e-18 6.761423692249967e-02
0 41 6.758633606435216e+02 7.357227477690278e-18 4.492071376883183e-02
1 67 6.760644033070423e+02 5.209874488359066e-18 5.280138442481865e-02
2 98 6.761981752440932e+02 4.895984911709965e-18 5.990080513868577e-02
3 141 6.766547150067991e+02 3.254319909113576e-18 6.761555006823013e-02
3 142 6.814439051218798e+02 3.454110788022761e-18 6.761892941947696e-02
2 99 6.830856094145182e+02 5.757324474496457e-16 5.990052619326879e-02
1 68 6.861204551023716e+02 6.757849625754593e-18 5.280379462949934e-02
3 143 6.862330906803915e+02 2.516004587595025e-17 6.761915010744877e-02
2 100 6.899732201192841e+02 5.107946142309746e-18 5.989681303259582e-02
3 144 6.910222243625612e+02 4.924929662628963e-18 6.761921010698682e-02
0 42 6.921955950196115e+02 7.589505675787375e-18 4.492079134615765e-02
1 69 6.961769765214825e+02 5.459561348987721e-18 5.280483120189669e-02
3 145 6.958115069466650e+02 3.155536740229910e-18 6.761843849923019e-02
2 101 6.968606405758055e+02 7.509308332504936e-18 5.989626859429219e-02
3 146 7.006006630788760e+02 6.424220776743767e-18 6.761894594268784e-02
2 102 7.037484849113814e+02 4.398068382634226e-18 5.990207930924168e-02
3 147 7.053898322548736e+02 3.477400582284302e-18 6.761705325215929e-02
1 70 7.062344804897638e+02 5.342798387785407e-18 5.279128260172996e-02
0 43 7.085275073689036e+02 7.267467019795509e-18 4.492248334460882e-02
3 148 7.101790431446369e+02 3.380321110776084e-18 6.761406450213896e-02
2 103 7.106360657936481e+02 4.020521394702758e-18 5.990441988635913e-02
3 149 7.149681829736501e+02 3.180866413139688e-18 6.761318526670640e-02
1 71 7.162907146640475e+02 6.231251286689604e-18 5.278840561146956e-02
2 104 7.175236065716047e+02 4.020228281756278e-18 5.990863142890272e-02
3 150 7.197573844468557e+02 3.437171934570314e-18 6.761235201082831e-02
0 44 7.248596392407441e+02 7.149578631044137e-18 4.492237212141222e-02
2 105 7.244114676721792e+02 4.846757660931408e-18 5.991229253398100e-02
3 151 7.245465404360654e+02 5.414888444399304e-18 6.761172342145023e-02
1 72 7.263466375037489e+02 5.414112457594498e-18 5.278990038567952e-02
3 152 7.293356957835455e+02 4.109572031451731e-18 6.761209724052196e-02
2 106 7.312990044493837e+02 4.020172639380055e-18 5.990962434110944e-02
3 153 7.341249212198186e+02 4.690019481966814e-18 6.761235738952222e-02
1 73 7.364034659360726e+02 5.174346943863483e-18 5.280497734872017e-02
2 107 7.381866405319182e+02 4.036575233994897e-18 5.990662582413920e-02
3 154 7.389140682562081e+02 3.707213338218222e-18 6.761167026898079e-02
0 45 7.411917208811432e+02 9.022141858608208e-17 4.492007482743008e-02
3 155 7.437033691264312e+02 3.849853415050129e-18 6.761425057610992e-02
2 108 7.450745441854694e+02 4.910315337788979e-18 5.990261897154774e-02
1 74 7.464598268345627e+02 5.714598940981928e-18 5.280549852256969e-02
3 156 7.484925330405831e+02 3.410593124322286e-18 6.761518476540807e-02
2 109 7.519622065477793e+02 6.116883485507971e-18 5.990404316556390e-02
3 157 7.532817380175096e+02 3.155677449108963e-18 6.761524849664732e-02
1 75 7.565162423572006e+02 5.260961063234125e-18 5.279327369582228e-02
0 46 7.575238963912033e+02 7.693471092473038e-18 4.492186532489129e-02
3 158 7.580710065766245e+02 3.506331918098359e-18 6.761401899093758e-02
2 110 7.588497042751092e+02 5.128997271115058e-18 5.990738371685501e-02
3 159 7.628601591959041e+02 4.689947891053075e-18 6.761461205131365e-02
2 111 7.657374206019174e+02 7.882510757594218e-17 5.990381344841521e-02
1 76 7.665721710616855e+02 5.785673671732400e-18 5.279269182804486e-02
3 160 7.676493551737494e+02 4.066124909498571e-18 6.761552904266718e-02
3 161 7.724385047291282e+02 4.082023994980883e-18 6.761468403841811e-02
2 112 7.726248932842017e+02 4.295646115260100e-18 5.990222315641105e-02
0 47 7.738560514363287e+02 7.152618387167036e-18 4.492223938523449e-02
1 77 7.766285099756345e+02 5.445001258758713e-18 5.279536548447597e-02
3 162 7.772276432709574e+02 3.462821588962644e-18 6.761455905241724e-02
2 113 7.795124998266396e+02 6.047617347951546e-18 5.990105039655843e-02
3 163 7.820168168201660e+02 2.110241348504106e-17 6.761635113501380e-02
2 114 7.864001995782178e+02 6.201220534739695e-18 5.989546155630160e-02
1 78 7.866863455959738e+02 5.838081597852123e-18 5.280178009152281e-02
3 164 7.868059524109033e+02 3.162765849137155e-18 6.761558925510797e-02
0 48 7.901878965457684e+02 7.465789899870808e-18 4.492132509642608e-02
3 165 7.915951429042942e+02 3.390288915532407e-18 6.761876125093992e-02
2 115 7.932877108757860e+02 6.944901749020035e-17 5.989400258225745e-02
1 79 7.967428331312632e+02 1.106200393265992e-16 5.280031344945402e-02
3 166 7.963842916883067e+02 1.453130779118573e-17 6.761867584098491e-02
2 116 8.001753997156216e+02 4.095574853288338e-18 5.989724580533828e-02
3 167 8.011734618506995e+02 3.685549802191892e-18 6.761823878526922e-02
3 168 8.059627381021667e+02 7.143928600545550e-17 6.761810097779919e-02
0 49 8.065200998261971e+02 9.777432274159690e-18 4.492081559134464e-02
1 80 8.067988246154486e+02 5.267713448997327e-18 5.280116551121335e-02
2 117 8.070627552754605e+02 6.500999581593802e-18 5.989884460309075e-02
3 169 8.107518908272114e+02 5.179091771939733e-18 6.761668433086601e-02
2 118 8.139502306912367e+02 5.526640042532134e-18 5.990184507304398e-02
3 170 8.155410866665763e+02 3.484629781073540e-18 6.761678321131734e-02
1 81 8.168548837896413e+02 6.435447013872400e-18 5.280412513576020e-02
3 171 8.203303048894545e+02 3.155821762478721e-18 6.761235869502481e-02
2 119 8.208377982735298e+02 1.081321644936969e-16 5.990003490997066e-02
0 50 8.228523379293347e+02 7.308709860892957e-18 4.492066135547320e-02
3 172 8.251194806511680e+02 3.157358885584693e-18 6.761108465317847e-02
1 82 8.269113980663913e+02 5.367537892452124e-18 5.280507077719969e-02
2 120 8.277253192614713e+02 4.247000910024915e-18 5.989960963497549e-02
3 173 8.299086592332937e+02 3.155843056997739e-18 6.761192600720542e-02
2 121 8.346132439063755e+02 4.769997726149475e-18 5.990474840641763e-02
3 174 8.346978569232338e+02 3.484050530826352e-18 6.761035643040611e-02
1 83 8.369688080449569e+02 5.381075256285856e-18 5.279062120845762e-02
0 51 8.391842632721416e+02 7.185338448882780e-18 4.492256230002034e-02
3 175 8.394870128521309e+02 4.030660408943457e-18 6.761182724228214e-02
2 122 8.415008667193362e+02 6.217838215451445e-18 5.990499397141977e-02
3 176 8.442762170188614e+02 1.614486881375566e-16 6.761144352287903e-02
1 84 8.470250196187491e+02 5.772134912735854e-18 5.278769876896800e-02
2 123 8.483884209584090e+02 2.701959583308665e-17 5.990895033970831e-02
3 177 8.490653959411950e+02 3.448272934328914e-18 6.761239884854864e-02
3 178 8.538546667783860e+02 4.196424184047864e-18 6.761537446728032e-02
0 52 8.555163925017189e+02 7.417727502348527e-18 4.492234843514031e-02
2 124 8.552762319900500e+02 4.669535097397586e-18 5.991050406928983e-02
1 85 8.570809383712843e+02 5.405962597190194e-18 5.278963437856907e-02
3 179 8.586438412216240e+02 3.545615705735225e-18 6.761501979838389e-02
2 125 8.621637261758005e+02 5.310323059477557e-18 5.990848309210699e-02
3 180 8.634330217422399e+02 3.232221620717066e-18 6.761777088815114e-02
1 86 8.671378413365020e+02 5.603547019033596e-18 5.280481085353503e-02
3 181 8.682223053937656e+02 2.527448212864524e-17 6.761511898728229e-02
2 126 8.690512682750945e+02 5.310397711300216e-18 5.990655532783552e-02
0 53 8.718484588665350e+02 7.260622315136582e-18 4.492016500974291e-02
3 182 8.730114577990729e+02 6.620732232387364e-18 6.761645775744100e-02
2 127 8.759392077279756e+02 6.434071230684259e-18 5.990262507202919e-02
1 87 8.771942217137570e+02 6.857745227273300e-18 5.280564466446121e-02
3 183 8.778006112579542e+02 3.835757931114767e-18 6.761723743921744e-02
3 184 8.825897946162155e+02 4.839124181300307e-18 6.761574706731641e-02
2 128 8.828268888377164e+02 4.100480385319161e-18 5.990457543675663e-02
1 88 8.872505898800443e+02 5.273736265009413e-18 5.279412696044537e-02
3 185 8.873789104430119e+02 3.921470895094232e-18 6.761600640795509e-02
0 54 8.881806441880074e+02 7.325896729409307e-18 4.492174065884882e-02
2 129 8.897144930206235e+02 4.511298016788064e-18 5.990677913963410e-02
3 186 8.921680726516798e+02 3.503855485046124e-18 6.761529431641472e-02
2 130 8.966021791530310e+02 5.741979300809891e-18 5.990333941445808e-02
3 187 8.969572127940932e+02 3.401748072387041e-18 6.761643763899111e-02
1 89 8.973065459000279e+02 5.706591237657210e-18 5.279362597870153e-02
3 188 9.017463873616657e+02 3.599088182236473e-18 6.761743307143955e-02
2 131 9.034896199806458e+02 4.690266485781343e-18 5.990012712515547e-02
0 55 9.045128063017121e+02 7.150362677256436e-18 4.492213328624040e-02
3 189 9.065355584798943e+02 9.609223589955428e-18 6.761657055237960e-02
1 90 9.073629062335958e+02 5.372781561781949e-18 5.279641887386978e-02
2 132 9.103772001910125e+02 5.569695504270279e-18 5.989849881305646e-02
3 190 9.113246963650283e+02 5.055538713417013e-18 6.761723798524041e-02
3 191 9.161140113601465e+02 3.155637104276263e-18 6.761614366423087e-02
1 91 9.174207711009803e+02 5.251341203219777e-18 5.280131584610349e-02
2 133 9.172647576246716e+02 5.652840227835838e-18 5.989338650459940e-02
0 56 9.208446432839630e+02 7.149637732449454e-18 4.492147467470994e-02
3 192 9.209031634616101e+02 5.114120861541336e-18 6.761605703584336e-02
2 134 9.241522818490246e+02 7.609624184019256e-18 5.989362483000668e-02
3 193 9.256923453410977e+02 4.689938711675517e-18 6.761470351054001e-02
1 92 9.274772450758707e+02 1.976511904360282e-16 5.279971332035544e-02
3 194 9.304816002582095e+02 3.155831872854813e-18 6.761221909063096e-02
2 135 9.310399536031167e+02 4.691796729283661e-18 5.989834368708261e-02
3 195 9.352707691257443e+02 3.234087467786379e-18 6.761064038397600e-02
0 57 9.371768410307221e+02 7.357204225830616e-18 4.492084462736366e-02
1 93 9.375332247379740e+02 5.835712689382769e-18 5.280081473792596e-02
2 136 9.379274172153069e+02 1.842297929146400e-17 5.990061998640639e-02
3 196 9.400599603170440e+02 4.399906325307219e-18 6.761044267563136e-02
2 137 9.448149615614420e+02 5.310477167901555e-18 5.990509338636146e-02
3 197 9.448491411018072e+02 5.696233383966524e-18 6.761155946566522e-02
1 94 9.475892888119696e+02 5.231828267205583e-18 5.280420417025149e-02
3 198 9.496383104395600e+02 3.155872546519226e-18 6.761109612610569e-02
2 138 9.517025630328511e+02 4.762955678276662e-18 5.990177480464515e-02
0 58 9.535090798632370e+02 7.831887893287983e-18 4.492066237653460e-02
3 199 9.544275189032148e+02 3.397041373120399e-18 6.761243668525027e-02
1 95 9.576458028084085e+02 5.780387416714490e-18 5.280503912188072e-02
2 139 9.585900790899702e+02 4.534434122329574e-18 5.990080475823777e-02
3 200 9.592166591891172e+02 3.155792422644372e-18 6.761297386432474e-02
3 201 9.640059459029078e+02 5.265286293920705e-18 6.761703808534121e-02
2 140 9.654779818798522e+02 5.103405768320650e-17 5.990373925488909e-02
1 96 9.677031234911326e+02 5.225346789693755e-18 5.278995494306198e-02
3 202 9.687951025956075e+02 3.255342211955636e-18 6.761709089602670e-02
0 59 9.698410187342120e+02 7.151026478809740e-18 4.492252932117528e-02
2 141 9.723655743842780e+02 6.167467945336930e-18 5.990401067958778e-02
3 203 9.735842691086312e+02 3.666415844171146e-18 6.761791116227114e-02
1 97 9.777593217354323e+02 5.529241001336323e-18 5.278697493397049e-02
3 204 9.783735570593598e+02 9.595692255550134e-18 6.761816398550539e-02
2 142 9.792530637828239e+02 4.223865119521133e-18 5.990905761130160e-02
3 205 9.831627025585714e+02 4.622282287604874e-18 6.761721434336834e-02
0 60 9.861731480466483e+02 7.843306869174978e-18 4.492238432203483e-02
2 143 9.861409512318531e+02 4.552589342549967e-18 5.991124459651596e-02
1 98 9.878152519498072e+02 5.175917665424212e-18 5.278938076408177e-02
3 206 9.879518712867560e+02 3.984845059790956e-18 6.761801589862260e-02
3 207 9.927410272242071e+02 3.155652779553258e-18 6.761635601963506e-02
2 144 9.930284434461233e+02 9.903411872064936e-17 5.991069128350359e-02
3 208 9.975301793245849e+02 3.582375886232397e-18 6.761533398110034e-02
1 99 9.978722349849211e+02 5.761375361592270e-18 5.280467932185378e-02
2 145 9.999160724611762e+02 4.411878217434584e-18 5.990790407408064e-02
0 61 1.002505195246663e+03 7.357247664651879e-18 4.492024729761225e-02
3 209 1.002319339583106e+03 3.761042541992254e-18 6.761540773663111e-02
2 146 1.006803984915943e+03 4.217035239691692e-18 5.990234307030799e-02
3 210 1.007108471076297e+03 3.179818041329497e-18 6.761411431548178e-02
1 100 1.007928637227443e+03 1.003720371888637e-17 5.280595782379693e-02
3 211 1.011897664087546e+03 3.671280958696230e-18 6.761690380062291e-02
2 147 1.013691658141628e+03 4.094071081991350e-18 5.990156497869332e-02
3 212 1.016686835412018e+03 5.741887562652701e-18 6.761463633595709e-02
1 101 1.017984949773041e+03 5.723030918555930e-18 5.279543070273656e-02
0 62 1.018837392782259e+03 7.149672593234256e-18 4.492154459315335e-02
2 148 1.020579253535817e+03 2.607518746293800e-17 5.990321491192944e-02
3 213 1.021475993659040e+03 4.012446204235524e-18 6.761445931038702e-02
3 214 1.026265294474448e+03 4.689907149220692e-18 6.761582485761852e-02
2 149 1.027466797816307e+03 5.411955131553967e-18 5.990012415376211e-02
1 102 1.028040917435792e+03 5.628710802720145e-18 5.279478355524888e-02
3 215 1.031054471958146e+03 3.993233545019566e-18 6.761419976438332e-02
2 150 1.034354227528429e+03 8.917582765474158e-17 5.989894647035733e-02
0 63 1.035169559492755e+03 7.204176312191401e-18 4.492213340731412e-02
3 216 1.035843667547041e+03 3.507078142669172e-18 6.761454280678304e-02
1 103 1.038097291271452e+03 5.768842678407007e-18 5.279745254776151e-02
3 217 1.040632900858075e+03 3.182616979276920e-18 6.761141256546148e-02
2 151 1.041241757171568e+03 4.383363502940700e-18 5.989900191189395e-02
3 218 1.045422103513281e+03 3.213898690203441e-18 6.761154760673806e-02
1 104 1.048155174016294e+03 5.300060854748686e-18 5.280066341880167e-02
2 152 1.048129379648950e+03 5.949805457164279e-16 5.989528771152270e-02
3 219 1.050211272541185e+03 3.253654742930148e-18 6.761148805232405e-02
0 64 1.051501390800359e+03 7.190257511718992e-18 4.492152286295362e-02
2 153 1.055016942266085e+03 5.343743684041519e-18 5.989584907766880e-02
3 220 1.055000449461449e+03 4.475718696570954e-18 6.761128726964434e-02
1 105 1.058211639010172e+03 5.727414402835287e-18 5.279879420170199e-02
3 221 1.059789605354645e+03 4.689992500089437e-18 6.761318514865394e-02
2 154 1.061904688799032e+03 4.678545282260778e-18 5.989857589575628e-02
3 222 1.064578801779413e+03 4.011528442345683e-18 6.761302268549943e-02
0 65 1.067833584651202e+03 7.259780140322562e-18 4.492097597320251e-02
1 106 1.068267616895384e+03 5.463576289285426e-18 5.280014276317334e-02
2 155 1.068792163703567e+03 4.291399302092790e-18 5.990055075358888e-02
3 223 1.069367948768473e+03 3.939758926880005e-18 6.761413327189535e-02
3 224 1.074157172156947e+03 1.441811220255550e-17 6.761860483655900e-02
2 156 1.075679692321830e+03 4.022763999891409e-18 5.990489623197713e-02
1 107 1.078323692468490e+03 5.190713574446272e-18 5.280406561257437e-02
3 225 1.078946357249207e+03 3.162625259632608e-18 6.761835488110818e-02
2 157 1.082567248606773e+03 4.020695920267849e-18 5.990191770982536e-02
3 226 1.083735498113241e+03 3.155487655487683e-18 6.761961386926844e-02
0 66 1.084165819455169e+03 7.414878136454006e-18 4.492061312212591e-02
1 108 1.088380214289607e+03 5.457419768750382e-18 5.280476013300411e-02
3 227 1.088524770495806e+03 5.219621759365076e-18 6.761822368608437e-02
2 158 1.089454670037025e+03 5.310658391425302e-18 5.990165516542929e-02
3 228 1.093313929829510e+03 3.155525202703078e-18 6.761887027467434e-02
2 159 1.096342665435129e+03 4.624881379761991e-18 5.990518845857515e-02
1 109 1.098437449699145e+03 5.418261524666779e-18 5.278938408919890e-02
3 229 1.098103085962819e+03 3.846280398301528e-17 6.761786210100874e-02
0 67 1.100497775990460e+03 7.268455701355999e-18 4.492245255194061e-02
3 230 1.102892270131666e+03 3.155710625112700e-18 6.761495116918813e-02
2 160 1.103230260959331e+03 3.860254669296731e-16 5.990663974155787e-02
3 231 1.107681403421697e+03 7.340508000368663e-18 6.761491145337455e-02
1 110 1.108493632394830e+03 5.478429878169901e-18 5.278657353963825e-02
2 161 1.110117875497480e+03 4.996094628010013e-18 5.991108898852804e-02
3 232 1.112470597025664e+03 3.155767253947068e-18 6.761346957659868e-02
0 68 1.116829902441339e+03 7.722185266587240e-18 4.492250388300473e-02
2 162 1.117005789718532e+03 3.949257010089765e-17 5.991168967934715e-02
3 233 1.117259745533488e+03 3.157917903803035e-18 6.761304587408987e-02
1 111 1.118549570997028e+03 6.526754573444257e-18 5.278968173197985e-02
3 234 1.122048910944977e+03 3.845417273985568e-18 6.761441248920637e-02
2 163 1.123893274353369e+03 4.276801351468856e-18 5.990924931349485e-02
3 235 1.126838132996679e+03 3.558828957030671e-18 6.761359330760522e-02
1 112 1.128606620122237e+03 5.188068136151217e-18 5.280492293249953e-02
2 164 1.130780873144080e+03 1.252222063969698e-16 5.990609265503368e-02
3 236 1.131627280493359e+03 3.425700479728263e-18 6.761323634080683e-02
0 69 1.133161932527445e+03 8.348609014013444e-18 4.492023745865509e-02
3 237 1.136416597245557e+03 1.004913597595383e-16 6.761395818463005e-02
2 165 1.137668634672599e+03 4.094294337668379e-18 5.989888118607767e-02
1 113 1.138663040424943e+03 5.174244755354239e-18 5.280630010453968e-02
3 238 1.141205770851250e+03 3.975669582747680e-18 6.761486040429103e-02
2 166 1.144556293508969e+03 6.005303332758173e-18 5.989885563529494e-02
3 239 1.145994980506995e+03 3.247844193412746e-18 6.761400675313260e-02
1 114 1.148719302240581e+03 6.531383279118612e-18 5.279661949079240e-02
0 70 1.149494141404807e+03 8.157584683451119e-18 4.492146435904969e-02
3 240 1.150784240587132e+03 3.388970453507438e-18 6.761190357287800e-02
2 167 1.151443844149428e+03 6.192358765789014e-18 5.990200831004210e-02
3 241 1.155573403765178e+03 3.162880733647804e-18 6.761271495676366e-02
2 168 1.158331445473734e+03 4.668110935973066e-17 5.990095516870201e-02
1 115 1.158775285219728e+03 5.317046672271357e-18 5.279567691293498e-02
3 242 1.160362607315892e+03 2.908235419399336e-17 6.761285676204919e-02
2 169 1.165218897481233e+03 4.337479662385949e-18 5.990056672667569e-02
3 243 1.165151762652110e+03 3.633782987806078e-18 6.761341847012363e-02
0 71 1.165826310842190e+03 7.328203523711495e-18 4.492204072703983e-02
1 116 1.168831680542900e+03 5.699380347205918e-18 5.279824297598217e-02
3 244 1.169940901969615e+03 6.324226186914379e-18 6.761334538056704e-02
2 170 1.172106490576335e+03 4.020864896191488e-18 5.989914294489319e-02
3 245 1.174730094015036e+03 4.065021681873270e-18 6.761546889107106e-02
1 117 1.178889578586324e+03 5.237686977042228e-18 5.279996645434598e-02
2 171 1.178994090555456e+03 6.322058276509950e-18 5.989540896387712e-02
3 246 1.179519226182853e+03 4.472875651846332e-18 6.761507583331637e-02
0 72 1.182158141413813e+03 7.337411119118605e-18 4.492157346249755e-02
3 247 1.184308443038959e+03 3.155517110150868e-18 6.761877369526120e-02
2 172 1.185881611984245e+03 5.300569385468435e-17 5.989499740448074e-02
1 118 1.188946037651507e+03 5.436928594458249e-18 5.279756670634003e-02
3 248 1.189097589718506e+03 3.162689942363393e-18 6.761975206897959e-02
2 173 1.192769342305722e+03 5.296166424377316e-18 5.989715863597453e-02
3 249 1.193886750816673e+03 3.333533082716330e-18 6.761914857716163e-02
0 73 1.198490327492194e+03 7.608788863722254e-18 4.492115103514267e-02
1 119 1.199002019738884e+03 5.747103452370211e-18 5.279923397685667e-02
3 250 1.198676019773495e+03 3.498657885441687e-18 6.761893543998490e-02
2 174 1.199656731469797e+03 5.884353391171741e-18 5.989973788416762e-02
3 251 1.203465153513510e+03 3.440250679698419e-18 6.761773310425719e-02
2 175 1.206544358897742e+03 4.460772079187073e-18 5.990694601896070e-02
3 252 1.208254339947509e+03 4.689850013987441e-18 6.761773963635895e-02
1 120 1.209058103147142e+03 5.314694957987818e-18 5.280404294909684e-02
3 253 1.213043517765233e+03 3.433269226019326e-18 6.761394126458797e-02
2 176 1.213431898537865e+03 3.608369810086971e-17 5.990589389248103e-02
0 74 1.214822559478750e+03 7.289056355921592e-18 4.492047254228607e-02
3 254 1.217832672967275e+03 4.313082029652591e-18 6.761220825394743e-02
1 121 1.219114621228497e+03 5.575802027628844e-18 5.280482008716953e-02
2 177 1.220319422841361e+03 4.866842428177112e-18 5.990517767749359e-02
3 255 1.222621852826394e+03 4.424492284850923e-18 6.761311506695422e-02
2 178 1.227207476266904e+03 4.237602906785301e-18 5.990692324149927e-02
3 256 1.227411026133150e+03 3.188713746298545e-18 6.761087603889149e-02
1 122 1.229171758396960e+03 5.389808525927301e-18 5.278928727534136e-02
0 75 1.231154533322911e+03 7.197520385151404e-18 4.492250386032768e-02
3 257 1.232200199451051e+03 3.382516715478539e-18 6.761297671587381e-02
2 179 1.234095083662801e+03 4.249250233368951e-18 5.990596825309517e-02
3 258 1.236989397027783e+03 3.904851098694602e-18 6.761229853167701e-02
1 123 1.239227918390898e+03 5.456587494473875e-18 5.278642254990359e-02
2 180 1.240982707731847e+03 5.310239419730008e-18 5.990990561919619e-02
3 259 1.241778581213156e+03 4.690011619315912e-18 6.761250027302630e-02
3 260 1.246567879725006e+03 3.396638990589518e-18 6.761471168712438e-02
0 76 1.247486656587090e+03 7.699629743358234e-18 4.492252692634903e-02
2 181 1.247870522544626e+03 4.847012520198338e-18 5.990834617106187e-02
1 124 1.249283874724231e+03 5.320527439774417e-18 5.279001791018334e-02
3 261 1.251357052545466e+03 3.958118652996375e-18 6.761391696221235e-02
2 182 1.254757980693624e+03 4.244581848100429e-18 5.990738218150289e-02
3 262 1.256146261964072e+03 8.903300832647091e-18 6.761617986416339e-02
1 125 1.259340997294127e+03 5.293552446648756e-18 5.280507381499909e-02
3 263 1.260935527332065e+03 3.284444003992925e-18 6.761270169748425e-02
2 183 1.261645504647213e+03 4.733278573759047e-18 5.990592394995199e-02
0 77 1.263818672324976e+03 7.233798113024895e-18 4.492027733001751e-02
3 264 1.265724700893335e+03 3.365421539217111e-18 6.761382546270266e-02
2 184 1.268533291525800e+03 4.643527458867680e-18 5.989932424727253e-02
1 126 1.269397446686858e+03 5.452884893449312e-18 5.280643807988443e-02
3 265 1.270513869030618e+03 1.220397216515855e-17 6.761510565471984e-02
2 185 1.275420970728495e+03 4.640797575215588e-18 5.989919971689168e-02
3 266 1.275303050957435e+03 3.957912990583013e-18 6.761437477506298e-02
1 127 1.279453670998473e+03 6.605224564746780e-18 5.279763702738024e-02
0 78 1.280150887064802e+03 7.667802433151927e-18 4.492138168538524e-02
3 267 1.280092180942540e+03 5.446720835859321e-18 6.761539767638476e-02
2 186 1.282308608679326e+03 5.670636242830404e-18 5.990079737207979e-02
3 268 1.284881344471156e+03 4.689923634954413e-18 6.761537463579662e-02
2 187 1.289196189512167e+03 5.836601742125294e-18 5.990062954445221e-02
1 128 1.289509672568960e+03 5.305637646751528e-18 5.279628609853373e-02
3 269 1.289670498516771e+03 3.904484256631699e-18 6.761672905637861e-02
3 270 1.294459688017280e+03 3.381932412301103e-18 6.761883988059529e-02
2 188 1.296083595178103e+03 4.220600163215355e-18 5.989898199334853e-02
0 79 1.296483062652538e+03 7.245424935786804e-18 4.492186011459074e-02
3 271 1.299248851164492e+03 3.197146257965471e-18 6.761822910509901e-02
1 129 1.299566093579349e+03 6.230313646781948e-18 5.279883957216230e-02
2 189 1.302971153105480e+03 2.625054353098900e-17 5.989737797011649e-02
3 272 1.304037994481710e+03 3.435271525901206e-18 6.761934238175246e-02
3 273 1.308827290520297e+03 3.868575826534550e-18 6.761722822620907e-02
1 130 1.309623995326486e+03 6.029829340104821e-18 5.279943496223678e-02
2 190 1.309858629985816e+03 4.692370748029834e-18 5.989416321129752e-02
0 80 1.312814892158175e+03 7.271499705487315e-18 4.492174748233393e-02
3 274 1.313616438079957e+03 6.517145142532922e-18 6.761710357505303e-02
2 191 1.316746202205008e+03 4.229204966906349e-18 5.989642755118827e-02
3 275 1.318405601215086e+03 5.352809006226766e-18 6.761602445733519e-02
1 131 1.319680430246002e+03 6.186984351330089e-18 5.279660540325297e-02
3 276 1.323194829035171e+03 4.136472008045422e-18 6.761293372834104e-02
2 192 1.323633928793694e+03 4.321609274843536e-18 5.989975419962826e-02
3 277 1.327983978739412e+03 5.271495188970379e-18 6.761143781931842e-02
0 81 1.329147071055089e+03 7.277620090536520e-18 4.492122343699612e-02
1 132 1.329736403205063e+03 5.323827433631573e-18 5.279848139751954e-02
2 193 1.330521434741650e+03 7.015677623470621e-17 5.990215226260152e-02
3 278 1.332773160532797e+03 3.333662412384656e-18 6.761070457231376e-02
2 194 1.337409152642075e+03 4.265094400775509e-18 5.990976475948380e-02
3 279 1.337562340235072e+03 3.163086039938539e-18 6.761140504033900e-02
1 133 1.339792487459248e+03 5.190826775458728e-18 5.280407936282605e-02
3 280 1.342351506698649e+03 3.937136674501874e-18 6.761145768987412e-02
2 195 1.344296704943810e+03 4.744916550732942e-18 5.990706057153557e-02
0 82 1.345479300732515e+03 7.446130931714497e-18 4.492041555811837e-02
3 281 1.347140720525510e+03 5.674438101314869e-18 6.761180249608842e-02
1 134 1.349849002195528e+03 5.174366601766621e-18 5.280474287069303e-02
2 196 1.351184218566676e+03 4.344035296497084e-18 5.990585447343409e-02
3 282 1.351929862930386e+03 3.809647523798551e-18 6.761276015496449e-02
3 283 1.356719179656998e+03 4.010363690799287e-18 6.761534823474566e-02
2 197 1.358072204747411e+03 1.257007011780791e-16 5.990486649769506e-02
1 135 1.359906051564250e+03 5.539471246204028e-18 5.278921159008056e-02
3 284 1.361508338196857e+03 3.633951336993049e-18 6.761577628076672e-02
0 83 1.361811288902164e+03 7.160988588807148e-18 4.492251179984102e-02
2 198 1.364959787479810e+03 4.403235937072659e-18 5.990452390769258e-02
3 285 1.366297514046643e+03 1.965052821231109e-17 6.761660173703050e-02
1 136 1.369962198312415e+03 5.193779545598867e-18 5.278632929304367e-02
3 286 1.371086798822732e+03 3.377360332995734e-18 6.761564476141015e-02
2 199 1.371847364539617e+03 4.611125471873022e-18 5.990972397256463e-02
3 287 1.375875945292711e+03 3.547354005037636e-18 6.761548453834078e-02
0 84 1.378143413177915e+03 7.254765640734300e-18 4.492248841702647e-02
2 200 1.378735240335133e+03 4.093034491926186e-18 5.990829456257941e-02
1 137 1.380018188955673e+03 6.231056714499762e-18 5.279034573748101e-02
3 288 1.380665122350792e+03 6.005952789008255e-18 6.761602868031637e-02
2 201 1.385622716973429e+03 1.721587196524414e-16 5.990850474660611e-02
3 289 1.385454271532690e+03 3.155664591068187e-18 6.761627596657319e-02
1 138 1.390075392567411e+03 5.456644595342432e-18 5.280508769536441e-02
3 290 1.390243421394621e+03 4.356893287697714e-17 6.761547145399438e-02
2 202 1.392510316278556e+03 4.952836201071587e-18 5.990601035611364e-02
0 85 1.394475411438094e+03 7.357230503017200e-18 4.492042131024123e-02
3 291 1.395032587037672e+03 4.029700269949076e-18 6.761607354024786e-02
2 203 1.399398051105790e+03 1.032380014733799e-17 5.989884153763465e-02
3 292 1.399821710170002e+03 5.510237898931992e-18 6.761587327041504e-02
1 139 1.400131876107908e+03 5.406915917118554e-18 5.280639554671703e-02
3 293 1.404610928602406e+03 3.843951909743561e-18 6.761864433855258e-02
2 204 1.406285689168097e+03 4.596136846804549e-18 5.989618665560229e-02
3 294 1.409400084829177e+03 3.155842162332360e-18 6.761721787598532e-02
1 140 1.410188064649617e+03 1.228518134432190e-16 5.279872324224639e-02
0 86 1.410807632064396e+03 7.357152617640074e-18 4.492119478687800e-02
2 205 1.413173308105590e+03 4.037333164637185e-18 5.989725245083739e-02
3 295 1.414189242216356e+03 3.743675656372755e-18 6.761663826107790e-02
3 296 1.418978547319097e+03 3.886217618450731e-18 6.761705202087974e-02
1 141 1.420244067715795e+03 5.718077956162750e-18 5.279713526567584e-02
2 206 1.420060771624562e+03 5.310879277638517e-18 5.989843333854305e-02
3 297 1.423767712074248e+03 4.029124164059670e-18 6.761511521359484e-02
2 207 1.426948198343706e+03 4.379143834825320e-18 5.989919850010029e-02
0 87 1.427139814775586e+03 7.160802845838390e-18 4.492179109562233e-02
3 298 1.428556908224103e+03 8.480806268000567e-17 6.761472418331255e-02
1 142 1.430300498625457e+03 5.374253661940996e-18 5.279960227904630e-02
3 299 1.433346118257619e+03 3.684625754094887e-18 6.761189884440325e-02
2 208 1.433835726370791e+03 5.294151255320494e-18 5.989948075853860e-02
3 300 1.438135317762715e+03 3.833763461581142e-18 6.761067698502095e-02
1 143 1.440358388900252e+03 5.523562257097385e-18 5.279889192160996e-02
2 209 1.440723287383333e+03 4.045508364876459e-18 5.989646430991036e-02
3 301 1.442924491437038e+03 3.263271133695045e-18 6.761096325732771e-02
0 88 1.443471642203469e+03 7.237725470780058e-18 4.492185602271916e-02
2 210 1.447610916305329e+03 5.047106528970861e-18 5.989942239896501e-02
3 302 1.447713666722390e+03 3.163011616099812e-18 6.761036576765142e-02
1 144 1.450414792399278e+03 5.342141730016906e-18 5.279543943384477e-02
3 303 1.452502840706831e+03 7.810816234057557e-17 6.761255316669657e-02
2 211 1.454498685825714e+03 4.645010326176847e-18 5.990025484183217e-02
3 304 1.457292039408616e+03 3.939853445571106e-18 6.761213573286265e-02
0 89 1.459803817567736e+03 7.149709667409826e-18 4.492127451881696e-02
