0 0 2.179069335059798e+00 6.975582390782712e-18 5.372345680229132e-02
1 0 3.620497786516134e+00 3.850369269380799e-18 7.612344127977470e-02
1 1 8.232779929923563e+00 3.421664886659912e-18 7.612489774869960e-02
1 2 1.284508651536675e+01 2.133771610670351e-17 7.612268895573193e-02
0 1 1.530094438574315e+01 7.290318166968208e-18 5.372290143839469e-02
1 3 1.745739171977581e+01 5.306340450310898e-18 7.612283500773384e-02
1 4 2.206968976913551e+01 4.077624238913051e-18 7.612499222497986e-02
1 5 2.668197747648871e+01 7.736699858570348e-18 7.612315247631092e-02
0 2 2.842281634813458e+01 7.006945880020512e-18 5.372315552247061e-02
1 6 3.129428108715094e+01 3.490872054902368e-18 7.612261505874983e-02
1 7 3.590659915791100e+01 3.421674537306259e-18 7.612466279102857e-02
1 8 4.051887621548805e+01 3.828157967690932e-18 7.612386740294627e-02
0 3 4.154469697603980e+01 7.059320203464772e-18 5.372395139061358e-02
1 9 4.513117167337123e+01 4.872926638425588e-18 7.612286748668211e-02
1 10 4.974350480163920e+01 3.592361238955592e-18 7.612407204000905e-02
0 4 5.466658399003516e+01 7.228927329323714e-18 5.372431051592371e-02
1 11 5.435578138028710e+01 4.872885527944592e-18 7.612452240218648e-02
1 12 5.896806508720915e+01 3.764205053745431e-17 7.612346318978977e-02
1 13 6.358040291175356e+01 3.796876868439552e-18 7.612337273828186e-02
0 5 6.778847033511812e+01 7.370232698521073e-18 5.372429310407775e-02
1 14 6.819268809617068e+01 4.462552456749811e-18 7.612446794967224e-02
1 15 7.280496408377871e+01 3.677094595745945e-18 7.612415761119036e-02
1 16 7.741729580102525e+01 5.261398986459471e-18 7.612281106741868e-02
0 6 8.091035741295656e+01 7.350579734385626e-18 5.372385335659176e-02
1 17 8.202959266791972e+01 3.922623260494418e-18 7.612377239817975e-02
1 18 8.664187056152880e+01 3.421671993048131e-18 7.612472453936382e-02
1 19 9.125418604803535e+01 3.439078636751897e-18 7.612261519615383e-02
0 7 9.403223623830655e+01 6.980594728783748e-18 5.372305537177866e-02
1 20 9.586649028792358e+01 3.421738769760673e-18 7.612307202142103e-02
1 21 1.004787801319675e+02 3.731542638201942e-18 7.612500954478697e-02
1 22 1.050910756701090e+02 4.872925426880178e-18 7.612289716505667e-02
0 8 1.071541081715199e+02 7.774134656775804e-17 5.372294107692568e-02
1 23 1.097033807034367e+02 4.088020120834422e-18 7.612265876870633e-02
1 24 1.143156899499531e+02 3.421666639819318e-18 7.612485491279045e-02
1 25 1.189279706419136e+02 4.872909276346117e-18 7.612353777623267e-02
0 9 1.202759836910018e+02 7.130450642665677e-18 5.372357242947415e-02
1 26 1.235402705943336e+02 1.145924753101302e-17 7.612270175361356e-02
1 27 1.281525981202725e+02 4.872884499353546e-18 7.612435996966152e-02
1 28 1.327648735152987e+02 3.421696787063795e-18 7.612428464311431e-02
0 10 1.333978693773214e+02 6.877558987417111e-18 5.372428782178350e-02
1 29 1.373771624306531e+02 6.024595079198745e-18 7.612316477263147e-02
1 30 1.419894993380616e+02 3.665435192297995e-18 7.612369174826962e-02
0 11 1.465197558554685e+02 7.013996947012305e-18 5.372428057970057e-02
1 31 1.466017798538517e+02 4.125193858578003e-18 7.612459767813834e-02
1 32 1.512140584992706e+02 3.459487884442112e-18 7.612385695398338e-02
1 33 1.558263942617768e+02 4.872922134997833e-18 7.612303021270406e-02
0 12 1.596416435100936e+02 6.870108478007923e-18 5.372415052928477e-02
1 34 1.604386861715668e+02 3.987106913250868e-18 7.612412260262831e-02
1 35 1.650509618978679e+02 4.872880657605453e-18 7.612449487687442e-02
1 36 1.696632858125972e+02 3.378589315890449e-17 7.612265117425278e-02
0 13 1.727635263290011e+02 6.882815430736706e-18 5.372337989940616e-02
1 37 1.742755874251334e+02 3.809819936926185e-18 7.612336675094059e-02
1 38 1.788878705778173e+02 3.819053258187755e-18 7.612492466262064e-02
1 39 1.835001749327213e+02 1.450216992894199e-16 7.612271469053035e-02
0 14 1.858854008612978e+02 7.103816791242184e-18 5.372287666976401e-02
1 40 1.881124801777238e+02 4.205836787748125e-18 7.612279643942046e-02
1 41 1.927247803168743e+02 3.570059751328829e-18 7.612498089233088e-02
1 42 1.973370666810784e+02 4.058821483158136e-18 7.612321983842062e-02
0 15 1.990072730179393e+02 7.256801466332019e-18 5.372322717470856e-02
1 43 2.019493700493105e+02 3.571758772914788e-18 7.612262084140003e-02
1 44 2.065616899858064e+02 2.424946612990800e-17 7.612461585624104e-02
1 45 2.111739665699206e+02 3.421708183005156e-18 7.612395249124687e-02
0 16 2.121291544232578e+02 6.870097771588428e-18 5.372401471990117e-02
1 46 2.157862607614348e+02 3.672245445425621e-18 7.612291397978577e-02
1 47 2.203985946616700e+02 3.775968895499194e-18 7.612400299640537e-02
0 17 2.252510419909092e+02 8.015408533514401e-18 5.372431759520754e-02
1 48 2.250108715638917e+02 3.421687380442216e-18 7.612455512726617e-02
1 49 2.296231541230757e+02 8.067641089037450e-18 7.612353310781951e-02
1 50 2.342354919114522e+02 5.533217889666907e-18 7.612330772053558e-02
0 18 2.383729282484398e+02 1.457486497667862e-16 5.372428589280787e-02
1 51 2.388477784840682e+02 3.421691761061553e-18 7.612442231326012e-02
1 52 2.434600543628952e+02 4.152715664776692e-18 7.612422512989486e-02
1 53 2.480723850088091e+02 4.872929112550152e-18 7.612277647382881e-02
0 19 2.514948149774771e+02 6.870081451577420e-18 5.372377009605350e-02
1 54 2.526846828611475e+02 3.447300053894598e-18 7.612369062854289e-02
1 55 2.572969613158760e+02 1.386525863206090e-16 7.612476784626467e-02
1 56 2.619092746737464e+02 3.453425736051969e-18 7.612262065317028e-02
0 20 2.646166926882386e+02 6.870880247720580e-18 5.372298784780181e-02
1 57 2.665215790603745e+02 4.232195882997772e-18 7.612301435704799e-02
1 58 2.711338706037513e+02 4.173322197786521e-18 7.612501288246067e-02
1 59 2.757461643432348e+02 5.741781174188443e-18 7.612294675897589e-02
0 21 2.777385646978416e+02 7.143302751163857e-18 5.372297226065329e-02
1 60 2.803584693434528e+02 3.974609138782835e-17 7.612264500373883e-02
1 61 2.849707807960295e+02 4.122726217217889e-18 7.612482243461931e-02
1 62 2.895830606653604e+02 6.627904408369856e-18 7.612361969133218e-02
0 22 2.908604407256644e+02 7.939737308646345e-18 5.372365820651531e-02
1 63 2.941953597523237e+02 7.194802721966897e-17 7.612273127058501e-02
1 64 2.988076885017095e+02 6.236912155205414e-18 7.612429957196599e-02
1 65 3.034199637706585e+02 3.517884926360027e-18 7.612434672442889e-02
0 23 3.039823274893960e+02 7.273600801585324e-18 5.372430568998047e-02
1 66 3.080322513012064e+02 4.872916509594446e-18 7.612322768420919e-02
1 67 3.126445884943234e+02 3.428384691060442e-18 7.612362142544042e-02
0 24 3.171042136226759e+02 6.912137508316933e-18 5.372429710381175e-02
1 68 3.172568701021668e+02 6.341215289014069e-18 7.612458554322070e-02
1 69 3.218691481702502e+02 3.756998757057987e-18 7.612392689272374e-02
1 70 3.264814834527585e+02 4.872923563579024e-18 7.612297967996734e-02
0 25 3.302261012937055e+02 6.984347092751018e-18 5.372408931431683e-02
1 71 3.310937767013071e+02 4.104668528480010e-18 7.612405431329609e-02
1 72 3.357060526165862e+02 3.889146722173192e-18 7.612455133088446e-02
1 73 3.403183747355006e+02 9.174018171284963e-18 7.612263923992599e-02
0 26 3.433479834610183e+02 6.915304540299225e-18 5.372330971749679e-02
1 74 3.449306767531334e+02 5.558755470715416e-18 7.612329447549974e-02
1 75 3.495429610860529e+02 3.711156630928918e-18 7.612494781032612e-02
1 76 3.541552633123543e+02 4.695318627575088e-18 7.612274332617559e-02
0 27 3.564698572899383e+02 7.256395639793362e-18 5.372285678404708e-02
1 77 3.587675686908484e+02 4.234801492706468e-18 7.612276074616464e-02
1 78 3.633798710195658e+02 3.421662241403482e-18 7.612496548488192e-02
1 79 3.679921561895877e+02 4.195275944732140e-18 7.612329007168331e-02
0 28 3.695917297291151e+02 1.102626449392687e-16 5.372330121058264e-02
1 80 3.726044591410334e+02 3.515360520115730e-18 7.612263232633096e-02
1 81 3.772167807567716e+02 4.872878557534193e-18 7.612456701039538e-02
1 82 3.818290568168364e+02 3.421705452603151e-18 7.612403718327826e-02
0 29 3.827136120785602e+02 7.027276661883597e-18 5.372407344379766e-02
1 83 3.864413496657723e+02 3.683828658786211e-18 7.612296485235062e-02
1 84 3.910536842801964e+02 3.673470771733879e-18 7.612393233212338e-02
0 30 3.958355000044170e+02 6.953223443936552e-18 5.372432569277816e-02
1 85 3.956659616926599e+02 4.948908049588580e-18 7.612458066328413e-02
1 86 4.002782433049312e+02 3.421717455471504e-18 7.612360271500890e-02
1 87 4.048905810465799e+02 2.662051463290741e-17 7.612324480690584e-02
0 31 4.089573860722523e+02 7.286370575793377e-18 5.372427459627233e-02
1 88 4.095028690662158e+02 3.421693471849361e-18 7.612437210631001e-02
1 89 4.141151448308223e+02 3.960799634913139e-18 7.612429144571131e-02
1 90 4.187274741761588e+02 5.239420779391519e-18 7.612274651213022e-02
0 32 4.220792724333974e+02 7.177247126369611e-18 5.372368538896863e-02
1 91 4.233397728272234e+02 3.609696732720199e-18 7.612361024813748e-02
1 92 4.279520519119350e+02 4.141755787506309e-18 7.612480872840312e-02
1 93 4.325643631297500e+02 3.447893233834554e-18 7.612263124827576e-02
0 33 4.352011493016701e+02 7.090984996942011e-18 5.372295027633954e-02
1 94 4.371766676962947e+02 6.552305526137471e-18 7.612295918942065e-02
1 95 4.417889611524011e+02 4.478284496534625e-18 7.612501155258507e-02
1 96 4.464012532843053e+02 4.179468156042299e-18 7.612299943243954e-02
0 34 4.483230211735434e+02 7.426075439337448e-18 5.372300783607548e-02
1 97 4.510135582074082e+02 1.525803137269048e-17 7.612263499979439e-02
1 98 4.556258717324810e+02 4.493453582202869e-18 7.612478745371234e-02
1 99 4.602381507537675e+02 4.139912171088152e-18 7.612370347389437e-02
0 35 4.614448979605029e+02 7.085709587261784e-18 5.372374259572041e-02
1 100 4.648504487897957e+02 3.662407875156035e-18 7.612276620192839e-02
1 101 4.694627786199944e+02 4.872887911527542e-18 7.612423697133928e-02
1 102 4.740750538591053e+02 3.640803304850284e-18 7.612440476173336e-02
0 36 4.745667855689422e+02 7.057895110092421e-18 5.372430469463260e-02
1 103 4.786873401504366e+02 3.421729868165274e-18 7.612329226949859e-02
1 104 4.832996776568889e+02 3.422592506535647e-18 7.612355105132887e-02
0 37 4.876886713809418e+02 7.022828704840216e-18 5.372432096132925e-02
1 105 4.879119605434173e+02 6.188317774645568e-18 7.612456604020697e-02
1 106 4.925242381202649e+02 4.064089495149894e-18 7.612399523132561e-02
1 107 4.971365727449278e+02 5.951758953718264e-18 7.612293324135158e-02
0 38 5.008105589481126e+02 2.390428157711784e-16 5.372402352944265e-02
1 108 5.017488671637074e+02 3.421706483513005e-18 7.612398550327783e-02
1 109 5.063611432578891e+02 4.141234021102398e-18 7.612460648283971e-02
1 110 5.109734634103947e+02 3.733890323158364e-18 7.612263140390338e-02
0 39 5.139324405659744e+02 7.696411883895627e-18 5.372324180480179e-02
1 111 5.155857657993566e+02 1.368753941038652e-17 7.612322422062019e-02
1 112 5.201980515435883e+02 3.900160452331166e-18 7.612496670539434e-02
1 113 5.248103518090223e+02 3.608919632268426e-18 7.612277498319696e-02
0 40 5.270543136117631e+02 6.950099785985552e-18 5.372284177791993e-02
1 114 5.294226573790509e+02 4.274568317690864e-18 7.612272830095454e-02
1 115 5.340349618941276e+02 3.648841309102041e-18 7.612494651127923e-02
1 116 5.386472459279761e+02 4.154721903505800e-18 7.612336337055126e-02
0 41 5.401761865431072e+02 7.139678387079658e-18 5.372337705510478e-02
1 117 5.432595481910469e+02 3.577957539359394e-18 7.612265003520988e-02
1 118 5.478718713517802e+02 4.872879982480846e-18 7.612451584730763e-02
1 119 5.524841468782474e+02 3.689456864861109e-18 7.612412007270458e-02
0 42 5.532980699494364e+02 7.179116896494427e-18 5.372412738601471e-02
1 120 5.570964384120264e+02 5.767566630144432e-18 7.612301940148998e-02
1 121 5.617087737533453e+02 1.238629784982263e-17 7.612386046022133e-02
0 43 5.664199579225570e+02 7.084773035466883e-18 5.372430867303471e-02
1 122 5.663210519073110e+02 4.839912535138147e-18 7.612459842845509e-02
1 123 5.709333327364016e+02 5.686074478431295e-18 7.612367158824611e-02
1 124 5.755456703454856e+02 4.175491433878090e-18 7.612318474432538e-02
0 44 5.795418438182942e+02 6.912352321546872e-18 5.372425821772049e-02
1 125 5.801579597628701e+02 5.731400572906195e-18 7.612431802130783e-02
1 126 5.847702353677057e+02 3.519935834750682e-18 7.612435700014392e-02
1 127 5.893825631715747e+02 4.221073805841589e-18 7.612272062658708e-02
0 45 5.926637298292771e+02 7.085702350943242e-18 5.372359992709604e-02
1 128 5.939948624859788e+02 3.463199322129282e-18 7.612353119554428e-02
1 129 5.986071423642302e+02 6.395681369486812e-18 7.612484656150675e-02
1 130 6.032194515003534e+02 3.762371373307681e-18 7.612264583556332e-02
0 46 6.057856059399356e+02 7.376011851378455e-18 5.372292838454575e-02
1 131 6.078317563501597e+02 5.705618208801637e-18 7.612290666224865e-02
1 132 6.124440518680452e+02 3.647542885336464e-18 7.612500588234075e-02
1 133 6.170563425279080e+02 3.861547911092491e-18 7.612305557850037e-02
0 47 6.189074776192224e+02 6.882017402547016e-18 5.372304745726281e-02
1 134 6.216686472327279e+02 5.555185911310477e-18 7.612262942132955e-02
1 135 6.262809626439424e+02 9.928898013145970e-18 7.612474995705555e-02
1 136 6.308932407634543e+02 4.806028707267019e-18 7.612378839191469e-02
0 48 6.320293554523488e+02 1.602642207488764e-16 5.372382507399974e-02
1 137 6.355055376324108e+02 4.554019558146217e-18 7.612280631913852e-02
1 138 6.401178684880174e+02 4.872889735243245e-18 7.612417199045153e-02
1 139 6.447301438830840e+02 3.686124879622253e-18 7.612445744815889e-02
0 49 6.451512436401547e+02 7.026361879240495e-18 5.372430034469440e-02
1 140 6.493424291159278e+02 6.344955561203158e-18 7.612335767327100e-02
1 141 6.539547670230045e+02 3.428398657668768e-18 7.612347941558373e-02
0 50 6.582731291366581e+02 6.941345388857415e-18 5.372435012235938e-02
1 142 6.585670512032242e+02 4.872885458976318e-18 7.612453963792952e-02
1 143 6.631793282908458e+02 3.790759760089169e-18 7.612406244432979e-02
1 144 6.677916620132960e+02 4.197883003660202e-18 7.612289067584756e-02
0 51 6.713950165304193e+02 7.137918365103316e-18 5.372395367198832e-02
1 145 6.724039574099799e+02 1.695421045380347e-17 7.612391603336366e-02
1 146 6.770162337507628e+02 3.808033465979359e-18 7.612466001271039e-02
1 147 6.816285518572419e+02 3.722305636786027e-18 7.612262725204658e-02
0 52 6.845168976130095e+02 7.696409425271252e-18 5.372317662722798e-02
1 148 6.862408546739575e+02 9.975034471636526e-17 7.612315591458289e-02
1 149 6.908531420659408e+02 3.940714483284348e-18 7.612498112798904e-02
1 150 6.954654405488426e+02 3.941086752575432e-18 7.612281004051030e-02
0 53 6.976387697657761e+02 6.945771146808679e-18 5.372286385072410e-02
1 151 7.000777462856264e+02 5.836959390619613e-18 7.612269973209392e-02
1 152 7.046900528856028e+02 3.450081732526758e-18 7.612492435358248e-02
1 153 7.093023357607776e+02 7.278053561432531e-17 7.612343962393259e-02
0 54 7.107606435391832e+02 6.912418870944129e-18 5.372345413279701e-02
1 154 7.139146371226091e+02 3.799805621067399e-18 7.612267268619100e-02
1 155 7.185269616965902e+02 3.994202562722589e-18 7.612446188797381e-02
1 156 7.231392367654006e+02 3.726982842693497e-18 7.612419949300467e-02
0 55 7.238825280007879e+02 7.405269956958088e-18 5.372417656799598e-02
1 157 7.277515271005814e+02 4.872920654221591e-18 7.612307670947992e-02
1 158 7.323638632090683e+02 4.540031715770191e-18 7.612378819530242e-02
0 56 7.370044156535156e+02 7.061299200218984e-18 5.372428943067479e-02
1 159 7.369761423224631e+02 7.312729279308674e-18 7.612460810043899e-02
1 160 7.415884224531242e+02 3.421712052140441e-18 7.612373978053900e-02
1 161 7.462007597547475e+02 3.727024813146551e-18 7.612312785966163e-02
0 57 7.501263015268624e+02 6.971575238545212e-18 5.372423622071778e-02
1 162 7.508130504328234e+02 3.421697339663859e-18 7.612426038103325e-02
1 163 7.554253258497448e+02 3.421684456778585e-18 7.612442196569717e-02
1 164 7.600376519147050e+02 7.805829195847616e-17 7.612269821616950e-02
0 58 7.632481871767839e+02 8.217690904900715e-18 5.372351436252550e-02
1 165 7.646499518459929e+02 3.448468443843626e-18 7.612345990009249e-02
1 166 7.692622327528098e+02 3.421665363889608e-18 7.612488070024681e-02
1 167 7.738745399367347e+02 4.230295560410899e-18 7.612266462740956e-02
0 59 7.763700624554443e+02 6.870045613248592e-18 5.372291108305625e-02
1 168 7.784868451524176e+02 4.207130476610149e-18 7.612285724905568e-02
1 169 7.830991427811011e+02 5.076529977593572e-17 7.612499638369878e-02
1 170 7.877114320176374e+02 4.121534102381074e-18 7.612311549461821e-02
0 60 7.894919340972010e+02 6.941547927225666e-18 5.372309071352101e-02
1 171 7.923237362937027e+02 4.112274941064533e-18 7.612262884226266e-02
1 172 7.969360534084316e+02 6.222392043304812e-17 7.612470961490413e-02
1 173 8.015483306036779e+02 5.871677095416684e-18 7.612387328089477e-02
0 61 8.026138132230309e+02 7.136072746441612e-18 5.372390527186725e-02
1 174 8.061606262890938e+02 3.421747134521180e-18 7.612285099488705e-02
1 175 8.107729581887937e+02 4.872891648515709e-18 7.612410488023326e-02
1 176 8.153852339840961e+02 3.421691528646571e-18 7.612450358664463e-02
0 62 8.157357016250699e+02 7.696484439555975e-18 5.372429415848689e-02
1 177 8.199975183134574e+02 9.301699454021641e-18 7.612342339041632e-02
1 178 8.246098565530360e+02 3.660299698102977e-18 7.612341026257465e-02
0 63 8.288575869666547e+02 6.935037909786830e-18 5.372434320264918e-02
1 179 8.292221420176883e+02 6.028257315111140e-18 7.612450672592860e-02
1 180 8.338344185681948e+02 3.621688467762419e-18 7.612412907660909e-02
1 181 8.384467511238350e+02 4.407343699862331e-18 7.612285145223979e-02
0 64 8.419794740836065e+02 7.095388878361681e-18 5.372388036376571e-02
1 182 8.430590473435315e+02 4.064844873433169e-18 7.612384549320739e-02
1 183 8.476713240957739e+02 4.765705721506302e-18 7.612471127504664e-02
1 184 8.522836401772097e+02 3.710720962787260e-18 7.612262669921346e-02
0 65 8.551013545404879e+02 7.696407280610711e-18 5.372311453183667e-02
1 185 8.568959435288260e+02 3.739003952590483e-18 7.612308979378339e-02
1 186 8.615082327514608e+02 5.705594842141768e-18 7.612499119615426e-02
1 187 8.661205295847365e+02 3.972476850792336e-18 7.612284897581427e-02
0 66 8.682232258410780e+02 7.018138756760266e-18 5.372290164969566e-02
1 188 8.707328353634915e+02 6.213790250827524e-18 7.612267576299414e-02
1 189 8.753451438958450e+02 3.421665156415487e-18 7.612489741743365e-02
1 190 8.799574255416828e+02 4.221019440557928e-18 7.612351830528953e-02
0 67 8.813451007873657e+02 7.231044442911059e-18 5.372353192860299e-02
1 191 8.845697258479485e+02 3.819094808688113e-18 7.612270012763880e-02
1 192 8.891820517884321e+02 6.154927858741396e-18 7.612440483691160e-02
1 193 8.937943265739931e+02 4.399003374991980e-18 7.612427380096511e-02
0 68 8.944669861629944e+02 7.342458538104885e-18 5.372422113456874e-02
1 194 8.984066158700363e+02 6.600888694435736e-18 7.612313590997012e-02
1 195 9.030189527599499e+02 4.532042904682062e-18 7.612371653948027e-02
0 69 9.075888732218525e+02 7.256692340180356e-18 5.372427926100756e-02
1 196 9.076312329816758e+02 3.419566592509005e-17 7.612460955626565e-02
1 197 9.122435124107490e+02 3.914878467105595e-18 7.612380772347987e-02
1 198 9.168558491589828e+02 3.594135758277752e-18 7.612307401320921e-02
0 70 9.207107592487746e+02 6.985063027212947e-18 5.372420848449318e-02
1 199 9.214681409230692e+02 4.872893296680733e-18 7.612419914135514e-02
1 200 9.260804161935977e+02 3.637236815624285e-18 7.612448610204113e-02
1 201 9.306927404077811e+02 4.154707723359924e-18 7.612267887038988e-02
0 71 9.338326444447709e+02 6.870066742147088e-18 5.372342924288653e-02
1 202 9.353050409874361e+02 3.680266935329857e-18 7.612339248784686e-02
1 203 9.399173231922969e+02 4.872868533878266e-18 7.612491070157018e-02
1 204 9.445296285723686e+02 3.516018822971392e-18 7.612268808635586e-02
0 72 9.469545188104826e+02 7.184489987226429e-18 5.372289844131509e-02
1 205 9.491419341630738e+02 4.872927690776785e-18 7.612281166924134e-02
1 206 9.537542338495913e+02 9.123701692806009e-18 7.612498354677986e-02
1 207 9.583665216281048e+02 5.580793558342629e-18 7.612317920126328e-02
0 73 9.600763903990752e+02 6.870056706377744e-18 5.372316135180918e-02
1 208 9.629788252497107e+02 4.983534929347558e-18 7.612263356309534e-02
1 209 9.675911439408728e+02 4.131699461825765e-18 7.612466594723455e-02
1 210 9.722034202700434e+02 5.305605180954679e-18 7.612395671188117e-02
0 74 9.731982712498956e+02 6.870094655692522e-18 5.372398296110971e-02
1 211 9.768157148491240e+02 3.874958382510812e-18 7.612289936500047e-02
1 212 9.814280478448693e+02 4.088302991639165e-18 7.612403631476079e-02
1 213 9.860403242880051e+02 3.424289003550147e-18 7.612454227571347e-02
0 75 9.863201594636082e+02 6.870142451360485e-18 5.372428779385559e-02
1 214 9.906526077954084e+02 4.208071033518649e-18 7.612348938305631e-02
1 215 9.952649462062058e+02 3.780878959957927e-18 7.612334412153351e-02
0 76 9.994420447901015e+02 7.439822898657453e-18 5.372432142478988e-02
1 216 9.998772328540874e+02 5.041947236267314e-18 7.612446747667284e-02
1 217 1.004489508825090e+03 3.662239352999877e-18 7.612419546439093e-02
1 218 1.009101839984010e+03 3.421748723330209e-18 7.612281496884674e-02
0 77 1.012563931616613e+03 7.260845375293687e-18 5.372380423986430e-02
1 219 1.013714136954490e+03 4.093812746206219e-18 7.612377345913449e-02
1 220 1.018326414363147e+03 2.617296040847925e-17 7.612475950118505e-02
1 221 1.022938728517306e+03 4.179445389006196e-18 7.612263001552355e-02
0 78 1.025685811280439e+03 7.215606639063329e-18 5.372305577019753e-02
1 222 1.027551032502657e+03 4.384044037982296e-18 7.612302643195215e-02
1 223 1.032163323643849e+03 4.872866138357426e-18 7.612499729431998e-02
1 224 1.036775618878588e+03 3.820454981330558e-18 7.612289217045247e-02
0 79 1.038807681914448e+03 7.103137476299606e-18 5.372294373538631e-02
1 225 1.041387924494511e+03 3.421754684298703e-18 7.612265701563156e-02
1 226 1.046000234819476e+03 3.421666433698680e-18 7.612486406644854e-02
1 227 1.050612515167973e+03 3.421719816705829e-18 7.612359849090335e-02
0 80 1.051929558324483e+03 6.884701711866334e-18 5.372361002734519e-02
1 228 1.055224814360308e+03 4.034891538110819e-18 7.612273182764505e-02
1 229 1.059837141696669e+03 4.187315892045115e-18 7.612434477558012e-02
1 230 1.064449416448306e+03 3.430183813429035e-17 7.612434165598810e-02
0 81 1.065051444351813e+03 7.017290362163098e-18 5.372426126452982e-02
1 231 1.069061704846880e+03 7.439162294291397e-18 7.612319643907556e-02
1 232 1.073674042461232e+03 4.652622644019867e-18 7.612364639382561e-02
0 82 1.078173330684252e+03 7.003249141945205e-18 5.372427701319629e-02
1 233 1.078286323838684e+03 5.071447863176487e-18 7.612460273892607e-02
1 234 1.082898602502124e+03 4.872898337055809e-18 7.612387598812471e-02
1 235 1.087510938423788e+03 4.323582069155166e-18 7.612302271837182e-02
0 83 1.091295217339287e+03 7.122685376958508e-18 5.372414819261823e-02
1 236 1.092123231123201e+03 6.162825881863173e-18 7.612413403067378e-02
1 237 1.096735506385565e+03 3.484804793726881e-18 7.612454877642680e-02
1 238 1.101347828736906e+03 4.872931968246652e-18 7.612266252871111e-02
0 84 1.104417101569192e+03 7.497742166210588e-18 5.372334499096164e-02
1 239 1.105960130054758e+03 3.447068056786261e-18 7.612332549799739e-02
1 240 1.110572413788430e+03 6.808117798725042e-18 7.612493645984601e-02
1 241 1.115184717475130e+03 3.421751828133272e-18 7.612271675603055e-02
0 85 1.117538975011034e+03 7.085673540221992e-18 5.372289048300068e-02
1 242 1.119797023351319e+03 3.711225217837640e-18 7.612277072046024e-02
1 243 1.124409324972915e+03 5.903652278650374e-18 7.612496764589732e-02
1 244 1.129021611212224e+03 1.804644292401033e-17 7.612324634132842e-02
0 86 1.130660846856377e+03 6.870059243216409e-18 5.372324062585868e-02
1 245 1.133633913998583e+03 4.405562549188338e-18 7.612264350755704e-02
1 246 1.138246234223456e+03 3.619914880666194e-18 7.612461856406956e-02
1 247 1.142858509846249e+03 6.031723593943334e-18 7.612403724986548e-02
0 87 1.143782729471837e+03 6.978178837773753e-18 5.372405799351709e-02
1 248 1.147470803449771e+03 3.526098650629412e-18 7.612295057526773e-02
1 249 1.152083137572971e+03 4.128857542489856e-18 7.612396721949613e-02
0 88 1.156904617134228e+03 8.556730011257011e-18 5.372428300069653e-02
1 250 1.156695414844087e+03 3.421690010035613e-18 7.612457488255872e-02
1 251 1.161307697532767e+03 3.421719468071791e-18 7.612355602288962e-02
1 252 1.165920035876602e+03 3.517919473724734e-18 7.612328098324150e-02
0 89 1.170026502641076e+03 7.105020777229943e-18 5.372429556594525e-02
1 253 1.170532323557151e+03 5.868196925320067e-18 7.612442181186582e-02
1 254 1.175144598967211e+03 5.318245889931225e-17 7.612426154297812e-02
1 255 1.179756928578643e+03 3.726508549869885e-18 7.612278080853675e-02
0 90 1.183148389096555e+03 6.915889131777050e-18 5.372372585835018e-02
1 256 1.184369226322979e+03 4.914173275799429e-18 7.612369975079143e-02
1 257 1.188981504665461e+03 1.727889850868433e-16 7.612480404605731e-02
1 258 1.193593817017940e+03 5.236276708384929e-18 7.612263773115836e-02
0 91 1.196270267786065e+03 7.278246772517875e-18 5.372300053735168e-02
1 259 1.198206121671065e+03 3.852266170626240e-18 7.612296664772364e-02
1 260 1.202818414714743e+03 3.421660676398887e-18 7.612499989193101e-02
1 261 1.207430708316855e+03 3.446713088108446e-18 7.612293974015673e-02
0 92 1.209392138071686e+03 6.870048020421051e-18 5.372298986323292e-02
1 262 1.212043013534780e+03 4.852644146731850e-17 7.612264383874646e-02
1 263 1.216655325546307e+03 3.542185475204136e-18 7.612482726980706e-02
1 264 1.221267604619027e+03 5.370437276147533e-18 7.612367900768592e-02
0 93 1.222514015686615e+03 7.052159184542822e-18 5.372369117162294e-02
1 265 1.225879902737629e+03 3.636478165635462e-18 7.612276701662857e-02
1 266 1.230492231537070e+03 3.707490753819323e-18 7.612428221141559e-02
1 267 1.235104506527517e+03 7.044952446812181e-18 7.612440220331135e-02
0 94 1.235635902493204e+03 7.090319564541221e-18 5.372429711020620e-02
1 268 1.239716794100063e+03 7.307044454848887e-18 7.612325817787804e-02
1 269 1.244329132289706e+03 5.057954541585908e-18 7.612357830561507e-02
0 95 1.248757788125023e+03 7.295236177931089e-18 5.372428103050346e-02
1 270 1.248941414771800e+03 3.632879126891399e-18 7.612458752393299e-02
1 271 1.253553692597123e+03 5.379797241049841e-18 7.612394499600397e-02
1 272 1.258166027446262e+03 3.718856858853617e-18 7.612297338128401e-02
0 96 1.261879675518160e+03 7.068029613713643e-18 5.372407774160850e-02
1 273 1.262778321004743e+03 3.982333275649249e-17 7.612406478428042e-02
1 274 1.267390596450282e+03 3.533187003989838e-18 7.612460588937643e-02
1 275 1.272002917042443e+03 7.736708336294833e-18 7.612264951247043e-02
0 97 1.275001558475637e+03 7.012582371757070e-18 5.372326192849886e-02
1 276 1.276615219193769e+03 3.667280406945670e-18 7.612325940256909e-02
1 277 1.281227504598024e+03 6.374387609312985e-18 7.612495819964546e-02
1 278 1.285839806623412e+03 7.477666353188829e-17 7.612275106274555e-02
0 98 1.288123431109429e+03 6.870043942411457e-18 5.372288720229809e-02
1 279 1.290452112608559e+03 4.475501643438876e-18 7.612273508158737e-02
1 280 1.295064416027073e+03 5.436714291046161e-18 7.612494864196730e-02
1 281 1.299676700656451e+03 1.083707411056637e-16 7.612331619728933e-02
0 99 1.301245303601522e+03 7.023918874485029e-18 5.372332145522631e-02
1 282 1.304289002515552e+03 4.872932105831597e-18 7.612265823534500e-02
1 283 1.308901324311602e+03 3.791242051365809e-18 7.612456738180708e-02
1 284 1.313513599473444e+03 3.421702427990858e-18 7.612411371927466e-02
0 100 1.314367187808427e+03 6.908842218990979e-18 5.372413021392784e-02
1 285 1.318125892226539e+03 3.459653986173731e-18 7.612300402840634e-02
1 286 1.322738227440433e+03 9.439613691426119e-18 7.612389849838648e-02
0 101 1.327489074663499e+03 7.128875645113670e-18 5.372428159495705e-02
1 287 1.327350505642972e+03 3.949445247163788e-18 7.612459777637148e-02
1 288 1.331962787426946e+03 4.872905468536787e-18 7.612362387921416e-02
1 289 1.336575125429982e+03 3.421732776977778e-18 7.612322044700713e-02
0 102 1.340610960567822e+03 7.190011545739204e-18 5.372426526503492e-02
1 290 1.341187414003968e+03 4.409082096501980e-18 7.612436949942913e-02
1 291 1.345799688966905e+03 1.320376679041494e-17 7.612432681271965e-02
1 292 1.350412016977644e+03 4.872929616749285e-18 7.612274891960083e-02
0 103 1.353732846925904e+03 7.234268621662002e-18 5.372364550380763e-02
1 293 1.355024315589741e+03 6.002868542514265e-18 7.612362460325467e-02
1 294 1.359636595115011e+03 4.088134205077788e-18 7.612484457895854e-02
1 295 1.364248905762626e+03 5.091049467484481e-18 7.612265045531230e-02
0 104 1.366854724052144e+03 7.484983780059107e-18 5.372294900873602e-02
1 296 1.368861211019997e+03 3.731694090611234e-18 7.612291132606436e-02
1 297 1.373473505872602e+03 4.102936800692995e-18 7.612499933161501e-02
1 298 1.378085797765311e+03 3.437321532356136e-18 7.612299440081775e-02
0 105 1.379976594399485e+03 8.146260574720994e-18 5.372303978292873e-02
1 299 1.382698102369079e+03 4.872932638194555e-18 7.612263621489992e-02
1 300 1.387310416043655e+03 3.581976423195274e-18 7.612478665684426e-02
1 301 1.391922693964659e+03 4.342665852474393e-18 7.612375866859157e-02
0 106 1.393098473183748e+03 7.025448362268195e-18 5.372377137610375e-02
1 302 1.396534991115077e+03 5.675849301499930e-18 7.612280491417771e-02
1 303 1.401147321428833e+03 3.719079301855257e-18 7.612421795825498e-02
1 304 1.405759596893827e+03 4.104275797680045e-18 7.612445510478155e-02
0 107 1.406220360544528e+03 6.882275886392067e-18 5.372432880202772e-02
1 305 1.410371883617019e+03 5.563808811980481e-17 7.612332143041610e-02
1 306 1.414984222151433e+03 5.849895208202113e-18 7.612351234641716e-02
0 108 1.419342245636093e+03 7.210238778849959e-18 5.372428942873161e-02
1 307 1.419596505626154e+03 3.687821808745282e-18 7.612456366010181e-02
1 308 1.424208782590316e+03 4.036529720626386e-18 7.612401478970554e-02
1 309 1.428821116194521e+03 3.685229681388364e-18 7.612292557259946e-02
0 109 1.432464133675802e+03 7.705556026483051e-18 5.372400422194010e-02
1 310 1.433433410630925e+03 5.551943710217445e-18 7.612399139451742e-02
1 311 1.438045686527354e+03 3.730003438006860e-18 7.612465820307616e-02
1 312 1.442658005469164e+03 4.018335247570024e-18 7.612264042394515e-02
0 110 1.445586015106486e+03 6.902299636742124e-18 5.372318032732987e-02
1 313 1.447270308496002e+03 3.610679068529414e-18 7.612319499475616e-02
1 314 1.451882595606904e+03 3.898421211250619e-18 7.612497633288975e-02
1 315 1.456494895915089e+03 1.808437490645645e-17 7.612279114926074e-02
0 111 1.458707887190256e+03 7.918531926209324e-18 5.372288857425093e-02
