1 0 6.464833921143730e+00 6.017757002992843e-18 4.938041793026438e-02
1 1 1.877463549397431e+01 6.115488170721471e-18 4.937687966497940e-02
0 0 2.046254938979213e+01 9.649084778353693e-18 3.889589365242705e-02
1 2 3.108445009581331e+01 3.276949640757501e-16 4.937454201716502e-02
1 3 4.339434604694088e+01 5.925325573373862e-18 4.936966372485730e-02
0 1 4.565525421112083e+01 9.704928707699150e-18 3.889708997470805e-02
1 4 5.570420893284836e+01 5.978886569197772e-18 4.936740196834533e-02
1 5 6.801422118348063e+01 5.986272663219695e-18 4.936163116505988e-02
0 2 7.084788738307346e+01 9.673344228533742e-18 3.889826017704443e-02
1 6 8.032413028907780e+01 7.223935180619441e-18 4.935956157920828e-02
1 7 9.263427013467381e+01 8.080438281243735e-17 4.935345207942763e-02
0 3 9.604045270170927e+01 9.646291958134705e-18 3.889933589541505e-02
1 8 1.049442212872950e+02 5.927468565281796e-18 4.935163957386575e-02
1 9 1.172544888590543e+02 6.179525635201742e-18 4.934575355713799e-02
0 4 1.212329581462055e+02 9.703917201239151e-18 3.890027035317913e-02
1 10 1.295644756217770e+02 6.330050185756565e-18 4.934425998801401e-02
1 11 1.418748591514083e+02 6.227872306744275e-18 4.933913978271774e-02
0 5 1.464254155564653e+02 9.677064941668370e-18 3.890101897853371e-02
1 12 1.541848738077555e+02 6.869583958232649e-18 4.933800479290851e-02
1 13 1.664953514250149e+02 6.564587520285431e-18 4.933411169971729e-02
0 6 1.716178379766249e+02 9.694601996629339e-18 3.890155498763827e-02
1 14 1.788053854536737e+02 6.043510650512567e-18 4.933336681190867e-02
1 15 1.911159266105323e+02 5.944450996024790e-18 4.933104792933768e-02
0 7 1.968102403922158e+02 1.175179665300758e-17 3.890186160675271e-02
1 16 2.034259707894183e+02 5.929953277054024e-18 4.933071275747769e-02
1 17 2.157365396727740e+02 6.886158367289119e-18 4.933017291028221e-02
0 8 2.220026379156052e+02 9.756069132282144e-18 3.890192161389099e-02
1 18 2.280465845513382e+02 6.391953966534426e-18 4.933025607836947e-02
1 19 2.403571427112308e+02 6.268230106697209e-18 4.933154022076890e-02
0 9 2.471950452207655e+02 9.577305435396478e-18 3.890174681052586e-02
1 20 2.526671790540176e+02 6.369825554381361e-18 4.933203942328852e-02
1 21 2.649776892521730e+02 6.587211377966318e-18 4.933503215863170e-02
0 10 2.723874764078057e+02 3.361423881636511e-17 3.890133839426555e-02
1 22 2.772877079486803e+02 6.177867967396797e-18 4.933593495643722e-02
1 23 2.895981371738212e+02 6.248866675498477e-18 4.934036720958915e-02
0 11 2.975799437522977e+02 9.601752355708196e-18 3.890070880475730e-02
1 24 3.019081299418616e+02 6.026891727410748e-18 4.934164838111596e-02
1 25 3.142184523256506e+02 6.417547675647418e-18 4.934712405222299e-02
0 12 3.227724587509928e+02 9.576309460691742e-18 3.889988996361265e-02
1 26 3.265284118323518e+02 6.226689397551986e-18 4.934875041610479e-02
1 27 3.388386111086335e+02 8.480529864452452e-18 4.935477176947656e-02
0 13 3.479650298842075e+02 6.042416612093377e-16 3.889890668392984e-02
1 28 3.511485311433362e+02 5.972609674585285e-18 4.935669524144868e-02
1 29 3.634586018150193e+02 5.926144270515724e-18 4.936271125232321e-02
0 14 3.731576632220157e+02 9.624559045990346e-18 3.889780650062141e-02
1 30 3.757684778720387e+02 6.172954722252132e-18 4.936486717778200e-02
1 31 3.880784262613868e+02 6.090323033600329e-18 4.937032130356783e-02
0 15 3.983503625930938e+02 9.597871861723110e-18 3.889663116111858e-02
1 32 4.003882561450789e+02 1.567553191373775e-16 4.937263124566687e-02
1 33 4.126980989001017e+02 5.924440490303451e-18 4.937700415743625e-02
0 16 4.235431265992420e+02 9.859505818464500e-18 3.889544521366892e-02
1 34 4.250078827043432e+02 5.924206450791974e-18 4.937932410590166e-02
1 35 4.373176463010262e+02 6.900350268166021e-18 4.938223458945665e-02
0 17 4.487359502980330e+02 9.566430400784643e-18 3.889433631351924e-02
1 36 4.496273891641853e+02 6.259366843983048e-18 4.938435669681117e-02
1 37 4.619371048998317e+02 1.040388500068149e-15 4.938559962170752e-02
0 18 4.739288207790988e+02 9.549532912417786e-18 3.889347190416394e-02
1 38 4.742468171202158e+02 6.144388606636740e-18 4.938713635261154e-02
1 39 4.865565181373649e+02 6.207488899251251e-18 4.938683111453009e-02
0 19 4.991217100115140e+02 9.596342256098178e-18 3.889341491846682e-02
1 40 4.988662188821922e+02 6.684634201881813e-18 4.938727915026823e-02
1 41 5.111759331909902e+02 6.433871449246745e-18 4.938583069397715e-02
1 42 5.234856498338125e+02 6.471524031470129e-18 4.938475469889049e-02
0 20 5.243145739828345e+02 9.657904298866266e-18 3.889421867463994e-02
1 43 5.357953971753467e+02 6.174570394980903e-18 4.938267372395493e-02
1 44 5.481051627305422e+02 5.982003852067332e-18 4.937991749890427e-02
0 21 5.495073827141820e+02 3.642931506498116e-17 3.889531830886602e-02
1 45 5.604149533762109e+02 5.924371992576107e-18 4.937760812713986e-02
1 46 5.727247989295953e+02 6.074503369338641e-18 4.937335124855902e-02
0 22 5.747001234127279e+02 9.736399247481069e-18 3.889651324104717e-02
1 47 5.850346378104879e+02 6.075015512271256e-18 4.937103313674797e-02
1 48 5.973445899690903e+02 5.976707356579241e-18 4.936564310836732e-02
0 23 5.998927923138567e+02 9.548445432584185e-18 3.889770663970118e-02
1 49 6.096544764524619e+02 5.959762221575062e-18 4.936346668669655e-02
1 50 6.219645518488588e+02 5.976393062040719e-18 4.935745631561093e-02
0 24 6.250853904926087e+02 9.615994895060245e-18 3.889883393267333e-02
1 51 6.342744827206624e+02 6.175652729171074e-18 4.935550673196146e-02
1 52 6.465846873305435e+02 6.868390489655890e-18 4.934943940570819e-02
0 25 6.502779247829847e+02 1.007095294544107e-17 3.889984526441831e-02
1 53 6.588946571939064e+02 6.297845376325093e-18 4.934778041517339e-02
1 54 6.712049850264150e+02 5.955684474896258e-18 4.934221393570638e-02
0 26 6.754704047283357e+02 9.626186100792511e-18 3.890068971232766e-02
1 55 6.835149867436495e+02 6.565999177278177e-18 4.934089657620409e-02
1 56 6.958254207506781e+02 3.870258542489200e-17 4.933634070603389e-02
0 27 7.006628427619096e+02 9.547234137540845e-18 3.890133762393894e-02
1 57 7.081354461834831e+02 7.086808795410795e-18 4.933539805591339e-02
1 58 7.204459598572846e+02 6.438783613435914e-18 4.933225933241298e-02
0 28 7.258552535171982e+02 9.547083726390637e-18 3.890175717105238e-02
1 59 7.327560001454219e+02 5.971630466111130e-18 4.933171824728228e-02
1 60 7.450665598517683e+02 6.162376101421315e-18 4.933027589612449e-02
0 29 7.510476516353270e+02 9.555178479144153e-18 3.890194096697255e-02
1 61 7.573766055199923e+02 1.790188879842493e-16 4.933015002449644e-02
1 62 7.696871738314924e+02 6.544395788353362e-18 4.933052936461845e-02
0 30 7.762400523711669e+02 9.841216631008784e-18 3.890188625540298e-02
1 63 7.819972155544851e+02 6.185278650186415e-18 4.933082220466106e-02
1 64 7.943077540681778e+02 6.120634216646916e-18 4.933298754583168e-02
0 31 8.014324699532579e+02 9.663165081018407e-18 3.890158813826883e-02
1 65 8.066177826680595e+02 6.223743930266602e-18 4.933369140201842e-02
1 66 8.189282560198147e+02 4.125314888188989e-17 4.933744834874803e-02
0 32 8.266249178309836e+02 9.708448102048404e-18 3.890106879363447e-02
1 67 8.312382627010300e+02 6.405988254225519e-18 4.933854505805564e-02
1 68 8.435486410130800e+02 6.390045406128114e-18 4.934355672470543e-02
0 33 8.518174079122725e+02 1.310351925776849e-17 3.890034173856883e-02
1 69 8.558586179563252e+02 5.942857649717298e-18 4.934501522028478e-02
1 70 8.681688800466168e+02 5.973018239672390e-18 4.935083210176503e-02
0 34 8.770099497536931e+02 9.606624866764651e-18 3.889943446444256e-02
1 71 8.804788204606039e+02 6.175958967382811e-18 4.935261482783469e-02
1 72 8.927889552345321e+02 6.220989298127833e-18 4.935870356976173e-02
0 35 9.022025516182135e+02 9.733010084043562e-18 3.889838641275397e-02
1 73 9.050988536500679e+02 5.940484529941675e-18 4.936075135538335e-02
1 74 9.174088615752476e+02 5.982849264182707e-18 4.936655512103803e-02
0 36 9.273952178358564e+02 2.142752268713958e-16 3.889724023150755e-02
1 75 9.297187146695644e+02 6.866417025553102e-18 4.936880167423916e-02
1 76 9.420286073878656e+02 7.373256219142671e-18 4.937377152582589e-02
0 37 9.525879496554724e+02 9.551271863710334e-18 3.889605930290288e-02
1 77 9.543384140286682e+02 6.200658738064008e-18 4.937610971568569e-02
1 78 9.666482132874499e+02 6.022578393238917e-18 4.937978535537634e-02
0 38 9.777807446164989e+02 9.549240760124446e-18 3.889488951992975e-02
1 79 9.789579756311934e+02 6.046038383074692e-18 4.938204244836664e-02
1 80 9.912677111817097e+02 6.092999957144454e-18 4.938412365251327e-02
0 39 1.002973593842761e+03 1.204949382641284e-15 3.889385778493484e-02
1 81 1.003577436963068e+03 7.068385641237903e-18 4.938600916392011e-02
1 82 1.015887141342862e+03 6.577276389388174e-18 4.938644201872058e-02
0 40 1.028166478743068e+03 9.604603177538595e-18 3.889333261453480e-02
1 83 1.028196844854844e+03 6.336262055650872e-18 4.938750272315473e-02
1 84 1.040506549566551e+03 6.372257253346839e-18 4.938655546430423e-02
1 85 1.052816254399782e+03 6.243713007515994e-18 4.938627608705234e-02
0 41 1.053359360552382e+03 9.779934775357704e-18 3.889376506725103e-02
1 86 1.065125983447159e+03 2.978470615696601e-17 4.938445298755180e-02
1 87 1.077435720400853e+03 5.971134046530639e-18 4.938253553822047e-02
0 42 1.078552199075117e+03 9.655715232829785e-18 3.889476833286566e-02
1 88 1.089745488682305e+03 5.939155854823098e-18 4.938029749961403e-02
1 89 1.102055290573304e+03 6.125386119811047e-18 4.937675252278412e-02
0 43 1.103744974715230e+03 9.549565272421646e-18 3.889593983096414e-02
1 90 1.114365105229100e+03 6.526186237046541e-18 4.937441687101568e-02
1 91 1.126675001451006e+03 6.816275658076557e-16 4.936953585100175e-02
0 44 1.128937679382871e+03 1.895453657560354e-16 3.889713376541230e-02
1 92 1.138984864449310e+03 7.085209607115719e-18 4.936727395033509e-02
1 93 1.151294877065979e+03 5.952202669210469e-18 4.936150073744754e-02
0 45 1.154130312398326e+03 9.945770482500430e-18 3.889830308124904e-02
1 94 1.163604786229877e+03 6.542562911641269e-18 4.935943238935341e-02
1 95 1.175914926382554e+03 6.284510799694859e-18 4.935332273514356e-02
0 46 1.179322877822571e+03 9.599066136047555e-18 3.889937891994384e-02
1 96 1.188224877570728e+03 6.031021629068345e-18 4.935151128877116e-02
1 97 1.200535145420447e+03 5.977819648335203e-18 4.934562750568318e-02
0 47 1.204515383253326e+03 1.171627102729951e-17 3.890031245732908e-02
1 98 1.212845132229423e+03 5.986107007183118e-18 4.934413450460667e-02
1 99 1.225155515961643e+03 5.979847512779068e-18 4.933901723440626e-02
0 48 1.229707840729914e+03 9.811257392346623e-18 3.890106130710404e-02
1 100 1.237465530611049e+03 6.496065916296580e-18 4.933788360974067e-02
1 101 1.249776008364164e+03 5.929551379883959e-18 4.933399503297396e-02
0 49 1.254900263395094e+03 9.805381812938413e-18 3.890159471240291e-02
1 102 1.262086042343753e+03 6.314060443543720e-18 4.933325130302846e-02
1 103 1.274396583551621e+03 5.935930527454563e-18 4.933093743668236e-02
0 50 1.280092665943149e+03 9.826826631517963e-18 3.890190171887663e-02
1 104 1.286706627709382e+03 6.323744630403194e-18 4.933060365232288e-02
1 105 1.299017196530076e+03 7.395334110482119e-18 4.933006932010098e-02
0 51 1.305285063663523e+03 9.665863166791220e-18 3.890196245714544e-02
1 106 1.311327241346595e+03 7.736662505803516e-18 4.933015375523077e-02
1 107 1.323637799393231e+03 6.303698604470171e-18 4.933144320530014e-02
0 52 1.330477471099812e+03 9.648774569405565e-18 3.890178454508540e-02
1 108 1.335947835663403e+03 5.950980100051218e-18 4.933194356676479e-02
1 109 1.348258345623911e+03 6.698757132795116e-18 4.933494113618639e-02
0 53 1.355669902432956e+03 9.930726114593567e-18 3.890137687422403e-02
1 110 1.360568364261814e+03 1.506300222678060e-15 4.933584508797190e-02
1 111 1.372878793226117e+03 6.275059789385323e-18 4.934028113334712e-02
0 54 1.380862369933582e+03 9.640618805588574e-18 3.890074724030048e-02
1 112 1.385188785920602e+03 6.083286251957150e-18 4.934156382984920e-02
1 113 1.397499107966141e+03 5.928012016769986e-18 4.934704141053244e-02
0 55 1.406054884863933e+03 9.666627724455697e-18 3.889992699965340e-02
1 114 1.409809067411603e+03 5.975611180974129e-18 4.934866838299833e-02
1 115 1.422119266381934e+03 8.902877332514351e-16 4.935469106978178e-02
0 56 1.431247456081428e+03 9.878957002768853e-18 3.889894351620914e-02
1 116 1.434429186360685e+03 5.926853275438474e-18 4.935661589098421e-02
1 117 1.446739256735968e+03 6.449540709706379e-18 4.936263059115285e-02
0 57 1.456440089460971e+03 9.557157310630652e-18 3.889784176575132e-02
1 118 1.459049132659331e+03 5.983415344359003e-18 4.936478527357580e-02
