0 0 4.845614003375669e+00 9.230179700510422e-18 4.182476522763402e-02
1 0 6.204528124067528e+00 1.475655290550587e-17 3.315988836196496e-02
0 1 2.744192799298239e+01 9.244399723202649e-18 4.182343627669494e-02
0 2 5.003821860522217e+01 9.423996121168609e-18 4.182258558405412e-02
1 1 5.155250077227262e+01 1.486976649473439e-17 3.316024181829684e-02
0 3 7.263453926917262e+01 9.373460590832916e-18 4.182121230748095e-02
0 4 9.523083679872154e+01 9.269080023994573e-18 4.182018847357911e-02
1 2 9.690046992579897e+01 1.489107911951404e-17 3.316062598385030e-02
0 5 1.178271631839951e+02 9.705326975540937e-18 4.181877683696968e-02
0 6 1.404234676819770e+02 9.239877945943443e-18 4.181757774519729e-02
1 3 1.422484375661458e+02 1.521438278009211e-17 3.316103960758773e-02
0 7 1.630197987893741e+02 9.212657552571304e-18 4.181613456660212e-02
0 8 1.856161099505822e+02 9.242922804366640e-18 4.181476171558005e-02
1 4 1.875964056859987e+02 1.541604035943241e-17 3.316148150413795e-02
0 9 2.082124451193289e+02 2.073678785689854e-16 4.181329057915905e-02
0 10 2.308087629782554e+02 1.878412021707225e-16 4.181174423611155e-02
1 5 2.329443762842801e+02 2.270786622712064e-17 3.316195052697778e-02
0 11 2.534051012129223e+02 9.332330148560598e-18 4.181024999516482e-02
0 12 2.760014258351170e+02 9.295272019470709e-18 4.180853017162461e-02
1 6 2.782923513614394e+02 5.687293155397759e-17 3.316244554617750e-02
0 13 2.985977660702098e+02 9.241273043456630e-18 4.180701858055606e-02
0 14 3.211940972341961e+02 9.702932085707501e-18 4.180512886545691e-02
1 7 3.236403329149477e+02 1.453056402212768e-16 3.316296543119039e-02
0 15 3.437904386568597e+02 9.272226385907208e-18 4.180360269292589e-02
0 16 3.663867763151082e+02 9.377759747705529e-18 4.180154619496246e-02
1 8 3.689883229349539e+02 3.292703893640830e-16 3.316350903831430e-02
0 17 3.889831179796508e+02 9.454313065924037e-18 4.180000847206004e-02
0 18 4.115794621899274e+02 9.366249748624825e-18 4.179778712411787e-02
1 9 4.143363234000740e+02 6.868103905721115e-16 3.316407520210109e-02
0 19 4.341758030047839e+02 9.356629187785366e-18 4.179624268731021e-02
0 20 4.567721536221345e+02 9.226506764073482e-18 4.179386113092588e-02
1 10 4.596843362732781e+02 1.324103089852639e-15 3.316466272993490e-02
0 21 4.793684926537585e+02 9.511422941314719e-18 4.179231275043446e-02
0 22 5.019648495249684e+02 1.532982839464584e-16 4.178977700409702e-02
1 11 5.050323634978629e+02 2.382595450536279e-15 3.316527039906445e-02
0 23 5.245611859114332e+02 9.884189061723055e-16 4.178822581503366e-02
0 24 5.471575490726850e+02 9.380187643403548e-18 4.178553942811371e-02
1 12 5.503804069934896e+02 1.467153878384063e-17 3.316589695549739e-02
0 25 5.697538817285383e+02 9.696351229930608e-18 4.178398955089099e-02
0 26 5.923502510985534e+02 9.348134111493916e-18 4.178115761157482e-02
1 13 5.957284686522995e+02 1.467187690567476e-17 3.316654111428331e-02
0 27 6.149465790182956e+02 9.252832817763800e-18 4.177961216349386e-02
0 28 6.375429543238529e+02 9.383099869236240e-18 4.177664330842442e-02
1 14 6.410765503350668e+02 1.466932391687436e-17 3.316720156082448e-02
0 29 6.601392767429205e+02 9.221667661802346e-18 4.177510181728870e-02
0 30 6.827356579931661e+02 9.976678146880397e-18 4.177200090300093e-02
1 15 6.864246538674181e+02 1.467217924698881e-17 3.316787695293644e-02
0 31 7.053319738642182e+02 9.338612751191069e-18 4.177046691034605e-02
0 32 7.279283610030124e+02 9.233331448344225e-18 4.176723947640051e-02
1 16 7.317727810361093e+02 1.466420987868051e-17 3.316856592345381e-02
0 33 7.505246693092552e+02 9.885849961796142e-18 4.176571631050715e-02
0 34 7.731210619833098e+02 9.253182988314664e-18 4.176237257130744e-02
1 17 7.771209335853609e+02 1.467286087445393e-17 3.316926708322621e-02
0 35 7.957173620305822e+02 5.243734342622507e-17 4.176085902873895e-02
0 36 8.183137601991367e+02 3.147158545791746e-15 4.175740514306008e-02
1 18 8.224691132132577e+02 1.468809686401975e-17 3.316997902438767e-02
0 37 8.409100510225286e+02 9.651044590843074e-18 4.175590405521287e-02
0 38 8.635064545823207e+02 9.226664531460495e-18 4.175234663933559e-02
1 19 8.678173215682186e+02 1.467746662882991e-17 3.317070032381316e-02
0 39 8.861027352474200e+02 9.272888978048896e-18 4.175086077840424e-02
0 40 9.086991438780979e+02 9.259360545841971e-18 4.174720966830597e-02
1 20 9.131655602455400e+02 1.466831374965361e-17 3.317142954669236e-02
0 41 9.312954136611521e+02 9.488813802840279e-15 4.174573887516692e-02
0 42 9.538918272194388e+02 9.565449255245972e-18 4.174200198385910e-02
1 21 9.585138307840222e+02 1.465927902443504e-17 3.317216525017221e-02
0 43 9.764880853110327e+02 9.279563486294304e-18 4.174054778276966e-02
0 44 9.990845036437198e+02 9.363055011673349e-18 4.173673254180732e-02
1 22 1.003862134662683e+03 1.465007101827164e-17 3.317290598702279e-02
0 45 1.021680749214678e+03 9.230414629610207e-18 4.173529726192515e-02
0 46 1.044277172015714e+03 9.663898665867647e-18 4.173141312632144e-02
1 23 1.049210473284880e+03 1.467566283653506e-17 3.317365023551454e-02
0 47 1.066873404345019e+03 9.901693672072967e-18 4.172999745865508e-02
0 48 1.089469831385946e+03 1.666825467514120e-17 4.172605360571531e-02
1 24 1.094558848009683e+03 1.470892083256500e-17 3.317439662853581e-02
0 49 1.112066049820598e+03 7.661941008678265e-15 4.172465810951172e-02
0 50 1.134662480898375e+03 9.265039115440449e-18 4.172066254678124e-02
1 25 1.139907260120997e+03 1.466102555640269e-17 3.317514374547000e-02
0 51 1.157258684718337e+03 9.271666473110235e-18 4.171928924026865e-02
0 52 1.179855119539575e+03 9.287176791101093e-18 4.171525102472300e-02
1 26 1.185255710828075e+03 1.465301917407013e-17 3.317589015706353e-02
0 53 1.202451308086119e+03 9.385304016704405e-18 4.171390111804879e-02
0 54 1.225047746326699e+03 4.983799732944030e-15 4.170983032598238e-02
1 27 1.230604201265533e+03 1.464679163515024e-17 3.317663444742568e-02
0 55 1.247643919085744e+03 3.142211917708472e-17 4.170850376989221e-02
0 56 1.270240360510037e+03 9.237179207646354e-18 4.170440871405399e-02
1 28 1.275952732490759e+03 1.473607797105884e-17 3.317737521728807e-02
0 57 1.292836516883955e+03 1.003906673808260e-17 4.170310726517007e-02
0 58 1.315432961199088e+03 9.299509269866865e-18 4.169899664098573e-02
1 29 1.321301305481446e+03 1.471067822433639e-17 3.317811108713883e-02
0 59 1.338029100620865e+03 9.372949211111795e-18 4.169772183220539e-02
0 60 1.360625547423789e+03 9.535009025057835e-18 4.169360617450253e-02
1 30 1.366649921133291e+03 1.480080024308237e-17 3.317884070022024e-02
0 61 1.383221669511768e+03 9.541191100389804e-18 4.169235758600081e-02
0 62 1.405818118540041e+03 5.285910387458085e-15 4.168824531833488e-02
1 31 1.411998580257838e+03 1.466631473663547e-17 3.317956272537795e-02
0 63 1.428414222828820e+03 9.374251067399221e-18 4.168702448176138e-02
0 64 1.451010673756568e+03 9.241901464870862e-18 4.168292426127623e-02
1 32 1.457347283580490e+03 1.464515122787568e-17 3.318027585975302e-02
