2 0 1.720943268450559e-01 3.828594451171944e-18 5.748293089465373e-02
0 0 3.254786167994328e+00 2.853231166451676e-18 6.825914486637047e-02
1 0 5.085552079686962e+00 5.663236839946852e-18 4.844246326036557e-02
2 1 7.006186416024550e+00 8.741228391349339e-17 5.748282527066564e-02
0 1 7.336203974652095e+00 3.712496841618131e-18 6.826008781639457e-02
0 2 1.141764715537858e+01 3.511720300918718e-18 6.826376750745621e-02
2 2 1.384052880006574e+01 4.672387455144292e-18 5.748311466684776e-02
0 3 1.549911202138338e+01 3.218612623275704e-18 6.826395358231363e-02
1 1 1.650472534066196e+01 1.040872627296846e-16 4.844113445255471e-02
0 4 1.958069657417442e+01 3.530320111805580e-18 6.826061648512428e-02
2 3 2.067450708434541e+01 4.095928367935180e-18 5.748491405044814e-02
0 5 2.366215118596431e+01 2.715105585162274e-18 6.826003160234403e-02
0 6 2.774355149957142e+01 3.030889332358843e-18 6.826110759309474e-02
2 4 2.750857889372760e+01 4.181548774692984e-18 5.748201176638872e-02
1 2 2.792423127470190e+01 5.734677016422192e-18 4.844219637833907e-02
0 7 3.182496546191791e+01 3.298718748303225e-18 6.826296684911370e-02
2 5 3.434265491755837e+01 3.828726089915200e-18 5.748048297077701e-02
0 8 3.590643780923554e+01 2.714961781952677e-18 6.826335443185889e-02
1 3 3.934368665715871e+01 5.391019293341202e-18 4.844305732352596e-02
0 9 3.998802781716302e+01 2.802781880351298e-18 6.826146799179249e-02
2 6 4.117659493462719e+01 4.239545037588776e-18 5.748282608228113e-02
0 10 4.406947536702187e+01 2.715082580207018e-18 6.826064010466121e-02
0 11 4.815089282387727e+01 3.112066510060339e-18 6.826064622276776e-02
2 7 4.801091838041998e+01 9.088846876495176e-18 5.748409944700975e-02
1 4 5.076287643517195e+01 5.391445206423192e-18 4.844074051926091e-02
0 12 5.223231396754024e+01 4.378562639821803e-18 6.826217929545174e-02
2 8 5.484507443472528e+01 4.040181166492791e-18 5.748372196145340e-02
0 13 5.631377745005602e+01 3.077503647478681e-18 6.826328277484950e-02
0 14 6.039537959736994e+01 3.571196302874528e-18 6.826170061960853e-02
2 9 6.167897622914811e+01 5.504201623365134e-18 5.748216296777216e-02
1 5 6.218236845183331e+01 5.391095073954184e-18 4.844198129619732e-02
0 15 6.447683536798213e+01 5.281848963030950e-18 6.826082788248870e-02
0 16 6.855824580636123e+01 2.715079586896382e-18 6.826159857995553e-02
2 10 6.851304160248337e+01 4.336689081076328e-18 5.748033004266927e-02
0 17 7.263964475094303e+01 5.031840223576304e-17 6.826180897114008e-02
1 6 7.360181157534291e+01 5.696622176879788e-18 4.844308021005650e-02
2 11 7.534717276753547e+01 6.695159894298408e-17 5.748181435246562e-02
0 18 7.672109828104210e+01 2.746806112115714e-18 6.826218960609642e-02
0 19 8.080271001658257e+01 3.036687584045818e-18 6.826245594860522e-02
2 12 8.218130542193930e+01 4.079491372914739e-18 5.748464450368043e-02
0 20 8.488416358192633e+01 3.150220557238572e-18 6.826199629245666e-02
1 7 8.502102098695691e+01 8.245445983400670e-17 4.844093902442422e-02
0 21 8.896556918069982e+01 1.202311112075411e-17 6.826112253933070e-02
2 13 8.901546496886181e+01 4.551650023666359e-18 5.748367133912608e-02
0 22 9.304699324103157e+01 3.587960380318707e-18 6.826082755585899e-02
2 14 9.584956647470680e+01 4.015680206509817e-18 5.748209172731555e-02
1 8 9.644050884358329e+01 6.245508723222267e-18 4.844260519482427e-02
0 23 9.712845153379138e+01 3.154735076368403e-18 6.826198772139298e-02
0 24 1.012100481073642e+02 3.685287446359920e-18 6.826325095564370e-02
2 15 1.026834371719827e+02 4.461677959251967e-18 5.748044636211713e-02
0 25 1.052915178358051e+02 2.743704043060717e-18 6.826208625516236e-02
1 9 1.078599463160970e+02 6.410908650346558e-18 4.844295750560991e-02
0 26 1.093729344789866e+02 2.990052844297828e-18 6.826090815688295e-02
2 16 1.095175609495217e+02 4.161148252602418e-18 5.748127818831880e-02
0 27 1.134543344153748e+02 2.916121890808617e-18 6.826081071900354e-02
2 17 1.163518685365616e+02 1.194079447659868e-16 5.748554845159230e-02
0 28 1.175357796992105e+02 6.572189019871234e-18 6.826111143914296e-02
1 10 1.192791684917902e+02 5.406652260094479e-18 4.844035396438397e-02
0 29 1.216173730870547e+02 5.798863069665791e-17 6.826315830787565e-02
2 18 1.231858445003154e+02 4.694621189067732e-18 5.748372987631079e-02
0 30 1.256988418133862e+02 9.138123199604680e-18 6.826322459145828e-02
0 31 1.297802586685163e+02 3.617056038605448e-18 6.826082237976425e-02
2 19 1.300199776330097e+02 3.828702028290508e-18 5.748159964328708e-02
1 11 1.306986385487583e+02 5.512493994159894e-18 4.844275232090077e-02
0 32 1.338616719673590e+02 2.715122849080760e-18 6.825960897581611e-02
2 20 1.368540207797432e+02 4.620861766909899e-18 5.748184419523727e-02
0 33 1.379431345561263e+02 3.476192511761332e-18 6.826084411215119e-02
0 34 1.420247138730070e+02 2.756275874325148e-18 6.826429006837346e-02
1 12 1.421180726616849e+02 5.613792899272408e-18 4.844341383854885e-02
2 21 1.436879564434514e+02 5.047996391576161e-18 5.748031545904745e-02
0 35 1.461061783128786e+02 3.734355058721715e-18 6.826353282967570e-02
0 36 1.501876289321028e+02 3.426501440218761e-18 6.826015006703351e-02
2 22 1.505222502458809e+02 5.166618837624206e-18 5.748543054362666e-02
1 13 1.535373218437013e+02 5.908961033802313e-18 4.844063596410134e-02
0 37 1.542690349074415e+02 6.370513567674965e-18 6.825955403035809e-02
2 23 1.573563845387459e+02 3.828382519060922e-18 5.748605326562130e-02
0 38 1.583504667154718e+02 2.339641543691488e-17 6.826061534968629e-02
0 39 1.624320381725899e+02 3.052918808629839e-18 6.826399930130082e-02
2 24 1.641903777535398e+02 3.143186848311073e-17 5.747990683711554e-02
1 14 1.649567772475868e+02 7.005871063565775e-18 4.844263895446409e-02
0 40 1.665135055667561e+02 3.799670954261974e-18 6.826384311756847e-02
0 41 1.705949520541031e+02 2.856122124138322e-18 6.826039681248668e-02
2 25 1.710244410910452e+02 4.095435803627862e-18 5.748151139924677e-02
0 42 1.746763701124503e+02 4.405579431752995e-18 6.825881323147516e-02
1 15 1.763761989682856e+02 5.775901030357668e-18 4.844306372525260e-02
2 26 1.778585066067045e+02 4.320499698540518e-18 5.748291737640138e-02
0 43 1.787578138094020e+02 2.723469421389496e-18 6.825971428960720e-02
0 44 1.828393733404853e+02 3.014699894231562e-18 6.826483706668530e-02
2 27 1.846926536414138e+02 2.333106455729359e-16 5.748330975604654e-02
0 45 1.869208416523416e+02 3.082956314040739e-18 6.826445128109451e-02
1 16 1.877954674901806e+02 5.835875596332162e-18 4.844048771012695e-02
0 46 1.910023140464833e+02 3.567600382295535e-18 6.825961039750952e-02
2 28 1.915267737428979e+02 3.828397853660846e-18 5.748608173777474e-02
0 47 1.950837418872777e+02 3.087089716002918e-18 6.825878633322360e-02
2 29 1.983608927713453e+02 3.828615288788308e-18 5.748288862936836e-02
0 48 1.991651662347242e+02 3.123410475042218e-18 6.826012862965249e-02
1 17 1.992149071638074e+02 5.407015793946150e-18 4.844318926635997e-02
0 49 2.032466878284746e+02 4.662226650108920e-18 6.826474933694990e-02
2 30 2.051948725040113e+02 3.841546260469932e-18 5.747859919390683e-02
0 50 2.073281662324785e+02 2.846972093644709e-18 6.826442367726962e-02
1 18 2.106343303754112e+02 5.858377249610966e-18 4.844348412989046e-02
0 51 2.114096507920528e+02 2.715115160672630e-18 6.825987155053989e-02
2 31 2.120289248558838e+02 4.544198921997812e-18 5.748274206618941e-02
0 52 2.154910705264543e+02 2.812418449821823e-18 6.825886466279117e-02
2 32 2.188631443097426e+02 4.232647963304092e-18 5.748667424037907e-02
0 53 2.195725071947256e+02 3.364669916572278e-18 6.825939305846138e-02
1 19 2.220536242617466e+02 5.391227733310163e-18 4.844010582988448e-02
0 54 2.236540232114060e+02 2.714920431669083e-18 6.826452939598651e-02
2 33 2.256972179962565e+02 7.451773249539781e-17 5.748307822958665e-02
0 55 2.277354976528940e+02 4.405422862046258e-18 6.826505949554448e-02
0 56 2.318170114637543e+02 3.566118641732996e-18 6.825954359470510e-02
2 34 2.325313038625855e+02 5.411790995897539e-18 5.748277825391713e-02
1 20 2.334730354128248e+02 5.755602930579606e-18 4.844289990095590e-02
0 57 2.358984411155930e+02 3.400783010671077e-18 6.825832184946656e-02
2 35 2.393653444639908e+02 4.806646061594624e-18 5.748181407522152e-02
0 58 2.399798696836447e+02 3.403398444139567e-18 6.826001400091708e-02
0 59 2.440613475466065e+02 2.773305243038810e-18 6.826476558959790e-02
1 21 2.448924534903108e+02 5.525865549863108e-18 4.844346845033031e-02
2 36 2.461993947469659e+02 1.362372177175980e-17 5.747932735536571e-02
0 60 2.481428121540658e+02 7.451108826126615e-18 6.826453417382468e-02
0 61 2.522243507550048e+02 2.715107365415893e-18 6.825983125011016e-02
2 37 2.530335429556214e+02 4.605354978343862e-18 5.748672658941941e-02
0 62 2.563057788471530e+02 4.405575461462560e-18 6.825906843443792e-02
1 22 2.563117737523451e+02 5.568593626275453e-18 4.844045419136059e-02
2 38 2.598676627978554e+02 4.144749943863986e-18 5.748628000808358e-02
0 63 2.603871935168062e+02 2.823460522645370e-18 6.825986135509972e-02
0 64 2.644686791125579e+02 2.266976673067817e-17 6.826411308420087e-02
2 39 2.667018133648214e+02 6.618657080435815e-18 5.747945062108940e-02
1 23 2.677311691049442e+02 5.651921883909062e-18 4.844334889016574e-02
0 65 2.685501532911265e+02 3.247594760444973e-18 6.826468516672488e-02
0 66 2.726317019977782e+02 2.928890466421416e-18 6.826035244664026e-02
2 40 2.735357626246832e+02 5.270322565491093e-18 5.748181128823942e-02
0 67 2.767131465606100e+02 3.003173733782154e-18 6.825874883252830e-02
1 24 2.791505858148296e+02 5.462999787586610e-18 4.844312546143520e-02
2 41 2.803698198400712e+02 4.738534066898384e-18 5.748203145131981e-02
0 68 2.807945642329970e+02 2.762793362708917e-18 6.825988209996964e-02
0 69 2.848760095701903e+02 3.756617962541706e-18 6.826438082868361e-02
2 42 2.872040415731964e+02 4.100105822228068e-18 5.748363943548083e-02
0 70 2.889574721182709e+02 3.339799407290423e-18 6.826417602139960e-02
1 25 2.905699231389513e+02 5.501327923689216e-18 4.844002472658424e-02
0 71 2.930390385122151e+02 3.052098799948503e-18 6.826008126994747e-02
2 43 2.940380563148226e+02 6.570307502372615e-18 5.748644142831227e-02
0 72 2.971204855501480e+02 3.154398673607432e-17 6.825967156693817e-02
2 44 3.008722377084543e+02 3.909138604208744e-18 5.748163229896951e-02
0 73 3.012018890400630e+02 8.650759132741747e-17 6.826053412620554e-02
1 26 3.019892930552123e+02 6.256837593293878e-18 4.844343648852655e-02
0 74 3.052833278435921e+02 3.049769512030611e-18 6.826329660936618e-02
2 45 3.077063205309679e+02 4.141129023478933e-18 5.747911656507029e-02
0 75 3.093648110215693e+02 3.198987135436840e-18 6.826394544131319e-02
0 76 3.134463928373184e+02 3.634187951246731e-18 6.826117202657804e-02
1 27 3.134087112638134e+02 6.870580670044415e-18 4.844349659854299e-02
2 46 3.145402337956863e+02 4.203297271331156e-18 5.748219177245036e-02
0 77 3.175278373852930e+02 2.783847371168946e-18 6.825996251864676e-02
2 47 3.213744202325329e+02 4.151487916974683e-18 5.748514386165516e-02
0 78 3.216092605849233e+02 3.727705813512165e-18 6.826057377378039e-02
1 28 3.248280799649049e+02 6.988427745933546e-18 4.844034595777178e-02
0 79 3.256906784629009e+02 3.053734003278945e-18 6.826307923792267e-02
2 48 3.282085941093583e+02 3.905468559565327e-18 5.748430753077435e-02
0 80 3.297721327728220e+02 3.240465546794917e-18 6.826377579434725e-02
0 81 3.338537285214660e+02 3.887928383472487e-18 6.826101614673243e-02
2 49 3.350426414555159e+02 4.429918944851283e-18 5.748188809856480e-02
1 29 3.362474251113136e+02 5.716927771279862e-18 4.844312248965638e-02
0 82 3.379351786735650e+02 4.996740363150523e-18 6.826027256459138e-02
0 83 3.420165821899816e+02 3.037422065510532e-18 6.826138176561318e-02
2 50 3.418767280375698e+02 5.308041640258330e-18 5.747992184086925e-02
0 84 3.460979981701514e+02 2.839684719150451e-18 6.826220267010884e-02
1 30 3.476668366888711e+02 5.566956168015564e-18 4.844304708913234e-02
2 51 3.487108189267722e+02 3.902520880990602e-18 5.748070843367895e-02
0 85 3.501794651234420e+02 9.011121981046425e-17 6.826267119953058e-02
0 86 3.542610754895618e+02 2.789297909304749e-18 6.826213611764542e-02
2 52 3.555448124717270e+02 4.385518927523683e-18 5.748541928428447e-02
0 87 3.583425281497871e+02 5.543810971464305e-18 6.826126272401745e-02
1 31 3.590862272393041e+02 5.392311163971402e-18 4.844041970334516e-02
0 88 3.624239380096080e+02 3.565443574036567e-18 6.826101874920464e-02
2 53 3.623789657073013e+02 2.236335523559714e-17 5.748439824681958e-02
0 89 3.665053568241468e+02 3.199148449447466e-18 6.826168090644634e-02
2 54 3.692132196885796e+02 5.214969543091819e-18 5.748117647556404e-02
0 90 3.705868080374887e+02 4.901241368988620e-18 6.826270869855558e-02
1 32 3.705055497224504e+02 5.530110559921649e-18 4.844357291467884e-02
0 91 3.746684020747989e+02 3.001745899599908e-18 6.826249683337185e-02
2 55 3.760471259356534e+02 4.653601154589227e-18 5.748031488592044e-02
0 92 3.787498674420812e+02 3.681910894742702e-18 6.826150401554042e-02
1 33 3.819249708896684e+02 5.590162719489711e-18 4.844323249297428e-02
0 93 3.828312717086631e+02 2.967051232311883e-18 6.826136126170124e-02
2 56 3.828812198749558e+02 1.309562596168228e-16 5.748043043420861e-02
0 94 3.869126746006154e+02 3.551911658020648e-18 6.826137776303325e-02
2 57 3.897153908212807e+02 6.007437154895241e-18 5.748533698493593e-02
0 95 3.909941364521468e+02 2.747275092732139e-18 6.826157185356023e-02
1 34 3.933443820182832e+02 5.504336650987361e-18 4.844008769946632e-02
0 96 3.950757425253673e+02 3.354421707199782e-18 6.826277441070649e-02
2 58 3.965493518622428e+02 5.166625099060634e-18 5.748465025295199e-02
0 97 3.991572089084544e+02 3.678430125148336e-18 6.826271801484979e-02
0 98 4.032386264900651e+02 3.962979739577348e-18 6.826082496029356e-02
2 59 4.033836167146326e+02 3.828716060238903e-18 5.748091645640422e-02
1 35 4.047636737800649e+02 7.493059961365708e-18 4.844318561088401e-02
0 99 4.073200345645803e+02 2.715101575731384e-18 6.826008965510488e-02
2 60 4.102177080564131e+02 3.828699132737123e-18 5.748122115426078e-02
0 100 4.114014915791678e+02 3.076335150555504e-18 6.826150338256111e-02
0 101 4.154830753746333e+02 5.494596991773908e-18 6.826371423512624e-02
1 36 4.161830960320294e+02 5.736573098174129e-18 4.844318151086637e-02
2 61 4.170516071062040e+02 3.828735301100319e-18 5.748041432732122e-02
0 102 4.195645336924491e+02 2.763408105141469e-18 6.826281740336783e-02
0 103 4.236459640491651e+02 4.405544062181607e-18 6.826076943008984e-02
2 62 4.238857792118087e+02 9.370944999260115e-17 5.748493993487289e-02
0 104 4.277273685919984e+02 2.838422611892411e-18 6.826022832142367e-02
1 37 4.276025306944187e+02 5.670126645879762e-18 4.844059213877873e-02
2 63 4.307199178039825e+02 4.064225752620103e-18 5.748607894058819e-02
0 105 4.318088092897931e+02 3.042468535667003e-18 6.826090779256541e-02
0 106 4.358904059140590e+02 4.086536123732791e-18 6.826366758232474e-02
2 64 4.375540220065062e+02 4.096522374232331e-18 5.748017674035297e-02
1 38 4.390218063474681e+02 5.394460548316654e-18 4.844340460257188e-02
0 107 4.399718774204312e+02 6.715322389595040e-18 6.826357190825108e-02
0 108 4.440533131787691e+02 4.579327796509096e-18 6.826065406670327e-02
2 65 4.443881196063682e+02 6.155964983964262e-17 5.748111839911945e-02
0 109 4.481347310265949e+02 3.838643728267770e-18 6.825905157938071e-02
1 39 4.504412300148859e+02 5.603356345052313e-18 4.844262309300156e-02
2 66 4.512221636520101e+02 4.052141761106655e-18 5.748273285058109e-02
0 110 4.522161769392150e+02 2.715092293376976e-18 6.826013488816311e-02
0 111 4.562977408595834e+02 2.715044835061787e-18 6.826472444899087e-02
2 67 4.580561591821541e+02 4.238501801692967e-18 5.748320544384072e-02
0 112 4.603792021653040e+02 2.714945467779121e-18 6.826391917590564e-02
1 40 4.618606780904565e+02 5.694681904629799e-18 4.844033728990375e-02
0 113 4.644606508233497e+02 3.024981071311458e-18 6.825976100267606e-02
2 68 4.648903090731615e+02 1.091784153972270e-17 5.748582832647762e-02
0 114 4.685420713923572e+02 3.611977851638171e-18 6.825926520702449e-02
2 69 4.717245718963496e+02 4.411990885695222e-18 5.748296289827377e-02
0 115 4.726235008151359e+02 5.494804106245009e-17 6.826026389337549e-02
1 41 4.732799284229649e+02 7.632853493734544e-17 4.844342820426528e-02
0 116 4.767050525794896e+02 3.113914855139218e-18 6.826436374121778e-02
2 70 4.785585480478962e+02 3.904530967943185e-18 5.747898815685080e-02
0 117 4.807865392623259e+02 4.682799847308265e-18 6.826430196267691e-02
0 118 4.848680089843550e+02 2.908969649460514e-18 6.826012093686616e-02
1 42 4.846993611856280e+02 5.663308098562423e-18 4.844288906680077e-02
2 71 4.853925794527350e+02 5.265558009475883e-18 5.748273279684121e-02
0 119 4.889494252216945e+02 4.412716161482636e-18 6.825881505084384e-02
2 72 4.922266621232167e+02 2.893111270660839e-17 5.748614999167685e-02
0 120 4.930308715885474e+02 2.810468035583074e-18 6.825952360516935e-02
1 43 4.961188328707836e+02 5.657829856701202e-18 4.844067428273897e-02
0 121 4.971123990275430e+02 4.405427226762757e-18 6.826482090739074e-02
2 73 4.990607188725843e+02 4.157054096803946e-18 5.748291765538757e-02
0 122 5.011938608779630e+02 2.714904335694625e-18 6.826495040084883e-02
0 123 5.052753513977923e+02 4.159173968066576e-18 6.825944905729453e-02
2 74 5.058949793617055e+02 4.555307065451315e-18 5.748305135383547e-02
1 44 5.075380591656648e+02 5.507966535946779e-18 4.844290513392856e-02
0 124 5.093567741813546e+02 5.176997652192651e-18 6.825842209134726e-02
2 75 5.127290553839824e+02 4.203309134178311e-18 5.748239450101320e-02
0 125 5.134381987800892e+02 2.824794350627612e-18 6.826008905310280e-02
0 126 5.175197080915250e+02 3.780229878708798e-18 6.826461131464762e-02
1 45 5.189574928198110e+02 5.395291647823561e-18 4.844237029402444e-02
2 76 5.195630407456155e+02 4.116648307139225e-18 5.747970937352775e-02
0 127 5.216011840102119e+02 3.306893405771857e-18 6.826441015228772e-02
0 128 5.256827057361605e+02 5.969504688569666e-18 6.825992626888890e-02
2 77 5.263970684859836e+02 4.609263724768485e-18 5.748593011457545e-02
0 129 5.297641324782375e+02 2.926811651095650e-18 6.825881884749788e-02
1 46 5.303769758253749e+02 5.448083142690432e-18 4.844094139299804e-02
2 78 5.332311757146216e+02 7.141752274943484e-18 5.748608594262102e-02
0 130 5.338455582856570e+02 4.595882235725114e-18 6.825955445913734e-02
0 131 5.379270571397474e+02 2.714918005948771e-18 6.826458147477332e-02
2 79 5.400654480919846e+02 4.758049453883097e-18 5.747992482429411e-02
1 47 5.417961870193232e+02 5.574422594077958e-18 4.844325105676618e-02
0 132 5.420085212429989e+02 4.408184110082346e-18 6.826504791147960e-02
0 133 5.460900440032846e+02 5.251803038603794e-18 6.825995682151682e-02
2 80 5.468994644621024e+02 4.202683306649015e-18 5.748260702076487e-02
0 134 5.501714831020570e+02 2.992258649988322e-18 6.825852813652315e-02
1 48 5.532156340791785e+02 5.663324265101371e-18 4.844232122016066e-02
2 81 5.537334959819599e+02 4.619903289029923e-18 5.748295107536226e-02
0 135 5.542528982179786e+02 3.381580305374023e-18 6.825994534033351e-02
0 136 5.583343630943433e+02 2.803410741676146e-18 6.826468595314594e-02
2 82 5.605675619276774e+02 8.552499226980123e-18 5.748238920500071e-02
0 137 5.624158388091407e+02 3.578461294809522e-18 6.826430364399055e-02
1 49 5.646351257416882e+02 5.560109350359083e-18 4.844064956127056e-02
0 138 5.664973939266101e+02 2.832165647669392e-18 6.825981800301026e-02
2 83 5.674015823830135e+02 4.171403057821552e-18 5.748597602032572e-02
0 139 5.705788372735091e+02 3.662900182175686e-18 6.825939109168125e-02
2 84 5.742358763348063e+02 4.053486676639543e-18 5.748287246000577e-02
0 140 5.746602542662744e+02 3.139038606891783e-18 6.825998986435042e-02
1 50 5.760543136993832e+02 5.681580980865750e-18 4.844279182990335e-02
0 141 5.787417060500710e+02 1.162331251877891e-17 6.826367381888605e-02
2 85 5.810699844578776e+02 9.599143393896837e-17 5.747977731377666e-02
0 142 5.828231825273012e+02 2.714919171227174e-18 6.826450911585184e-02
0 143 5.869047433358909e+02 3.067002270462432e-18 6.826065743299017e-02
1 51 5.874737670896990e+02 5.391131251466974e-18 4.844227476328312e-02
2 86 5.879038980282807e+02 4.215431663862961e-18 5.748322017861839e-02
0 144 5.909861782951215e+02 3.697530462509963e-18 6.825930636105565e-02
2 87 5.947379653704077e+02 3.828512649249668e-18 5.748431997486516e-02
0 145 5.950675966447176e+02 2.756049229179707e-18 6.826033285589855e-02
1 52 5.988932711264717e+02 5.391184497523698e-18 4.844129480922768e-02
0 146 5.991490277494408e+02 3.500636533534489e-18 6.826386316297857e-02
2 88 6.015721174066916e+02 2.267378210572509e-16 5.748304052533981e-02
0 147 6.032304882195435e+02 2.904192768837675e-18 6.826410650953815e-02
0 148 6.073120824562864e+02 2.715075314196708e-18 6.826055100756692e-02
2 89 6.084062914435865e+02 3.828551119692268e-18 5.748327603534577e-02
1 53 6.103124502755039e+02 5.603406347112781e-18 4.844277864059474e-02
0 149 6.113935350593727e+02 4.111163244587671e-18 6.825992102486741e-02
2 90 6.152403886566333e+02 4.525197402341437e-18 5.748152366013462e-02
0 150 6.154749437605071e+02 2.736189984722603e-17 6.826106284510186e-02
0 151 6.195563720211659e+02 3.056321875913507e-18 6.826263487437159e-02
1 54 6.217319092402405e+02 5.929064711976447e-18 4.844155433964670e-02
2 91 6.220744552144447e+02 3.842824226169164e-18 5.748125816027901e-02
0 152 6.236378400966701e+02 3.260151727108187e-18 6.826320868731529e-02
0 153 6.277194343653051e+02 2.715027372018579e-18 6.826174237428972e-02
2 92 6.289083525367008e+02 4.545111240158608e-18 5.748433129093602e-02
0 154 6.318008774282825e+02 2.717910859685403e-18 6.826044089980793e-02
1 55 6.331514118789307e+02 6.436667050668100e-18 4.844116121320758e-02
2 93 6.357424967740556e+02 4.090460859166116e-18 5.748358560143842e-02
0 155 6.358822816837410e+02 5.746289648593478e-18 6.826081417759178e-02
0 156 6.399637019611675e+02 3.392943344001080e-18 6.826260169476549e-02
2 94 6.425768650439894e+02 1.338662349948680e-16 5.748194550623309e-02
0 157 6.440451548986830e+02 3.605089546226496e-18 6.826326781342329e-02
1 56 6.445705778717372e+02 5.748813646160611e-18 4.844278077540044e-02
0 158 6.481267530460236e+02 1.027452550979576e-17 6.826170406525588e-02
2 95 6.494107993520433e+02 6.871328744064113e-18 5.748214772924001e-02
0 159 6.522082247299035e+02 2.822266393864569e-18 6.826098059644287e-02
0 160 6.562896325527980e+02 4.405533621970444e-18 6.826142654565330e-02
1 57 6.559900506645542e+02 5.391171913139990e-18 4.844180845477868e-02
2 96 6.562448513042298e+02 5.166826625831402e-18 5.748154124654494e-02
0 161 6.603710392487615e+02 2.837960441953649e-18 6.826178007763174e-02
2 97 6.630789256358963e+02 1.162967665013819e-17 5.748337867350421e-02
0 162 6.644525111676335e+02 3.615001086328707e-18 6.826209604350114e-02
1 58 6.674095604975757e+02 5.582556986117529e-18 4.844144744200367e-02
0 163 6.685341141206202e+02 2.761288020059735e-18 6.826250946930874e-02
2 98 6.699128763945382e+02 5.916441161041135e-18 5.748375442386799e-02
0 164 6.726155641122526e+02 3.713825877049495e-18 6.826212449663303e-02
0 165 6.766969729427105e+02 3.506100125909289e-18 6.826102713114046e-02
2 99 6.767472489123962e+02 4.115011272871156e-18 5.748187987039388e-02
1 59 6.788287140572080e+02 5.483043370070663e-18 4.844212257271955e-02
0 166 6.807783784566070e+02 4.487740444375039e-18 6.826086039318340e-02
2 100 6.835813844994873e+02 9.313487863533812e-18 5.748237581601590e-02
0 167 6.848598310962093e+02 9.183423684693244e-18 6.826225179993409e-02
0 168 6.889414279293698e+02 2.825489476361825e-18 6.826288619727403e-02
1 60 6.902481892770452e+02 5.686142320412126e-18 4.844132169628920e-02
2 101 6.904152503677594e+02 5.166796851774756e-18 5.748191814146665e-02
0 169 6.930228940924083e+02 3.666611145381698e-18 6.826202978255104e-02
0 170 6.971043210164543e+02 2.953029121918584e-18 6.826114836953512e-02
2 102 6.972493230405055e+02 4.657925816563035e-18 5.748272265837980e-02
0 171 7.011857259057084e+02 3.546930441103985e-18 6.826065440176907e-02
1 61 7.016676978495602e+02 5.558646658836122e-18 4.844184610473933e-02
2 103 7.040834495975349e+02 5.166647968767915e-18 5.748439269063464e-02
0 172 7.052671783236954e+02 2.928509320026844e-18 6.826113971761731e-02
0 173 7.093487842980492e+02 2.714958046547279e-18 6.826347213269633e-02
2 104 7.109176301129578e+02 5.363921819643688e-18 5.748204216357378e-02
0 174 7.134302436239686e+02 2.827567661765400e-18 6.826331391886595e-02
1 62 7.130868490727598e+02 6.985831653144058e-18 4.844241334411293e-02
0 175 7.175116590728293e+02 2.715091045223657e-18 6.826089255321335e-02
2 105 7.177517757644212e+02 4.056062538566363e-18 5.748235177155082e-02
0 176 7.215930733933519e+02 5.268898504353059e-18 6.825963280659227e-02
1 63 7.245063398926458e+02 5.575848460756504e-18 4.844123947440596e-02
2 106 7.245858211043501e+02 4.061977652970187e-18 5.748347212937560e-02
0 177 7.256745156819065e+02 3.096450160656343e-18 6.826083845190659e-02
0 178 7.297560927510407e+02 4.405440076379261e-18 6.826426168301729e-02
2 107 7.314197156839330e+02 7.321112979405880e-18 5.748165341099434e-02
0 179 7.338375634931454e+02 2.747963368907289e-18 6.826321907250163e-02
1 64 7.359258390911377e+02 5.448322869549304e-18 4.844156990091648e-02
0 180 7.379190031126540e+02 1.075664557183507e-17 6.826012747321575e-02
2 108 7.382538543363785e+02 4.011544582536562e-18 5.748392169015153e-02
0 181 7.420004222684779e+02 2.873501966935358e-18 6.825971193002942e-02
2 109 7.450881861105112e+02 4.105559768281224e-18 5.748453307815532e-02
0 182 7.460818656825281e+02 5.986543022317106e-18 6.826031824542696e-02
1 65 7.473449815964877e+02 5.486585008862575e-18 4.844193826550088e-02
0 183 7.501634352354617e+02 3.731426272124668e-18 6.826406068731874e-02
2 110 7.519221719217680e+02 4.428779225169869e-18 5.748108703295055e-02
0 184 7.542449129465172e+02 4.279827912096843e-18 6.826420354832677e-02
0 185 7.583263578923963e+02 4.174147024950539e-18 6.826037518822811e-02
1 66 7.587644807529930e+02 5.406527375589319e-18 4.844142834110552e-02
2 111 7.587562183554248e+02 8.254579156894418e-18 5.748335010408948e-02
0 186 7.624077651852565e+02 3.465774436214088e-18 6.825892956062203e-02
2 112 7.655902505923161e+02 4.434704346536969e-18 5.748403175569987e-02
0 187 7.664892103222182e+02 5.698303875931146e-18 6.825997736970228e-02
1 67 7.701839771536507e+02 5.663027618708859e-18 4.844225305123692e-02
0 188 7.705707557585844e+02 2.714909302915757e-18 6.826485436893763e-02
2 113 7.724242628232219e+02 4.603432197446115e-18 5.748140947551677e-02
0 189 7.746522188985451e+02 5.197854440859964e-18 6.826451250082027e-02
0 190 7.787336977982745e+02 2.981356583977588e-18 6.825952080076222e-02
2 114 7.792585972700216e+02 4.854234449275068e-17 5.748468084290553e-02
1 68 7.816031263556154e+02 6.737070084824386e-18 4.844176375833784e-02
0 191 7.828151224254310e+02 5.368554196025386e-18 6.825872596196826e-02
2 115 7.860926926098471e+02 4.466007162894353e-18 5.748449096206698e-02
0 192 7.868965558176455e+02 7.470721044556343e-17 6.826015017209316e-02
0 193 7.909780905414818e+02 5.703176113961388e-17 6.826446223171627e-02
2 116 7.929266489462077e+02 4.572099559232063e-18 5.748053920521995e-02
1 69 7.930226263912950e+02 2.244687100590588e-17 4.844100994636742e-02
0 194 7.950595659803776e+02 4.289848765995376e-18 6.826435788550757e-02
0 195 7.991410597580108e+02 2.899613147297993e-18 6.826007618032727e-02
2 117 7.997606509396018e+02 7.663236319870870e-17 5.748370374354129e-02
0 196 8.032224747808615e+02 5.212371045749401e-18 6.825863126237462e-02
1 70 8.044421093097139e+02 5.583686651322247e-18 4.844219713411241e-02
2 118 8.065947500309699e+02 4.088515955945194e-18 5.748440907008349e-02
0 197 8.073038988897200e+02 2.715123113474681e-18 6.825942808498862e-02
0 198 8.113854153448005e+02 4.405424937862999e-18 6.826491619483070e-02
2 119 8.134290400811327e+02 3.828615461028785e-18 5.748174005498889e-02
0 199 8.154668774516446e+02 3.301467819446533e-18 6.826504394145343e-02
1 71 8.158612624078314e+02 6.314194054778231e-18 4.844181413932860e-02
0 200 8.195483827049909e+02 4.405557537024240e-18 6.825961516576032e-02
2 120 8.202631075761446e+02 3.870655964055914e-18 5.748476100677332e-02
0 201 8.236298278479748e+02 9.221682724018821e-18 6.825851310985945e-02
1 72 8.272807706086995e+02 5.392650806867957e-18 4.844166288781147e-02
2 121 8.270971280756437e+02 4.281759420364425e-18 5.748376953291943e-02
0 202 8.277112525026606e+02 3.890543752224617e-18 6.825998237885267e-02
0 203 8.317927382385926e+02 3.644266662920499e-18 6.826476000023744e-02
2 122 8.339311279513431e+02 6.385847562619962e-18 5.748013635562697e-02
0 204 8.358742215608104e+02 2.889738099052948e-18 6.826441331924778e-02
1 73 8.387002507131220e+02 5.391040937774564e-18 4.844236688730964e-02
0 205 8.399557562443292e+02 4.405549858133216e-18 6.825984444155306e-02
2 123 8.407651509829172e+02 9.825550331187673e-18 5.748418881637919e-02
0 206 8.440371820804144e+02 2.723512327460360e-18 6.825915243963740e-02
2 124 8.475994759250591e+02 4.325379901735703e-18 5.748506050578087e-02
0 207 8.481186000442456e+02 3.707248457896481e-18 6.825965154730347e-02
1 74 8.501194039441481e+02 5.692191512691332e-18 4.844113076523190e-02
0 208 8.522000675120256e+02 3.080733479715049e-18 6.826413843195071e-02
2 125 8.544335966295034e+02 3.828632293582378e-18 5.748169082767697e-02
0 209 8.562815360642987e+02 3.569131434764071e-18 6.826497388591132e-02
0 210 8.603630792609432e+02 3.163001552651750e-18 6.826005212850386e-02
1 75 8.615389094108961e+02 3.794524680094728e-17 4.844159524178735e-02
2 126 8.612675457214167e+02 1.882096715908873e-17 5.748372020291796e-02
0 211 8.644445201255105e+02 3.125322928223779e-18 6.825874472273902e-02
0 212 8.685259478928125e+02 3.028659528823782e-18 6.826024104826378e-02
2 127 8.681015666054983e+02 4.051742439973172e-18 5.748260871099049e-02
0 213 8.726073968822800e+02 2.714938622543393e-18 6.826424713812702e-02
1 76 8.729583798592442e+02 6.104105941693598e-18 4.844281447572717e-02
2 128 8.749356745893024e+02 4.445402498019826e-18 5.748091128829269e-02
0 214 8.766888668484798e+02 2.714931392555864e-18 6.826420501792632e-02
0 215 8.807704507530113e+02 2.747560012747886e-18 6.826034014805446e-02
2 129 8.817698716670110e+02 1.066248770889643e-17 5.748539348434194e-02
1 77 8.843775484914652e+02 5.860624618943369e-18 4.844141300541807e-02
0 216 8.848518886577262e+02 3.678119952410802e-18 6.825974231547184e-02
0 217 8.889332921174289e+02 3.533317137297747e-18 6.826063345015269e-02
2 130 8.886039946652780e+02 5.618883374545052e-18 5.748412005069126e-02
0 218 8.930147310168963e+02 3.950694390772149e-18 6.826327977406235e-02
2 131 8.954380834913992e+02 3.904530940558797e-18 5.748084325488770e-02
1 78 8.957970569097412e+02 5.525396762210350e-18 4.844178508477745e-02
0 219 8.970961940628345e+02 3.203915465759545e-18 6.826395314366490e-02
0 220 9.011777702731924e+02 2.972471038928619e-18 6.826116774591699e-02
2 132 9.022719789628862e+02 4.018573839229474e-18 5.748253946610080e-02
0 221 9.052592197966015e+02 2.715120438802585e-18 6.825964373195210e-02
1 79 9.072165115673762e+02 5.494843562991575e-18 4.844249164556488e-02
0 222 9.093406315852319e+02 2.723446515595852e-18 6.826041241485691e-02
2 133 9.091060817513932e+02 7.675662391023324e-18 5.748217339738285e-02
0 223 9.134220631949881e+02 1.351807059401008e-16 6.826328129013454e-02
2 134 9.159404271951682e+02 4.077376931260069e-18 5.748349087312057e-02
0 224 9.175035276411681e+02 3.221014333826297e-18 6.826348657514368e-02
1 80 9.186356893316128e+02 5.391168534969249e-18 4.844102402916341e-02
0 225 9.215851247877172e+02 3.649055476986342e-18 6.826112609132759e-02
2 135 9.227743894230399e+02 4.122259393952910e-18 5.748463608054704e-02
0 226 9.256665864347925e+02 3.048746438799704e-18 6.826066216057697e-02
2 136 9.296084688035435e+02 4.501567596450044e-18 5.748141359890550e-02
0 227 9.297479880847102e+02 9.496406756356036e-18 6.826142576385837e-02
1 81 9.300551921370246e+02 5.905927527322990e-18 4.844229297850977e-02
0 228 9.338293938180183e+02 6.365862485023345e-18 6.826231357799713e-02
2 137 9.364425490803246e+02 3.828712073150395e-18 5.748076751810136e-02
0 229 9.379108628275666e+02 2.931416733317059e-18 6.826287821179224e-02
1 82 9.414746447283756e+02 5.519391302667494e-18 4.844311996840107e-02
0 230 9.419924575500082e+02 5.239456589965736e-18 6.826210963999692e-02
2 138 9.432764812155722e+02 4.692320779722750e-18 5.748232209282056e-02
0 231 9.460739050399595e+02 2.736275864590077e-18 6.826127005604958e-02
2 139 9.501108147734083e+02 1.190324065351475e-16 5.748379974074149e-02
0 232 9.501553198080728e+02 3.758255226736703e-18 6.826088271012645e-02
1 83 9.528938416360763e+02 5.780549725011078e-18 4.844076501354661e-02
0 233 9.542367351853119e+02 2.923453317940677e-18 6.826163021956112e-02
2 140 9.569449680867373e+02 6.616585036630562e-18 5.748414957297109e-02
0 234 9.583181950208293e+02 4.405476514008178e-18 6.826277134305668e-02
0 235 9.623998022066334e+02 4.133354080618489e-17 6.826224284616458e-02
2 141 9.637788688025320e+02 4.204095018768418e-18 5.748167225445360e-02
1 84 9.643133295476176e+02 6.240757797731157e-18 4.844204623316050e-02
0 236 9.664812653484364e+02 1.261057883736346e-17 6.826149146170768e-02
0 237 9.705626801985788e+02 3.833653628519432e-18 6.826156499873370e-02
2 142 9.706129380694877e+02 4.619013834878389e-18 5.748027684807822e-02
0 238 9.746440778828910e+02 2.920979381859708e-18 6.826109820123637e-02
1 85 9.757327701661833e+02 5.480199308562986e-18 4.844307554249900e-02
2 143 9.774470584569793e+02 1.137827765979587e-17 5.748213089714754e-02
0 239 9.787255288492701e+02 2.991436615814863e-18 6.826159904211065e-02
0 240 9.828071364174102e+02 2.737847380435102e-18 6.826310673721545e-02
2 144 9.842811918953107e+02 5.159852273434739e-18 5.748422955684759e-02
0 241 9.868885897245268e+02 3.729097925453664e-18 6.826267021418868e-02
1 86 9.871519854969922e+02 5.592365973499860e-18 4.844092527736878e-02
0 242 9.909699979868910e+02 2.832752339794311e-18 6.826100771443423e-02
2 145 9.911153607899557e+02 5.166680916614785e-18 5.748395127496701e-02
0 243 9.950514210219505e+02 3.591452229408695e-18 6.826031021051880e-02
2 146 9.979494590629464e+02 6.563903930189684e-17 5.748233250602226e-02
1 87 9.985714682792091e+02 5.863365078328257e-18 4.844272592583856e-02
0 244 9.991328731842649e+02 1.796064109188704e-17 6.826154799539044e-02
0 245 1.003214463755684e+03 3.154102308161359e-18 6.826373371983115e-02
2 147 1.004783337510120e+03 4.482922546189119e-18 5.747996857274527e-02
0 246 1.007295940461269e+03 4.405481468845177e-18 6.826270191333275e-02
1 88 1.009990905017510e+03 5.927541090011725e-18 4.844305368694142e-02
0 247 1.011377369773384e+03 3.120692702546949e-18 6.826059497489434e-02
2 148 1.011617452787062e+03 4.317965112968048e-18 5.748163021855626e-02
0 248 1.015458772237082e+03 1.299162685440364e-16 6.826023668286593e-02
2 149 1.018451743271017e+03 3.857481882575789e-18 5.748590744502524e-02
0 249 1.019540216498111e+03 2.723393687647462e-18 6.826056796503473e-02
1 89 1.021410134156922e+03 5.391200284465331e-18 4.844031649376240e-02
0 250 1.023621797400376e+03 3.700108498147537e-18 6.826369323688354e-02
2 150 1.025285736125016e+03 5.166686321491131e-18 5.748337857265231e-02
0 251 1.027703264167198e+03 3.445233529854917e-18 6.826387448217165e-02
0 252 1.031784690478305e+03 3.076186932433622e-18 6.826046884672168e-02
2 151 1.032119870067793e+03 4.524265813105892e-18 5.748195388483444e-02
1 90 1.032829598197159e+03 5.926918054669550e-18 4.844275301536202e-02
0 253 1.035866105280865e+03 3.172512179591596e-18 6.825916159690774e-02
2 152 1.038953909396683e+03 3.875241425820771e-18 5.748199363205345e-02
0 254 1.039947560454725e+03 3.004457497730215e-18 6.826051040378475e-02
0 255 1.044029126227486e+03 3.680191782510960e-18 6.826462786056911e-02
1 91 1.044249030107181e+03 5.391002329058652e-18 4.844346708920957e-02
2 153 1.045787861040052e+03 4.304855782233664e-18 5.747995603927784e-02
0 256 1.048110595461898e+03 2.972844331594609e-18 6.826395358999847e-02
0 257 1.052192063826547e+03 3.566798414533294e-18 6.825993115700328e-02
2 154 1.052622131727658e+03 6.072124660881801e-18 5.748585347796639e-02
1 92 1.055668287236298e+03 5.407626045612472e-18 4.844065701285133e-02
0 258 1.056273475637796e+03 3.041021872490641e-18 6.825921842148441e-02
2 155 1.059456256238978e+03 8.416944382560918e-17 5.748626894638825e-02
0 259 1.060354905762938e+03 6.294427721073215e-18 6.826026332142562e-02
0 260 1.064436459646568e+03 2.714924084396871e-18 6.826432548354808e-02
2 156 1.066290278565353e+03 4.647198005375600e-18 5.747960937430019e-02
1 93 1.067087736441300e+03 5.497072977237231e-18 4.844276036332663e-02
0 261 1.068517926480676e+03 3.088455223974058e-18 6.826431478831714e-02
0 262 1.072599388387895e+03 3.571314473220703e-18 6.826023880970256e-02
2 157 1.073124327081193e+03 4.460858802931263e-18 5.748173803323763e-02
0 263 1.076680808374219e+03 3.525060802277231e-18 6.825855871324321e-02
1 94 1.078507157384048e+03 5.599093248126579e-18 4.844306532636041e-02
2 158 1.079958391099595e+03 8.335456312511163e-18 5.748291001849269e-02
0 264 1.080762244051461e+03 3.709094055410570e-18 6.825955861701584e-02
0 265 1.084843783251152e+03 2.989788773362920e-18 6.826501226010405e-02
2 159 1.086792556216490e+03 4.392145466780934e-18 5.748318239333155e-02
0 266 1.088925254028726e+03 4.405433183750297e-18 6.826466604093513e-02
1 95 1.089926433122758e+03 5.559384584273148e-18 4.844042884923216e-02
0 267 1.093006749089228e+03 2.715126692028187e-18 6.825945768008961e-02
2 160 1.093626652404851e+03 4.216512110241104e-18 5.748633086064612e-02
0 268 1.097088184015744e+03 3.642432829132584e-18 6.825872764218897e-02
2 161 1.100460770579952e+03 5.337837478155399e-18 5.748281164516673e-02
0 269 1.101169606835400e+03 2.715106295464556e-18 6.826004393823752e-02
1 96 1.101345865345993e+03 5.930971874120604e-18 4.844323486030952e-02
0 270 1.105251107258614e+03 2.938952209493700e-17 6.826476284836140e-02
2 162 1.107294777092946e+03 5.893567587767219e-18 5.747848960220653e-02
0 271 1.109332585468661e+03 3.600095158174595e-18 6.826461713001872e-02
1 97 1.112765288089397e+03 5.905127790340969e-18 4.844353689874714e-02
0 272 1.113414089741489e+03 2.715108648920971e-18 6.825992784723547e-02
2 163 1.114128804413021e+03 4.397406728051916e-18 5.748278839459729e-02
0 273 1.117495510629946e+03 3.452399530831309e-18 6.825888013491940e-02
2 164 1.120963022834647e+03 4.019125513762332e-18 5.748652486326948e-02
0 274 1.121576940146319e+03 2.724840577365692e-18 6.825941256931307e-02
1 98 1.124184590221507e+03 5.628505568829339e-18 4.844014844250179e-02
0 275 1.125658435204903e+03 2.714923167574451e-18 6.826449374637800e-02
2 165 1.127797121753448e+03 4.010922775796204e-18 5.748313193848352e-02
0 276 1.129739907884286e+03 3.022636350495883e-18 6.826508773538692e-02
0 277 1.133821443111326e+03 4.281146518342655e-18 6.825965732298522e-02
2 166 1.134631188371076e+03 4.135222858468178e-18 5.748274857719094e-02
1 99 1.135603994731329e+03 5.491655900563794e-18 4.844291278398916e-02
0 278 1.137902881245058e+03 5.850822872320654e-18 6.825850010751755e-02
2 167 1.141465227858578e+03 4.372454834048634e-18 5.748154446846067e-02
0 279 1.141984307781271e+03 4.437963614278806e-18 6.826017765995025e-02
0 280 1.146065767257430e+03 3.296483251828976e-18 6.826448482880387e-02
1 100 1.147023410450607e+03 5.571938871880139e-18 4.844344772181128e-02
2 168 1.148299297720929e+03 4.203428761960076e-18 5.747943563344023e-02
0 281 1.150147232750678e+03 2.911170995542524e-18 6.826437577936530e-02
0 282 1.154228790621989e+03 4.416378108888632e-18 6.826017357289516e-02
2 169 1.155133414680135e+03 4.334029625216135e-18 5.748660212545642e-02
0 283 1.158310219411926e+03 2.766172891619470e-18 6.825939217159412e-02
1 101 1.158442739653316e+03 5.442263329309465e-18 4.844045861950273e-02
2 170 1.161967544083720e+03 5.340664945300044e-18 5.748593239767373e-02
0 284 1.162391626782693e+03 3.722523152156009e-18 6.826012858473730e-02
0 285 1.166473093067596e+03 2.943772780827749e-18 6.826382748943646e-02
2 171 1.168801721587856e+03 5.662436883988711e-18 5.747962671553419e-02
1 102 1.169862126732416e+03 5.391009347077527e-18 4.844342406564776e-02
0 286 1.170554563938383e+03 2.714921302994484e-18 6.826452713252694e-02
0 287 1.174636129565151e+03 3.520311396935658e-18 6.826067910535816e-02
2 172 1.175635650783870e+03 5.028903379448970e-18 5.748160375221872e-02
0 288 1.178717583252334e+03 2.824679281395364e-18 6.825915035257574e-02
1 103 1.181281543674528e+03 4.770736048206359e-17 4.844318052158603e-02
0 289 1.182799000770237e+03 3.338071656002483e-18 6.826033281216104e-02
2 173 1.182469709028308e+03 4.112951961687157e-18 5.748159583039310e-02
0 290 1.186880430494121e+03 2.838823678577406e-18 6.826390290018090e-02
2 174 1.189303935059628e+03 4.602716600581505e-18 5.748392161597204e-02
0 291 1.190961893969325e+03 1.590093246641283e-17 6.826376919395230e-02
1 104 1.192700890077975e+03 5.740638306511339e-18 4.844001307692133e-02
0 292 1.195043476391107e+03 2.796833112604031e-18 6.826057029607584e-02
2 175 1.196137929963990e+03 2.356405449628915e-17 5.748613709443378e-02
0 293 1.199124924191013e+03 4.405543856079868e-18 6.826024230901781e-02
0 294 1.203206323133329e+03 3.411161480678020e-18 6.826085669268021e-02
2 176 1.202972129782339e+03 4.467201299899162e-18 5.748110300093755e-02
1 105 1.204120250214981e+03 5.541620922465705e-18 4.844342395554539e-02
0 295 1.207287747301258e+03 3.928847859456504e-18 6.826277597218307e-02
2 177 1.209806225763422e+03 5.393190633281424e-18 5.747941684838746e-02
0 296 1.211369224796168e+03 3.548921661976390e-18 6.826359975795852e-02
0 297 1.215450815745853e+03 2.827889963554375e-18 6.826167830246446e-02
1 106 1.215539668932981e+03 5.391708099136110e-18 4.844351899331680e-02
2 178 1.216640124714715e+03 8.097251439667773e-17 5.748183798972569e-02
0 298 1.219532267220637e+03 2.715088112231368e-18 6.826049534321021e-02
0 299 1.223613691109469e+03 2.723326407990230e-18 6.826087358443665e-02
2 179 1.223474311104904e+03 4.498775983632285e-18 5.748461795758420e-02
1 107 1.226959045470393e+03 5.672651461248388e-18 4.844041220788747e-02
0 300 1.227695103719798e+03 3.576225023666692e-18 6.826251026823389e-02
2 180 1.230308482457563e+03 4.295522365889286e-18 5.748468837644637e-02
0 301 1.231776557953612e+03 3.067695666876602e-18 6.826321306040785e-02
0 302 1.235858162585894e+03 3.032446316158533e-18 6.826162570683104e-02
2 181 1.237142526034472e+03 3.847833041427540e-18 5.748144705172881e-02
1 108 1.238378383272754e+03 6.436022712260720e-18 4.844318488396163e-02
0 303 1.239939614450970e+03 3.440270229506256e-18 6.826099800729438e-02
0 304 1.244021014964800e+03 3.150162134948506e-18 6.826166240565168e-02
2 182 1.243976625594826e+03 4.076235381306563e-18 5.747951944738952e-02
0 305 1.248102423343211e+03 2.715042010736114e-18 6.826158202763738e-02
1 109 1.249797795319529e+03 1.639165902052723e-16 4.844300064999961e-02
2 183 1.250810716350003e+03 3.828695455825173e-18 5.748107353755388e-02
0 306 1.252183884267454e+03 2.953289930298574e-18 6.826217424692850e-02
0 307 1.256265494869898e+03 4.405477590582841e-18 6.826272346348565e-02
2 184 1.257644702170321e+03 2.494689188763753e-17 5.748496488309807e-02
0 308 1.260346952783432e+03 2.717146803955753e-18 6.826184048199208e-02
1 110 1.261217192567878e+03 5.812053715437102e-18 4.844040053755037e-02
0 309 1.264428366308656e+03 3.773494426445533e-18 6.826093213782608e-02
2 185 1.264478861233924e+03 7.006117016100111e-18 5.748440946601615e-02
0 310 1.268509785807675e+03 2.870917541055717e-18 6.826107039571820e-02
2 186 1.271313108721790e+03 4.208065396067714e-18 5.748157768788104e-02
0 311 1.272591236277388e+03 4.767013497636702e-18 6.826214257266820e-02
1 111 1.272636507684737e+03 5.441906923924374e-18 4.844357893005590e-02
0 312 1.276672829689477e+03 3.811502035011762e-18 6.826307237723425e-02
2 187 1.278147017883030e+03 1.824079765640319e-17 5.747985835070418e-02
0 313 1.280754298645018e+03 1.140521363529143e-17 6.826223832505354e-02
1 112 1.284055928586472e+03 5.406373542170420e-18 4.844327248925426e-02
0 314 1.284835707262210e+03 5.393382402185253e-18 6.826128517237430e-02
2 188 1.284981115237093e+03 4.593923092944733e-18 5.748071998141319e-02
0 315 1.288917106284744e+03 3.359793879494172e-18 6.826077160944004e-02
2 189 1.291815274501001e+03 4.428429167080230e-18 5.748561914960264e-02
0 316 1.292998561524484e+03 2.715052380798223e-18 6.826106753824575e-02
1 113 1.295475348936618e+03 5.420212059510965e-18 4.844014149661405e-02
0 317 1.297080158914964e+03 2.716360524543065e-18 6.826332289586073e-02
2 190 1.298649246434591e+03 4.293700009833524e-18 5.748420287809811e-02
0 318 1.301161626857118e+03 4.477155865561630e-18 6.826333041078532e-02
0 319 1.305243054680097e+03 2.834501715156585e-18 6.826051161390587e-02
2 191 1.305483515789736e+03 5.166816881153702e-18 5.748130391001666e-02
1 114 1.306894632273635e+03 5.626883408487625e-18 4.844315146250264e-02
0 320 1.309324468215962e+03 5.393878423081691e-18 6.825954642841457e-02
2 192 1.312317593990766e+03 4.195971764852933e-18 5.748154803923038e-02
0 321 1.313405923398941e+03 4.265276965941019e-17 6.826105911674951e-02
0 322 1.317487497394421e+03 3.067130188198179e-18 6.826416582539764e-02
1 115 1.318314054465581e+03 5.391038629412808e-18 4.844311147225307e-02
2 193 1.319151503839823e+03 4.325618275793030e-18 5.748001920625948e-02
0 323 1.321568959306765e+03 5.357385921859208e-18 6.826339363152686e-02
0 324 1.325650403145157e+03 3.272855310778146e-18 6.826043505289608e-02
2 194 1.325985660613620e+03 3.764361296984066e-17 5.748523403196462e-02
0 325 1.329731806430249e+03 4.405557370787747e-18 6.825977031307150e-02
1 116 1.329733496980537e+03 5.663462006069510e-18 4.844063659870806e-02
2 195 1.332819794689787e+03 4.075670742069536e-18 5.748625630448054e-02
0 326 1.333813240058955e+03 2.790100156918662e-18 6.826045862399698e-02
0 327 1.337894821135988e+03 3.715389808693873e-18 6.826409312835011e-02
2 196 1.339653926488747e+03 4.123586562100923e-18 5.747987191024218e-02
1 117 1.341152764107723e+03 5.950155887906260e-18 4.844344118296814e-02
0 328 1.341976292085956e+03 3.150213631716697e-18 6.826411918383313e-02
0 329 1.346057740708430e+03 5.429858668421355e-18 6.826035230127134e-02
2 197 1.346488014019203e+03 4.014659338634071e-18 5.748148155205182e-02
0 330 1.350139166308009e+03 7.129276621098431e-18 6.825869829914991e-02
1 118 1.352572190811642e+03 5.685356484373730e-18 4.844262264751270e-02
2 198 1.353322046152344e+03 4.533293734749053e-18 5.748290014299791e-02
0 331 1.354220610243409e+03 2.715104901923956e-18 6.825985985756464e-02
0 332 1.358302157763744e+03 3.032029214326648e-18 6.826500872964723e-02
2 199 1.360156055365057e+03 4.732590206826366e-18 5.748287606927644e-02
0 333 1.362383624044812e+03 2.828808564544744e-18 6.826426212675554e-02
1 119 1.363991644426363e+03 5.482533214144011e-18 4.844033669763705e-02
0 334 1.366465093167254e+03 3.575703466202221e-18 6.825960123210509e-02
2 200 1.366990182893882e+03 1.033910862418911e-16 5.748603064817649e-02
0 335 1.370546514270637e+03 2.806366632110209e-18 6.825906505403212e-02
2 201 1.373824450094771e+03 5.248803178346869e-18 5.748304650202003e-02
0 336 1.374627936167161e+03 4.630947496735840e-18 6.826002767768527e-02
1 120 1.375410887262918e+03 5.395096852461402e-18 4.844339812398274e-02
0 337 1.378709466393255e+03 4.405433761228140e-18 6.826452643481171e-02
2 202 1.380658456243247e+03 4.420320601122342e-18 5.747884958254654e-02
0 338 1.382790950815181e+03 3.548507635503886e-18 6.826463980582785e-02
0 339 1.386872437686054e+03 4.415841660208803e-18 6.826004869854685e-02
1 121 1.386830321376323e+03 5.654619582538600e-18 4.844285253856635e-02
2 203 1.387492468042847e+03 4.618059704049588e-18 5.748295790958042e-02
0 340 1.390953861083358e+03 3.863579582801319e-18 6.825867060768288e-02
2 204 1.394326540110558e+03 6.242088171576326e-18 5.748602948069016e-02
0 341 1.395035305645117e+03 7.451184306831938e-18 6.825950067809762e-02
1 122 1.398249798707446e+03 5.391206710598910e-18 4.844078468149256e-02
0 342 1.399116813662382e+03 2.820436631858213e-18 6.826488064352580e-02
2 205 1.401160617461896e+03 4.451908738655871e-18 5.748278895632031e-02
0 343 1.403198278346476e+03 6.859026528585841e-18 6.826505417616090e-02
0 344 1.407279793968170e+03 2.964910132742482e-18 6.825944880001560e-02
2 206 1.407994854391804e+03 4.361003178642291e-18 5.748317111795431e-02
1 123 1.409669019342322e+03 5.899087408156163e-18 4.844293026990526e-02
0 345 1.411361219770336e+03 4.778827812780653e-18 6.825849963342366e-02
2 207 1.414828933999212e+03 6.900223467577080e-17 5.748230101708923e-02
0 346 1.415442637623854e+03 3.036403701045364e-18 6.826014521372165e-02
0 347 1.419524123918671e+03 1.160815130952767e-17 6.826451070204377e-02
1 124 1.421088454097817e+03 5.391076902095173e-18 4.844226355298468e-02
2 208 1.421662947547127e+03 4.483636989800138e-18 5.747976245323950e-02
0 348 1.423605596184233e+03 4.405434717578690e-18 6.826446226518533e-02
0 349 1.427687134616822e+03 3.060138595711546e-18 6.826009115999090e-02
2 209 1.428496949257011e+03 4.066435070347612e-18 5.748582828469826e-02
0 350 1.431768566558661e+03 4.405578179143160e-18 6.825895330272228e-02
1 125 1.432507941802581e+03 6.150839543688912e-18 4.844097688532796e-02
2 210 1.435331057137243e+03 4.044797746014211e-18 5.748579126388773e-02
0 351 1.435849989398317e+03 2.717248612880347e-18 6.825963473926716e-02
0 352 1.439931471852819e+03 2.988527537741003e-18 6.826437189998150e-02
2 211 1.442165351296005e+03 5.407076016217397e-18 5.748011160182970e-02
0 353 1.444012938406986e+03 3.210262230890681e-18 6.826491885422750e-02
1 126 1.443927146471182e+03 5.457162019898233e-18 4.844323460082671e-02
0 354 1.448094483887517e+03 3.824788712179568e-18 6.826019724481369e-02
2 212 1.448999340498218e+03 4.523272859837635e-18 5.748254120992929e-02
0 355 1.452175928267607e+03 5.687476733060443e-17 6.825887089870733e-02
1 127 1.455346596211297e+03 5.700053990833809e-18 4.844233669276895e-02
2 213 1.455833375719859e+03 3.878908778104228e-18 5.748265242683163e-02
0 356 1.456257337947152e+03 3.346416921264755e-17 6.826025818000578e-02
0 357 1.460338781108087e+03 3.613687147590778e-18 6.826435340126226e-02
