0 0 3.436534899860508e+00 9.858936163888439e-18 4.317728114460173e-02
1 0 4.290285953948363e+00 4.443544037320784e-18 6.862975260723769e-02
1 1 1.006660690609191e+01 5.192629943341318e-18 6.862947297698505e-02
1 2 1.584294962910793e+01 5.192603616090477e-18 6.863023060557205e-02
1 3 2.161928115586407e+01 4.009097336463097e-18 6.862927477876661e-02
0 1 2.663614380149192e+01 9.864717033197438e-18 4.317736005541311e-02
1 4 2.739560970922257e+01 4.135679962166347e-18 6.862977383087294e-02
1 5 3.317193098494623e+01 4.075450681211554e-18 6.862945929613257e-02
1 6 3.894827312902881e+01 4.360990445803458e-17 6.863024719566842e-02
1 7 4.472460551304236e+01 5.192636199898231e-18 6.862928784936030e-02
0 2 4.983575256559234e+01 9.934215037848658e-18 4.317743077789558e-02
1 8 5.050093351089436e+01 9.586082845696307e-18 6.862978570205265e-02
1 9 5.627725524078419e+01 3.863463842465132e-18 6.862944582839656e-02
1 10 6.205359677015890e+01 4.236079491371663e-18 6.863025688144520e-02
1 11 6.782992990773101e+01 4.380540447544771e-18 6.862929558477421e-02
0 3 7.303536120745167e+01 1.031688397622598e-17 4.317749282740765e-02
1 12 7.360625731474825e+01 5.376334824042290e-18 6.862979102855889e-02
1 13 7.938257966262240e+01 3.869908744014717e-18 6.862942807980288e-02
1 14 8.515892036777277e+01 5.340770410605146e-18 6.863025094374484e-02
1 15 9.093525415474259e+01 4.393301390061228e-18 6.862929888819144e-02
0 4 9.623496975608573e+01 9.791949966084324e-18 4.317754594583419e-02
1 16 9.671158107078126e+01 4.274980699826696e-18 6.862979164597680e-02
1 17 1.024879035363445e+02 5.004550160814833e-18 6.862940883729220e-02
1 18 1.082642438523125e+02 4.542182926172960e-18 6.863025108639888e-02
1 19 1.140405782071714e+02 4.165842942943622e-18 6.862930244669077e-02
0 5 1.194345782553832e+02 9.761682875417924e-18 4.317758995930861e-02
1 20 1.198169047402797e+02 1.010478390787683e-16 6.862980009707212e-02
1 21 1.255932275424795e+02 4.637185328871612e-18 6.862939615220294e-02
1 22 1.313695673212131e+02 3.863425920546648e-18 6.863025883387382e-02
1 23 1.371459021794521e+02 4.052453011169309e-18 6.862931247213731e-02
0 6 1.426341867275810e+02 9.836146614067670e-18 4.317762477638425e-02
1 24 1.429222284744600e+02 5.192622414172117e-18 6.862981098053043e-02
1 25 1.486985517167558e+02 3.863466635720887e-18 6.862938599252519e-02
1 26 1.544748908641786e+02 4.331144267301611e-18 6.863027385493092e-02
1 27 1.602512266501325e+02 5.857177569621734e-18 6.862932762400260e-02
0 7 1.658337951762150e+02 9.761686962392902e-18 4.317765064739015e-02
1 28 1.660275522658555e+02 4.472783679427293e-18 6.862981524269102e-02
1 29 1.718038760715529e+02 1.198326138363196e-17 6.862937351388924e-02
1 30 1.775802144998742e+02 1.928682659060569e-17 6.863027046902091e-02
1 31 1.833565509836008e+02 4.593405340732865e-18 6.862933644023284e-02
0 8 1.890334036212326e+02 9.934777847059124e-18 4.317766825684743e-02
1 32 1.891328760506318e+02 5.869139895503726e-18 6.862981437795083e-02
1 33 1.949092003884185e+02 3.886348370844187e-18 6.862935564128393e-02
1 34 2.006855380203559e+02 4.579854257259376e-18 6.863026197764421e-02
1 35 2.064618751272861e+02 4.557570746175725e-18 6.862934341142364e-02
0 9 2.122330120918911e+02 9.761687592235378e-18 4.317767841422412e-02
1 36 2.122381997482377e+02 4.107424655535947e-18 6.862980773643222e-02
1 37 2.180145243187267e+02 4.493023417726461e-18 6.862934374210611e-02
1 38 2.237908614835686e+02 4.644402150498352e-18 6.863026077537861e-02
1 39 2.295671991016004e+02 4.493233890142677e-17 6.862935374441451e-02
0 10 2.354326205880374e+02 9.761687085660908e-18 4.317767684735472e-02
1 40 2.353435234111978e+02 5.192622681183779e-18 6.862981290359858e-02
1 41 2.411198484059917e+02 1.269364708414945e-17 6.862933667444358e-02
1 42 2.468961849771576e+02 5.420908398958172e-18 6.863026718321460e-02
1 43 2.526725232346179e+02 4.244178269812160e-18 6.862937133336994e-02
0 11 2.586322290588392e+02 9.770820082055091e-18 4.317765962634872e-02
1 44 2.584488471769952e+02 5.684525952172499e-18 6.862981541052211e-02
1 45 2.642251726834041e+02 4.527952229642066e-18 6.862932933686038e-02
1 46 2.700015085904163e+02 3.874842786123569e-18 6.863027946630146e-02
1 47 2.757778476410126e+02 5.088162496495700e-18 6.862938582804491e-02
1 48 2.815541709750227e+02 5.443139455561350e-18 6.862981283387215e-02
0 12 2.818318375247398e+02 9.815039738002147e-18 4.317763428091184e-02
1 49 2.873304971211109e+02 4.438110472798360e-18 6.862931686412965e-02
1 50 2.931068321729281e+02 4.217994607057866e-18 6.863026302750155e-02
1 51 2.988831718701110e+02 5.192632565103679e-18 6.862939651004135e-02
1 52 3.046594947317348e+02 4.511618531819625e-18 6.862980425626843e-02
0 13 3.050314460118098e+02 1.007644500508401e-17 4.317759998607552e-02
1 53 3.104358212716426e+02 9.353746817039123e-17 6.862930361041408e-02
1 54 3.162121556556484e+02 3.863426177013412e-18 6.863025290844690e-02
1 55 3.219884959262207e+02 4.228976706078901e-18 6.862940830964753e-02
1 56 3.277648184104675e+02 3.887036731303599e-18 6.862979055889937e-02
0 14 3.282310545254237e+02 9.868256913828332e-18 4.317755634639132e-02
1 57 3.335411452674179e+02 5.462825707011734e-18 6.862929932099453e-02
1 58 3.393174791253282e+02 7.353767490159086e-18 6.863025052017564e-02
1 59 3.450938198261719e+02 3.946709534580792e-18 6.862942552569988e-02
1 60 3.508701421361430e+02 3.863453236494856e-18 6.862979144207583e-02
0 15 3.514306630796355e+02 9.913471666398937e-18 4.317750342570900e-02
1 61 3.566464694562383e+02 4.585972337757692e-18 6.862929690298593e-02
1 62 3.624228026790840e+02 1.180999143775466e-17 6.863025482064603e-02
1 63 3.681991440860339e+02 1.858819510251340e-17 6.862944561688324e-02
1 64 3.739754659327228e+02 4.590720471691835e-18 6.862978775361797e-02
0 16 3.746302717154206e+02 1.029377536576612e-17 4.317744146704586e-02
1 65 3.797517938129729e+02 5.192636108139740e-18 6.862929134252528e-02
1 66 3.855281263497616e+02 3.964713710546944e-18 6.863025432294390e-02
1 67 3.913044683942251e+02 5.577299250937489e-18 6.862946021180523e-02
1 68 3.970807897400269e+02 6.534149972784905e-18 6.862977826126619e-02
0 17 3.978298804681108e+02 1.040517601902274e-17 4.317737078077147e-02
1 69 4.028571182597614e+02 3.929101702107169e-18 6.862927882737781e-02
1 70 4.086334498769447e+02 4.224151033025029e-18 6.863023546044081e-02
1 71 4.144097925281596e+02 4.642537821049497e-18 6.862947368797800e-02
1 72 4.201861135201178e+02 5.711983654492750e-17 6.862976016233691e-02
0 18 4.210294893531921e+02 1.005520080893316e-17 4.317729187174657e-02
1 73 4.259624422551419e+02 4.904752206382191e-18 6.862927499644450e-02
1 74 4.317387733489360e+02 3.863427529001075e-18 6.863022423096339e-02
1 75 4.375151164815144e+02 4.155830948689378e-18 6.862949026032697e-02
1 76 4.432914372281547e+02 4.317756614235522e-18 6.862974468004922e-02
0 19 4.442290983982799e+02 1.020245681434821e-17 4.317720543411811e-02
1 77 4.490677663433552e+02 5.192636671301756e-18 6.862927716143855e-02
1 78 4.548440968680155e+02 4.526008925964389e-18 6.863022031179952e-02
1 79 4.606204402866176e+02 3.869362689416712e-18 6.862951401087167e-02
1 80 4.663967610070396e+02 6.922976060371304e-18 6.862974121860975e-02
0 20 4.674287076473831e+02 1.417018308384367e-17 4.317711220346509e-02
1 81 4.721730906007667e+02 4.387975952790090e-18 6.862927836147806e-02
1 82 4.779494205238850e+02 3.863427685592105e-18 6.863022199132469e-02
1 83 4.837257646641983e+02 4.726251179448546e-18 6.862953267064099e-02
1 84 4.895020848542236e+02 5.962482308950231e-18 6.862973243937294e-02
0 21 4.906283171247296e+02 9.827258656381366e-18 4.317701297941794e-02
1 85 4.952784149717313e+02 5.832489974375228e-18 6.862927433025794e-02
1 86 5.010547441855762e+02 8.583266960876271e-17 6.863020899155468e-02
1 87 5.068310888711267e+02 5.192627369908508e-18 6.862954797378949e-02
1 88 5.126074087282385e+02 4.133604773412198e-18 6.862971513645195e-02
0 22 5.138279268354275e+02 1.004088443763394e-17 4.317690874005066e-02
1 89 5.183837393199799e+02 3.903496361604885e-18 6.862926433873827e-02
1 90 5.241600676864207e+02 4.306321298029478e-18 6.863018901047792e-02
1 91 5.299364128792928e+02 6.012694133573322e-18 6.862956407407016e-02
1 92 5.357127325278999e+02 3.944026169369314e-18 6.862968740670689e-02
0 23 5.370275368002463e+02 9.837399478083191e-18 4.317680056113066e-02
1 93 5.414890632951747e+02 5.133886952112130e-18 6.862927061032309e-02
1 94 5.472653911955987e+02 4.588590836455597e-18 6.863017676967559e-02
1 95 5.530417367153555e+02 1.453631697481581e-17 6.862958538624095e-02
1 96 5.588180562698628e+02 1.770427396105937e-17 6.862967647121612e-02
0 24 5.602271470468298e+02 9.844562597758611e-18 4.317668948131301e-02
1 97 5.645943874356844e+02 5.192636743799600e-18 6.862927824699751e-02
1 98 5.703707148030978e+02 4.145068030823107e-18 6.863017129987571e-02
1 99 5.761470606517378e+02 4.112238987458792e-18 6.862961178432937e-02
1 100 5.819233801415547e+02 6.940890579938888e-18 6.862967041270368e-02
0 25 5.834267575756346e+02 1.129764649459863e-17 4.317657656808022e-02
1 101 5.876997117130928e+02 4.553736388625091e-18 6.862928252902777e-02
1 102 5.934760385759753e+02 3.902908036235231e-18 6.863017001375343e-02
1 103 5.992523849265027e+02 4.133462402552108e-18 6.862962903129166e-02
1 104 6.050287040930206e+02 3.863457899986792e-18 6.862965603719630e-02
0 26 6.066263683752971e+02 1.143467348348502e-16 4.317646300180432e-02
1 105 6.108050360878332e+02 5.464097721968962e-17 6.862927900480646e-02
1 106 6.165813621729994e+02 5.489401364361048e-18 6.863014586737087e-02
1 107 6.223577089916820e+02 5.192624037439598e-18 6.862964482293217e-02
1 108 6.281340280067602e+02 5.017804173218729e-18 6.862963122456714e-02
0 27 6.298259794536787e+02 9.967631336910357e-18 4.317634996849800e-02
1 109 6.339103602613694e+02 3.885505638188178e-18 6.862927726050926e-02
1 110 6.396866856965140e+02 4.088231447842704e-18 6.863012533671525e-02
1 111 6.454630328679470e+02 4.122851394752733e-18 6.862966382153989e-02
1 112 6.512393517768216e+02 3.863466351593976e-18 6.862959766527378e-02
0 28 6.530255908160544e+02 9.788259193864364e-18 4.317623857580319e-02
1 113 6.570156842691180e+02 5.363021290362684e-18 6.862929080445776e-02
1 114 6.627920092760513e+02 4.385279597728390e-18 6.863011257214148e-02
1 115 6.685683566240713e+02 4.070033585747974e-18 6.862969016886813e-02
1 116 6.743446756516593e+02 3.863459941964371e-18 6.862959646216706e-02
0 29 6.762252024385626e+02 1.046898199724068e-17 4.317612995231771e-02
1 117 6.801210084358803e+02 6.521516268320690e-18 6.862930299262199e-02
1 118 6.858973329888519e+02 5.192608000516532e-18 6.863010550652109e-02
1 119 6.916736806742479e+02 6.995505084904489e-17 6.862971455772546e-02
1 120 6.974499996580216e+02 5.813913015638302e-18 6.862958715032264e-02
0 30 6.994248142961486e+02 9.791151911746406e-18 4.317602529334814e-02
1 121 7.032263327354551e+02 4.494544574421480e-18 6.862930873322617e-02
1 122 7.090026568393616e+02 3.906122670621553e-18 6.863009610058482e-02
1 123 7.147790047993642e+02 4.308956702840837e-18 6.862973021198253e-02
1 124 7.205553236677662e+02 4.344235373133338e-18 6.862956744651516e-02
0 31 7.226244263842017e+02 9.908284548819601e-18 4.317592574059063e-02
1 125 7.263316570628939e+02 3.863470606317836e-18 6.862930449008610e-02
1 126 7.321079804005474e+02 3.863434928522004e-18 6.863006744149594e-02
1 127 7.378843287246611e+02 6.436582027212079e-18 6.862974702272473e-02
1 128 7.436606475794691e+02 1.695303861471891e-17 6.862953839002459e-02
0 32 7.458240386867561e+02 9.834460071201660e-18 4.317583234281436e-02
1 129 7.494369810548943e+02 1.351607056849562e-17 6.862931529760249e-02
1 130 7.552133039727795e+02 5.192610024061438e-18 6.863004735291051e-02
1 131 7.609896525004107e+02 4.145816455573362e-18 6.862976927685634e-02
1 132 7.667659714144561e+02 3.969957156796536e-18 6.862951523783743e-02
0 33 7.690236511623172e+02 1.003114208113918e-17 4.317574616257336e-02
1 133 7.725423050946571e+02 4.585624950105481e-18 6.862933471989892e-02
1 134 7.783186276442286e+02 5.192610482826892e-18 6.863003429277274e-02
1 135 7.840949761844162e+02 3.900310256434274e-18 6.862979974962184e-02
1 136 7.898712954481026e+02 3.863462928735290e-18 6.862951292480141e-02
0 34 7.922232637799311e+02 9.796943119689304e-18 4.317566827906272e-02
1 137 7.956476292952815e+02 4.632344314243784e-18 6.862934924401271e-02
1 138 8.014239514961830e+02 6.966406957085709e-17 6.863002491762457e-02
1 139 8.072003002918190e+02 4.756714980750517e-18 6.862981785652172e-02
1 140 8.129766195324376e+02 4.511753275377027e-18 6.862950026352309e-02
0 35 8.154228765271251e+02 9.796126847210083e-18 4.317559966553795e-02
1 141 8.187529535557541e+02 4.141494527889383e-18 6.862935486979865e-02
1 142 8.245292753315365e+02 3.863437875822742e-18 6.863000476409006e-02
1 143 8.303056242742666e+02 6.284077682149295e-18 6.862983261915705e-02
1 144 8.360819435718636e+02 5.192631263492558e-18 6.862947783293291e-02
0 36 8.386224893732954e+02 9.764327727979091e-18 4.317554118680759e-02
1 145 8.418582777515300e+02 3.867921329185573e-18 6.862935044284173e-02
1 146 8.476345989173536e+02 4.528331805754151e-18 6.862997742712253e-02
1 147 8.534109480804206e+02 6.691242625080421e-18 6.862985079031589e-02
1 148 8.591872675058590e+02 4.220465618557175e-18 6.862944839670500e-02
0 37 8.618221022105743e+02 9.762140556927193e-18 4.317550549932551e-02
1 149 8.649636016488960e+02 4.154954767867602e-18 6.862937613956892e-02
1 150 8.707399225667501e+02 1.281552835842559e-17 6.862995825315268e-02
1 151 8.765162717551704e+02 6.751950971316974e-18 6.862987555077953e-02
1 152 8.822925914697621e+02 7.154926857156866e-17 6.862943773189423e-02
0 38 8.850217151432565e+02 9.806206964790612e-18 4.317548392366290e-02
1 153 8.880689257266470e+02 4.076043704521517e-18 6.862939864962724e-02
1 154 8.938452463700223e+02 4.492592194844547e-18 6.862994444737383e-02
1 155 8.996215954673919e+02 4.116031664656194e-18 6.862990534397852e-02
1 156 9.053979156050742e+02 4.109753280394209e-18 6.862943366863138e-02
0 39 9.082213281729983e+02 9.860833919485487e-18 4.317547484385099e-02
1 157 9.111742498938919e+02 5.192632931713657e-18 6.862941352594185e-02
1 158 9.169505703730496e+02 3.961579033060402e-18 6.862993246147173e-02
1 159 9.227269195142248e+02 4.865046457380345e-18 6.862991822679836e-02
1 160 9.285032397533612e+02 7.124133512217083e-18 6.862941939665643e-02
0 40 9.314209412625140e+02 9.857357478408670e-18 4.317547807529180e-02
1 161 9.342795740559740e+02 1.469190453536684e-17 6.862941842868504e-02
1 162 9.400558941269775e+02 1.320321584212972e-17 6.862990477586367e-02
1 163 9.458322433616688e+02 5.192614043198873e-18 6.862993237857561e-02
1 164 9.516085638330125e+02 5.117594248194208e-18 6.862939691761857e-02
0 41 9.546205543652082e+02 1.020083042715432e-17 4.317549339793384e-02
1 165 9.573848980654674e+02 4.151269999361502e-18 6.862942512897330e-02
1 166 9.631612177736826e+02 4.587530951610257e-18 6.862987945812105e-02
1 167 9.689375670441651e+02 4.549906920584707e-18 6.862995138868430e-02
1 168 9.747138877493987e+02 3.897651806459087e-18 6.862937017023145e-02
0 42 9.778201674581053e+02 1.037207749482185e-17 4.317552050798210e-02
1 169 9.804902219977645e+02 4.232132120176413e-18 6.862945449079591e-02
1 170 9.862665415416083e+02 4.636757109752758e-18 6.862986108444548e-02
1 171 9.920428906425628e+02 6.102099085810688e-17 6.862997818422478e-02
1 172 9.978192118741231e+02 6.761696585092605e-18 6.862937129357122e-02
0 43 1.001019780519908e+03 9.761557864931298e-18 4.317555893621298e-02
1 173 1.003595546047969e+03 7.941952231506055e-18 6.862947759805320e-02
1 174 1.009371865483152e+03 4.784584187808577e-18 6.862984661971896e-02
1 175 1.015148214450666e+03 4.276500342355789e-18 6.863000151089325e-02
1 176 1.020924536108769e+03 5.436884112095660e-18 6.862936629800696e-02
0 44 1.024219393504050e+03 9.966503907570505e-18 4.317560812313242e-02
1 177 1.026700870147518e+03 4.124349070390386e-18 6.862949138753682e-02
1 178 1.032477189611214e+03 3.863445935832689e-18 6.862983152751946e-02
1 179 1.038253538350584e+03 5.192611267027858e-18 6.863001177818950e-02
1 180 1.044029860311158e+03 3.863469024425525e-18 6.862935196730727e-02
0 45 1.047419006367663e+03 9.812824519765531e-18 4.317566750349787e-02
1 181 1.049806194216151e+03 3.999355871066943e-18 6.862949469566541e-02
1 182 1.055582513274117e+03 4.443371936029868e-18 6.862980011869872e-02
1 183 1.061358862058635e+03 1.268574877189251e-17 6.863002508256430e-02
1 184 1.067135184368902e+03 5.445515251192544e-18 6.862933173535626e-02
0 46 1.070618619093818e+03 1.159353866331594e-16 4.317573643038218e-02
1 185 1.072911518088494e+03 5.387248862263437e-17 6.862951379003680e-02
1 186 1.078687837019425e+03 4.434901274110158e-18 6.862977712088600e-02
1 187 1.084464185649595e+03 5.192610105537112e-18 6.863004493323072e-02
1 188 1.090240508314162e+03 3.963868044208281e-18 6.862931628071278e-02
0 47 1.093818231659375e+03 2.486741707474466e-17 4.317581411400456e-02
1 189 1.096016842001652e+03 4.314291312550599e-18 6.862954370548566e-02
1 190 1.101793160907353e+03 3.863449313762725e-18 6.862976002663670e-02
1 191 1.107569509216085e+03 3.886373391374243e-18 6.863007335424873e-02
1 192 1.113345832610057e+03 4.142729613141677e-18 6.862932125462078e-02
0 48 1.117017844020912e+03 1.016011672762978e-17 4.317589972089488e-02
1 193 1.119122166016540e+03 4.596556317824178e-18 6.862956494930157e-02
1 194 1.124898484985513e+03 2.054360974181618e-17 6.862974491923322e-02
1 195 1.130674833062044e+03 8.440369024828617e-18 6.863008684929583e-02
1 196 1.136451156910009e+03 5.192635675285935e-18 6.862931590737117e-02
0 49 1.140217456150980e+03 9.835938640546498e-18 4.317599243149384e-02
1 197 1.142227490052109e+03 3.863460624845780e-18 6.862957575151105e-02
1 198 1.148003809068413e+03 3.952532372854843e-18 6.862972253252055e-02
1 199 1.153780156813789e+03 4.097502724987645e-18 6.863009458253026e-02
1 200 1.159556481091356e+03 5.192636036687716e-18 6.862930319420528e-02
0 50 1.163417068045742e+03 1.014783061367630e-17 4.317609133944492e-02
1 201 1.165332813977782e+03 3.864945849171363e-18 6.862957750726764e-02
1 202 1.171109132803253e+03 4.234801031545174e-18 6.862969492053599e-02
1 203 1.176885480418089e+03 5.192607906299755e-18 6.863010744815663e-02
1 204 1.182661805108439e+03 8.095073517789648e-17 6.862928807383024e-02
0 51 1.186616679688401e+03 1.016464852389064e-17 4.317619541951709e-02
1 205 1.188438137753790e+03 5.441289208630589e-18 6.862960805569425e-02
1 206 1.194214456646180e+03 4.517068858547091e-18 6.862967508401417e-02
1 207 1.199990803954647e+03 4.158770898550968e-18 6.863012796514288e-02
1 208 1.205767129219029e+03 2.984055751522365e-16 6.862928641832544e-02
0 52 1.209816291050113e+03 7.936009523196723e-17 4.317630364688971e-02
1 209 1.211543461664262e+03 4.086037936196314e-18 6.862963491968931e-02
1 210 1.217319780664956e+03 4.518377428631048e-18 6.862965927198894e-02
1 211 1.223096127518692e+03 3.892678809027141e-18 6.863015562718487e-02
1 212 1.228872453590819e+03 4.275872412309293e-18 6.862929055202942e-02
0 53 1.233015902126905e+03 9.859060751054000e-18 4.317641501943352e-02
1 213 1.234648785639370e+03 4.605281799610429e-18 6.862965137217936e-02
1 214 1.240425104896218e+03 3.996714658934825e-18 6.862964275248824e-02
1 215 1.246201451332047e+03 5.796178838113548e-18 6.863015801929506e-02
1 216 1.251977777877545e+03 2.982101048652080e-17 6.862928606235484e-02
0 54 1.256215512931723e+03 9.956047466636229e-18 4.317652844110297e-02
1 217 1.257754109551441e+03 4.881069621383130e-18 6.862965862115676e-02
1 218 1.263530428884079e+03 5.918741801151924e-17 6.862961685719562e-02
1 219 1.269306774970006e+03 4.648597156937458e-18 6.863016395709069e-02
1 220 1.275083102027716e+03 4.840402609188007e-18 6.862927732453780e-02
0 55 1.279415123459803e+03 9.761618264741477e-18 4.317664273204685e-02
1 221 1.280859433320007e+03 3.919930282450752e-18 6.862966658642437e-02
1 222 1.286635752691418e+03 3.863456994115179e-18 6.862959418621911e-02
1 223 1.292412098498794e+03 4.575666587956063e-18 6.863017642726842e-02
1 224 1.298188426021110e+03 3.869232118853198e-18 6.862926917082389e-02
0 56 1.302614733703844e+03 1.034312507395214e-17 4.317675676110089e-02
1 225 1.303964757109521e+03 4.196347002240121e-18 6.862969693044634e-02
1 226 1.309741076656006e+03 5.192626324311909e-18 6.862957749259689e-02
1 227 1.315517422000946e+03 1.901082407615295e-17 6.863019664033528e-02
1 228 1.321293750309032e+03 1.059748334079286e-17 6.862927714116505e-02
0 57 1.325814343685190e+03 9.918618418664059e-18 4.317686942581617e-02
1 229 1.327070081000708e+03 8.367195928846227e-18 6.862971692482731e-02
1 230 1.332846400822745e+03 3.863458437171027e-18 6.862956227603144e-02
1 231 1.338622745642138e+03 3.886018795646457e-18 6.863021374943494e-02
1 232 1.344399074682897e+03 4.358031999101857e-18 6.862928130301510e-02
0 58 1.349013953432160e+03 9.887968157082124e-18 4.317697953670162e-02
1 233 1.350175404875750e+03 4.295201003801374e-18 6.862972756258268e-02
1 234 1.355951725173940e+03 3.893807692578977e-18 6.862954431376075e-02
1 235 1.361728069333482e+03 6.855296934544394e-18 6.863021292507164e-02
1 236 1.367504398950746e+03 6.871573611838842e-18 6.862927950896364e-02
0 59 1.372213562952981e+03 1.006337735122010e-17 4.317708588009705e-02
1 237 1.373280728674631e+03 7.347444610025987e-17 6.862973212034458e-02
1 238 1.379057049026135e+03 3.863460374425592e-18 6.862951965798722e-02
1 239 1.384833392877371e+03 7.941934469401083e-18 6.863021733083373e-02
1 240 1.390609723064213e+03 4.159551346370227e-18 6.862927601705113e-02
0 60 1.395413172261858e+03 9.770331697297624e-18 4.317718734548977e-02
1 241 1.396386052389483e+03 2.425325955849645e-16 6.862974665879411e-02
1 242 1.402162372941366e+03 4.656956519224365e-18 6.862950191513677e-02
1 243 1.407938716354832e+03 4.254097728231898e-18 6.863022887018537e-02
1 244 1.413715047016819e+03 3.875662665868112e-18 6.862927633377132e-02
0 61 1.418612781399273e+03 9.761656726902207e-18 4.317728285248457e-02
1 245 1.419491376178609e+03 4.534059536870526e-18 6.862976800496891e-02
1 246 1.425267697040266e+03 4.092125128576028e-18 6.862948787108099e-02
1 247 1.431044039868750e+03 4.196050315059566e-18 6.863024810636512e-02
1 248 1.436820371459729e+03 5.056258585909456e-18 6.862928932643758e-02
0 62 1.441812390400307e+03 9.813071769074834e-18 4.317737124828831e-02
1 249 1.442596699999580e+03 4.855608411463293e-17 6.862977994683482e-02
1 250 1.448373021318539e+03 6.337145770856016e-18 6.862947336384563e-02
1 251 1.454149363541861e+03 4.965492020373504e-17 6.863025309202064e-02
1 252 1.459925695827916e+03 5.843464469227072e-18 6.862929481229699e-02
