0 0 1.076883086820086e-01 3.756263184062656e-18 7.565249665534036e-02
1 0 2.794710016233768e+00 4.374320786392043e-18 9.653552901441324e-02
0 1 4.287068111869531e+00 3.176400597661189e-18 7.565237138572942e-02
1 1 4.806735307009068e+00 1.010267834355860e-09 9.653722042261979e-02
1 2 6.818827972169812e+00 5.483091490459237e-17 9.654447290956597e-02
0 2 8.466429511763490e+00 3.582412425081795e-18 7.565211042044526e-02
1 3 8.830901768726799e+00 3.951957169478633e-18 9.654716851444232e-02
1 4 1.084298184604092e+01 4.572759388049964e-10 9.655329646967455e-02
0 3 1.264579028378242e+01 3.081366907101683e-18 7.565160492073388e-02
1 5 1.285505470450074e+01 2.760385600082425e-18 9.655527658716752e-02
0 4 1.682517554058100e+01 4.594489998882896e-18 7.565137479203833e-02
1 6 1.687909220292708e+01 3.691395879718397e-18 9.655932837529826e-02
1 7 1.939404885085928e+01 3.091470720975755e-02 1.193994103318183e-09
0 5 2.100458386750975e+01 3.649432570234381e-18 7.565155898865164e-02
1 8 2.090301670242552e+01 2.566950264318661e-18 9.655829890665041e-02
1 9 2.492698446084930e+01 3.017446767230299e-18 9.655259685235834e-02
0 6 2.518398327776122e+01 5.536983932594416e-18 7.565189555360886e-02
1 10 2.693903281230091e+01 7.797676201744107e-10 9.655059885574686e-02
0 7 2.936335374736223e+01 3.951877925674425e-18 7.565239982817167e-02
1 11 2.895109285619717e+01 2.932839416585843e-17 9.654370115384277e-02
1 12 3.096318046346283e+01 6.630998550204257e-18 9.654114321437687e-02
1 13 3.300349445028851e+01 2.474977573542696e-03 9.349656687897075e-02
0 8 3.354270977560729e+01 3.368191489369106e-18 7.565262999349308e-02
1 14 3.498735857591996e+01 3.707332871890064e-18 9.653172589832755e-02
0 9 3.772207646933789e+01 3.695396968263908e-18 7.565255484720533e-02
1 15 3.901145947648109e+01 2.394067861550361e-18 9.652560779762290e-02
1 16 4.141499071804371e+01 6.148817236408870e-10 9.653341777638681e-02
0 10 4.190146112770012e+01 5.478239343179281e-18 7.565270255674669e-02
1 17 4.303550862909727e+01 2.520120616255340e-18 9.652081301964592e-02
1 18 4.504758368995428e+01 4.620435018015734e-18 9.651757530439077e-02
0 11 4.608084119849938e+01 3.081282066336121e-18 7.565307767159038e-02
1 19 4.713529749760037e+01 3.090675310548142e-02 1.044522826337012e-09
1 20 4.907176420184309e+01 2.054292504927075e-10 9.651837314217045e-02
0 12 5.026019986084004e+01 3.445196977070589e-18 7.565328324675102e-02
1 21 5.108386225353734e+01 4.586823237469434e-18 9.651897565537951e-02
1 22 5.309600253908047e+01 3.018771044158187e-18 9.652480209442491e-02
0 13 5.443955433501096e+01 3.178759278460619e-18 7.565319719898919e-02
1 23 5.535000037295106e+01 2.088359304308327e-02 6.924384768601145e-02
1 24 5.712016019157952e+01 3.013251597976325e-17 9.653562312006431e-02
0 14 5.861893063139849e+01 4.640214107598412e-18 7.565268680472988e-02
1 25 6.114418206997376e+01 2.885597000794076e-18 9.654531246990226e-02
0 15 6.279832809372927e+01 3.538420042286544e-18 7.565207914496590e-02
1 26 6.351514258777816e+01 2.609355214858526e-02 3.970160578199516e-02
1 27 6.516816325096575e+01 6.605081972764291e-18 9.655342297176446e-02
0 16 6.697771970580595e+01 3.081376278342207e-18 7.565165412109999e-02
1 28 6.718015874361092e+01 3.378345456944634e-18 9.655602901158244e-02
1 29 6.919220913670920e+01 4.609115406374008e-10 9.655930360965090e-02
0 17 7.115709126270039e+01 9.156146756180702e-18 7.565104969893327e-02
1 30 7.120425877361001e+01 5.297006856434427e-10 9.656038543924718e-02
1 31 7.321632850917132e+01 3.140571158660987e-18 9.656056302967349e-02
1 32 7.522839792206587e+01 1.892094561931728e-18 9.655940788693125e-02
0 18 7.533645562930394e+01 4.640260250331011e-18 7.565115033442889e-02
1 33 7.748995705082379e+01 2.172315278973398e-02 6.867227615135653e-02
0 19 7.951583346685230e+01 5.382818221406570e-18 7.565180591714127e-02
1 34 7.925246222582429e+01 2.051571757098810e-18 9.655294605791051e-02
1 35 8.327643815196046e+01 8.303050153080514e-16 9.654383873153090e-02
0 20 8.369523132973853e+01 3.121177134006098e-18 7.565236459231856e-02
1 36 8.579159506458925e+01 3.092055923070712e-02 1.795051358934300e-09
1 37 8.730044054011324e+01 4.780967422711092e-18 9.653331041413693e-02
0 21 8.787462334703716e+01 4.640205234453473e-18 7.565285987283105e-02
1 38 8.931249111129495e+01 6.851959127489452e-18 9.653128686751876e-02
1 39 9.132459212336948e+01 3.961169772878663e-10 9.652265659723583e-02
0 22 9.205398966572842e+01 6.028699734146225e-18 7.565330977386396e-02
1 40 9.333669345564169e+01 1.565289500862974e-10 9.652158451683635e-02
1 41 9.534884016304957e+01 3.977469938555938e-18 9.651787593781744e-02
0 23 9.623334307862017e+01 1.022888458265285e-16 7.565327720812727e-02
1 42 9.736092383310086e+01 4.424719923470519e-18 9.651736650036777e-02
1 43 9.962999072649180e+01 2.221636043098464e-02 6.710785414475715e-02
0 24 1.004127091428204e+02 3.309271152060066e-18 7.565285095608316e-02
1 44 1.013850629494291e+02 2.407453053901885e-18 9.651863834302314e-02
0 25 1.045920940569660e+02 4.640207782151457e-18 7.565263592737526e-02
1 45 1.054091133292621e+02 2.698824245846949e-18 9.652362257868956e-02
1 46 1.072496056837199e+02 2.803206287488262e-02 3.127273849405050e-02
0 26 1.087714737426358e+02 3.749542676479735e-18 7.565260544934131e-02
1 47 1.094332041055026e+02 7.173855494782060e-18 9.652906905184049e-02
1 48 1.114453121571457e+02 1.647624751132299e-17 9.653507727114466e-02
0 27 1.129508333410423e+02 3.443148054000415e-18 7.565252481707234e-02
1 49 1.136048975504857e+02 1.296705484311209e-02 8.077210831020976e-02
1 50 1.154694933641741e+02 7.102495043108372e-17 9.654520269058992e-02
0 28 1.171301912042456e+02 4.108359657508420e-18 7.565229304099558e-02
1 51 1.194936054949001e+02 4.362105407743513e-18 9.655334990599282e-02
0 29 1.213095726201604e+02 4.640246522693188e-18 7.565172953273630e-02
1 52 1.217699788717767e+02 2.263143420106201e-02 6.520545771883131e-02
1 53 1.235175974403343e+02 2.388980670717524e-18 9.655827662838748e-02
0 30 1.254889786947403e+02 5.846597527286523e-18 7.565136403391617e-02
1 54 1.275415374758239e+02 1.927658063109694e-18 9.655960005314164e-02
0 31 1.296683810299313e+02 3.383362866682461e-18 7.565146937888252e-02
1 55 1.293995428330900e+02 1.345853478855696e-02 7.963741531642395e-02
1 56 1.315655565680436e+02 1.119582326180248e-15 9.655673926322199e-02
1 57 1.335776022324196e+02 6.214498711178997e-16 9.655263473835235e-02
0 32 1.338477564922556e+02 4.674691890001931e-18 7.565185744198956e-02
1 58 1.357352834981334e+02 1.289873476744273e-02 8.156341865005751e-02
1 59 1.376017738759515e+02 4.240404739839091e-18 9.654317289336528e-02
0 33 1.380271141076097e+02 4.640228103611893e-18 7.565218804074456e-02
1 60 1.416259153153568e+02 2.941477702460936e-18 9.653420989830183e-02
0 34 1.422064814065642e+02 3.917377863695657e-18 7.565242944102236e-02
1 61 1.439537227299180e+02 1.312339851957059e-02 7.871284159379829e-02
1 62 1.456499593175529e+02 3.365224446194047e-18 9.652665558179058e-02
0 35 1.463858680191239e+02 3.241516361539403e-18 7.565262223973669e-02
1 63 1.496740116343202e+02 2.808589441154703e-18 9.651885298233059e-02
0 36 1.505652515108983e+02 3.453549151370232e-18 7.565306898886846e-02
1 64 1.515407174378975e+02 1.284921855797704e-02 8.142969714569137e-02
1 65 1.536981876633742e+02 7.738573037541907e-17 9.651557922909434e-02
0 37 1.547446134975185e+02 3.760792962118084e-18 7.565349049268880e-02
1 66 1.557102857148337e+02 2.329847284477325e-18 9.651579187837449e-02
1 67 1.579018234263407e+02 2.584931402608943e-02 3.934566537350181e-02
0 38 1.589239669059558e+02 4.640180981231700e-18 7.565337315894155e-02
1 68 1.597345304478291e+02 1.892859342713986e-18 9.651933826063010e-02
0 39 1.631033374568072e+02 3.110359060724937e-18 7.565287462550713e-02
1 69 1.637586568398596e+02 2.394125059522470e-18 9.652906816321476e-02
1 70 1.662736055226186e+02 3.090790725969868e-02 3.870975764131034e-10
0 40 1.672827302991575e+02 3.123092035222830e-17 7.565240926611647e-02
1 71 1.677826576809842e+02 5.400089298752572e-18 9.653928736357441e-02
0 41 1.714621186886407e+02 1.977359799652325e-17 7.565191333674319e-02
1 72 1.718066815939829e+02 3.149889703214846e-18 9.654854580755977e-02
1 73 1.738187423482009e+02 2.819436548342811e-10 9.655454598979570e-02
0 42 1.756414863446979e+02 3.416973300598323e-18 7.565140530943371e-02
1 74 1.758307961935751e+02 3.304401335360537e-18 9.655688297329380e-02
1 75 1.778428679750252e+02 3.572897493454475e-18 9.655948850579141e-02
0 43 1.798208500126823e+02 3.083867101037891e-18 7.565115000859535e-02
1 76 1.798778504098129e+02 2.051389127314138e-03 9.433612659952730e-02
1 77 1.818669681506073e+02 3.710931055866985e-18 9.656022989869069e-02
0 44 1.840002309599427e+02 4.640259622133944e-18 7.565138748410985e-02
1 78 1.858909705238635e+02 3.287431110949623e-18 9.655644032852216e-02
0 45 1.881796317316811e+02 1.749853486548803e-17 7.565194222793907e-02
1 79 1.884060671738992e+02 3.091941726471188e-02 2.587284177327553e-09
1 80 1.899149303083494e+02 2.567075314462105e-18 9.654949140364094e-02
1 81 1.919269251821210e+02 2.175971086950420e-18 9.654255997674309e-02
0 46 1.923590295623152e+02 5.900809749098429e-17 7.565257716198386e-02
1 82 1.939389679023085e+02 4.087730314224606e-10 9.654038655478928e-02
1 83 1.959510421654385e+02 3.335550688556814e-10 9.653132026545583e-02
0 47 1.965384008080421e+02 3.150965509392824e-18 7.565295794680588e-02
1 84 1.979631375408457e+02 2.567385418892713e-18 9.652944217710908e-02
1 85 1.999752726383544e+02 2.567469648898785e-18 9.652305089474580e-02
0 48 2.007177542798779e+02 5.735015631288652e-18 7.565305660407833e-02
1 86 2.022299662463919e+02 2.121812343812231e-02 7.014505111005698e-02
1 87 2.039994690976334e+02 7.184412500292580e-17 9.652020078467106e-02
0 49 2.048971180923132e+02 3.765821061591131e-18 7.565285886465967e-02
1 88 2.080235589573596e+02 9.053380208788443e-18 9.651998191526256e-02
0 50 2.090765009616638e+02 3.733375750544510e-18 7.565262233755854e-02
1 89 2.104379716785202e+02 2.963475149932434e-10 9.653538928317359e-02
1 90 2.120476229762908e+02 5.537695505495467e-18 9.652174724839448e-02
0 51 2.132558807187836e+02 3.109187820979935e-18 7.565276550248409e-02
1 91 2.140596536429255e+02 3.952172304723625e-18 9.652267312709316e-02
1 92 2.162075035520586e+02 1.209109230717827e-02 8.299137840865059e-02
0 52 2.174352413276401e+02 3.081294517040447e-18 7.565295038174609e-02
1 93 2.180838576872469e+02 5.443582653266118e-10 9.652777639962035e-02
1 94 2.200959798858255e+02 6.224085278846877e-18 9.653563257196687e-02
0 53 2.216145965575037e+02 3.700819902361201e-18 7.565270070835727e-02
1 95 2.221080678504489e+02 2.567262855780570e-18 9.653796810283548e-02
1 96 2.241387268416090e+02 1.606163800592314e-03 9.439384665516731e-02
0 54 2.257939724904699e+02 3.184689523344390e-18 7.565224616553766e-02
1 97 2.261321505557568e+02 2.407338209755500e-18 9.654822747989564e-02
0 55 2.299733752032081e+02 3.672344354539114e-18 7.565176728180006e-02
1 98 2.301561030395945e+02 1.385243364737776e-16 9.655593539198841e-02
1 99 2.326710327730923e+02 3.091254971353804e-02 7.317103433361860e-10
0 56 2.341527764186091e+02 6.640628876668302e-18 7.565119772021452e-02
1 100 2.341800567967581e+02 4.322696437716172e-18 9.656002702372248e-02
1 101 2.361920932201744e+02 4.635734940511674e-18 9.656001671849142e-02
0 57 2.383321540428367e+02 3.636090862533586e-18 7.565125509640931e-02
1 102 2.382041313057871e+02 3.120299031222696e-10 9.655853515815367e-02
1 103 2.402162052966222e+02 2.976108916942270e-18 9.655692802133242e-02
0 58 2.425115152533853e+02 3.338401156564288e-18 7.565183728759443e-02
1 104 2.422282823244324e+02 1.892225121030286e-18 9.655235173954888e-02
1 105 2.442403346480209e+02 2.974599645117604e-18 9.654960325680996e-02
1 106 2.465099623530265e+02 2.226861070792588e-02 6.696159778148872e-02
0 59 2.466908845273132e+02 3.181334892065118e-18 7.565212917099416e-02
1 107 2.482644007955572e+02 2.914940269560978e-18 9.654072596709080e-02
0 60 2.508702729069723e+02 3.081325022762711e-18 7.565251421616867e-02
1 108 2.522884120604020e+02 2.306051469998152e-18 9.653224661853974e-02
1 109 2.541475747853218e+02 1.343959393741666e-02 8.019825590828328e-02
0 61 2.550496618145346e+02 3.393165390544907e-18 7.565306494249112e-02
1 110 2.563124931024446e+02 1.892783572299908e-18 9.652265514901015e-02
1 111 2.583246078171134e+02 6.085446767214384e-17 9.651654507993554e-02
0 62 2.592290278017685e+02 3.352490342505301e-18 7.565340979663895e-02
1 112 2.604436879198202e+02 3.090451318286256e-02 1.809997343747240e-09
1 113 2.623488593675331e+02 3.442638130984435e-17 9.651587910809384e-02
0 63 2.634083801925398e+02 3.764253560579227e-18 7.565344162385229e-02
1 114 2.663730684952411e+02 3.952188586781027e-18 9.652112469590707e-02
0 64 2.675877469093430e+02 3.911974366165193e-18 7.565304443203498e-02
1 115 2.686500024879944e+02 2.274989526033986e-02 6.534377186075914e-02
1 116 2.703971491114766e+02 5.705175919718347e-18 9.652977917364863e-02
0 65 2.717671346905054e+02 3.412166129158843e-18 7.565251544644561e-02
1 117 2.744211713121200e+02 3.566165936336254e-18 9.653782018946705e-02
0 66 2.759465197413237e+02 3.102044631953594e-18 7.565226500696125e-02
1 118 2.764331802959932e+02 2.330694980076349e-10 9.653958064871414e-02
1 119 2.784452578474209e+02 2.295006315607626e-16 9.654670362771042e-02
0 67 2.801258859221017e+02 4.201688418575205e-18 7.565196648170633e-02
1 120 2.804573189882983e+02 1.385585809932058e-16 9.654945067093497e-02
1 121 2.824693997166783e+02 8.226401915754441e-10 9.655499634004862e-02
0 68 2.843052457749267e+02 5.297125026709685e-18 7.565142370052025e-02
1 122 2.844814753228457e+02 2.015282077295950e-18 9.655688596444335e-02
0 69 2.884846253195611e+02 1.160791659937262e-17 7.565125742864304e-02
1 123 2.885055405911860e+02 2.874573549034388e-18 9.655989016065915e-02
1 124 2.908686390967321e+02 2.576869221913614e-02 4.177633332223231e-02
0 70 2.926640297955574e+02 3.088772594816345e-18 7.565167150446862e-02
1 125 2.925294822090643e+02 2.566959282329875e-18 9.655755416855347e-02
1 126 2.965534335981501e+02 2.450308661933244e-18 9.655088437164272e-02
0 71 2.968434325732730e+02 5.658102281112300e-18 7.565203747721885e-02
1 127 2.985654690332562e+02 6.789698609112809e-11 9.654886328776105e-02
0 72 3.010228077624793e+02 3.939268663142709e-18 7.565254096947178e-02
1 128 3.005775193797700e+02 1.860558916750115e-16 9.654141747426020e-02
1 129 3.025896064511057e+02 3.610202159258042e-18 9.653895143155529e-02
1 130 3.046017222975633e+02 6.389672064283485e-10 9.653091911975234e-02
0 73 3.052021637269589e+02 4.147898020086272e-18 7.565278825343978e-02
1 131 3.066138022864287e+02 1.892665774087990e-18 9.652942180401157e-02
0 74 3.093815260239527e+02 3.220581530756964e-18 7.565264239196184e-02
1 132 3.106379334755167e+02 3.326139176636190e-18 9.652384143407429e-02
1 133 3.130326208415094e+02 4.173700308249210e-10 9.653394260321821e-02
0 75 3.135609074242494e+02 4.640205652760868e-18 7.565264799696388e-02
1 134 3.146619900381804e+02 7.192424341018597e-18 9.652049984695910e-02
0 76 3.177402899012146e+02 3.986476581767348e-18 7.565293652436186e-02
1 135 3.186860902308430e+02 3.172096090473256e-18 9.651902364245388e-02
1 136 3.206982102598685e+02 4.787792766413662e-11 9.651997771864505e-02
0 77 3.219196520302353e+02 3.413310858012064e-18 7.565315786387232e-02
1 137 3.227102992943621e+02 2.567504703940905e-18 9.652071595038315e-02
1 138 3.247224394913170e+02 6.517835966643277e-18 9.652654754250922e-02
0 78 3.260990052154322e+02 3.660760094741181e-18 7.565311474686277e-02
1 139 3.269700000569109e+02 2.053255419492943e-02 7.088408658587261e-02
1 140 3.287466124394197e+02 3.895869978890741e-18 9.653741818957763e-02
0 79 3.302783771008179e+02 3.948331505273173e-18 7.565266774988177e-02
1 141 3.327706489994382e+02 2.567109248283578e-18 9.654707663796393e-02
0 80 3.344577739707327e+02 5.532402930288461e-18 7.565203902696274e-02
1 142 3.351360112801410e+02 2.574202516297759e-02 4.097184508739476e-02
1 143 3.367946173626430e+02 2.360320202590920e-18 9.655474910381623e-02
0 81 3.386371715056510e+02 3.081381258005377e-18 7.565155128046835e-02
1 144 3.388065984228186e+02 3.370719841195715e-18 9.655718723595952e-02
1 145 3.408186343211329e+02 4.920904622242306e-10 9.655985903442069e-02
0 82 3.428165492216403e+02 3.706760551324279e-18 7.565105874461907e-02
1 146 3.426950801408631e+02 1.209902099698852e-02 8.313064078255303e-02
1 147 3.448427409609404e+02 5.059809978767959e-18 9.656033123855925e-02
1 148 3.468548120252033e+02 4.064296311280985e-18 9.655863229927156e-02
0 83 3.469959130362299e+02 4.640257956132268e-18 7.565121639732296e-02
1 149 3.491099562404512e+02 2.127670445682420e-02 7.002023716936458e-02
0 84 3.511752843070981e+02 3.894513935005822e-18 7.565182788279549e-02
1 150 3.508789083513874e+02 7.622224557561012e-17 9.655140099653142e-02
1 151 3.549029119058264e+02 3.051671150959341e-17 9.654209722694408e-02
0 85 3.553546767338157e+02 3.427943360618079e-18 7.565235812994370e-02
1 152 3.574180663190428e+02 3.092042402507462e-02 2.777349017185361e-09
1 153 3.589269063444394e+02 3.519444774617050e-18 9.653174915248880e-02
0 86 3.595340704800399e+02 3.752654347947901e-18 7.565283930776388e-02
1 154 3.609389427147516e+02 5.125888643772417e-18 9.652985141297202e-02
1 155 3.630383958200123e+02 3.090095818485416e-02 8.500906039078194e-10
0 87 3.637134407879972e+02 3.793057026977416e-18 7.565334334508819e-02
1 156 3.649631320089233e+02 5.390289624203096e-10 9.652033500875830e-02
1 157 3.669752806736444e+02 5.193532267940484e-18 9.651672276298123e-02
0 88 3.678927943472256e+02 3.522363326971732e-18 7.565340322951100e-02
1 158 3.689873748272187e+02 2.567569923146717e-18 9.651635805819764e-02
1 159 3.712499933638621e+02 2.177805909696823e-02 6.848668145558957e-02
0 89 3.720721568656963e+02 3.123830386729071e-18 7.565296326972974e-02
1 160 3.730115407097934e+02 4.068653622991614e-18 9.651836856998530e-02
0 90 3.762515403235944e+02 4.269364397660634e-18 7.565264236498738e-02
1 161 3.770355950462340e+02 3.737289749408130e-18 9.652478051072948e-02
1 162 3.795506115640193e+02 3.090859570226819e-02 8.161611809015370e-10
0 91 3.804309243519617e+02 4.640215858281889e-18 7.565249760082303e-02
1 163 3.810596561606028e+02 5.537628990261622e-18 9.653138456189410e-02
1 164 3.830717488899070e+02 2.302672360103141e-18 9.653755204986340e-02
0 92 3.846102884630105e+02 4.640221584620292e-18 7.565234897439152e-02
1 165 3.852254567566422e+02 1.254084834239052e-02 8.192730294514523e-02
1 166 3.870959161406175e+02 3.837579163543263e-18 9.654738990111744e-02
0 93 3.887896453206732e+02 3.113108157134853e-18 7.565213252255883e-02
1 167 3.891079983233957e+02 3.843290401450247e-18 9.654986127299274e-02
1 168 3.911200421537971e+02 5.821452061158308e-18 9.655493502822135e-02
0 94 3.929690216852844e+02 6.194428689778991e-18 7.565159132091201e-02
1 169 3.933899775544704e+02 2.221086308964692e-02 6.663066813715833e-02
1 170 3.951440545272681e+02 2.061966173186715e-18 9.655900359872452e-02
0 95 3.971484250979594e+02 4.640262169618756e-18 7.565133652575236e-02
1 171 3.991679924864566e+02 2.303984726317697e-18 9.655922527427592e-02
0 96 4.013278310555825e+02 3.445310972795683e-18 7.565158579543528e-02
1 172 4.010207944847670e+02 1.382662955753827e-02 7.859586133946421e-02
1 173 4.031919891937138e+02 4.503928884609197e-18 9.655546163115832e-02
1 174 4.052040232175535e+02 1.140886917474805e-16 9.655069902015857e-02
0 97 4.055072116568323e+02 3.204528107161151e-18 7.565206006602569e-02
1 175 4.072161024526426e+02 3.183432069960243e-10 9.654833863568967e-02
1 176 4.092281964652055e+02 2.643187753040704e-17 9.654078357041863e-02
0 98 4.096865696365505e+02 3.390029786346297e-18 7.565233344767498e-02
1 177 4.132523681463583e+02 3.387997708551331e-18 9.653201725747147e-02
0 99 4.138659318817940e+02 6.357161656644238e-18 7.565250508457833e-02
1 178 4.155299538454840e+02 2.276836335624736e-02 6.520540285881102e-02
1 179 4.172764410234834e+02 2.935541960184090e-18 9.652549948153683e-02
0 100 4.180453141307874e+02 3.428432583215115e-18 7.565259278587887e-02
1 180 4.213004871748053e+02 2.018395015055100e-18 9.651897141716503e-02
0 101 4.222246991818926e+02 3.240935573492737e-18 7.565291956735649e-02
1 181 4.231615376920650e+02 1.325984949734937e-02 8.032745668274137e-02
1 182 4.253246372597858e+02 3.636120063930611e-16 9.651634716793656e-02
0 102 4.264040645613534e+02 4.640179078445764e-18 7.565338264801065e-02
1 183 4.273367265067094e+02 1.631530878244123e-16 9.651670620838228e-02
1 184 4.295177873050988e+02 2.620589152741018e-02 3.842751948252008e-02
0 103 4.305834175659510e+02 4.052940870942270e-18 7.565336315378700e-02
1 185 4.313609771408979e+02 4.193312954667546e-18 9.652050389439853e-02
0 104 4.347627841470243e+02 3.262549580173882e-18 7.565290627101930e-02
1 186 4.353851269985819e+02 2.073965168341719e-18 9.653054682498140e-02
1 187 4.379000698730392e+02 3.090785627373727e-02 8.987021073769797e-10
0 105 4.389421758381621e+02 3.695213042870160e-18 7.565241816775943e-02
1 188 4.394091325630891e+02 2.910810244713901e-18 9.654117782898930e-02
0 106 4.431215700135702e+02 4.640244768172857e-18 7.565186028879224e-02
1 189 4.434331262504491e+02 2.806260838530466e-18 9.655045979735746e-02
1 190 4.454451707452039e+02 3.120526446931504e-10 9.655597196625212e-02
0 107 4.473009437656719e+02 4.640257252090888e-18 7.565127733660056e-02
1 191 4.474572096987174e+02 1.082585796149978e-17 9.655816510530435e-02
1 192 4.494692808583295e+02 2.614061473093595e-18 9.656018863761039e-02
0 108 4.514803074733915e+02 3.197745940053209e-18 7.565106435531493e-02
1 193 4.516382033993960e+02 1.367760975362580e-02 7.914538609482903e-02
1 194 4.534933953669837e+02 2.298696892421281e-18 9.656012797259658e-02
0 109 4.556596823698822e+02 3.919392997332052e-18 7.565143896069400e-02
1 195 4.575174254485663e+02 2.566993027692740e-18 9.655548536780827e-02
1 196 4.600325450803970e+02 3.091958534419256e-02 1.647135940853817e-09
0 110 4.598390775273206e+02 3.776860288171571e-18 7.565197386559659e-02
1 197 4.615413944657244e+02 2.962936181705559e-18 9.654793850045033e-02
0 111 4.640184766557570e+02 3.402616673795166e-18 7.565261105576299e-02
1 198 4.655654156453315e+02 2.218247098557775e-18 9.653861461082526e-02
1 199 4.675774808494090e+02 4.383966878085000e-11 9.652933982583287e-02
0 112 4.681978525415761e+02 3.478764603734497e-18 7.565305759352432e-02
1 200 4.695895718429529e+02 1.879550728147587e-17 9.652758927216333e-02
1 201 4.716017083908142e+02 2.567499105838894e-18 9.652116392330919e-02
0 113 4.723772068087841e+02 1.424646902519003e-17 7.565318537689082e-02
1 202 4.738499697868983e+02 2.076336281250796e-02 7.146625651525414e-02
1 203 4.756259285380249e+02 3.952208016835133e-18 9.651896547459898e-02
0 114 4.765565668738701e+02 4.640193201849815e-18 7.565298863673499e-02
1 204 4.796500419604579e+02 3.618727198556028e-18 9.652026400252928e-02
0 115 4.807359473796858e+02 5.383402782600827e-18 7.565264641541225e-02
1 205 4.820556016736451e+02 3.632773388955190e-10 9.653476510815029e-02
1 206 4.836740967046794e+02 6.046061474071304e-18 9.652352128873291e-02
0 116 4.849153301834198e+02 3.095261735644953e-18 7.565261394275827e-02
1 207 4.856861121055237e+02 2.175247055132063e-18 9.652458651407370e-02
1 208 4.876982145403353e+02 6.972744866892967e-10 9.652879306422484e-02
0 117 4.890946948590870e+02 3.500779104830457e-18 7.565278030809937e-02
1 209 4.897102887851383e+02 4.763075713169319e-10 9.653022484528677e-02
1 210 4.917224084664176e+02 2.567264809074019e-18 9.653792012645539e-02
0 118 4.932740496646711e+02 4.640214963492758e-18 7.565255475313119e-02
1 211 4.937344987675643e+02 1.892460087961289e-18 9.654036404500238e-02
1 212 4.957697775047161e+02 2.017382143607479e-03 9.393261765572999e-02
0 119 4.974534207469381e+02 2.539208090587814e-17 7.565210016559522e-02
1 213 4.977586046438549e+02 1.163500005789164e-17 9.655016779956742e-02
0 120 5.016328209724548e+02 3.195095935400346e-18 7.565170964414229e-02
1 214 5.017825695959853e+02 8.584047573909393e-18 9.655707207485865e-02
1 215 5.042974968783981e+02 3.091302652080237e-02 9.247203964068808e-10
0 121 5.058122270991210e+02 3.565715910884957e-18 7.565125187534807e-02
1 216 5.058065017807862e+02 4.583037223624896e-18 9.655993579851507e-02
1 217 5.078185239336568e+02 6.522583721711975e-18 9.655946254909231e-02
0 122 5.099916104516579e+02 3.971636769987548e-18 7.565139227819535e-02
1 218 5.098305483610668e+02 2.968067150485137e-10 9.655736235453775e-02
1 219 5.118426210734097e+02 2.777628285640870e-10 9.655559777751027e-02
0 123 5.141709719409594e+02 3.081354285549808e-18 7.565194659765406e-02
1 220 5.138546983978196e+02 5.537513615980125e-18 9.655042361449688e-02
1 221 5.158667645435994e+02 4.515953320698148e-18 9.654768689779621e-02
1 222 5.181299629634242e+02 2.183181119685967e-02 6.834616202876340e-02
0 124 5.183503360663799e+02 3.523790809519907e-18 7.565221008999150e-02
1 223 5.198908621407205e+02 4.892295008753877e-18 9.653865011602798e-02
0 125 5.225297190162572e+02 3.375833984133461e-18 7.565247232213484e-02
1 224 5.239148880880560e+02 3.909904835419828e-18 9.653072822312672e-02
1 225 5.263410485582039e+02 7.962331201233005e-10 9.653080499493767e-02
0 126 5.267091085050228e+02 3.359949620883240e-18 7.565296849020539e-02
1 226 5.279389535968005e+02 4.541862286066801e-18 9.652207654328809e-02
1 227 5.299510585222283e+02 7.038384927615042e-18 9.651637878770174e-02
0 127 5.308884783271589e+02 3.383520051543865e-18 7.565337335998387e-02
1 228 5.320613305474395e+02 3.090517291465479e-02 1.463615332568751e-09
1 229 5.339753006758305e+02 1.352711711983252e-16 9.651601679682481e-02
0 128 5.350678309813171e+02 3.683586226352933e-18 7.565345501862389e-02
1 230 5.359874023583653e+02 5.200346979904702e-18 9.651620764817714e-02
1 231 5.379995260262680e+02 2.976550976504647e-18 9.652175766248394e-02
0 129 5.392471939972595e+02 3.356828182479970e-18 7.565312897544429e-02
1 232 5.402700007733844e+02 2.218309788914987e-02 6.634401780997257e-02
1 233 5.420236246863830e+02 2.063002290543393e-18 9.653131665956302e-02
0 130 5.434265803996863e+02 3.378947584692679e-18 7.565255435753233e-02
1 234 5.460476364183868e+02 3.489121420976501e-18 9.653999214565311e-02
0 131 5.476059702994373e+02 3.881398630845915e-18 7.565217580690903e-02
1 235 5.480596312369478e+02 1.881373655159679e-10 9.654180895480688e-02
1 236 5.500716915561044e+02 2.331780604865685e-18 9.654878349767383e-02
0 132 5.517853421954628e+02 3.456393320573975e-18 7.565184674159624e-02
1 237 5.520837374872403e+02 1.465535212204319e-17 9.655155458014618e-02
1 238 5.540958154994920e+02 2.315978012709819e-10 9.655651843928541e-02
0 133 5.559647026876484e+02 3.760637022478781e-18 7.565126383283714e-02
1 239 5.561078900085325e+02 2.803210535467473e-18 9.655827624472242e-02
0 134 5.601440769380730e+02 3.397961195172590e-18 7.565116773163580e-02
1 240 5.601319810198124e+02 4.343052068872360e-18 9.656023431165764e-02
1 241 5.624099601404579e+02 2.282622608877594e-02 6.509440404940092e-02
0 135 5.643234757956420e+02 3.088664588246089e-18 7.565173504006864e-02
1 242 5.641559476139894e+02 3.305997160586001e-18 9.655667277923914e-02
1 243 5.681798910229298e+02 2.137397219536346e-18 9.654914877748655e-02
0 136 5.685028802308393e+02 2.076643543020219e-17 7.565215486442513e-02
1 244 5.701919126597046e+02 3.380117217862534e-10 9.654712866919363e-02
1 245 5.722039527075527e+02 1.049472298609442e-15 9.653919845808956e-02
0 137 5.726822603684847e+02 1.160311607113481e-16 7.565266296509002e-02
1 246 5.742160353611063e+02 1.034132415482810e-15 9.653683471058401e-02
1 247 5.762281517106387e+02 4.546407299057782e-10 9.652860350898683e-02
0 138 5.768616175148543e+02 4.599813472449166e-18 7.565294461389897e-02
1 248 5.782402427005730e+02 4.096178669106543e-18 9.652720467954691e-02
0 139 5.810409762462978e+02 3.084384860933962e-18 7.565275978050673e-02
1 249 5.822644036773163e+02 2.567475865406104e-18 9.652208766074238e-02
1 250 5.846502514736246e+02 3.498197458638767e-10 9.653435990669630e-02
0 140 5.852203539406090e+02 3.821595214917244e-18 7.565263371867319e-02
1 251 5.862884739896049e+02 2.082132216251050e-18 9.652014318332572e-02
0 141 5.893997381665529e+02 9.246004283324923e-18 7.565280578300140e-02
1 252 5.903125535438573e+02 2.484297917032952e-18 9.652026051468045e-02
1 253 5.921810048446996e+02 2.743022885259204e-02 2.559530866356466e-02
0 142 5.935791042893006e+02 1.175988764535718e-17 7.565300967099620e-02
1 254 5.943367367763359e+02 9.757245525684888e-18 9.652271547846292e-02
1 255 5.963488736675190e+02 4.774536565525698e-18 9.652855263194964e-02
0 143 5.977584572482273e+02 3.143484767261845e-18 7.565299004035851e-02
1 256 5.985257735807160e+02 1.413726661037856e-02 7.703573300314938e-02
1 257 6.003730574162560e+02 3.952024539793123e-18 9.653934419425375e-02
0 144 6.019378247667706e+02 3.549496692072931e-18 7.565261174292034e-02
1 258 6.043971121309493e+02 5.134915423271394e-18 9.654879703125972e-02
0 145 6.061172194358601e+02 3.081360007291226e-18 7.565198431767765e-02
1 259 6.067569570833570e+02 2.538715815797374e-02 4.219975972659423e-02
1 260 6.084210753382877e+02 4.418511211350147e-18 9.655591103935322e-02
0 146 6.102966217769906e+02 3.733688486044879e-18 7.565147028648639e-02
1 261 6.124450653506495e+02 4.074660942832089e-18 9.656016650627323e-02
0 147 6.144760061619104e+02 3.208387253911390e-18 7.565111856690815e-02
1 262 6.143164267650023e+02 1.248336064512516e-02 8.220309898668106e-02
1 263 6.164691541630584e+02 8.877590112674097e-18 9.655982745065665e-02
1 264 6.184812233814573e+02 3.670851494354049e-18 9.655755270836390e-02
0 148 6.186553709316945e+02 3.380643893686061e-18 7.565132424821422e-02
1 265 6.207299556396566e+02 2.082197994653758e-02 7.133856399744290e-02
0 149 6.228347366500898e+02 4.640242781895061e-18 7.565186996857529e-02
1 266 6.225053478246989e+02 5.200860074685290e-18 9.654964946094489e-02
1 267 6.265293842276775e+02 4.079193918306929e-18 9.654030171413894e-02
0 150 6.270141228035772e+02 3.803844886466276e-18 7.565234360241573e-02
1 268 6.289023221342156e+02 2.630733136484843e-02 3.943191257673335e-02
1 269 6.305533789738606e+02 3.994437007275789e-18 9.653036250481448e-02
0 151 6.311935167897963e+02 3.378241503286328e-18 7.565278691638369e-02
1 270 6.325654011944664e+02 3.414111967255877e-18 9.652859425901489e-02
1 271 6.346560362162495e+02 3.090149230789465e-02 6.666412110143484e-10
0 152 6.353728910561363e+02 4.640183119398835e-18 7.565332862846759e-02
1 272 6.365895731921244e+02 8.015103777173559e-10 9.651942958233239e-02
1 273 6.386017206631918e+02 2.725345850268423e-18 9.651592087397995e-02
0 153 6.395522456435745e+02 4.640175221261724e-18 7.565348970889779e-02
1 274 6.406138217806337e+02 3.013292998720986e-18 9.651570196491410e-02
1 275 6.428699959846662e+02 2.132847001940332e-02 6.982633218876000e-02
0 154 6.437316050069630e+02 3.932467952269146e-18 7.565310129520769e-02
1 276 6.446380132210559e+02 9.399050729603655e-18 9.651828532073758e-02
0 155 6.479109861753930e+02 3.461099896022631e-18 7.565267830798014e-02
1 277 6.486620783470114e+02 2.045233722230938e-18 9.652590432527010e-02
1 278 6.511770700422012e+02 3.090830492559518e-02 1.403444136219689e-09
0 156 6.520903740079028e+02 3.081327641395201e-18 7.565242250897887e-02
1 279 6.526861138783222e+02 3.523776780229248e-18 9.653363070238417e-02
1 280 6.546981893125859e+02 3.952018225316126e-18 9.653998407525807e-02
0 157 6.562697435602124e+02 4.150207321878284e-18 7.565218946914741e-02
1 281 6.568463580148242e+02 1.212796700471600e-02 8.296832708147341e-02
1 282 6.587223366783343e+02 2.483493102267503e-10 9.654951562520160e-02
0 158 6.604491008516712e+02 3.710124989994078e-18 7.565192403676659e-02
1 283 6.607344173369545e+02 3.145584406417119e-18 9.655199818262653e-02
1 284 6.627464716407695e+02 2.566994068298726e-18 9.655642199763310e-02
0 159 6.646284725940866e+02 5.249946269725582e-18 7.565144802646005e-02
1 285 6.650099759912355e+02 2.178443982100050e-02 6.803647283477424e-02
1 286 6.667705070389459e+02 2.766226574469546e-18 9.655961943498412e-02
0 160 6.688078716862243e+02 4.640262446865876e-18 7.565132061691139e-02
1 287 6.707944510344473e+02 2.704774052411169e-18 9.655874163160506e-02
0 161 6.729872793691351e+02 4.640248357083484e-18 7.565169582115441e-02
1 288 6.733095042624415e+02 3.091886677199363e-02 2.073412052829744e-09
1 289 6.748184291220155e+02 3.486233081679362e-18 9.655408582900597e-02
1 290 6.768304511474449e+02 1.909124843412838e-17 9.654867857620973e-02
0 162 6.771666652197972e+02 3.108108732973717e-18 7.565225001318882e-02
1 291 6.788425258290117e+02 3.895980212261343e-10 9.654633749893965e-02
1 292 6.808546189141192e+02 3.401038773335473e-18 9.653834613855936e-02
0 163 6.813460249966505e+02 7.015923433093528e-18 7.565249195968156e-02
1 293 6.848788155403125e+02 2.498338374912763e-18 9.652976225006595e-02
0 164 6.855253832444448e+02 4.640210604973524e-18 7.565261090939730e-02
1 294 6.871499565859154e+02 2.234313272425975e-02 6.663009648109498e-02
1 295 6.889029201973718e+02 2.064004943589766e-18 9.652429395611231e-02
0 165 6.897047607646424e+02 1.818058445607019e-17 7.565259552494980e-02
1 296 6.929269674210424e+02 3.952201440576200e-18 9.651924352390648e-02
0 166 6.938841465044644e+02 3.127063092466241e-18 7.565276982291168e-02
1 297 6.947822003881111e+02 1.367149443585242e-02 7.915330302777342e-02
1 298 6.969510914954527e+02 3.606607152950476e-18 9.651745486340808e-02
0 167 6.980635154874349e+02 5.656923743729600e-18 7.565323839700779e-02
1 299 6.989631687249985e+02 2.092801417090288e-17 9.651795955556448e-02
1 300 7.011329689679430e+02 2.668801395427053e-02 3.698682223595474e-02
0 168 7.022428689945282e+02 3.081273595983391e-18 7.565330491110997e-02
1 301 7.029874181902450e+02 3.504446357079154e-18 9.652201849071418e-02
0 169 7.064222317828725e+02 3.376429767536979e-18 7.565290264408824e-02
1 302 7.070115897463611e+02 2.915840066782770e-18 9.653222914571066e-02
1 303 7.094975847891658e+02 2.986962338945073e-02 7.864736459462302e-03
0 170 7.106016209263784e+02 3.303370221305019e-18 7.565241863963619e-02
1 304 7.110356075810106e+02 4.254552910092996e-18 9.654303968136800e-02
0 171 7.147810198240678e+02 3.385390509433955e-18 7.565182495508757e-02
1 305 7.150595774828531e+02 2.715994109569383e-18 9.655218378073073e-02
1 306 7.170716043993342e+02 8.883301935069582e-11 9.655716109782833e-02
0 172 7.189604004965403e+02 4.640260244060466e-18 7.565118943263445e-02
1 307 7.190836269011249e+02 1.419440693614428e-16 9.655914912145715e-02
1 308 7.210956939494746e+02 3.185047114851942e-16 9.656061609611091e-02
0 173 7.231397657675744e+02 3.413714327677731e-18 7.565103173864988e-02
1 309 7.232589876439787e+02 1.327814442790881e-02 8.028100028150241e-02
1 310 7.251198171738150e+02 2.720892779979363e-18 9.655977028013278e-02
0 174 7.273191353279666e+02 3.257084070491676e-18 7.565151715264661e-02
1 311 7.291438757486516e+02 3.582901107923404e-18 9.655435192876827e-02
1 312 7.316590219533498e+02 3.091978632016987e-02 9.558713502635699e-10
0 175 7.314985240086002e+02 4.058616947710598e-18 7.565199476233167e-02
1 313 7.331678613590509e+02 3.561788613109845e-18 9.654632271930627e-02
0 176 7.356779227115454e+02 3.940768798131550e-18 7.565260999529556e-02
1 314 7.371918706417036e+02 1.817381408917189e-17 9.653695140813731e-02
1 315 7.390619321002599e+02 1.261296691023511e-02 8.213651242534312e-02
0 177 7.398573029708878e+02 3.188331046810667e-18 7.565311830696016e-02
1 316 7.412160097502492e+02 9.947563733229154e-17 9.652598830880892e-02
1 317 7.432281446568309e+02 2.567523943894796e-18 9.651954565387048e-02
0 178 7.440366591148693e+02 3.182540957274628e-18 7.565328755605538e-02
1 318 7.454264834600696e+02 2.503251338592721e-02 4.146472883479244e-02
1 319 7.472523827904677e+02 2.843492153240800e-18 9.651787644129235e-02
0 179 7.482160160767113e+02 3.993576141931699e-18 7.565312319465631e-02
1 320 7.512765216370871e+02 2.063380959411357e-18 9.652051223010950e-02
0 180 7.523953936670423e+02 4.640203723971188e-18 7.565270911071692e-02
1 321 7.536732308552367e+02 6.406503447860292e-11 9.653400928216779e-02
1 322 7.553005736929451e+02 3.543329466482143e-18 9.652529116255701e-02
0 181 7.565747790554774e+02 3.109728416879133e-18 7.565252145509312e-02
1 323 7.573125760901393e+02 2.567402601074700e-18 9.652649319118572e-02
1 324 7.593246621421379e+02 4.989632267603748e-17 9.653121263674165e-02
0 182 7.607541483830541e+02 3.752502718245408e-18 7.565261246142208e-02
1 325 7.613367212069445e+02 2.969191158073216e-10 9.653274312183130e-02
1 326 7.633488350100012e+02 4.376038528126215e-18 9.654028358984716e-02
0 183 7.649335040581748e+02 4.640220607071640e-18 7.565239234366587e-02
1 327 7.653609236441664e+02 6.745472827659908e-18 9.654282658774894e-02
1 328 7.674002796902882e+02 2.385830453328680e-03 9.355769129996443e-02
0 184 7.691128707657562e+02 4.640238493649489e-18 7.565192977432945e-02
1 329 7.693850499702768e+02 2.423408483255728e-18 9.655209459174025e-02
0 185 7.732922669093209e+02 3.124237025942717e-18 7.565161193369996e-02
1 330 7.734090346991399e+02 2.763164968654872e-18 9.655808349930786e-02
1 331 7.759239649343980e+02 3.091353166646049e-02 5.771318267528996e-10
0 186 7.774716760844303e+02 4.640260149023468e-18 7.565133030988565e-02
1 332 7.774329541879392e+02 5.552646900586980e-18 9.655963751269823e-02
1 333 7.794449616044170e+02 2.566951835614449e-18 9.655873154838313e-02
1 334 7.814569720969355e+02 4.844645801261053e-10 9.655597219958321e-02
0 187 7.816510652932644e+02 3.081369623351302e-18 7.565154931770995e-02
1 335 7.834690398703634e+02 7.982640527627453e-11 9.655409233118718e-02
0 188 7.858304285462303e+02 1.375753421978578e-17 7.565207807384908e-02
1 336 7.854811142319478e+02 4.441904220879201e-18 9.654831658944876e-02
1 337 7.874931912436211e+02 6.068266430455319e-18 9.654562045531304e-02
1 338 7.897499637356040e+02 2.138656442628329e-02 6.970152546846037e-02
0 189 7.900097886893902e+02 3.110811922416910e-18 7.565232215392871e-02
1 339 7.915173192281301e+02 3.853553250733683e-17 9.653645416789361e-02
0 190 7.941891659380713e+02 3.844485940649182e-18 7.565245387102010e-02
1 340 7.955413659623161e+02 5.631204292342065e-17 9.652915157156662e-02
1 341 7.979586813409957e+02 3.975225545413223e-10 9.653176331004927e-02
0 191 7.983685548075446e+02 3.922658365216594e-18 7.565285869817173e-02
1 342 7.995654203216474e+02 4.464770440832979e-18 9.652166144186534e-02
1 343 8.015775149525311e+02 2.567561546303481e-18 9.651658056515935e-02
0 192 8.025479283687406e+02 4.328605881047724e-18 7.565329248466071e-02
1 344 8.036789718057586e+02 3.090579573799548e-02 8.985085445740340e-10
1 345 8.056017414380493e+02 1.612749739908606e-10 9.651655444454124e-02
0 193 8.067272821753839e+02 3.175715002426655e-18 7.565341725811747e-02
1 346 8.076138459827730e+02 1.892911896466776e-18 9.651688794427801e-02
1 347 8.096259774513301e+02 3.319192543686228e-18 9.652264196125075e-02
0 194 8.109066417860309e+02 3.890508747319482e-18 7.565318097887044e-02
1 348 8.118900004885011e+02 2.146956044287168e-02 6.685594884841503e-02
1 349 8.136500959943005e+02 3.281858477948356e-18 9.653285644043985e-02
0 195 8.150860257047621e+02 3.987715334839190e-18 7.565259881757364e-02
1 350 8.176741042720681e+02 3.721996251609616e-18 9.654203642413826e-02
0 196 8.192654195471716e+02 3.182157553279532e-18 7.565211390026998e-02
1 351 8.200538261075532e+02 2.662324398251118e-02 3.766269771913525e-02
1 352 8.216981300441990e+02 2.119521104377415e-18 9.655068005067735e-02
0 197 8.234447978856731e+02 3.542502949679042e-18 7.565175511617921e-02
1 353 8.237101591488741e+02 3.951894401598627e-18 9.655343990635654e-02
1 354 8.257222310201294e+02 4.935423799588002e-10 9.655782240523478e-02
0 198 8.276241606181725e+02 3.646733740512872e-18 7.565113648622340e-02
1 355 8.277343006144687e+02 2.342744574382596e-18 9.655940042351648e-02
0 199 8.318035303816413e+02 4.640262606938905e-18 7.565111209394786e-02
1 356 8.317584134365781e+02 2.973212666122120e-18 9.656032647421679e-02
1 357 8.340299590198262e+02 2.240147677642934e-02 6.651677952802276e-02
0 200 8.359829225149277e+02 3.263019532039208e-18 7.565175261053056e-02
1 358 8.357824105876211e+02 2.566985947848138e-18 9.655564688140258e-02
1 359 8.398063555439090e+02 3.583571524406543e-18 9.654741547105315e-02
0 201 8.401623266072213e+02 4.119535835133153e-18 7.565224326080999e-02
1 360 8.418183636904157e+02 3.658159494668691e-10 9.654541730643436e-02
1 361 8.438303938704425e+02 2.330350741898802e-18 9.653710022229210e-02
0 202 8.443417114688435e+02 6.494599805366373e-18 7.565275578545642e-02
1 362 8.458424685682842e+02 1.914736069822733e-16 9.653484688691243e-02
1 363 8.478545824146418e+02 9.098884247366110e-10 9.652643683337150e-02
0 203 8.485210708746464e+02 3.906282199346709e-18 7.565308626405856e-02
1 364 8.498666808430750e+02 3.393859564299489e-18 9.652514474873662e-02
0 204 8.527004268683419e+02 3.308782538287791e-18 7.565292655418285e-02
1 365 8.538908693171231e+02 3.397339433054099e-18 9.652041365368515e-02
1 366 8.562300333147316e+02 8.858100690441441e-03 8.436280751352315e-02
0 205 8.568798007087827e+02 3.856427461704058e-18 7.565266102240237e-02
1 367 8.579149589035677e+02 5.111844616508502e-18 9.651974454807326e-02
0 206 8.610591859660148e+02 3.945009314440617e-18 7.565269971694731e-02
1 368 8.619390223822447e+02 2.016508814717596e-18 9.652154380785125e-02
1 369 8.638334072916746e+02 3.090986951893431e-02 2.268862556172682e-09
0 207 8.652385564701650e+02 4.640199480135518e-18 7.565285238265877e-02
1 370 8.659631760872660e+02 6.881678270060026e-17 9.652490333804405e-02
1 371 8.679753063865068e+02 2.943512313755809e-16 9.653076975281875e-02
0 208 8.694179104177108e+02 3.088669874900450e-18 7.565283323075467e-02
1 372 8.701450760716524e+02 1.367110692167655e-02 7.863177845238141e-02
1 373 8.719994953984767e+02 2.018021103342823e-18 9.654139095992031e-02
0 209 8.735972739238980e+02 1.786073554733355e-17 7.565251905903780e-02
1 374 8.760235699340058e+02 3.951913602340545e-18 9.655049087423052e-02
0 210 8.777766650309122e+02 3.841562171045742e-18 7.565190790016964e-02
1 375 8.783780888822821e+02 2.503924252548444e-02 4.336636423203675e-02
1 376 8.800475357542955e+02 2.957975739466394e-18 9.655693516571892e-02
0 211 8.819560705942648e+02 4.558216267878229e-18 7.565140736768196e-02
1 377 8.840715028199492e+02 1.516950563180709e-17 9.656025092987595e-02
0 212 8.861354616410474e+02 3.081855513325657e-18 7.565122630115657e-02
1 378 8.859377299520261e+02 1.286455327206750e-02 8.124022805296312e-02
1 379 8.880955699948847e+02 6.567713813517807e-17 9.655907204478584e-02
1 380 8.901076340765645e+02 3.158806305622488e-18 9.655619069777316e-02
0 213 8.903148288200769e+02 4.640250387720999e-18 7.565146927886013e-02
1 381 8.922724717624877e+02 1.343563365241721e-02 8.024447879039232e-02
0 214 8.944941903002333e+02 4.640238928353537e-18 7.565193842841442e-02
1 382 8.941317811845415e+02 2.787567855061514e-18 9.654769460975698e-02
1 383 8.981558532074015e+02 3.649802454986943e-18 9.653842197244993e-02
0 215 8.986735698632126e+02 1.135221600960044e-16 7.565233804518266e-02
1 384 9.005239959725710e+02 2.602617084456946e-02 4.056279750134379e-02
1 385 9.021798568648524e+02 1.892646010734416e-18 9.652911412552032e-02
0 216 9.028529626229964e+02 3.188211540061751e-18 7.565271376196021e-02
1 386 9.041918662675898e+02 3.161970852613579e-18 9.652747852464685e-02
1 387 9.062039407057264e+02 2.619272702980612e-18 9.651955281651393e-02
0 217 9.070323405198188e+02 3.878849465660836e-18 7.565326672688720e-02
1 388 9.082160180375580e+02 5.637828625563719e-10 9.651887092012243e-02
1 389 9.102281613785459e+02 6.551909468966669e-18 9.651550946498044e-02
0 218 9.112116969235470e+02 3.750139642109723e-18 7.565352849270250e-02
1 390 9.122402655375369e+02 4.111481456904039e-18 9.651543703819036e-02
1 391 9.144899985080858e+02 2.086385167529713e-02 7.111188245824195e-02
0 219 9.153910536352577e+02 3.081275000399866e-18 7.565321750505292e-02
1 392 9.162644795736975e+02 3.030548839523636e-18 9.651845702245349e-02
0 220 9.195704317822714e+02 3.251985505632359e-18 7.565273043790789e-02
1 393 9.202885613103450e+02 2.897066960068538e-18 9.652703696377803e-02
1 394 9.228035324555300e+02 3.090807994125132e-02 2.660593936375806e-09
0 221 9.237498225657288e+02 3.081332301987296e-18 7.565238034611986e-02
1 395 9.243125772726277e+02 3.522704633628953e-18 9.653577920514440e-02
1 396 9.263246342154596e+02 1.892404834956953e-18 9.654232013769028e-02
0 222 9.279291982389608e+02 5.107484330980492e-18 7.565205439005063e-02
1 397 9.283366709773458e+02 2.068871778915327e-10 9.654468230912532e-02
1 398 9.303487566861370e+02 8.171784806501149e-10 9.655152377621000e-02
0 223 9.321085575197732e+02 3.383821712731792e-18 7.565170970380197e-02
1 399 9.323608318931506e+02 3.389829458255972e-18 9.655398875096716e-02
1 400 9.343728947740473e+02 5.711346482415727e-18 9.655776723525647e-02
0 224 9.362879254206968e+02 4.077507569246236e-18 7.565131206524241e-02
1 401 9.366299742129231e+02 2.135104665456015e-02 6.941911623094912e-02
1 402 9.383969537530223e+02 1.319386543175337e-17 9.656009978311320e-02
0 225 9.404673189715334e+02 4.879593609752681e-18 7.565131772766470e-02
1 403 9.424209113746674e+02 5.394978486254578e-17 9.655815652151579e-02
0 226 9.446467262936523e+02 4.938700290878908e-18 7.565179000028836e-02
1 404 9.449359740250399e+02 3.091905935067347e-02 1.417279488135380e-09
1 405 9.464448763706750e+02 3.016149598837582e-18 9.655264577298640e-02
1 406 9.484568871753468e+02 5.381262753504648e-18 9.654663337211224e-02
0 227 9.488261170425855e+02 4.032235793400839e-18 7.565237734802184e-02
1 407 9.504689538361653e+02 2.538984764315274e-10 9.654433182203422e-02
1 408 9.524810430550655e+02 2.582418116717498e-10 9.653592690228727e-02
0 228 9.530054798276522e+02 3.452967124877247e-18 7.565265249451475e-02
1 409 9.544931355012446e+02 3.086844642380953e-18 9.653382350554940e-02
1 410 9.565052582545574e+02 4.437356528898737e-18 9.652749787174553e-02
0 229 9.571848352546734e+02 3.961318904696239e-18 7.565274018972111e-02
1 411 9.587699595657423e+02 2.190928719326098e-02 6.802662007625999e-02
1 412 9.605293954424958e+02 4.735850469228420e-18 9.652303110713446e-02
0 230 9.613642079736680e+02 3.555351720608314e-18 7.565263652619381e-02
1 413 9.645534508975164e+02 2.658597155171132e-18 9.651959697381393e-02
0 231 9.655435935527953e+02 3.149412889028641e-18 7.565266397722228e-02
1 414 9.669816587530596e+02 5.422851076001869e-10 9.653594438224236e-02
1 415 9.685775507978067e+02 6.666212538777204e-18 9.651884243693414e-02
0 232 9.697229662128318e+02 2.422625084616640e-17 7.565307035340170e-02
1 416 9.705896135573604e+02 4.604197587975858e-18 9.651949167718188e-02
1 417 9.727660828657176e+02 1.388039154902641e-02 7.604592742346457e-02
0 233 9.739023211602110e+02 2.597431564888125e-17 7.565320323355972e-02
1 418 9.746138546248541e+02 3.305274736557278e-18 9.652385203494672e-02
0 234 9.780816806270265e+02 3.490315069156806e-18 7.565285878418132e-02
1 419 9.786380443023844e+02 3.546790019147984e-18 9.653412631684534e-02
1 420 9.811288009441489e+02 3.002590991621533e-02 6.545557190219140e-03
0 235 9.822610660359253e+02 3.084535800373267e-18 7.565239750803728e-02
1 421 9.826620803989978e+02 4.110970402817506e-18 9.654490477836232e-02
0 236 9.864404681547180e+02 5.281442153969812e-18 7.565179750837528e-02
1 422 9.866860348233599e+02 2.567013110671937e-18 9.655373042181110e-02
1 423 9.886980439222377e+02 6.744521914949235e-10 9.655811958744810e-02
0 237 9.906198561074619e+02 1.259845897605433e-17 7.565114235301078e-02
1 424 9.907100495452884e+02 4.786783460189466e-18 9.655983177925695e-02
1 425 9.927221091468731e+02 7.762100296228778e-17 9.656076674131969e-02
0 238 9.947992243621607e+02 4.226655992224782e-17 7.565105123736292e-02
1 426 9.948798250157257e+02 1.287316575726036e-02 8.137289958229549e-02
1 427 9.967462348973256e+02 3.225495741857765e-18 9.655914607061136e-02
0 239 9.989785896637370e+02 3.143182053780693e-18 7.565162491880530e-02
1 428 1.000770320731030e+03 3.951893938861212e-18 9.655301934947448e-02
1 429 1.003258369159356e+03 2.999246050079264e-02 7.444538161894800e-03
0 240 1.003157971564215e+03 3.549103797640492e-18 7.565201555603245e-02
1 430 1.004794329235635e+03 2.875673924878822e-18 9.654461851112489e-02
0 241 1.007337368152649e+03 6.294643555771155e-18 7.565258013025848e-02
1 431 1.008818332478919e+03 3.164502538071504e-18 9.653538185376492e-02
1 432 1.010684048660782e+03 1.294428847379885e-02 8.136795847282768e-02
0 242 1.011516752215877e+03 3.458892373642683e-18 7.565313239232135e-02
1 433 1.012842452348014e+03 5.825233953099468e-16 9.652466413903052e-02
1 434 1.014854582823585e+03 1.033899148148087e-15 9.651825328563976e-02
0 243 1.015696111078250e+03 3.449977031056229e-18 7.565335213809467e-02
1 435 1.017045737610499e+03 2.472923575888604e-02 4.236929729147161e-02
1 436 1.018878832436811e+03 2.567554147879413e-18 9.651701034095021e-02
0 244 1.019875465672751e+03 3.081272759948448e-18 7.565324661620935e-02
1 437 1.022902996784445e+03 2.567486666583657e-18 9.652076624124835e-02
0 245 1.024054839904557e+03 5.149828246242769e-18 7.565280032846110e-02
1 438 1.025290860022026e+03 7.195583262907053e-10 9.653310122900699e-02
1 439 1.026927052645763e+03 3.877357768567264e-18 9.652701207160459e-02
0 246 1.028234227126210e+03 3.701386130787587e-18 7.565247118404050e-02
1 440 1.030951114189981e+03 2.090434563026949e-17 9.653364246244299e-02
0 247 1.032413601590017e+03 3.635992711750342e-18 7.565245848558928e-02
1 441 1.032963156497179e+03 1.076640818059256e-10 9.653526228697505e-02
1 442 1.034975261081539e+03 2.072575574123555e-17 9.654265994057765e-02
0 248 1.036592959490129e+03 4.640226594457217e-18 7.565222534879489e-02
1 443 1.036987344059598e+03 3.471536830029332e-18 9.654528976131654e-02
1 444 1.038999419986545e+03 2.159319161118694e-10 9.655193650889538e-02
0 249 1.040772322685887e+03 4.085042919131366e-18 7.565174429259716e-02
1 445 1.041011486367414e+03 2.469472791005632e-18 9.655396347464855e-02
0 250 1.044951713666445e+03 3.702134288805785e-18 7.565146405631688e-02
1 446 1.045035496012951e+03 3.644876870592814e-18 9.655896065679037e-02
1 447 1.047550435423943e+03 3.091407799521692e-02 2.850783385147490e-09
0 251 1.049131123615502e+03 3.876450139300357e-18 7.565142678148759e-02
1 448 1.049059412884560e+03 2.978786641634764e-18 9.655916281777768e-02
1 449 1.051071406284060e+03 2.181294525112761e-18 9.655786103792874e-02
1 450 1.053083403810652e+03 2.667471259748510e-18 9.655441826286681e-02
0 252 1.053310518324233e+03 3.743835000422801e-18 7.565171347604617e-02
1 451 1.055095463313835e+03 7.984658243765262e-10 9.655245962563351e-02
0 253 1.057489884634091e+03 5.114669554243460e-18 7.565222357133061e-02
1 452 1.057107531832983e+03 8.214533430641615e-18 9.654608570997056e-02
1 453 1.059119616175919e+03 3.951991415110019e-18 9.654345246868809e-02
1 454 1.061157698668917e+03 2.273694972910382e-03 9.370390405723125e-02
0 254 1.061669242018648e+03 3.194466705791176e-18 7.565245402627395e-02
1 455 1.063143771701991e+03 1.041263381545157e-15 9.653417044693506e-02
0 255 1.065848613769520e+03 3.763823863289367e-18 7.565246855467411e-02
1 456 1.067167844074804e+03 2.895221851365960e-18 9.652750012892186e-02
1 457 1.069576312626921e+03 3.945860126915131e-10 9.653254541328346e-02
0 256 1.070028000946724e+03 3.912718914950989e-18 7.565275213571457e-02
1 458 1.071191892838072e+03 1.892794995944568e-18 9.652134461672904e-02
1 459 1.073203977358568e+03 5.274162848066167e-18 9.651710858347691e-02
0 257 1.074207377953023e+03 3.837380780139662e-18 7.565317710650006e-02
1 460 1.075296611197348e+03 3.090637279288289e-02 9.119513944207324e-10
1 461 1.077228182834919e+03 4.859967291333447e-10 9.651748621438654e-02
0 258 1.078386733771819e+03 3.083149586045306e-18 7.565333585341791e-02
1 462 1.079240286151694e+03 3.776049251376929e-18 9.651796039873291e-02
1 463 1.081252423209417e+03 4.666321556442695e-18 9.652381243277190e-02
0 259 1.082566090475735e+03 3.081282736120809e-18 7.565319075330661e-02
1 464 1.083510000488547e+03 2.106051944168204e-02 6.828123986951859e-02
1 465 1.085276561759146e+03 3.104024785229636e-18 9.653444568350333e-02
0 260 1.086745470971678e+03 5.374636397766095e-18 7.565263368968582e-02
1 466 1.089300573469672e+03 1.846430074264959e-17 9.654396194638604e-02
0 261 1.090924867470255e+03 6.854442839084790e-18 7.565207071068873e-02
1 467 1.091674979493907e+03 2.630939536976080e-02 3.891412269067140e-02
1 468 1.093324573850198e+03 3.016930089089157e-18 9.655237693337433e-02
0 262 1.095104252575963e+03 3.156316214965004e-18 7.565169161475335e-02
1 469 1.095336585645725e+03 2.718281422092574e-18 9.655508121340492e-02
1 470 1.097348648109441e+03 6.168738255548998e-10 9.655887963673052e-02
0 263 1.099283619083825e+03 3.855879589187872e-18 7.565105063420874e-02
1 471 1.099360709243969e+03 9.533211860540766e-10 9.656022265429016e-02
1 472 1.101372774184986e+03 3.425994776344429e-18 9.656083177892615e-02
0 264 1.103462985477510e+03 3.938812551486795e-18 7.565109558397710e-02
1 473 1.103384838454223e+03 5.053429822380957e-18 9.656013725681686e-02
1 474 1.105649957956521e+03 2.196801702100614e-02 6.791073333283600e-02
0 265 1.107642370371822e+03 3.449909221253223e-18 7.565176252323776e-02
1 475 1.107408869168283e+03 4.099441547385387e-18 9.655446079198983e-02
1 476 1.111432825407196e+03 3.951957100914045e-18 9.654569264851127e-02
0 266 1.111821772164096e+03 3.219920508295889e-18 7.565230298463280e-02
1 477 1.113947987088320e+03 3.092063395041536e-02 7.114589603836731e-10
1 478 1.115456843439737e+03 3.482380349283966e-18 9.653516589757533e-02
0 267 1.116001161081132e+03 3.901734975568800e-18 7.565281218516871e-02
1 479 1.117468907220387e+03 2.731769729115227e-17 9.653302940793332e-02
1 480 1.119481015936687e+03 2.357020701548479e-10 9.652448638365449e-02
0 268 1.120180523599719e+03 4.640188575173747e-18 7.565320086974302e-02
1 481 1.121493117900566e+03 3.177620191471936e-18 9.652330838359365e-02
0 269 1.124359877812494e+03 3.183318166466627e-18 7.565309386368364e-02
1 482 1.125517330009527e+03 2.089427857207108e-18 9.651889460679264e-02
1 483 1.127789988030650e+03 2.245629880759718e-02 6.632481217013733e-02
0 270 1.128539247746801e+03 4.062135638037598e-18 7.565272434641401e-02
1 484 1.129541443088462e+03 2.421242649683368e-18 9.651933485392880e-02
0 271 1.132718633262042e+03 4.058891418776054e-18 7.565262865436347e-02
1 485 1.133565496414127e+03 4.749303302841655e-18 9.652281556596357e-02
1 486 1.135403519740385e+03 2.684537350532882e-02 3.615010086744622e-02
0 272 1.136898008365121e+03 3.652926988260152e-18 7.565270001791032e-02
1 487 1.137589618547590e+03 3.177759893805397e-18 9.652720450502536e-02
1 488 1.139601739047239e+03 5.310763062287292e-17 9.653313901331156e-02
0 273 1.141077364567709e+03 3.353943543473984e-18 7.565265873966000e-02
1 489 1.141764966485676e+03 1.322254576046036e-02 8.002017176031798e-02
1 490 1.143625927092906e+03 2.251193069471050e-18 9.654352946641824e-02
0 274 1.145256724746363e+03 3.182615378066790e-18 7.565239454456539e-02
1 491 1.147650021223992e+03 3.951900257325353e-18 9.655216164799353e-02
0 275 1.149436111316380e+03 4.640245318640187e-18 7.565180722541399e-02
1 492 1.149929979854084e+03 2.286504945154062e-02 6.440750647453114e-02
1 493 1.151673996895321e+03 2.384486600729339e-18 9.655784485656525e-02
0 276 1.153615518192171e+03 5.590440808351599e-18 7.565135922206381e-02
1 494 1.155697946815465e+03 4.175143664142548e-18 9.656014432561930e-02
0 277 1.157794915376752e+03 3.210579332051709e-18 7.565132637747975e-02
1 495 1.157558997044342e+03 1.324184188379515e-02 8.024332263788657e-02
1 496 1.159721990171657e+03 4.100403233233316e-16 9.655809692697648e-02
1 497 1.161734046252671e+03 6.582346262907553e-16 9.655458218638859e-02
0 278 1.161974286211172e+03 3.752263003791221e-18 7.565164411729472e-02
1 498 1.163894220309319e+03 1.308761334844319e-02 8.111221084262658e-02
1 499 1.165758209489359e+03 2.567144821366568e-18 9.654555452271510e-02
0 279 1.166153644950133e+03 4.640234202750681e-18 7.565203578668356e-02
1 500 1.169782317456837e+03 3.952039504608585e-18 9.653643686201908e-02
0 280 1.170333018075969e+03 3.081333813718960e-18 7.565235312992291e-02
1 501 1.172145668858042e+03 2.573899740933878e-02 4.167761572819784e-02
1 502 1.173806338112735e+03 4.364443913115525e-18 9.652795376068536e-02
0 281 1.174512408284969e+03 3.083174973748145e-18 7.565264108543460e-02
1 503 1.177830403793411e+03 2.744053984965221e-16 9.651918312411617e-02
0 282 1.178691789270356e+03 5.341091985913826e-18 7.565316361253861e-02
1 504 1.179700442486505e+03 1.260488108896365e-02 8.207171671134961e-02
1 505 1.181854604018232e+03 2.575693231215364e-17 9.651550757072197e-02
0 283 1.182871148158476e+03 3.081258720928193e-18 7.565351567154031e-02
1 506 1.183866707126031e+03 3.594525160446332e-18 9.651558194048364e-02
1 507 1.186064031633880e+03 2.565117882821360e-02 3.981786798478490e-02
0 284 1.187050502854996e+03 5.707727447652888e-18 7.565329873445435e-02
1 508 1.187890939280635e+03 2.847185856101357e-18 9.651893818949513e-02
0 285 1.191229877395527e+03 3.112398971844446e-18 7.565278273439970e-02
1 509 1.191915041883399e+03 2.567381472536652e-18 9.652823440111996e-02
1 510 1.194429997260762e+03 3.090791693928839e-02 6.978850881123523e-10
0 286 1.195409269979529e+03 3.409150503987907e-18 7.565236585111931e-02
1 511 1.195939045799351e+03 3.945812445486080e-18 9.653782351710652e-02
1 512 1.197951084009828e+03 2.278385286035773e-18 9.654452100597041e-02
0 287 1.199588652111788e+03 6.232973041443943e-18 7.565194816407476e-02
1 513 1.199963103482783e+03 5.981031791912884e-10 9.654695535768101e-02
1 514 1.201975177936569e+03 4.878297349520209e-10 9.655336517988936e-02
0 288 1.203768014917354e+03 3.081372289813457e-18 7.565151700573426e-02
1 515 1.203987243973904e+03 4.576596397487291e-18 9.655577714104380e-02
1 516 1.205999312814577e+03 2.566962648131893e-18 9.655892667803903e-02
0 289 1.207947380066522e+03 3.382409877813884e-18 7.565119657558540e-02
1 517 1.208249972275486e+03 2.090972108482908e-02 7.077503014987015e-02
1 518 1.210023393953177e+03 3.284581053834590e-16 9.656041246323618e-02
0 290 1.212126767380781e+03 3.081390262298760e-18 7.565133033918821e-02
1 519 1.214047371653016e+03 3.267619759548529e-18 9.655746338923189e-02
0 291 1.216306172287638e+03 5.702953091102962e-18 7.565186269209989e-02
1 520 1.216562448291076e+03 3.091921636758703e-02 1.359905860477765e-09
1 521 1.218071330430527e+03 2.356268962792134e-18 9.655116346788693e-02
1 522 1.220083331954200e+03 3.139892793002243e-18 9.654461692733071e-02
0 292 1.220485567132914e+03 3.711039713582850e-18 7.565247912646297e-02
1 523 1.222095387737684e+03 9.703123391745631e-10 9.654237161248615e-02
1 524 1.224107470629386e+03 2.299094738131788e-10 9.653359445955399e-02
0 293 1.224664933829087e+03 3.240271890213067e-18 7.565280293113365e-02
1 525 1.226119566631558e+03 4.325137237957442e-18 9.653161119446250e-02
1 526 1.228131697371620e+03 5.537674994355270e-18 9.652529022440823e-02
0 294 1.228844287657207e+03 3.936226721992004e-18 7.565288236471138e-02
1 527 1.230389962782647e+03 2.146704316467187e-02 6.939429856451193e-02
1 528 1.232155865813115e+03 1.084835957076298e-17 9.652173075304817e-02
0 295 1.233023655745482e+03 5.753549430499976e-18 7.565271537131700e-02
1 529 1.236179935930759e+03 5.400042348749770e-17 9.651996778498412e-02
0 296 1.237203040351732e+03 3.369064352584430e-18 7.565260660142607e-02
1 530 1.238599292454746e+03 4.220014768353828e-10 9.653555720218461e-02
1 531 1.240204015272184e+03 5.178443572683215e-18 9.652043835015030e-02
0 297 1.241382416646547e+03 4.198142684312351e-18 7.565289317070813e-02
1 532 1.242216062090035e+03 2.162757138594865e-18 9.652123066949675e-02
1 533 1.244377059729826e+03 1.296527446644846e-02 7.994536985906414e-02
0 298 1.245561773968609e+03 3.982254479635640e-18 7.565306673921017e-02
1 534 1.246240287735980e+03 4.424237808776956e-10 9.652595656127783e-02
1 535 1.248252408761930e+03 3.150944840435029e-18 9.653399673203322e-02
0 299 1.249741130858576e+03 3.081308449888035e-18 7.565277482370010e-02
1 536 1.250264490448376e+03 3.324702702414919e-18 9.653622717645577e-02
1 537 1.252500673010072e+03 1.377543455200313e-02 5.351568019727887e-02
0 300 1.253920511773874e+03 3.441943258053136e-18 7.565231205319282e-02
1 538 1.254288548741333e+03 2.056583463532157e-18 9.654679409247452e-02
0 301 1.258099915213584e+03 3.081373104623598e-18 7.565176767034752e-02
1 539 1.258312497131910e+03 1.931581453398972e-18 9.655511805214005e-02
1 540 1.260827431486080e+03 3.091205542163065e-02 1.706668714094427e-09
0 302 1.262279310250650e+03 4.640263101411579e-18 7.565113437128564e-02
1 541 1.262336478999761e+03 3.951831607426796e-18 9.656022382196244e-02
1 542 1.264348528201305e+03 1.600238971359511e-17 9.656065048884085e-02
0 303 1.266458682713742e+03 4.406950624155835e-18 7.565111872449154e-02
1 543 1.266500726194842e+03 1.246381150931830e-02 8.241942719571060e-02
1 544 1.268372650176083e+03 3.451036669638443e-18 9.655825866587982e-02
0 304 1.270638045128463e+03 3.088734383595796e-18 7.565172487724174e-02
1 545 1.272396760234535e+03 5.381827370593751e-18 9.655147786462279e-02
1 546 1.274669961794320e+03 2.250838858518791e-02 6.617834203855544e-02
0 305 1.274817420425142e+03 9.868300627483172e-18 7.565204767414491e-02
1 547 1.276420796396789e+03 2.393220415599908e-18 9.654280099213003e-02
0 306 1.278996813425817e+03 6.153500139034609e-18 7.565253209857498e-02
1 548 1.280444800340327e+03 2.436348964518177e-18 9.653387414192031e-02
1 549 1.282306147023396e+03 1.327369435488482e-02 8.058047037394232e-02
0 307 1.283176200405668e+03 5.299690754967247e-18 7.565310123383437e-02
1 550 1.284468900483723e+03 4.486556590128230e-18 9.652362020899995e-02
1 551 1.286481024166608e+03 1.771301916977467e-16 9.651732815857458e-02
0 308 1.287355562625037e+03 3.081737352445256e-18 7.565337136370938e-02
1 552 1.288604995467668e+03 3.090398085613277e-02 2.562838980623143e-09
1 553 1.290505278291715e+03 2.681616045371328e-18 9.651643654336609e-02
0 309 1.291534915653867e+03 3.832683729128558e-18 7.565334392822602e-02
1 554 1.294529466508510e+03 3.847623017854769e-18 9.652108524289196e-02
0 310 1.295714286224729e+03 3.815383149929375e-18 7.565290543619593e-02
1 555 1.296871757315483e+03 8.640799956586632e-03 8.494810276680634e-02
1 556 1.298553532059899e+03 4.248711230185998e-18 9.652866286436966e-02
0 311 1.299893674329853e+03 5.222421033757075e-17 7.565245882452798e-02
1 557 1.302577570901975e+03 3.701839579803958e-18 9.653602372175209e-02
0 312 1.304073054157109e+03 3.306429095653283e-18 7.565232725255942e-02
1 558 1.304589596032846e+03 2.037453740829406e-10 9.653772245212625e-02
1 559 1.306601688259372e+03 1.126964963350218e-16 9.654498649268878e-02
0 313 1.308252415623351e+03 4.156445743901903e-18 7.565206535747900e-02
1 560 1.308613761838206e+03 2.567125076833687e-18 9.654768692688219e-02
1 561 1.310625841585880e+03 6.422448868065955e-10 9.655375313336831e-02
0 314 1.312431776488536e+03 5.907316487240387e-18 7.565155543136885e-02
1 562 1.312637914312135e+03 2.567016974259397e-18 9.655572119665670e-02
0 315 1.316611161786474e+03 3.180918641741183e-18 7.565132956318416e-02
1 563 1.316661951560838e+03 3.410369197900983e-18 9.655968305124860e-02
1 564 1.319027984505576e+03 2.594916226208045e-02 4.109774033511662e-02
0 316 1.320790570080873e+03 4.088662069956858e-18 7.565153527927594e-02
1 565 1.320685876120607e+03 2.932524091507250e-18 9.655853573495884e-02
1 566 1.324709844231353e+03 3.061269158708579e-18 9.655275487170811e-02
0 317 1.324969969444351e+03 4.091657162985403e-18 7.565187216840585e-02
1 567 1.326721892715932e+03 3.531687062592178e-10 9.655074907136821e-02
0 318 1.329149339821914e+03 4.897905870063215e-18 7.565237264932281e-02
1 568 1.328733953118064e+03 6.638128353109393e-17 9.654379369610873e-02
1 569 1.330746040911691e+03 4.741292058645025e-18 9.654124049605838e-02
1 570 1.332758153448816e+03 3.205775497184172e-10 9.653342484631054e-02
0 319 1.333328695791477e+03 3.081315090500149e-18 7.565260240816271e-02
1 571 1.334770219640938e+03 1.931095899636826e-18 9.653184743375356e-02
0 320 1.337508062497382e+03 4.668414814961501e-18 7.565252076540045e-02
1 572 1.338794320882274e+03 2.404977539321667e-18 9.652578035031334e-02
1 573 1.341193942992324e+03 6.780832957386188e-10 9.653317918056983e-02
0 321 1.341687447103383e+03 3.694914461614104e-18 7.565266495673884e-02
1 574 1.342818370370685e+03 3.456508389740588e-18 9.652106237781366e-02
1 575 1.344830445616854e+03 2.771705744124066e-18 9.651790310237390e-02
0 322 1.345866827101498e+03 3.081283623202679e-18 7.565304071242898e-02
1 576 1.346914248342235e+03 3.090690166919026e-02 5.902433445943953e-10
1 577 1.348854626007376e+03 9.647563391118089e-10 9.651878501253727e-02
0 323 1.350046185740261e+03 4.143103307891471e-18 7.565324431238123e-02
1 578 1.350866724053182e+03 3.114416849261458e-18 9.651939744341710e-02
1 579 1.352878864030830e+03 4.099370450979457e-18 9.652528152582038e-02
0 324 1.354225540221400e+03 3.353977598173586e-18 7.565315350115467e-02
1 580 1.355130000427868e+03 2.073052077499827e-02 6.997844830598482e-02
1 581 1.356903021011849e+03 1.450157673690910e-16 9.653612631286627e-02
0 325 1.358404916624487e+03 3.759969156227121e-18 7.565264572946596e-02
1 582 1.360927042365548e+03 3.951953323557109e-18 9.654579025112375e-02
0 326 1.362584314215256e+03 4.640239843180315e-18 7.565203501101980e-02
1 583 1.363295914217162e+03 2.596960220611644e-02 4.018803229792266e-02
1 584 1.364951023020851e+03 2.567017419517606e-18 9.655387367793339e-02
0 327 1.366763705889548e+03 3.286692433469803e-18 7.565160089178798e-02
1 585 1.366963018296205e+03 4.882617007277426e-18 9.655646827646204e-02
1 586 1.368975068517697e+03 6.164351665537878e-10 9.655967541797754e-02
0 328 1.370943077558219e+03 2.035349704088237e-17 7.565101249739996e-02
1 587 1.370987118072542e+03 2.355595017381743e-10 9.656072072996316e-02
1 588 1.372999187816105e+03 4.600205228031912e-18 9.656085639145107e-02
1 589 1.375011257244758e+03 5.034587426804309e-18 9.655964636542418e-02
0 329 1.375122441921319e+03 9.335597456655987e-17 7.565112143250867e-02
1 590 1.377269957001917e+03 2.152605046306398e-02 6.927566315391649e-02
0 330 1.379301819656497e+03 3.081370689809794e-18 7.565177387848535e-02
1 591 1.379035321950435e+03 1.245220552122895e-17 9.655309540056020e-02
1 592 1.383059298448131e+03 1.851010103720999e-16 9.654397102105036e-02
0 331 1.383481217414953e+03 3.084886723610569e-18 7.565233832691516e-02
1 593 1.385574453354784e+03 3.092047580988488e-02 2.166091337014377e-09
1 594 1.387083301451944e+03 3.020436880082091e-18 9.653342072618015e-02
0 332 1.387660609336152e+03 4.245727397740445e-18 7.565282887885347e-02
1 595 1.389095352160119e+03 9.909748994706714e-18 9.653140627878229e-02
1 596 1.391107453708905e+03 3.411569247808042e-10 9.652280971590266e-02
0 333 1.391839975551238e+03 9.605721153034457e-18 7.565327795592440e-02
1 597 1.393119555120681e+03 7.743131096351875e-10 9.652175226604758e-02
1 598 1.395131702003982e+03 2.282314535340891e-18 9.651810705401778e-02
0 334 1.396019328952243e+03 4.269469800661568e-17 7.565324687754647e-02
1 599 1.397143785733914e+03 7.383816058733752e-18 9.651760573309640e-02
1 600 1.399409990642223e+03 2.202387893156640e-02 6.772456072173086e-02
0 335 1.400198695084762e+03 3.088613540797708e-18 7.565281233756331e-02
1 601 1.401167924853612e+03 3.698695690205952e-18 9.651896893267919e-02
0 336 1.404378080030879e+03 3.867143283618049e-18 7.565259722440813e-02
1 602 1.405191974874322e+03 2.567434274112120e-18 9.652404044887657e-02
1 603 1.407707015454987e+03 3.090883521127529e-02 1.161510165095750e-09
0 337 1.408557459741691e+03 4.640211859409987e-18 7.565256527793134e-02
1 604 1.409216065309555e+03 4.142739499179607e-18 9.652954626902423e-02
1 605 1.411228173038559e+03 7.481095984691173e-18 9.653559358952032e-02
0 338 1.412736819376957e+03 3.988394691229724e-18 7.565247788826271e-02
1 606 1.413385302536512e+03 1.278858598878735e-02 8.125270057291728e-02
1 607 1.415252353580118e+03 1.892354750075170e-18 9.654571549241943e-02
0 339 1.416916177274742e+03 3.475322889494618e-18 7.565224663491057e-02
1 608 1.419276465266193e+03 3.427717080220985e-18 9.655379695470248e-02
0 340 1.421095558801317e+03 3.913239348758846e-18 7.565168469536197e-02
1 609 1.421549978793175e+03 2.244530615718917e-02 6.583768965386673e-02
1 610 1.423300456904861e+03 6.840228903342864e-18 9.655865427578210e-02
0 341 1.425274964950572e+03 5.487606564624635e-18 7.565132356531032e-02
1 611 1.427324396849781e+03 2.916718984126743e-18 9.655988022703862e-02
0 342 1.429454367255237e+03 3.399317583131288e-18 7.565143886412935e-02
1 612 1.429180241294980e+03 1.361412115925505e-02 7.921551105578856e-02
1 613 1.431348416112861e+03 2.566984681522963e-18 9.655694179784877e-02
1 614 1.433360461971729e+03 2.958587738450988e-16 9.655277501810887e-02
0 343 1.433633742656364e+03 3.272630372315828e-18 7.565183903455276e-02
1 615 1.435372542094287e+03 4.266225291277469e-10 9.655040688916652e-02
1 616 1.437384634176141e+03 2.481442235422114e-18 9.654326265723974e-02
0 344 1.437813100224400e+03 5.508602753119631e-18 7.565216043379196e-02
1 617 1.441408776177684e+03 4.533348269270358e-18 9.653434110487469e-02
0 345 1.441992467460361e+03 3.636951116455545e-18 7.565239702558493e-02
1 618 1.443689972136103e+03 2.302209324806632e-02 6.436830797861955e-02
1 619 1.445432820646274e+03 4.835275210616284e-18 9.652682602512203e-02
0 346 1.446171854016741e+03 3.339259291421310e-18 7.565259025737092e-02
1 620 1.449456873495487e+03 3.247826638904551e-18 9.651909584813238e-02
0 347 1.450351237426518e+03 3.337530206223591e-18 7.565302985698151e-02
1 621 1.451321350593697e+03 1.301472619765384e-02 8.101067625478509e-02
1 622 1.453481049667280e+03 1.621629272400817e-16 9.651591242417930e-02
0 348 1.454530599326898e+03 7.280269025249352e-18 7.565345196744973e-02
1 623 1.455493147691897e+03 2.326266119046875e-18 9.651613353571832e-02
1 624 1.457505297779124e+03 7.730756332272767e-18 9.651903524384162e-02
0 349 1.458709952760206e+03 6.533983306503658e-18 7.565333583577850e-02
1 625 1.459517392278553e+03 2.741627247296765e-18 9.651976374165366e-02
