0 0 3.891464648755341e-01 2.871872155435923e-18 8.761304779479638e-02
0 1 3.151807401016878e+00 3.646877731640014e-18 8.760727480810969e-02
1 0 3.716922133556293e+00 3.786663860313457e-18 7.164177036096847e-02
0 2 5.914446343292137e+00 2.423618996866605e-18 8.760566163649926e-02
0 3 8.677067275684688e+00 2.737037547262600e-18 8.760502043910237e-02
1 1 8.770525733683195e+00 4.556817775279218e-18 7.164097290497926e-02
0 4 1.143970635017096e+01 2.698157655059172e-18 8.760394740101413e-02
0 5 1.420235618221940e+01 2.359032891093692e-18 8.760571714083604e-02
1 2 1.382408724514915e+01 4.337920208826395e-18 7.164205664852287e-02
0 6 1.696500003632377e+01 3.124110088714897e-18 8.761028947047422e-02
1 3 1.887767903870558e+01 3.593141731028409e-18 7.163974458055082e-02
0 7 1.972765006075968e+01 3.217094980394238e-18 8.761149408264843e-02
0 8 2.249035465094293e+01 3.373043387583911e-18 8.761603652353371e-02
1 4 2.393120265041075e+01 4.877562193251445e-18 7.163678387358011e-02
0 9 2.525300401104509e+01 4.313886968855144e-18 8.761617477135861e-02
0 10 2.801572677125789e+01 3.086419779548830e-18 8.761270157880800e-02
1 5 2.898470335637213e+01 3.989069838612203e-18 7.163905702078741e-02
0 11 3.077839513803731e+01 4.089503475777884e-10 8.761173867479624e-02
0 12 3.354107060798254e+01 3.334166605656551e-17 8.760614558984979e-02
1 6 3.403825615707639e+01 3.575987255592830e-18 7.164218201769844e-02
0 13 3.630371926945921e+01 3.218559610457919e-18 8.760451729303866e-02
0 14 3.906635187810055e+01 7.959272237166089e-18 8.760439262665838e-02
1 7 3.909183437509591e+01 4.330274540102101e-18 7.164108261423115e-02
0 15 4.182895993580149e+01 3.205734725103292e-18 8.760383550479561e-02
1 8 4.414545146410388e+01 4.184724178982422e-18 7.164238399955963e-02
0 16 4.459158161756674e+01 6.003491620476470e-18 8.760557940061013e-02
0 17 4.735423528965259e+01 5.855004656568628e-16 8.761057660566850e-02
1 9 4.919903170937965e+01 4.703103359446175e-18 7.163945747867659e-02
0 18 5.011688829888873e+01 2.358853303794902e-18 8.761163398864116e-02
0 19 5.287962397770079e+01 2.532678694207106e-18 8.761471781021299e-02
1 10 5.425251389759274e+01 4.284141937252254e-18 7.163766714187551e-02
0 20 5.564230434087267e+01 2.810190275873738e-18 8.761469606200055e-02
0 21 5.840503834565813e+01 2.488955331818274e-18 8.761139018903601e-02
1 11 5.930599780056054e+01 1.550196622699661e-17 7.163959627899572e-02
0 22 6.116769036154879e+01 4.131705104027192e-18 8.761030081529780e-02
0 23 6.393034123043584e+01 5.416027585180717e-18 8.760542874080642e-02
1 12 6.435958124390508e+01 8.991655596824894e-18 7.164242971770923e-02
0 24 6.669296230873590e+01 5.745038989902930e-18 8.760368162015951e-02
0 25 6.945557071880965e+01 3.407984173839331e-18 8.760438050255648e-02
1 13 6.941319664980942e+01 6.244380410050141e-18 7.164111954420578e-02
0 26 7.221820374369328e+01 5.018294653520253e-18 8.760469827203032e-02
1 14 7.446677574401610e+01 3.667949363901265e-18 7.164211966767570e-02
0 27 7.498085345091732e+01 2.628173217685541e-18 8.760632514070571e-02
0 28 7.774353112776470e+01 2.510428550634189e-18 8.761200225885951e-02
1 15 7.952032648127830e+01 4.948171991800139e-18 7.163891534777600e-02
0 29 8.050619943721510e+01 2.515946604505731e-18 8.761292648312718e-02
0 30 8.326892348891326e+01 3.183587665522755e-18 8.761614866160511e-02
1 16 8.457382541776079e+01 4.948237408539908e-18 7.163681694438291e-02
0 31 8.603157251221894e+01 4.798872684907788e-17 8.761596902004685e-02
0 32 8.879427475939808e+01 5.969440959531927e-18 8.761123474315054e-02
1 17 8.962735214929565e+01 3.529681280302402e-18 7.163987622248169e-02
0 33 9.155692474100728e+01 4.195413345642414e-18 8.760999997946949e-02
0 34 9.431956686850762e+01 6.253528399460633e-18 8.760563738468075e-02
1 18 9.468094488826441e+01 3.796226136741521e-18 7.164205514964336e-02
0 35 9.708221601544066e+01 4.982150261248691e-18 8.760385948409630e-02
0 36 9.984485553804161e+01 2.555823003157101e-18 8.760503608094795e-02
1 19 9.973450530834316e+01 3.528017473141309e-18 7.164102652481363e-02
0 37 1.027659634265183e+02 3.851765332396156e-02 1.346743036973979e-09
1 20 1.047881105016005e+02 3.627095182987972e-18 7.164170399222347e-02
0 38 1.053701157048758e+02 4.840597971173748e-18 8.760748787832091e-02
0 39 1.081327796828803e+02 3.743774171007194e-18 8.761330161011191e-02
1 21 1.098416853861083e+02 4.111105745577490e-18 7.163810880562102e-02
0 40 1.108954250731045e+02 5.530194925817836e-18 8.761408929116614e-02
0 41 1.136581589998699e+02 2.358770414485275e-18 8.761489427347459e-02
1 22 1.148951694731389e+02 4.512021599969757e-18 7.163764115153215e-02
0 42 1.164208326379847e+02 3.449947399214881e-18 8.761453859319111e-02
0 43 1.191835498165704e+02 5.171770832228987e-18 8.760933637565577e-02
1 23 1.199486756172572e+02 4.161009382089244e-18 7.164079864383796e-02
0 44 1.219462106680072e+02 2.677931135101554e-18 8.760798136392331e-02
0 45 1.247088588775616e+02 2.391886072574324e-18 8.760431124442788e-02
1 24 1.250022521098818e+02 4.258419612291869e-18 7.164230577464747e-02
0 46 1.274714737842555e+02 2.396327581056266e-18 8.760272192297160e-02
0 47 1.302340847770802e+02 3.149025419310989e-18 8.760408175140133e-02
1 25 1.300558620246919e+02 2.630957436094506e-17 7.164195598153418e-02
0 48 1.329967098938575e+02 5.104812025815176e-18 8.760615216057895e-02
1 26 1.351094657222054e+02 9.057755031260650e-18 7.164152509852795e-02
0 49 1.357593523972390e+02 4.377797427543614e-18 8.760768902514421e-02
0 50 1.385220555148549e+02 5.832072470480078e-18 8.761316099662826e-02
1 27 1.401629850772050e+02 4.948181342230037e-18 7.163835895848909e-02
0 51 1.412847330697888e+02 3.386285192686242e-18 8.761378437209820e-02
0 52 1.440474755116560e+02 5.341124206586738e-18 8.761473688353080e-02
1 28 1.452164606138604e+02 3.667043121961394e-18 7.163763162140009e-02
0 53 1.468101344242336e+02 2.493225861587340e-18 8.761421399344754e-02
0 54 1.494139428196985e+02 3.852230299245800e-02 1.962056089006535e-09
1 29 1.502699985747641e+02 3.819377047886421e-18 7.164103060691890e-02
0 55 1.523354581143882e+02 3.007933101412880e-18 8.760746929611775e-02
0 56 1.550980750641200e+02 3.445764013050089e-18 8.760497670985337e-02
1 30 1.553236218418906e+02 5.075853220032608e-18 7.164167070477488e-02
0 57 1.578607122383366e+02 1.299156080640898e-17 8.760337889473867e-02
0 58 1.606233508059238e+02 3.186648529866277e-18 8.760508185480316e-02
1 31 1.603771882946032e+02 3.535490404934149e-18 7.164201240139813e-02
0 59 1.633859934004267e+02 5.971039139945459e-18 8.760796287840929e-02
1 32 1.654307694733914e+02 3.788915854649136e-18 7.164083329292735e-02
0 60 1.661486520587962e+02 1.829970057706137e-16 8.760938355195289e-02
0 61 1.689113402261692e+02 2.728315032056055e-18 8.761525782187839e-02
1 33 1.704843155222250e+02 4.224670588825575e-18 7.163716790164279e-02
0 62 1.716739881612212e+02 2.358740401239242e-18 8.761571624944067e-02
0 63 1.744367130835219e+02 2.386026841626412e-18 8.761466022059333e-02
1 34 1.755378115719243e+02 3.652256605824307e-18 7.163784794602245e-02
0 64 1.771993709783045e+02 3.342572798045826e-18 8.761399344202725e-02
0 65 1.799620554459907e+02 3.261520341871038e-18 8.760793115206625e-02
1 35 1.805913597376596e+02 6.163249579794010e-18 7.164148174631914e-02
0 66 1.827247163362332e+02 3.055219978287513e-18 8.760639358447696e-02
0 67 1.854873588126717e+02 3.286268251880914e-18 8.760467007700966e-02
1 36 1.856449331822017e+02 4.948122408357115e-18 7.164156282738235e-02
0 68 1.882499807578347e+02 3.481285459302725e-18 8.760323158491486e-02
1 37 1.906985230945617e+02 3.824269619272352e-18 7.164222743199335e-02
0 69 1.910126078581517e+02 3.274111013172909e-18 8.760494996577077e-02
0 70 1.937752335399690e+02 3.269267119853857e-18 8.760867465565494e-02
1 38 1.957521396833100e+02 4.948143513441504e-18 7.164040744159372e-02
0 71 1.965378701781957e+02 2.647017622693412e-18 8.760996357340300e-02
0 72 1.993005846065657e+02 2.438129461359195e-18 8.761443607744823e-02
1 39 2.008056460907134e+02 3.618708868859131e-18 7.163764758305141e-02
0 73 2.020632584714153e+02 2.709961346682812e-18 8.761474500434016e-02
0 74 2.048260029222162e+02 2.210318661049601e-17 8.761287409891676e-02
1 40 2.058591195013614e+02 3.528078675323139e-18 7.163883253671811e-02
0 75 2.075886726803926e+02 2.358851357266879e-18 8.761205234741333e-02
0 76 2.103513558966568e+02 3.349855779382489e-18 8.760663176466822e-02
1 41 2.109126616061520e+02 4.125853173776303e-18 7.164198471976992e-02
0 77 2.131139830553871e+02 3.364747240289684e-18 8.760498180600249e-02
0 78 2.158765927107122e+02 4.258925715502084e-18 8.760420056130214e-02
1 42 2.159662841327616e+02 3.892253293018092e-18 7.164144041698937e-02
0 79 2.186392126275561e+02 8.205430216057933e-17 8.760331334290387e-02
1 43 2.210198780143643e+02 4.948099908305157e-18 7.164233579973141e-02
0 80 2.216016654447995e+02 3.351113922058581e-02 2.481375606055269e-02
0 81 2.241645067922613e+02 3.696477194722728e-17 8.760962679558393e-02
1 44 2.260734378110896e+02 4.018660992592555e-18 7.164008709722676e-02
0 82 2.269271768568019e+02 4.195400345616702e-18 8.761082217331770e-02
0 83 2.296898965174433e+02 6.848569512362397e-18 8.761561540040012e-02
1 45 2.311269433354998e+02 3.552986440428977e-18 7.163699137826095e-02
0 84 2.324525569988369e+02 4.195322985098600e-18 8.761575657508210e-02
0 85 2.352152775810571e+02 5.260561213291935e-18 8.761321649056780e-02
1 46 2.361804440024765e+02 5.361647069842566e-18 7.163871903139402e-02
0 86 2.379779204847202e+02 4.248934618796386e-18 8.761223743505760e-02
0 87 2.407405707542442e+02 2.697145833304557e-18 8.760663196542547e-02
1 47 2.412340355508169e+02 3.527987194861001e-18 7.164192206454806e-02
0 88 2.435032197471033e+02 2.734393814584857e-18 8.760494897394258e-02
0 89 2.462658523128960e+02 2.634642519891610e-18 8.760511520382326e-02
1 48 2.462876134908696e+02 3.677448534380374e-18 7.164076159857001e-02
0 90 2.490284848333958e+02 3.721278841700005e-18 8.760451758797481e-02
1 49 2.513411890740092e+02 4.162276815403616e-18 7.164200753883594e-02
0 91 2.517911319733981e+02 4.159831621289812e-18 8.760625563105469e-02
0 92 2.545537754047792e+02 3.468342632417937e-18 8.761150912620043e-02
1 50 2.563947877759585e+02 1.497128355375681e-17 7.163908190411537e-02
0 93 2.573164169179215e+02 9.362237248873974e-17 8.761257485311036e-02
0 94 2.600791342794666e+02 3.399385186837552e-18 8.761572304714781e-02
1 51 2.614482928151585e+02 5.096467591184037e-17 7.163701577261723e-02
0 95 2.628417949323800e+02 4.195324302234522e-18 8.761568536097558e-02
0 96 2.656045200872023e+02 2.848496414661005e-18 8.761137739748846e-02
1 52 2.665017910576750e+02 4.948147701303379e-18 7.163976689541075e-02
0 97 2.683671918497560e+02 7.408599758124449e-10 8.761026995421103e-02
0 98 2.711298620150679e+02 2.958085848093265e-18 8.760524920107766e-02
1 53 2.715553453426602e+02 3.790486170011606e-18 7.164238511359847e-02
0 99 2.738924940155052e+02 3.812941898720361e-18 8.760360042061394e-02
0 100 2.766551136148764e+02 4.583543659607621e-17 8.760415256681013e-02
1 54 2.766089409640520e+02 3.867112221931169e-18 7.164125260084697e-02
0 101 2.794177221311622e+02 3.167504092914457e-18 8.760442442678419e-02
1 55 2.816625623368973e+02 6.890069920107761e-18 7.164219763563136e-02
0 102 2.821803471489939e+02 3.380445479128118e-18 8.760611326418635e-02
0 103 2.849430239668843e+02 5.882745210362045e-17 8.761145340036251e-02
1 56 2.867161113254671e+02 3.597255204900709e-18 7.163909133197384e-02
0 104 2.877056924322467e+02 3.410897401647165e-18 8.761236455497441e-02
0 105 2.904684342567973e+02 3.194000423799119e-18 8.761490961598037e-02
1 57 2.917695880003927e+02 4.250818297854820e-18 7.163756795361233e-02
0 106 2.932311085408580e+02 1.063394139367959e-10 8.761471102648684e-02
0 107 2.959938277260662e+02 3.171665666025844e-18 8.761069082397377e-02
1 58 2.968230888578291e+02 4.948153548658256e-18 7.164000726701214e-02
0 108 2.987564661184740e+02 2.823027993519395e-18 8.760946984729076e-02
0 109 3.015190968361721e+02 5.350785625891368e-18 8.760524870481674e-02
1 59 3.018766999957815e+02 3.578351337955948e-18 7.164236373522524e-02
0 110 3.042817257653707e+02 1.750634973885592e-16 8.760348596591358e-02
1 60 3.069302923318244e+02 6.126771093061209e-18 7.164123298845415e-02
0 111 3.070443463215981e+02 3.092466209003256e-18 8.760472978474845e-02
0 112 3.098069866797919e+02 3.675105404209206e-18 8.760585574602882e-02
1 61 3.119838655164590e+02 3.886001121348228e-18 7.164170091115135e-02
0 113 3.125696454276438e+02 2.487546227849863e-18 8.760742518410702e-02
0 114 3.153323225944437e+02 2.613546466975758e-18 8.761347295113922e-02
1 62 3.170374225374281e+02 3.679125494644573e-18 7.163810402721896e-02
0 115 3.180949794902221e+02 2.825218722115541e-18 8.761424143308510e-02
0 116 3.208577027321508e+02 3.724206690918252e-18 8.761598883296032e-02
1 63 3.220909206782155e+02 4.288373039901358e-18 7.163698990959452e-02
0 117 3.236203512030114e+02 5.262866623508502e-18 8.761563505760872e-02
0 118 3.263830463017397e+02 2.358903069494139e-18 8.761000012218519e-02
1 64 3.271444581950299e+02 7.724175256700133e-18 7.164052808758466e-02
0 119 3.291457068258729e+02 4.195436386930771e-18 8.760864072248545e-02
0 120 3.319083536403879e+02 3.377968030849151e-18 8.760515262243046e-02
1 65 3.321980360957231e+02 2.263503441315165e-17 7.164205759307651e-02
0 121 3.346709941041462e+02 3.979566489894073e-18 8.760340849858003e-02
0 122 3.374336298260264e+02 1.027689581125501e-17 8.760485232904648e-02
1 66 3.372516033784878e+02 3.528007383866164e-18 7.164146009158075e-02
0 123 3.401924551487384e+02 3.112672628601752e-04 8.738126091464885e-02
1 67 3.423052275110471e+02 4.379285094279984e-18 7.164135887893155e-02
0 124 3.429588750598505e+02 3.141969233516255e-16 8.760823535542112e-02
0 125 3.457215593346899e+02 2.358801441386092e-18 8.761372277945384e-02
1 68 3.473587736053190e+02 4.948202288478743e-18 7.163790111194601e-02
0 126 3.484842173787866e+02 1.306913573508793e-17 8.761434769118334e-02
0 127 3.512469606797026e+02 3.198713934303965e-18 8.761411837875643e-02
1 69 3.524122474785537e+02 5.225797913029920e-18 7.163813263173596e-02
0 128 3.540096391087126e+02 3.411898595401264e-18 8.761359194609297e-02
0 129 3.567723485761754e+02 4.469164200551738e-17 8.760829829314809e-02
1 70 3.574657599208620e+02 3.724781317529550e-18 7.164126226383155e-02
0 130 3.595349931764808e+02 2.716106081364508e-18 8.760682853101859e-02
0 131 3.622976217995386e+02 2.712431879414766e-18 8.760415025250758e-02
1 71 3.625193619291716e+02 4.941724533623617e-18 7.164205907487747e-02
0 132 3.650602338830145e+02 2.882827250979240e-18 8.760268247498547e-02
0 133 3.678228473459431e+02 2.771527476491245e-18 8.760425806492537e-02
1 72 3.675729714552871e+02 4.245885150007289e-18 7.164219674902204e-02
0 134 3.705854908962005e+02 5.304759056172527e-18 8.760734620924615e-02
1 73 3.726265508111196e+02 3.604160175329746e-18 7.164105841274684e-02
0 135 3.733481497385889e+02 2.358936871222377e-18 8.760877568341206e-02
0 136 3.761108605420675e+02 3.274142858659947e-18 8.761426462289267e-02
1 74 3.776800645993066e+02 3.528117366869751e-18 7.163780001503622e-02
0 137 3.788735335603474e+02 6.331291006028378e-18 8.761472000788090e-02
0 138 3.816362678029217e+02 5.029386836051452e-18 8.761462704680482e-02
1 75 3.827335487153865e+02 4.833746803897177e-18 7.163775991114651e-02
0 139 3.843989142614550e+02 3.236320980090022e-18 8.761393760874142e-02
0 140 3.871615853599227e+02 2.387967405892538e-18 8.760808290448682e-02
1 76 3.877871147528821e+02 3.796504340537753e-18 7.164145187876900e-02
0 141 3.899242262517251e+02 2.802333049355961e-18 8.760657310905186e-02
0 142 3.926868490381361e+02 2.815598693728025e-18 8.760510872503809e-02
1 77 3.928407211716651e+02 6.317473137323204e-18 7.164119617029094e-02
0 143 3.954494897300261e+02 1.409280790895884e-16 8.760370392466016e-02
0 144 3.982121369462760e+02 3.148501573255682e-18 8.760548493644373e-02
1 78 3.978942795292644e+02 8.293158721660506e-18 7.164203898022400e-02
0 145 4.009747737865824e+02 4.195424297093795e-18 8.760928972406085e-02
1 79 4.029478772127202e+02 6.820230534471167e-18 7.164020226566668e-02
0 146 4.037374220948194e+02 1.640067092319025e-17 8.761059531404058e-02
0 147 4.065001184995440e+02 2.358743148046015e-18 8.761572190941477e-02
1 80 4.080014112134824e+02 4.155597153911745e-18 7.163692828440235e-02
0 148 4.092627672425550e+02 3.223207444565943e-18 8.761600770926602e-02
0 149 4.120315943079740e+02 4.979849811517003e-04 8.723426979923234e-02
1 81 4.130549055389009e+02 3.671016370847149e-18 7.163859174058192e-02
0 150 4.147881643882149e+02 3.121127889473271e-18 8.761259944690841e-02
0 151 4.175508489419631e+02 3.750463089964939e-18 8.760680012753026e-02
1 82 4.181084483335741e+02 4.557704922068516e-18 7.164192816578827e-02
0 152 4.203135009330181e+02 3.382312188596452e-18 8.760518634058552e-02
0 153 4.230761351112105e+02 3.324442435275287e-18 8.760433788282306e-02
1 83 4.231620293129992e+02 5.088420357308600e-18 7.164129899042848e-02
0 154 4.258387442226976e+02 5.292632614493822e-18 8.760333283744647e-02
1 84 4.282156415941767e+02 3.528389857567043e-18 7.164252626480473e-02
0 155 4.286013633025714e+02 2.760995381343735e-18 8.760506798962962e-02
0 156 4.313640084219277e+02 2.358915400068924e-18 8.760959057507406e-02
1 85 4.332692316061539e+02 4.948150036252441e-18 7.163995163809922e-02
0 157 4.341266587878436e+02 2.538897284747420e-18 8.761075787209142e-02
0 158 4.368893887391909e+02 2.687384821804968e-18 8.761461574221772e-02
1 86 4.383227199077580e+02 3.528116651163894e-18 7.163766119501751e-02
0 159 4.396520689488528e+02 3.882210688976324e-18 8.761474885704532e-02
0 160 4.424148077722264e+02 4.189669216131284e-18 8.761228953307550e-02
1 87 4.433761988223993e+02 3.648047923528770e-18 7.163910314976991e-02
0 161 4.451774622611565e+02 3.455809812347941e-18 8.761131526731065e-02
0 162 4.479401221504835e+02 4.195472471859943e-18 8.760606748930838e-02
1 88 4.484297719836655e+02 4.132250067702412e-18 7.164219964704485e-02
0 163 4.507027458431344e+02 3.029881675822333e-18 8.760434566546728e-02
0 164 4.534653538646153e+02 3.244215414666446e-18 8.760450092478060e-02
1 89 4.534833919229347e+02 4.763424913978110e-18 7.164103017662578e-02
0 165 4.562279860972931e+02 4.195505206054516e-18 8.760416785907114e-02
1 90 4.585369676422550e+02 4.224721588234154e-18 7.164217763117883e-02
0 166 4.589810885827220e+02 7.835935412572918e-04 8.703516700505275e-02
0 167 4.617533014673286e+02 2.498046517698001e-18 8.761114993563950e-02
1 91 4.635905274984691e+02 6.363465421677393e-18 7.163936174707390e-02
0 168 4.645159683460610e+02 4.591162415221409e-18 8.761220609509920e-02
0 169 4.672786865447782e+02 2.207179725250585e-17 8.761625367891328e-02
1 92 4.686440344024970e+02 3.528176030063215e-18 7.163667444174113e-02
0 170 4.700413359939157e+02 4.195314537449479e-18 8.761621910836095e-02
0 171 4.728040456715085e+02 5.564565458821661e-18 8.761216487623884e-02
1 93 4.736975510593866e+02 3.528072053300627e-18 7.163938980324291e-02
0 172 4.755666972574749e+02 3.606000529432604e-18 8.761104071297626e-02
0 173 4.783293472826653e+02 2.811554631881509e-18 8.760598779877110e-02
1 94 4.787511372444675e+02 4.948104367966095e-18 7.164201665522271e-02
0 174 4.810919990329580e+02 2.550334509922779e-18 8.760425775418208e-02
0 175 4.838546375297526e+02 2.447312407508051e-18 8.760501145208099e-02
1 95 4.838047010242906e+02 3.719036041493654e-18 7.164086438053990e-02
0 176 4.866172575351329e+02 2.754089546126110e-18 8.760512039978002e-02
1 96 4.888583027193458e+02 4.229458121594791e-18 7.164190734298960e-02
0 177 4.893798946570270e+02 2.834755413211798e-18 8.760679731551721e-02
0 178 4.921425485990795e+02 3.403399189703316e-18 8.761239819343793e-02
1 97 4.939118891184875e+02 3.790984347372150e-18 7.163857827814758e-02
0 179 4.949051921135845e+02 1.757455471791531e-17 8.761331539689451e-02
0 180 4.976679237241321e+02 4.195335052298005e-18 8.761509363100325e-02
1 98 4.989653759992854e+02 3.528129823615003e-18 7.163741839218614e-02
0 181 5.004305974698510e+02 5.062291970863847e-18 8.761488030677779e-02
0 182 5.031933226043610e+02 2.783307075238053e-18 8.761019168815304e-02
1 99 5.040188723431444e+02 3.782872528211166e-18 7.164034200439647e-02
0 183 5.059559862556824e+02 4.611875973316012e-18 8.760895009696074e-02
0 184 5.087186417508693e+02 2.833462712168277e-18 8.760461898015956e-02
1 100 5.090724433082605e+02 3.527979340115478e-18 7.164241544604132e-02
0 185 5.114812592499474e+02 3.165876157020605e-18 8.760298593532873e-02
0 186 5.142438690215108e+02 4.195509488014965e-18 8.760407829296323e-02
1 101 5.141260539805338e+02 4.164403070828151e-18 7.164166603464310e-02
0 187 5.170064903024552e+02 3.425227847857023e-18 8.760532951898957e-02
1 102 5.191796593246345e+02 6.206836510243074e-18 7.164184372209620e-02
0 188 5.197691294833460e+02 4.667892679678433e-18 8.760694197400518e-02
0 189 5.225318234586292e+02 8.493969003399668e-18 8.761250535884024e-02
1 103 5.242331882506720e+02 1.168781854941633e-17 7.163866249056015e-02
0 190 5.252944997206372e+02 3.768534759540015e-18 8.761326096537689e-02
0 191 5.280572399088295e+02 1.623553967381191e-17 8.761519431320100e-02
1 104 5.292866673943779e+02 3.176666286363673e-17 7.163737634200489e-02
0 192 5.308199003083288e+02 3.373623309075901e-10 8.761482060871335e-02
0 193 5.335825997122876e+02 4.195409398124599e-18 8.760990157860367e-02
1 105 5.343401941214406e+02 6.312679520920065e-18 7.164049944038019e-02
0 194 5.363452349897198e+02 2.796115191134731e-18 8.760856295325736e-02
0 195 5.391078570949024e+02 4.459148474640719e-18 8.760523491718480e-02
1 106 5.393938141050002e+02 3.702050722990283e-18 7.164198447578202e-02
0 196 5.418704963584828e+02 3.210972799335205e-18 8.760350373878217e-02
1 107 5.444473810068756e+02 5.617145715424087e-18 7.164149527699483e-02
0 197 5.446331322049160e+02 2.359060774427171e-18 8.760506892733987e-02
0 198 5.473957706607447e+02 2.755055322885791e-18 8.760708161217845e-02
1 108 5.495009643126144e+02 4.948119163849428e-18 7.164121927987885e-02
0 199 5.501584271269069e+02 2.704382893867331e-18 8.760857143731453e-02
0 200 5.529211054788265e+02 2.491055894150279e-18 8.761463776889247e-02
1 109 5.545545224190531e+02 3.595148413005042e-18 7.163742617935311e-02
0 201 5.556837527207017e+02 5.202974367865090e-17 8.761524330385623e-02
0 202 5.584464785202292e+02 3.632749042471376e-18 8.761520058195732e-02
1 110 5.596080170420896e+02 4.948213616549306e-18 7.163753674030837e-02
0 203 5.612091369177324e+02 2.358775445660565e-18 8.761467610108595e-02
0 204 5.639718310259423e+02 3.475014572159726e-18 8.760872555817742e-02
1 111 5.646615541741800e+02 3.798110648458856e-18 7.164111142587005e-02
0 205 5.667344946142528e+02 2.358985173516189e-18 8.760725463140069e-02
0 206 5.694971410501346e+02 4.195502551657579e-18 8.760468006366591e-02
1 112 5.697151255870272e+02 3.527993803684420e-18 7.164204276990396e-02
0 207 5.722597656222296e+02 2.780436806193861e-18 8.760306913360448e-02
1 113 5.747687142824503e+02 3.775489113721218e-18 7.164195196082875e-02
0 208 5.750223906900642e+02 2.622997868574363e-18 8.760466492566429e-02
0 209 5.777850101877709e+02 2.358966244637433e-18 8.760762876048009e-02
1 114 5.798223358844906e+02 4.190627652925327e-18 7.164091190667993e-02
0 210 5.805476442183437e+02 2.654925686580984e-18 8.760902351283285e-02
0 211 5.833103505978740e+02 2.811682625616067e-18 8.761398933145577e-02
1 115 5.848758521372979e+02 3.889797090048653e-18 7.163782228399816e-02
0 212 5.860730232157177e+02 8.707640933509343e-17 8.761444574071221e-02
0 213 5.888357699112270e+02 4.195358009935437e-18 8.761354373137931e-02
1 116 5.899293224103574e+02 4.183759325640023e-18 7.163844543289495e-02
0 214 5.915984415051547e+02 4.195371015919331e-18 8.761285134790502e-02
0 215 5.943611340243521e+02 6.248815053202050e-18 8.760745287892677e-02
1 117 5.949828544991325e+02 6.408794853341108e-18 7.164163666136461e-02
0 216 5.971237642133142e+02 6.259147150156044e-18 8.760588095412226e-02
0 217 5.998863768061950e+02 2.928224113101276e-18 8.760430356076353e-02
1 118 6.000364770374364e+02 2.798183165527361e-17 7.164162590532690e-02
0 218 6.028056081483634e+02 3.851953521326903e-02 7.059493486724914e-10
0 219 6.054116244904781e+02 3.018250662419806e-18 8.760474470544433e-02
1 119 6.050900698250890e+02 4.185263286947734e-18 7.164223466856282e-02
0 220 6.081742810544779e+02 2.786583567787172e-18 8.760873731258184e-02
1 120 6.101436351337391e+02 3.676252538625220e-18 7.164049311447784e-02
0 221 6.109369488111084e+02 3.390305556128360e-18 8.761004697271872e-02
0 222 6.136996603514993e+02 4.748635667985464e-18 8.761538899407556e-02
1 121 6.151971512690969e+02 5.586585332698372e-18 7.163715498509611e-02
0 223 6.164623209919251e+02 5.458474332760237e-18 8.761567220774688e-02
0 224 6.192250451838446e+02 3.291662587346274e-18 8.761407039459432e-02
1 122 6.202506471065880e+02 4.325682107158013e-18 7.163819045436527e-02
0 225 6.219876895654188e+02 3.208419432933388e-18 8.761322081245985e-02
0 226 6.247503497222623e+02 2.868929642524889e-18 8.760726587395067e-02
1 123 6.253042279176270e+02 3.575932058745791e-18 7.164177035001171e-02
0 227 6.275130008027699e+02 2.699867395692138e-18 8.760567950724828e-02
0 228 6.302756339048298e+02 2.684301039554833e-18 8.760511940537871e-02
1 124 6.303578098330947e+02 4.266213023779853e-18 7.164087077853461e-02
0 229 6.330382676158430e+02 2.897308970869352e-18 8.760405669917418e-02
0 230 6.358009124833650e+02 2.359028049708836e-18 8.760584130587201e-02
1 125 6.354113808476883e+02 4.248877824229667e-18 7.164207920941429e-02
0 231 6.385635474020478e+02 2.358888279768343e-18 8.761047790357160e-02
1 126 6.404649878705111e+02 3.528071101880335e-18 7.163956190033158e-02
0 232 6.413261871234439e+02 2.723752979994708e-18 8.761165527878259e-02
0 233 6.440888983622596e+02 3.235653870056478e-18 8.761558674280009e-02
1 127 6.455185007628435e+02 4.342932032964177e-18 7.163707336562238e-02
0 234 6.468515584225514e+02 6.529939787517031e-18 8.761569709325517e-02
0 235 6.496142897878191e+02 7.634382943129882e-10 8.761216099212073e-02
1 128 6.505719910913615e+02 3.835842992706336e-18 7.163929454852154e-02
0 236 6.523769634510286e+02 2.358877273314805e-18 8.761118387960558e-02
0 237 6.551396420879125e+02 2.802076374972442e-18 8.760582308680658e-02
1 129 6.556255365200867e+02 3.792634623582951e-18 7.164229791905452e-02
0 238 6.579022775682807e+02 8.457509949135985e-18 8.760415537648880e-02
0 239 6.606648976562859e+02 4.195509869169340e-18 8.760413097134796e-02
1 130 6.606791354237197e+02 1.270559153342718e-17 7.164118305731434e-02
0 240 6.634275055209885e+02 3.149739865577088e-18 8.760378750524793e-02
1 131 6.657327533835796e+02 2.199871389376780e-17 7.164242387342354e-02
0 241 6.661901273992883e+02 2.179415668566083e-16 8.760549968834487e-02
0 242 6.689527952018506e+02 3.801759095845044e-18 8.761058317261874e-02
1 132 6.707863124929698e+02 8.412500352292180e-18 7.163951059862952e-02
0 243 6.717154614086220e+02 2.547479981054513e-18 8.761161505403443e-02
0 244 6.744781984450275e+02 2.481445021529039e-18 8.761501730675837e-02
1 133 6.758397944309836e+02 4.159814334209799e-18 7.163748335779710e-02
0 245 6.772408733559409e+02 2.842730885837393e-18 8.761497315797698e-02
0 246 6.800035987956250e+02 2.776680584916319e-18 8.761169221674778e-02
1 134 6.808932884418942e+02 3.920507834140337e-18 7.163944603414191e-02
0 247 6.827662396204626e+02 2.710685372667499e-18 8.761057509854399e-02
0 248 6.855288784627477e+02 3.281067178723649e-18 8.760574439071564e-02
1 135 6.859468905781272e+02 3.914283577453464e-18 7.164223311480232e-02
0 249 6.882915096592246e+02 2.359069136386354e-18 8.760397366354128e-02
0 250 6.910541284545289e+02 3.270556107454548e-18 8.760483468011189e-02
1 136 6.910004879122827e+02 4.052708289821451e-18 7.164092132032319e-02
0 251 6.938167671673176e+02 2.772705324443818e-18 8.760518373667328e-02
1 137 6.960540580248244e+02 3.529630390220576e-18 7.164194255691705e-02
0 252 6.965794230532561e+02 2.571530064321133e-18 8.760677376665167e-02
0 253 6.993420907849961e+02 2.712098474757457e-18 8.761265203721263e-02
1 138 7.011076261337688e+02 4.021518294324522e-18 7.163855550278621e-02
0 254 7.021047466621892e+02 2.715047616252376e-18 8.761355942733423e-02
0 255 7.048674662596006e+02 1.336302256355490e-16 8.761625594624493e-02
1 139 7.061611290533937e+02 4.230682715721696e-18 7.163676435590211e-02
0 256 7.076301149733488e+02 2.358734064591231e-18 8.761604598324249e-02
0 257 7.103928189443941e+02 3.199532260402444e-18 8.761088109884388e-02
1 140 7.112146553748839e+02 3.826043890616083e-18 7.164009553036724e-02
0 258 7.131554814070297e+02 2.986453583259826e-18 8.760962174462689e-02
0 259 7.159181347959687e+02 3.480630406724643e-18 8.760534225648316e-02
1 141 7.162682286163409e+02 3.527985384012871e-18 7.164209091191009e-02
0 260 7.186807781609422e+02 6.262133269168149e-17 8.760360253183616e-02
0 261 7.216427180682956e+02 3.314078278208153e-02 2.559751204219194e-02
1 142 7.213217975148131e+02 3.838864954936888e-18 7.164122108309125e-02
0 262 7.242060236946750e+02 1.830147657873632e-17 8.760581121578165e-02
1 143 7.263754204918241e+02 3.816726532392961e-18 7.164169379166414e-02
0 263 7.269686526685568e+02 2.792537518401869e-18 8.760740775420324e-02
0 264 7.297313272040470e+02 2.358822247282837e-18 8.761296686173341e-02
1 144 7.314289783591311e+02 4.240837034358097e-18 7.163829928201534e-02
0 265 7.324939833423493e+02 3.331548089334916e-18 8.761372725979909e-02
0 266 7.352567260859432e+02 4.195344808865799e-18 8.761449696291151e-02
1 145 7.364824525198677e+02 4.077518894064955e-18 7.163783496094205e-02
0 267 7.380194053656696e+02 3.304907093339953e-18 8.761410991746423e-02
0 268 7.407821232770114e+02 2.824935267596026e-18 8.760919064783124e-02
1 146 7.415359551092704e+02 4.441975170778436e-18 7.164081893004386e-02
0 269 7.435447709691207e+02 2.478774441627594e-18 8.760782616614278e-02
0 270 7.463074057704714e+02 2.387949516938976e-18 8.760435650110793e-02
1 147 7.465895534397741e+02 4.365286476391072e-18 7.164221779891315e-02
0 271 7.490700195878746e+02 3.139502816441366e-18 8.760278657082594e-02
0 272 7.518326308848964e+02 4.708815387334728e-18 8.760424653531000e-02
1 148 7.516431634007997e+02 4.061766532391636e-18 7.164204013193760e-02
0 273 7.545952690819845e+02 4.195469153630139e-18 8.760649646591684e-02
1 149 7.566967459098870e+02 3.527996687056131e-18 7.164138734888853e-02
0 274 7.573579248458619e+02 3.138410680926944e-16 8.760801539369747e-02
0 275 7.601206266054191e+02 3.395925460736984e-18 8.761374850088857e-02
1 150 7.617502694975902e+02 4.027058966922969e-18 7.163806423662507e-02
0 276 7.628832990769877e+02 3.730420777487742e-18 8.761434106865323e-02
0 277 7.656460327789736e+02 3.172804712023594e-18 8.761525984003449e-02
1 151 7.668037553411860e+02 3.529804556835754e-18 7.163732637406699e-02
0 278 7.684086807483733e+02 2.431216845372811e-10 8.761471461846727e-02
0 279 7.711713616490415e+02 2.817746890202281e-18 8.760900307836304e-02
1 152 7.718573084757091e+02 3.784031735460557e-18 7.164100802362584e-02
0 280 7.739340045935454e+02 3.195695170917347e-18 8.760756309240585e-02
0 281 7.766966306112988e+02 2.311226708311863e-17 8.760523183957017e-02
1 153 7.769109154948020e+02 3.920074018140002e-18 7.164152747988535e-02
0 282 7.794592734393842e+02 5.583937378156288e-18 8.760360700687903e-02
1 154 7.819644715904723e+02 3.644949752816459e-18 7.164184594320798e-02
0 283 7.822219180664191e+02 3.168726113716599e-18 8.760533126997641e-02
0 284 7.849845492493700e+02 8.741595446242366e-17 8.760829600161113e-02
1 155 7.870180737742547e+02 4.948135891481416e-18 7.164066840017039e-02
0 285 7.877471956809670e+02 2.809189612458063e-18 8.760968746878843e-02
0 286 7.905098830307994e+02 2.498843515033098e-18 8.761524558381503e-02
1 156 7.920716191364985e+02 9.774955481179557e-18 7.163712038321786e-02
0 287 7.932725308851921e+02 1.128290772009042e-09 8.761568233287789e-02
0 288 7.960352618069760e+02 4.959907874837365e-18 8.761405989413940e-02
1 157 7.971251088729215e+02 3.183616338919791e-17 7.163823035553674e-02
0 289 7.987979322943021e+02 3.251734299863133e-18 8.761336989254050e-02
0 290 8.015606261684984e+02 3.041279669869964e-18 8.760752438409160e-02
1 158 8.021786414827093e+02 4.215323205169184e-18 7.164161097024344e-02
0 291 8.043232814112278e+02 1.918557290121919e-17 8.760595691439579e-02
0 292 8.070859184038411e+02 5.437751622908192e-18 8.760431031779212e-02
1 159 8.072322227619666e+02 3.798119879782303e-18 7.164171722617102e-02
0 293 8.098485292472535e+02 3.680399051358382e-18 8.760298863013599e-02
1 160 8.122858316097534e+02 4.519789469716383e-18 7.164233573181573e-02
0 294 8.126111458143272e+02 3.176824026735144e-18 8.760465881065736e-02
0 295 8.153737832586568e+02 3.545358551970988e-18 8.760858741885633e-02
1 161 8.173394296705234e+02 6.106605418719350e-18 7.164044777658493e-02
0 296 8.181364308466004e+02 2.795203750521189e-18 8.760986607766504e-02
0 297 8.208991539231583e+02 3.271383809436162e-18 8.761437258257433e-02
1 162 8.223929258704395e+02 3.599314387058883e-18 7.163769208863897e-02
0 298 8.236618336331358e+02 3.644939266858919e-18 8.761465623043599e-02
0 299 8.264245758270571e+02 3.431576340670403e-18 8.761312274299694e-02
1 163 8.274464008983955e+02 3.965693964478000e-18 7.163865658787466e-02
0 300 8.291872325779726e+02 4.195378106087290e-18 8.761227079137937e-02
0 301 8.319499019625875e+02 3.374288137891998e-18 8.760680309029618e-02
1 164 8.324999635907053e+02 5.215959331045463e-18 7.164191475221848e-02
0 302 8.347125282284962e+02 2.359034059585554e-18 8.760514313785045e-02
0 303 8.374751370412539e+02 7.679335223261284e-18 8.760462451935622e-02
1 165 8.375535864613712e+02 3.649685123760072e-18 7.164116163590729e-02
0 304 8.402355010455767e+02 1.862574384252017e-04 8.746828494528067e-02
1 166 8.426071597986747e+02 4.321438317075919e-18 7.164213491155300e-02
0 305 8.430004129397084e+02 1.293438103627839e-16 8.760545781738360e-02
0 306 8.457630733596399e+02 4.195411588731427e-18 8.761025454413979e-02
1 167 8.476607268097025e+02 3.894312689202172e-18 7.163980483395042e-02
0 307 8.485257385820323e+02 9.770157867193744e-18 8.761143309679441e-02
0 308 8.512884496273512e+02 2.358729918901198e-18 8.761619126596688e-02
1 168 8.527142437268575e+02 3.694710586775541e-18 7.163666268414720e-02
0 309 8.540510992756239e+02 5.523582824812602e-18 8.761629974753388e-02
0 310 8.568138151134208e+02 8.090427694839100e-17 8.761304641494479e-02
1 169 8.577677516162154e+02 6.483102108886087e-18 7.163887641056088e-02
0 311 8.595764681201246e+02 3.771794954706736e-18 8.761204437630050e-02
0 312 8.623391270928330e+02 2.928169662510862e-18 8.760643819166887e-02
1 170 8.628213296270976e+02 5.783105617439930e-18 7.164195548202225e-02
0 313 8.651017813163870e+02 2.532310385329681e-18 8.760479255799010e-02
0 314 8.678644196496214e+02 2.489331412986192e-18 8.760496484107064e-02
1 171 8.678748967860311e+02 2.844849519110723e-17 7.164080182149668e-02
0 315 8.706270397674250e+02 3.273287495460076e-18 8.760445576271153e-02
0 316 8.733896747312122e+02 4.195473160288034e-18 8.760620094504314e-02
1 172 8.729284942969256e+02 4.948105800646030e-18 7.164208165838905e-02
0 317 8.761523191070489e+02 2.358862118706762e-18 8.761141792028669e-02
1 173 8.779820911179469e+02 3.680377064424352e-18 7.163905022190953e-02
0 318 8.789149605582771e+02 7.328868859800288e-18 8.761245565780697e-02
0 319 8.816776882673087e+02 4.087781798400360e-18 8.761514471455271e-02
1 174 8.830355827661574e+02 3.528131681005973e-18 7.163739804936571e-02
0 320 8.844403618614892e+02 3.341981890529100e-18 8.761507853777124e-02
0 321 8.872030939840932e+02 2.414990035796162e-18 8.761104502648430e-02
1 175 8.880890706758693e+02 4.082750156276086e-18 7.163985443256568e-02
0 322 8.899657601839025e+02 2.407143464222860e-18 8.760992714317202e-02
0 323 8.927284235256765e+02 2.813916931720808e-18 8.760510832997039e-02
1 176 8.931426339109253e+02 3.580089129487571e-18 7.164250806143853e-02
0 324 8.954910441581656e+02 4.094157859533211e-17 8.760341428724124e-02
0 325 8.982536531809735e+02 4.195509617691189e-18 8.760410728739233e-02
1 177 8.981962471178401e+02 3.991522058174857e-18 7.164129426089827e-02
0 326 9.010162720522341e+02 4.195495957653255e-18 8.760460671981272e-02
1 178 9.032498518062185e+02 5.841748415130553e-18 7.164212316481704e-02
0 327 9.037789078182288e+02 2.444111815514485e-17 8.760626721499304e-02
0 328 9.065415926410444e+02 3.792688205239081e-18 8.761175751221537e-02
1 179 9.083033904290222e+02 3.595952572174309e-18 7.163898284427885e-02
0 329 9.093042673565033e+02 3.530551850920801e-18 8.761264239405982e-02
0 330 9.120744413710021e+02 6.090594132612091e-04 8.716219667784324e-02
1 180 9.133568745649869e+02 6.074974266035050e-18 7.163720741238762e-02
0 331 9.148296652514033e+02 2.999947836519228e-18 8.761528454951938e-02
0 332 9.175923726559573e+02 5.341595848006917e-18 8.761092717441667e-02
1 181 9.184103915733930e+02 5.625634417503936e-18 7.163994157506021e-02
0 333 9.203550100798825e+02 6.534412460797776e-18 8.760967861344282e-02
0 334 9.231176386876843e+02 4.730219478172080e-18 8.760556727211517e-02
1 182 9.234640052751066e+02 4.125081838526654e-18 7.164213026062097e-02
0 335 9.258802802100392e+02 3.106301724173991e-18 8.760378140932726e-02
1 183 9.285175757567054e+02 1.932946060238713e-17 7.164107092625496e-02
0 336 9.286429136766006e+02 3.296871028740857e-18 8.760510032550986e-02
0 337 9.314055494060686e+02 2.680224211444799e-18 8.760625900639971e-02
1 184 9.335711577716015e+02 3.193428389169076e-17 7.164155911293457e-02
0 338 9.341682035507537e+02 2.392478428674398e-18 8.760779578099623e-02
0 339 9.369308719866834e+02 2.391336276121134e-18 8.761388516383933e-02
1 185 9.386247284704499e+02 1.296988764154296e-17 7.163782498131406e-02
0 340 9.396935182214314e+02 2.358769493268871e-18 8.761463534483056e-02
0 341 9.424562432095045e+02 4.195324604870460e-18 8.761560594013519e-02
1 186 9.436782235180506e+02 4.312406261095789e-18 7.163725273472885e-02
0 342 9.452189018589899e+02 4.195332006139841e-18 8.761522253722388e-02
0 343 9.479816053102721e+02 3.316637758889100e-18 8.760954945352159e-02
1 187 9.487317498581333e+02 3.679088122831118e-18 7.164072408913147e-02
0 344 9.507442714424985e+02 2.721829976706507e-18 8.760816607152845e-02
0 345 9.535069232699916e+02 3.240519629434376e-18 8.760475388599766e-02
1 188 9.537853179729956e+02 4.968242844012454e-18 7.164212890700590e-02
0 346 9.562695506510603e+02 3.007471353158894e-18 8.760307066401399e-02
0 347 9.590227406814154e+02 7.657339033525171e-04 8.699707030536076e-02
1 189 9.588389065167640e+02 4.310033104900105e-18 7.164170258438832e-02
0 348 9.617947886522136e+02 2.838118180086992e-18 8.760663365297736e-02
1 190 9.638925303094078e+02 3.586884361100217e-18 7.164135855323601e-02
0 349 9.645574199309054e+02 2.758281804523641e-18 8.760813495790915e-02
0 350 9.673201174752710e+02 3.017074776937214e-17 8.761341830886434e-02
1 191 9.689460573341337e+02 4.017396129953603e-18 7.163813323035131e-02
0 351 9.700827885952355e+02 3.369618937205857e-18 8.761401501193987e-02
0 352 9.728455359385460e+02 4.195349682772645e-18 8.761410822939739e-02
1 192 9.739995265800121e+02 4.948190709469038e-18 7.163807588119980e-02
0 353 9.756082091275509e+02 3.454095815107117e-17 8.761355098155819e-02
0 354 9.783709107434655e+02 4.492576587441841e-18 8.760834604178223e-02
1 193 9.790530483797573e+02 3.626637749031167e-18 7.164124980965710e-02
0 355 9.811335438601149e+02 2.929339439684687e-18 8.760687064974318e-02
0 356 9.838961608542808e+02 2.469118877895911e-18 8.760444790564903e-02
1 194 9.841066697331207e+02 5.725167013937232e-18 7.164179850405329e-02
0 357 9.866587824217463e+02 2.490967609684808e-18 8.760300570821276e-02
0 358 9.894214067935440e+02 2.359059915800806e-18 8.760466658965400e-02
1 195 9.891602619624313e+02 3.841956586172284e-18 7.164211756717581e-02
0 359 9.921840568535720e+02 3.052943518481456e-18 8.760786000888286e-02
1 196 9.942138314370106e+02 3.618704617318759e-18 7.164084775477152e-02
0 360 9.949467221218274e+02 5.743141768187652e-18 8.760927076458079e-02
0 361 9.977094247684443e+02 3.479157897789598e-18 8.761501005383433e-02
1 197 9.992673583206288e+02 5.677065846119861e-18 7.163737254346843e-02
0 362 1.000472085330535e+03 2.772048059564859e-18 8.761543387047240e-02
0 363 1.003234811477113e+03 2.648494929594029e-18 8.761482466400869e-02
1 198 1.004320852041741e+03 4.621834769148439e-18 7.163768958955631e-02
0 364 1.005997457145810e+03 2.714238966836309e-18 8.761411345768026e-02
0 365 1.008760127302056e+03 2.888206181837996e-18 8.760803486194035e-02
1 199 1.009374420540057e+03 7.989182396667761e-18 7.164145746077129e-02
0 366 1.011522780558701e+03 3.765783086404894e-18 8.760651254031451e-02
0 367 1.014285415400413e+03 3.632954449218970e-18 8.760513412527457e-02
1 200 1.014428005635598e+03 5.356593793466800e-18 7.164114602855426e-02
0 368 1.017048051076896e+03 4.195511999110774e-18 8.760373571133576e-02
1 201 1.019481572351831e+03 3.527987960248536e-18 7.164210946246453e-02
0 369 1.019810693635493e+03 3.206889632205292e-18 8.760551684701463e-02
0 370 1.022573321176088e+03 9.570702345884855e-18 8.760942240322080e-02
1 202 1.024535186646546e+03 3.815532398411261e-18 7.164007665666254e-02
0 371 1.025335958941316e+03 3.219178105901393e-18 8.761069944801254e-02
0 372 1.028098662820283e+03 7.646339354237660e-17 8.761528971871452e-02
1 203 1.029588708374199e+03 4.291701925592990e-18 7.163717953692673e-02
0 373 1.030861322033177e+03 4.319576452207183e-10 8.761555328462273e-02
0 374 1.033624058258647e+03 9.354003616203130e-18 8.761288849884617e-02
1 204 1.034642192717803e+03 3.545358812634039e-18 7.163884786097988e-02
0 375 1.036386733558973e+03 3.960885214467347e-18 8.761204000837805e-02
0 376 1.039149421151470e+03 4.471861973818116e-18 8.760648733132255e-02
1 205 1.039695728334676e+03 3.785178767051562e-18 7.164202968661598e-02
0 377 1.041912060103217e+03 3.338279780564977e-18 8.760484074303504e-02
0 378 1.044674681711252e+03 3.125339162550369e-18 8.760412813003472e-02
1 206 1.044749329683477e+03 3.818876917924414e-18 7.164135573760864e-02
0 379 1.047437289898624e+03 7.207953328971484e-18 8.760329505850460e-02
1 207 1.049802943666969e+03 3.890902934751919e-18 7.164248969537262e-02
0 380 1.050199908657504e+03 2.699435316708838e-18 8.760498617233148e-02
0 381 1.052962567984621e+03 2.542077004996995e-18 8.760966761217973e-02
1 208 1.054856512119401e+03 6.190339260783223e-18 7.163996912406020e-02
0 382 1.055725231722360e+03 7.027325983351889e-18 8.761081846402366e-02
0 383 1.058487962743385e+03 2.488033678741824e-18 8.761497623638408e-02
1 209 1.059910001001974e+03 5.131790541907448e-18 7.163743876515814e-02
0 384 1.061250637924430e+03 2.871093959534453e-18 8.761508444388602e-02
0 385 1.064013368297399e+03 3.469700321558478e-18 8.761265048043165e-02
1 210 1.064963489454547e+03 1.822977365195131e-17 7.163893642047327e-02
0 386 1.066776011374244e+03 7.505939769994028e-18 8.761164688524219e-02
0 387 1.069538659242615e+03 2.715954774318877e-18 8.760633586516738e-02
1 211 1.070017081698511e+03 7.356856856794301e-18 7.164204473283582e-02
0 388 1.072301292697328e+03 2.782010038072452e-18 8.760460512674506e-02
0 389 1.075063910599966e+03 3.608544953356193e-18 8.760494799512084e-02
1 212 1.075070683954622e+03 4.061944142490677e-18 7.164081228268224e-02
0 390 1.077826548774275e+03 2.812776524782287e-10 8.760461566958085e-02
1 213 1.080124250345143e+03 4.507326992169216e-18 7.164197709634096e-02
0 391 1.080589202143766e+03 2.805024476826047e-18 8.760627826201353e-02
0 392 1.083351860520748e+03 2.358856717426914e-18 8.761175523813299e-02
1 214 1.085177827919010e+03 4.363907475275256e-18 7.163903079701361e-02
0 393 1.086114515132288e+03 9.077869357888571e-17 8.761279245505679e-02
0 394 1.088877229517547e+03 3.388473608862318e-18 8.761635878361922e-02
1 215 1.090231338150935e+03 3.628697541099472e-18 7.163659696354727e-02
0 395 1.091639878246541e+03 7.328836242501036e-18 8.761629155894883e-02
0 396 1.094402590179144e+03 5.224852387615285e-18 8.761174367450877e-02
1 216 1.095284853552911e+03 4.241847537638980e-18 7.163963550242980e-02
0 397 1.097165254395480e+03 2.749136075101564e-18 8.761059805052451e-02
0 398 1.099927915623948e+03 2.998478744607622e-18 8.760562812464598e-02
1 217 1.100338420988363e+03 4.005508336114377e-18 7.164210321517077e-02
0 399 1.102845235120671e+03 3.852111133518778e-02 4.831444187737096e-10
0 400 1.105453195693220e+03 2.851074997295818e-18 8.760468578424155e-02
1 218 1.105391991994119e+03 3.559551276742785e-18 7.164106576209839e-02
0 401 1.108215805104476e+03 2.785057701030954e-18 8.760498425517016e-02
1 219 1.110445612692750e+03 4.068720946530839e-18 7.164196268494583e-02
0 402 1.110978431658494e+03 3.393849381616644e-18 8.760666356644344e-02
0 403 1.113741096435735e+03 5.813792655932935e-18 8.761211431344351e-02
1 220 1.115499181603534e+03 4.196626539331378e-18 7.163871933360515e-02
0 404 1.116503750453374e+03 3.094283858990400e-18 8.761300256717892e-02
0 405 1.119266491020420e+03 2.766172275348231e-18 8.761474175688172e-02
1 221 1.120552658410719e+03 4.152762296322977e-18 7.163764880473517e-02
0 406 1.122029170890991e+03 3.194760456605682e-18 8.761449968616693e-02
0 407 1.124791896479132e+03 2.388517335547581e-18 8.761011151013660e-02
1 222 1.125606151844687e+03 3.528035491334500e-18 7.164031454001506e-02
0 408 1.127554547066928e+03 2.713899672350721e-18 8.760886362569198e-02
0 409 1.130317188734696e+03 3.156291425446017e-18 8.760474686115084e-02
1 223 1.130659744217684e+03 9.625651489540017e-18 7.164237861086969e-02
0 410 1.133079805014444e+03 4.230564399709602e-18 8.760306232789013e-02
0 411 1.135842414371255e+03 3.439118433470972e-18 8.760429302039784e-02
1 224 1.135713355320904e+03 1.904906788241743e-17 7.164159373173627e-02
0 412 1.138605048691168e+03 2.359025166708285e-18 8.760571474013709e-02
1 225 1.140766939853316e+03 3.527988464421934e-18 7.164169873027408e-02
0 413 1.141367701239762e+03 3.012964057628747e-18 8.760730127556490e-02
0 414 1.144130393707729e+03 2.358822667082112e-18 8.761311406552715e-02
1 226 1.145820473337686e+03 3.528098022012935e-18 7.163834669685593e-02
0 415 1.146893065379121e+03 1.218487826464374e-17 8.761384244749104e-02
0 416 1.149651410166354e+03 3.596327237597252e-04 8.735046329641259e-02
1 227 1.150873962706475e+03 3.528160978026813e-18 7.163707369564846e-02
0 417 1.152418446008613e+03 1.163666892035220e-16 8.761535914043385e-02
0 418 1.155181136333175e+03 2.770877324648618e-18 8.760996912218973e-02
1 228 1.155927503826985e+03 4.331528938787869e-18 7.164051376523914e-02
0 419 1.157943781293360e+03 4.195434679231259e-18 8.760860239704465e-02
0 420 1.160706411963651e+03 5.061086397570123e-18 8.760540638205772e-02
1 229 1.160981108097222e+03 3.683324699097831e-18 7.164193096190846e-02
0 421 1.163469057235081e+03 3.144473095912523e-18 8.760365994241220e-02
1 230 1.166034664656035e+03 3.987349461444081e-18 7.164140572054917e-02
0 422 1.166231699441797e+03 2.149142153838822e-16 8.760524055293291e-02
0 423 1.168994326394694e+03 2.816765043116227e-18 8.760733357025002e-02
1 231 1.171088268622355e+03 4.254761588594910e-18 7.164110888600013e-02
0 424 1.171756970804915e+03 2.546390372458135e-18 8.760879357700661e-02
0 425 1.174519648544478e+03 2.396871895883296e-18 8.761461881523593e-02
1 232 1.176141826385824e+03 3.591936576691785e-18 7.163737342355148e-02
0 426 1.177282295203950e+03 2.769530694294446e-18 8.761520458249249e-02
0 427 1.180045027866699e+03 4.195341994747218e-18 8.761458511047614e-02
1 233 1.181195313091432e+03 4.336898655690925e-18 7.163791522083057e-02
0 428 1.182807699021969e+03 3.065187124287723e-18 8.761403185607677e-02
0 429 1.185570402183156e+03 3.275827268901239e-18 8.760830446793773e-02
1 234 1.186248835751577e+03 3.833429761161443e-18 7.164125611880254e-02
0 430 1.188333060558275e+03 4.614626275924539e-18 8.760680955617070e-02
0 431 1.191095701761637e+03 3.687115356553573e-18 8.760432750759604e-02
1 235 1.191302414605987e+03 3.785049163030062e-18 7.164205712923566e-02
0 432 1.193858314744986e+03 3.747676429013538e-18 8.760281172746755e-02
1 236 1.196356022522748e+03 2.617098373247138e-17 7.164212732845235e-02
0 433 1.196620928997490e+03 2.433516260298965e-18 8.760435082885266e-02
0 434 1.199383559871531e+03 3.417022171431279e-18 8.760760114935791e-02
1 237 1.201409625950914e+03 4.458735948451632e-17 7.164091280166478e-02
0 435 1.202146204514487e+03 2.358926044436685e-18 8.760899420950088e-02
0 436 1.204908919686879e+03 2.022744227176058e-16 8.761399603506155e-02
1 238 1.206463131628882e+03 1.357807966688428e-17 7.163788772902058e-02
0 437 1.207671598630937e+03 4.195345840994653e-18 8.761442361769194e-02
0 438 1.210434342636884e+03 5.620849258228787e-18 8.761386770967176e-02
1 239 1.211516604434309e+03 4.168187776133696e-18 7.163821173008750e-02
0 439 1.213197001435024e+03 2.735123722730252e-18 8.761314533075837e-02
0 440 1.215959680506239e+03 4.195446031815142e-18 8.760762837406214e-02
1 240 1.216570156152248e+03 3.754443319930844e-18 7.164159480667749e-02
0 441 1.218722309264592e+03 2.496916608453894e-18 8.760605486053061e-02
0 442 1.221685065625093e+03 3.242260223837177e-02 2.703173367604459e-02
1 241 1.221623780782050e+03 5.552617999527043e-18 7.164128878512609e-02
0 443 1.224247553188363e+03 6.940124743998000e-18 8.760352200102012e-02
0 444 1.227010193964793e+03 4.950966100243381e-18 8.760526045579918e-02
1 242 1.226677352167950e+03 4.312947462897821e-18 7.164207353349254e-02
0 445 1.229772846826826e+03 4.195425801744968e-18 8.760933806612020e-02
1 243 1.231730924527194e+03 3.601206393493475e-18 7.164021454993305e-02
0 446 1.232535510203290e+03 4.195402917696386e-18 8.761062773337144e-02
0 447 1.235298213012228e+03 4.400040665978770e-18 8.761596142431784e-02
1 244 1.236784452591312e+03 5.344905063231690e-18 7.163681112907369e-02
0 448 1.238060862635311e+03 2.358728098888828e-18 8.761621249328212e-02
0 449 1.240823583172422e+03 2.358793075963258e-18 8.761385721374196e-02
1 245 1.241837953987967e+03 3.810460089763557e-18 7.163836342671998e-02
0 450 1.243586237408047e+03 2.510712926347668e-18 8.761298695361527e-02
0 451 1.246348905847323e+03 2.932291795494224e-18 8.760703563461913e-02
1 246 1.246891521951149e+03 3.610884391085863e-18 7.164183712363349e-02
0 452 1.249111562592071e+03 2.798645307587008e-18 8.760545337668793e-02
0 453 1.251874201694024e+03 2.883479385955145e-18 8.760491303229667e-02
1 247 1.251945092889920e+03 5.537458948300661e-18 7.164092757684888e-02
0 454 1.254636823013043e+03 4.195506996949769e-18 8.760392365819165e-02
1 248 1.256998685283706e+03 4.796977812508856e-18 7.164221182135419e-02
0 455 1.257399455755765e+03 3.245097618458429e-18 8.760570053600453e-02
0 456 1.260162091318048e+03 3.031968744668343e-18 8.761038503203869e-02
1 249 1.262052291766648e+03 3.718184424889636e-18 7.163953865982503e-02
0 457 1.262924730525946e+03 2.785463641503472e-18 8.761153380415367e-02
0 458 1.265687452876952e+03 3.026480523308135e-18 8.761504382082068e-02
1 250 1.267105789433955e+03 4.249243149977662e-18 7.163742099495760e-02
0 459 1.268450126048104e+03 1.742740891262625e-10 8.761513077919236e-02
0 460 1.271212863937656e+03 2.845396961473976e-18 8.761187697304065e-02
1 251 1.272159270682584e+03 7.687121327468968e-17 7.163936738622778e-02
0 461 1.273975532485948e+03 3.199215335930703e-18 8.761087897078236e-02
0 462 1.276738204409932e+03 7.328930573590847e-18 8.760570114674773e-02
1 252 1.277212824440959e+03 3.527978701203099e-18 7.164233661475299e-02
0 463 1.279500828253328e+03 2.359065551802298e-18 8.760399641946903e-02
0 464 1.282263437285846e+03 2.359075265818629e-18 8.760415978196073e-02
1 253 1.282266441515218e+03 4.333917259209196e-18 7.164115544403857e-02
0 465 1.285026054969250e+03 9.065675399919881e-17 8.760400345979318e-02
1 254 1.287320043301061e+03 3.842916197516620e-18 7.164233887175071e-02
0 466 1.287788687273134e+03 2.810858802583089e-18 8.760567690663178e-02
0 467 1.290551363205054e+03 2.499387217615235e-18 8.761093614966886e-02
1 255 1.292373591665760e+03 4.948156759679537e-18 7.163940334354314e-02
0 468 1.293314036121548e+03 1.262340899434378e-17 8.761194831156928e-02
0 469 1.296076767347743e+03 3.065304338887232e-18 8.761566116059459e-02
1 256 1.297427082114010e+03 7.106702307318946e-18 7.163708124484316e-02
0 470 1.298839429628836e+03 2.780990053259295e-18 8.761559290299464e-02
0 471 1.301602143965697e+03 4.195378352523018e-18 8.761193529112420e-02
1 257 1.302480590939688e+03 3.532741938990843e-18 7.163939065898554e-02
0 472 1.304364783376186e+03 4.195399224028719e-18 8.761078949257416e-02
0 473 1.307127419725214e+03 5.429016906492911e-18 8.760598379039264e-02
1 258 1.307534196762637e+03 4.297036044873017e-18 7.164204358288477e-02
0 474 1.309890063547537e+03 4.195504464190641e-18 8.760420623821381e-02
0 475 1.312652695212390e+03 3.292012866071444e-18 8.760515608339546e-02
1 259 1.312587771784249e+03 3.928359216766617e-18 7.164079130761659e-02
0 476 1.315415329524182e+03 1.630112974263331e-17 8.760551632625073e-02
1 260 1.317641350219153e+03 3.733747645808087e-18 7.164178456738886e-02
0 477 1.318177981504538e+03 2.852094882963691e-18 8.760712325857012e-02
0 478 1.320940639957630e+03 2.821936176434533e-18 8.761302656915436e-02
1 261 1.322694932856134e+03 7.784334243024713e-18 7.163829814904367e-02
0 479 1.323703284915841e+03 2.914126873554470e-18 8.761391332179190e-02
0 480 1.326466007378139e+03 3.127408304563781e-18 8.761586325515508e-02
1 262 1.327748430945484e+03 4.407527586170822e-18 7.163701143147519e-02
0 481 1.329228666037880e+03 2.358748437167563e-18 8.761562092207320e-02
0 482 1.331991378257254e+03 6.457781989761196e-18 8.761038464332373e-02
1 263 1.332801946394056e+03 4.249112004365787e-17 7.164032234393246e-02
0 483 1.334754046758608e+03 3.954581914332543e-18 8.760910541050680e-02
0 484 1.337516705377317e+03 1.478248897829813e-17 8.760491255227765e-02
1 264 1.337855510120443e+03 3.527984628365889e-18 7.164219920798295e-02
0 485 1.340278658377570e+03 5.559857163948499e-05 8.756274663962219e-02
0 486 1.343041958081278e+03 6.347038000341673e-17 8.760438980973392e-02
1 265 1.342909099450514e+03 4.064913691233122e-18 7.164150094839242e-02
0 487 1.345804568751618e+03 2.359018276524662e-18 8.760571399148370e-02
1 266 1.347962723864830e+03 4.162477607117457e-18 7.164168817307326e-02
0 488 1.348567197153869e+03 9.513287371381211e-18 8.760730898284753e-02
0 489 1.351329885435293e+03 4.195372556122883e-18 8.761273600545090e-02
1 267 1.353016261279720e+03 6.609221842385937e-18 7.163847987962689e-02
0 490 1.354092554816006e+03 6.009047003027338e-18 8.761346646250265e-02
0 491 1.356855301190064e+03 4.270241431096047e-18 8.761455177234921e-02
1 268 1.358069731954223e+03 3.766686066584218e-18 7.163774581595826e-02
0 492 1.359617975728057e+03 4.195350979386447e-18 8.761413611373227e-02
0 493 1.362380685937221e+03 2.757404041836866e-18 8.760929601836182e-02
1 269 1.363123243319449e+03 4.238791567956177e-18 7.164075437598574e-02
0 494 1.365143321837359e+03 2.687492350748566e-17 8.760792978504092e-02
0 495 1.367905944098163e+03 3.279871427783502e-18 8.760473103610854e-02
1 270 1.368176861679262e+03 4.948111070039726e-18 7.164200967157744e-02
0 496 1.370668567513244e+03 3.690272028102040e-18 8.760310523036133e-02
0 497 1.373431189169893e+03 4.195502752486208e-18 8.760466857984903e-02
1 271 1.373230454240879e+03 3.555491060777965e-18 7.164194781972694e-02
0 498 1.376193834152951e+03 4.808668619059131e-18 8.760701795815411e-02
1 272 1.378284026777695e+03 6.019697683742155e-18 7.164119222674578e-02
0 499 1.378956496766448e+03 2.358946307459815e-18 8.760851223334075e-02
0 500 1.381719190013962e+03 4.195344008277663e-18 8.761448738766288e-02
1 273 1.383337564382618e+03 4.948210530730579e-18 7.163762855010614e-02
0 501 1.384481850256420e+03 3.564874713264307e-18 8.761505175122922e-02
0 502 1.387244576634841e+03 2.548107874182607e-18 8.761545954304600e-02
1 274 1.388391058469200e+03 3.686469438733883e-18 7.163729149579956e-02
0 503 1.390007223300698e+03 3.234257548012592e-18 8.761489413174989e-02
0 504 1.392769903382529e+03 3.186041412836825e-18 8.760888912026138e-02
1 275 1.393444614345716e+03 5.456059889798672e-18 7.164105984001856e-02
0 505 1.395532558900971e+03 3.333120001176621e-18 8.760741961683079e-02
0 506 1.398295196823617e+03 4.195499218580730e-18 8.760517833440931e-02
1 276 1.398498199990661e+03 7.616631494942649e-18 7.164155239497143e-02
0 507 1.401057834979487e+03 5.923750036019970e-18 8.760356293784512e-02
1 277 1.403551763659871e+03 2.544098558467556e-17 7.164183848132645e-02
0 508 1.403820475291696e+03 2.554670334315999e-17 8.760527323825876e-02
0 509 1.406583096747944e+03 4.195436813138751e-18 8.760836928407338e-02
1 278 1.408605383494890e+03 2.545346437233507e-16 7.164059076480929e-02
0 510 1.409345732402816e+03 2.543463534674732e-18 8.760973261000103e-02
0 511 1.412116815529633e+03 6.897711139937602e-04 8.711874772425622e-02
1 279 1.413658915554457e+03 3.528144490853558e-18 7.163732804397795e-02
0 512 1.414871085926946e+03 3.947431943231231e-18 8.761525293508540e-02
0 513 1.417633825639468e+03 3.242090572006709e-18 8.761353431367236e-02
1 280 1.418712395099082e+03 4.876118126105071e-18 7.163851130842207e-02
0 514 1.420396502324224e+03 4.529465161837841e-18 8.761281649066896e-02
0 515 1.423159199069376e+03 3.313948902259248e-18 8.760723142840669e-02
1 281 1.423765921169004e+03 4.948109399200241e-18 7.164170334429727e-02
0 516 1.425921841426765e+03 4.366853880484472e-18 8.760563907534426e-02
0 517 1.428684465822832e+03 2.764292530157357e-18 8.760415179617645e-02
1 282 1.428819522350506e+03 3.588262208586933e-18 7.164175237084568e-02
0 518 1.431447075020769e+03 3.685529347260002e-18 8.760296051884457e-02
1 283 1.433873134261408e+03 3.802059021530332e-18 7.164234698555880e-02
0 519 1.434209690762780e+03 2.584668643630449e-18 8.760457762310109e-02
0 520 1.436972342427406e+03 2.614095318646627e-18 8.760873538367053e-02
1 284 1.438926710050477e+03 3.528026889290465e-18 7.164042150596976e-02
0 521 1.439735003492606e+03 2.827947338177514e-18 8.761000810409592e-02
0 522 1.442497727314519e+03 6.185518129286576e-18 8.761479099196857e-02
1 285 1.443980207648563e+03 3.534535985377417e-18 7.163746133797534e-02
0 523 1.445260402498575e+03 5.474288056566914e-18 8.761504556952775e-02
0 524 1.448023136320678e+03 3.232399721016073e-18 8.761354089233579e-02
1 286 1.449033691894928e+03 3.771878714419602e-18 7.163843266101447e-02
0 525 1.450785781462927e+03 4.195370457631245e-18 8.761265992864499e-02
0 526 1.453548439012869e+03 2.789484682607064e-18 8.760702311464372e-02
1 287 1.454087273465185e+03 4.599061704440360e-18 7.164181410997374e-02
0 527 1.456311074656642e+03 2.728129053953642e-18 8.760536577109183e-02
0 528 1.459063335174274e+03 8.218182047870177e-04 8.685506767403553e-02
1 288 1.459140879539211e+03 3.528019687332687e-18 7.164086998848990e-02
