1 0 2.610406200757909e+00 2.865255037410285e-18 9.056747981994345e-02
0 0 3.929042773378583e+00 4.761927550744401e-18 7.617503049311400e-02
1 1 5.194369929602287e+00 2.280442435174226e-18 9.056749409137627e-02
1 2 7.778350014082575e+00 4.311794910050708e-18 9.056414520470002e-02
0 1 8.270960478596649e+00 4.625120064987102e-18 7.617616919098825e-02
1 3 1.036229399596968e+01 2.754557549576215e-18 9.056347059654643e-02
0 2 1.261289095376422e+01 5.626525307860159e-18 7.617603563009034e-02
1 4 1.272762547283299e+01 1.704754835183657e-02 6.968625647749832e-02
1 5 1.553020208392329e+01 2.730262576242740e-18 9.056725724372430e-02
0 3 1.695481486170042e+01 4.134112983731426e-18 7.617508405900446e-02
1 6 1.811417055774920e+01 4.151806326890529e-18 9.056739433223773e-02
1 7 2.069817102331062e+01 2.432960446806612e-17 9.056402808998754e-02
0 4 2.129671792534586e+01 4.072733693139683e-18 7.617629229140216e-02
1 8 2.328214779868501e+01 2.636952792048281e-18 9.056341004019065e-02
0 5 2.563862886443182e+01 2.106476214122910e-17 7.617600205029218e-02
1 9 2.586611558134974e+01 2.619956761327521e-18 9.056396913823005e-02
1 10 2.845009494913356e+01 2.280480795806166e-18 9.056633265162553e-02
0 6 2.998054248145552e+01 1.424721233286127e-17 7.617536866672549e-02
1 11 3.103408280145637e+01 4.644172808046926e-18 9.056659093834453e-02
1 12 3.361810392318871e+01 4.151840315268229e-18 9.056495705684094e-02
0 7 3.432243118517852e+01 6.018285451437991e-18 7.617597227103710e-02
1 13 3.620206950973211e+01 6.914569628828274e-10 9.056440888726652e-02
0 8 3.866435416612112e+01 3.827319297953204e-18 7.617555408220175e-02
1 14 3.878602186172619e+01 3.154788308741782e-18 9.056484374676398e-02
1 15 4.136996275035680e+01 4.151824914709047e-18 9.056603010303091e-02
0 9 4.300629216880935e+01 6.670208922476468e-18 7.617548127678371e-02
1 16 4.395391788617428e+01 6.728109904721889e-18 9.056640214821782e-02
1 17 4.653791934899147e+01 3.971984076125439e-18 9.056542523408770e-02
0 10 4.734819691066765e+01 4.735722378501524e-18 7.617581183757111e-02
1 18 4.912187491700670e+01 9.519602702761630e-10 9.056495441241370e-02
0 11 5.169013130257036e+01 4.735733652362511e-18 7.617542611221048e-02
1 19 5.170581483188146e+01 3.686840243908978e-18 9.056494409958062e-02
1 20 5.428977278040940e+01 2.280504509401984e-18 9.056530495167528e-02
0 12 5.603205410443665e+01 4.272433520410919e-18 7.617570325780955e-02
1 21 5.687374645113878e+01 2.741473811758329e-17 9.056577733562809e-02
1 22 5.945777371862993e+01 2.280490326794567e-18 9.056584458373179e-02
0 13 6.037393819778993e+01 9.020127176927569e-17 7.617565097937455e-02
1 23 6.204176153998809e+01 3.004055037597808e-18 9.056545736581667e-02
0 14 6.471585302776565e+01 3.459026899761677e-18 7.617569987732989e-02
1 24 6.462573395350681e+01 3.277856451389348e-17 9.056440814220937e-02
1 25 6.720969641260959e+01 5.846470948208412e-18 9.056412619215536e-02
0 15 6.905776984836609e+01 3.397626585181384e-18 7.617609045436941e-02
1 26 6.979367245519451e+01 3.524048198531894e-18 9.056468002275470e-02
1 27 7.237768142870129e+01 8.261737243266171e-10 9.056695227834113e-02
0 16 7.339966772698959e+01 3.363203337540863e-18 7.617525713700453e-02
1 28 7.496164420531569e+01 3.099604441651772e-18 9.056665726930359e-02
0 17 7.774160027909357e+01 3.491834134657820e-18 7.617578946700621e-02
1 29 7.754559509344737e+01 4.151848628593594e-18 9.056464367259870e-02
1 30 8.012953266647919e+01 5.374977934348772e-18 9.056398465357768e-02
0 18 8.208353278712704e+01 3.233240943725371e-18 7.617607324584962e-02
1 31 8.271348015631251e+01 6.250842479182592e-18 9.056459669803080e-02
1 32 8.529747687680631e+01 7.350701972483103e-10 9.056711339383436e-02
0 19 8.642543987783615e+01 3.356547047400817e-18 7.617517861075672e-02
1 33 8.788144475635762e+01 4.864047588788778e-18 9.056691960511996e-02
0 20 9.076736478579484e+01 3.460598585130856e-18 7.617614914596524e-02
1 34 9.046540946991909e+01 3.162801993310771e-18 9.056400916620456e-02
1 35 9.304937865991457e+01 2.681919928422847e-18 9.056328291104777e-02
0 21 9.510927487403289e+01 3.517302006894904e-18 7.617629228471201e-02
1 36 9.563335327767135e+01 2.481945406915736e-18 9.056392458382485e-02
1 37 9.821736242483803e+01 3.004059855533068e-18 9.056720346844330e-02
0 22 9.945117077422380e+01 3.987386234701947e-18 7.617509850536351e-02
1 38 1.008013520025858e+02 3.942403508048605e-18 9.056712213279797e-02
1 39 1.033853480392347e+02 5.584049333707450e-18 9.056391404767969e-02
0 23 1.037930752911154e+02 2.522006439298033e-17 7.617622879032086e-02
1 40 1.059693068562287e+02 2.725313887895249e-18 9.056320711583246e-02
0 24 1.081349936177335e+02 3.929283768963382e-18 7.617622253544337e-02
1 41 1.085689835253597e+02 1.306170075932532e-03 8.938271301182292e-02
1 42 1.111372337710479e+02 4.347746901227743e-18 9.056751746669080e-02
0 25 1.124769187783933e+02 3.223380738013824e-18 7.617502096387427e-02
1 43 1.137211919547239e+02 2.280439138924797e-18 9.056755641012024e-02
1 44 1.163051699364092e+02 4.189184249635584e-18 9.056410997193759e-02
0 26 1.168188382396627e+02 4.735715653183895e-18 7.617619609935661e-02
1 45 1.188891179093269e+02 5.225137345622537e-18 9.056344672224897e-02
0 27 1.211607664983926e+02 4.735721422336050e-18 7.617603048604349e-02
1 46 1.212591816083104e+02 1.664790481367202e-02 7.003396565888420e-02
1 47 1.240570355971767e+02 2.710439456381843e-18 9.056708269624332e-02
0 28 1.255026852688367e+02 4.112067937979572e-18 7.617512946368994e-02
1 48 1.266410126490576e+02 4.151809751096887e-18 9.056724492492914e-02
1 49 1.292250229819670e+02 5.245914143653185e-18 9.056412975092952e-02
0 29 1.298445809956704e+02 4.735708637196338e-18 7.617626635917066e-02
1 50 1.318090041707028e+02 2.333622585657470e-18 9.056352573199816e-02
0 30 1.341864896370260e+02 7.651027579007561e-18 7.617594602544092e-02
1 51 1.343929754355071e+02 3.214931156370014e-18 9.056407448175063e-02
1 52 1.369769473220352e+02 9.595537686722377e-18 9.056620683922446e-02
0 31 1.385284080617456e+02 4.735728277509028e-18 7.617541675640642e-02
1 53 1.395609290360887e+02 4.151820887652151e-18 9.056648929559581e-02
1 54 1.421449446534397e+02 3.162978141753939e-18 9.056514100791616e-02
0 32 1.428703013373570e+02 5.767636249236010e-18 7.617590502140749e-02
1 55 1.447289024418517e+02 2.313902713921761e-18 9.056460866895359e-02
0 33 1.472122306551503e+02 4.074214222298791e-18 7.617547099165055e-02
1 56 1.473128463307386e+02 3.120607669251370e-18 9.056499817360973e-02
1 57 1.498967848742396e+02 3.378283961539156e-18 9.056598565894824e-02
0 34 1.515541696703133e+02 4.735730488828218e-18 7.617549111403674e-02
1 58 1.524807383572262e+02 3.343530793650049e-18 9.056637949416130e-02
1 59 1.550647426682498e+02 2.708530808489596e-18 9.056541154199335e-02
0 35 1.558960721502866e+02 4.871904892487554e-18 7.617581801002778e-02
1 60 1.576487057269779e+02 2.610137076453533e-18 9.056495598221037e-02
0 36 1.602380020888564e+02 3.943251154231134e-18 7.617548677871830e-02
1 61 1.602326529590168e+02 3.216371950112572e-18 9.056477579291561e-02
1 62 1.628166184056025e+02 2.270940202422213e-17 9.056500847542590e-02
0 37 1.645799190309116e+02 4.547880494259070e-18 7.617580325594181e-02
1 63 1.654005993618924e+02 4.151834829638063e-18 9.056549883548125e-02
1 64 1.679846290775628e+02 2.581349001431909e-18 9.056609790889833e-02
0 38 1.689218010219775e+02 3.223356044080899e-18 7.617555719340574e-02
1 65 1.705686161941353e+02 3.237631538021488e-18 9.056572750420257e-02
0 39 1.732637166492911e+02 4.405704232788574e-18 7.617571197368328e-02
1 66 1.731525882659317e+02 2.929991941496163e-18 9.056446323046918e-02
1 67 1.757365424667258e+02 4.151855254407636e-18 9.056406742731948e-02
0 40 1.776056387887769e+02 3.768732083950062e-18 7.617609802165071e-02
1 68 1.783205096032269e+02 3.152423296680972e-18 9.056463433252997e-02
1 69 1.809090841656813e+02 3.846998335114129e-04 9.024602968612819e-02
0 41 1.819475429268204e+02 3.597267878859625e-18 7.617522103380982e-02
1 70 1.834884677965273e+02 2.666972033156102e-18 9.056678296902462e-02
0 42 1.862894788964368e+02 3.372850417518609e-18 7.617583876840464e-02
1 71 1.860724145516376e+02 5.975536611774881e-18 9.056459321030513e-02
1 72 1.886563556016223e+02 2.280535138715592e-18 9.056390455402162e-02
0 43 1.906314087903737e+02 3.255298255821720e-18 7.617609257020565e-02
1 73 1.912403057541189e+02 2.694482855087087e-18 9.056452370699726e-02
1 74 1.938243082487811e+02 2.467954573243655e-18 9.056707502638320e-02
0 44 1.949733112605920e+02 3.343917060955945e-18 7.617517681440492e-02
1 75 1.964082849675175e+02 3.226729994375927e-18 9.056690234489098e-02
0 45 1.993152287697373e+02 3.480949869653624e-18 7.617622094415001e-02
1 76 1.989922605781873e+02 4.151862366770182e-18 9.056386612502948e-02
1 77 2.015762343800854e+02 2.696158543324704e-18 9.056314141659724e-02
0 46 2.036571357158742e+02 3.321613020953429e-18 7.617633562081746e-02
1 78 2.041602126410452e+02 2.654633794231943e-18 9.056378235804143e-02
1 79 2.067442151068731e+02 5.470825897798997e-18 9.056729086370796e-02
0 47 2.079990362289724e+02 3.857715087764166e-18 7.617507332073793e-02
1 80 2.093281990679304e+02 4.151811488482794e-18 9.056723302367597e-02
1 81 2.119121915066691e+02 4.151854327165642e-18 9.056401368360648e-02
0 48 2.123409438418972e+02 9.621139745189478e-18 7.617619328263756e-02
1 82 2.144961424209441e+02 2.739565852304606e-18 9.056331533736328e-02
0 49 2.166828680364973e+02 4.716271173460107e-18 7.617615557713991e-02
1 83 2.170801938194234e+02 8.468369926831420e-06 9.055657830062720e-02
1 84 2.196640559154098e+02 2.682243022266874e-18 9.056751168412289e-02
0 50 2.210247962711584e+02 5.698642748696328e-18 7.617502104647349e-02
1 85 2.222480123819053e+02 4.151802007348831e-18 9.056757562319621e-02
1 86 2.248319922331943e+02 3.322738603399060e-18 9.056404549323380e-02
0 51 2.253667144697444e+02 3.746269470770511e-18 7.617623705467906e-02
1 87 2.274159475919114e+02 4.440350158369939e-18 9.056339421247735e-02
0 52 2.297086381932089e+02 5.202307539681952e-18 7.617603946768131e-02
1 88 2.299998969265542e+02 3.415849889640702e-18 9.056399033515496e-02
1 89 2.325838776101916e+02 5.063169118598890e-18 9.056687757395200e-02
0 53 2.340505522790140e+02 6.406352029631362e-18 7.617518737341528e-02
1 90 2.351678623216060e+02 4.151813455249516e-18 9.056706490316044e-02
1 91 2.377518805168123e+02 2.806858272473182e-18 9.056431173120323e-02
0 54 2.383924422556399e+02 6.098576629291310e-18 7.617620537102308e-02
1 92 2.403358615268961e+02 2.318703823780307e-18 9.056372209245074e-02
0 55 2.427343518353509e+02 3.991724713073713e-18 7.617585597266603e-02
1 93 2.429198317171397e+02 4.930750885183513e-18 9.056425740638216e-02
1 94 2.455037936814241e+02 2.652800082321562e-18 9.056614376858015e-02
0 56 2.470762767578301e+02 4.053138219464151e-18 7.617544351464574e-02
1 95 2.480877667827186e+02 3.069787627790438e-18 9.056645001054882e-02
1 96 2.506717758103448e+02 4.804314634182627e-18 9.056526583396145e-02
0 57 2.514181753625471e+02 6.453460929958235e-18 7.617586112867433e-02
1 97 2.532514038589831e+02 3.637625796486985e-04 9.026150610646137e-02
0 58 2.557601093945800e+02 3.783199663234871e-18 7.617541909454133e-02
1 98 2.558396659738695e+02 2.280518946347167e-18 9.056507640766862e-02
1 99 2.584236065663961e+02 5.924104142293063e-18 9.056589043785410e-02
0 59 2.601020463257225e+02 4.735729675387621e-18 7.617551722817954e-02
1 100 2.610075625816036e+02 7.304025660702523e-18 9.056630531074679e-02
1 101 2.635915728782945e+02 3.453618235368599e-18 9.056542618154741e-02
0 60 2.644439440392904e+02 3.971229155345484e-18 7.617581233529659e-02
1 102 2.661755450374735e+02 2.280512011862377e-18 9.056498614983782e-02
0 61 2.687858683194164e+02 4.735729080652171e-18 7.617555671692799e-02
1 103 2.687595013199826e+02 2.691513913668711e-18 9.056460480445207e-02
1 104 2.713434711862200e+02 3.814881463743128e-17 9.056470589517460e-02
0 62 2.731277815779695e+02 1.154270591132908e-17 7.617590642139037e-02
1 105 2.739274562210749e+02 4.753098798881041e-18 9.056521317912442e-02
1 106 2.765114840646055e+02 2.389581949213944e-18 9.056637142823108e-02
0 63 2.774696648963184e+02 4.602378820644698e-18 7.617545942839631e-02
1 107 2.790954661517770e+02 5.169900679198092e-18 9.056601805948324e-02
0 64 2.818115842470107e+02 3.323493326219114e-18 7.617571069079215e-02
1 108 2.816794336899079e+02 5.113622366115968e-18 9.056455882527528e-02
1 109 2.842633796150590e+02 3.377751936122563e-18 9.056406603172973e-02
0 65 2.861535117591115e+02 3.380085725286928e-18 7.617608378127352e-02
1 110 2.868473377953055e+02 2.280513729996565e-18 9.056464472978520e-02
1 111 2.894313331952508e+02 1.009372343651836e-09 9.056711085314163e-02
0 66 2.904954201239920e+02 3.634650163278319e-18 7.617520172590912e-02
1 112 2.920152887874700e+02 2.730207152493699e-18 9.056685274208000e-02
0 67 2.948373566542964e+02 3.245483341677735e-18 7.617591119569803e-02
1 113 2.945992354239377e+02 3.317503093882644e-18 9.056447990591121e-02
1 114 2.971831834518658e+02 2.666954291028434e-18 9.056377292358761e-02
0 68 2.991792815443470e+02 3.525315249548292e-18 7.617613416413646e-02
1 115 2.997671397345887e+02 3.025274797076836e-18 9.056439759690466e-02
1 116 3.023511481390723e+02 2.879883173973778e-18 9.056706444244243e-02
0 69 3.035211792095944e+02 3.365528465800064e-18 7.617516468277293e-02
1 117 3.049351329363618e+02 2.851805699631655e-18 9.056691355750905e-02
1 118 3.075191185833140e+02 4.151862871207318e-18 9.056379359469287e-02
0 70 3.078630899318649e+02 3.400032760094378e-18 7.617626022035012e-02
1 119 3.101030924660383e+02 2.710391845469044e-18 9.056307284268895e-02
0 71 3.122049969535474e+02 4.016869655604515e-18 7.617634570522289e-02
1 120 3.127543351044974e+02 5.239994644507875e-03 8.412131734264888e-02
1 121 3.152710625144182e+02 2.588659694812014e-18 9.056738573161716e-02
0 72 3.165469044365708e+02 6.738793481149120e-17 7.617504998643886e-02
1 122 3.178550382296655e+02 4.187190322234740e-18 9.056735192316163e-02
1 123 3.204390247998237e+02 2.280528973321153e-18 9.056409148317808e-02
0 73 3.208888167567425e+02 4.612434159166633e-18 7.617616920902322e-02
1 124 3.230229700332725e+02 3.110659487644495e-18 9.056340259010484e-02
0 74 3.252307453252109e+02 3.223348855198020e-18 7.617609978852528e-02
1 125 3.253958881505703e+02 1.675299550260681e-02 7.145563045287195e-02
1 126 3.281908766053626e+02 3.172891077085724e-18 9.056745782628656e-02
0 75 3.295726734714999e+02 4.004342448171711e-18 7.617503263131635e-02
1 127 3.307748355454050e+02 3.130054058790988e-18 9.056754699622031e-02
1 128 3.333588212638672e+02 1.520450342711220e-17 9.056398587937597e-02
0 76 3.339145873693888e+02 5.622162465072022e-18 7.617627827022533e-02
1 129 3.359427857937543e+02 3.592794204034257e-18 9.056334709523139e-02
0 77 3.382565053585076e+02 4.998563102183468e-18 7.617604887116680e-02
1 130 3.385267432897605e+02 2.338216402730258e-18 9.056393913071487e-02
1 131 3.411107270350171e+02 3.268568761770186e-18 9.056666586683997e-02
0 78 3.425984168148161e+02 4.068003327722419e-18 7.617525287545496e-02
1 132 3.436947163324912e+02 2.280464922272690e-18 9.056687816624186e-02
1 133 3.462787386284245e+02 2.715069963345289e-18 9.056454528645713e-02
0 79 3.469403039860678e+02 6.921916961460547e-18 7.617612123349915e-02
1 134 3.488837137189049e+02 1.778100395265071e-03 8.915325637604588e-02
0 80 3.512822175896621e+02 1.506456395102951e-17 7.617574434121581e-02
1 135 3.514466798550251e+02 3.436303963612956e-18 9.056448761351553e-02
1 136 3.540306317592145e+02 4.151824817465614e-18 9.056612754365363e-02
0 81 3.556241490619589e+02 3.883906200992082e-18 7.617545185892734e-02
1 137 3.566145960243431e+02 4.151818529140922e-18 9.056645709495333e-02
1 138 3.591985995892555e+02 3.100206134782016e-18 9.056533264111973e-02
0 82 3.599660520321440e+02 4.086504220839957e-18 7.617583981573389e-02
1 139 3.617825501492690e+02 1.564991693554499e-10 9.056482960814054e-02
0 83 3.643079881862865e+02 4.042841037323890e-18 7.617540094959284e-02
1 140 3.643664857442761e+02 4.931222587474116e-18 9.056507365730573e-02
1 141 3.669504321333040e+02 5.608660368311173e-18 9.056573464416157e-02
0 84 3.686499204066967e+02 5.939426427272471e-18 7.617556435353813e-02
1 142 3.695343942259326e+02 1.953777965533597e-17 9.056616971592557e-02
1 143 3.721184120746308e+02 2.625057144246369e-18 9.056550733149182e-02
0 85 3.729918120740813e+02 4.320691606520545e-18 7.617578093611795e-02
1 144 3.747023927558009e+02 2.622518951070997e-18 9.056508308269433e-02
0 86 3.773337310136750e+02 5.801082430849579e-18 7.617561817795675e-02
1 145 3.772863576040186e+02 4.442661537688335e-17 9.056447962497814e-02
1 146 3.798703274802231e+02 3.148017996316942e-18 9.056444443110033e-02
0 87 3.816756436962972e+02 5.299104908700993e-18 7.617599426937989e-02
1 147 3.824543120803188e+02 3.185304386040035e-18 9.056496753056439e-02
1 148 3.850383341177247e+02 9.647788454567462e-10 9.056662383697328e-02
0 88 3.860175314828555e+02 3.320512988459881e-18 7.617537239716782e-02
1 149 3.876223083878040e+02 2.386275794352839e-18 9.056628771736085e-02
0 89 3.903594563844182e+02 4.107918803762767e-18 7.617571123810414e-02
1 150 3.902062687876122e+02 3.021192518708032e-18 9.056464952231068e-02
1 151 3.927902085295740e+02 4.151852745474277e-18 9.056408004525168e-02
0 90 3.947013878541756e+02 3.798940164442887e-18 7.617606459582088e-02
1 152 3.953741598165323e+02 2.280511310728626e-18 9.056466919840726e-02
1 153 3.979581534745287e+02 3.411770664021695e-10 9.056711371408357e-02
0 91 3.990432975429649e+02 3.277212341144967e-18 7.617519510341794e-02
1 154 4.005421115157582e+02 3.193785215314325e-18 9.056687531050284e-02
0 92 4.033852314851466e+02 3.223802413161414e-18 7.617599797476837e-02
1 155 4.031260624434124e+02 3.271857773043670e-18 9.056431679339814e-02
1 156 4.057100193986234e+02 2.280547385396446e-18 9.056359978182309e-02
0 93 4.077271500563998e+02 3.299378662710462e-18 7.617619384552958e-02
1 157 4.082939837258928e+02 3.309060627238688e-18 9.056422828166101e-02
1 158 4.108779958945944e+02 2.488687655382065e-18 9.056709313170558e-02
0 94 4.120690444710937e+02 3.651910270760596e-18 7.617514228438947e-02
1 159 4.134619858331608e+02 8.408771038692706e-18 9.056696470764782e-02
1 160 4.160459784566842e+02 5.868178532500444e-18 9.056380021028387e-02
0 95 4.164109506229585e+02 3.805091501776994e-18 7.617626364940913e-02
1 161 4.186299479953304e+02 6.545499416375456e-18 9.056308518298660e-02
0 96 4.207528608635828e+02 3.483409216976296e-18 7.617631930813668e-02
1 162 4.212462494645741e+02 2.533751203228485e-03 8.751943314446384e-02
1 163 4.237979019600256e+02 3.108504301943943e-18 9.056747070068684e-02
0 97 4.250947760690922e+02 1.292145397390317e-17 7.617503009017422e-02
1 164 4.263818690334551e+02 4.151805473492673e-18 9.056746140034434e-02
1 165 4.289658497774382e+02 4.151850774461571e-18 9.056412573381518e-02
0 98 4.294366929982143e+02 3.549837121536367e-18 7.617616526689905e-02
1 166 4.315497929846941e+02 3.079264395679141e-18 9.056344703732430e-02
0 99 4.337786234461678e+02 3.976342629156777e-18 7.617606394038332e-02
1 167 4.339266999690736e+02 1.638928146782086e-02 7.164663978680816e-02
1 168 4.367177001341485e+02 5.278682391298243e-18 9.056735408763894e-02
0 100 4.381205486687576e+02 4.230082515402362e-18 7.617505682701400e-02
1 169 4.393016651657709e+02 3.175698752889376e-18 9.056746863006188e-02
1 170 4.418856597765292e+02 2.854615574534564e-18 9.056396895839670e-02
0 101 4.424624559661098e+02 5.601967168100852e-18 7.617630295851636e-02
1 171 4.444696330879676e+02 2.597278757600253e-18 9.056334311837892e-02
0 102 4.468043685356873e+02 5.063035407929608e-18 7.617604201153967e-02
1 172 4.470535983758760e+02 3.023535629556631e-18 9.056392996878362e-02
1 173 4.496375808019329e+02 1.184930276867686e-17 9.056647490319206e-02
0 103 4.511462804665641e+02 4.735729883307173e-18 7.617531761513599e-02
1 174 4.522215702254007e+02 4.527768051410504e-18 9.056671195370473e-02
1 175 4.548055921608533e+02 2.715743813806767e-18 9.056478488102934e-02
0 104 4.554881682933506e+02 4.735716052827762e-18 7.617603284351913e-02
1 176 4.573991962027569e+02 8.107758998490460e-04 8.988993965422039e-02
0 105 4.598300879754635e+02 4.735728543653661e-18 7.617563089445949e-02
1 177 4.599735176458640e+02 3.119014431561285e-18 9.056471731211098e-02
1 178 4.625574615542344e+02 3.380626948096558e-18 9.056612390331331e-02
0 106 4.641720244973888e+02 3.861850926713667e-18 7.617545232119648e-02
1 179 4.651414189022294e+02 5.327583914883399e-18 9.056647619412049e-02
1 180 4.677254198800463e+02 3.209307594380885e-18 9.056534932643513e-02
0 107 4.685139295232955e+02 5.015564100004088e-18 7.617583707570331e-02
1 181 4.703093728728666e+02 9.078103055140382e-18 9.056486065512410e-02
0 108 4.728558648466741e+02 3.511454221722574e-18 7.617541642632679e-02
1 182 4.728933105328780e+02 2.706458695099969e-18 9.056499185883726e-02
1 183 4.754772649539325e+02 3.823199173142457e-17 9.056551266290627e-02
0 109 4.771977908001606e+02 4.735725095515979e-18 7.617563551336630e-02
1 184 4.780612351726284e+02 4.151826475425341e-18 9.056596701630816e-02
1 185 4.806452600202036e+02 3.124916891895249e-18 9.056567080364160e-02
0 110 4.815396768134656e+02 4.697468821020181e-18 7.617571868086696e-02
1 186 4.832292464330283e+02 3.234353128380556e-18 9.056526258244821e-02
0 111 4.858815922704416e+02 6.726752933503150e-18 7.617565838331744e-02
1 187 4.858132171449468e+02 6.213721663147964e-18 9.056443135698165e-02
1 188 4.883971825994852e+02 3.102468297012982e-18 9.056425915377393e-02
0 112 4.902235075014934e+02 5.287363118414127e-18 7.617605233434574e-02
1 189 4.909811622550399e+02 3.861249887255479e-18 9.056479690904316e-02
1 190 4.935703803357523e+02 4.380190530759327e-04 9.020295339014231e-02
0 113 4.945654016985852e+02 3.531113494984262e-18 7.617530519485304e-02
1 191 4.961491419303093e+02 3.776519668813228e-18 9.056650578658348e-02
0 114 4.989073324027698e+02 3.370868467269138e-18 7.617572706304293e-02
1 192 4.987330948384318e+02 5.193185207886407e-18 9.056469561746654e-02
1 193 5.013170319835908e+02 5.707666343504728e-18 9.056406961388845e-02
0 115 5.032492653768197e+02 3.417557878744541e-18 7.617605588197443e-02
1 194 5.039009799323442e+02 2.777610814955399e-18 9.056466782600418e-02
1 195 5.064849756843532e+02 2.861859267007290e-18 9.056708298624924e-02
0 116 5.075911733871196e+02 3.295745699404388e-18 7.617519525420584e-02
1 196 5.090689398663465e+02 3.225167959587976e-18 9.056686503972901e-02
0 117 5.119331019790246e+02 3.267148912878225e-18 7.617609107872264e-02
1 197 5.116528989186953e+02 3.226245715495499e-18 9.056412896269282e-02
1 198 5.142368646045647e+02 3.239065705843834e-18 9.056340781668486e-02
0 118 5.162750144213885e+02 3.321400517990467e-18 7.617626094104141e-02
1 199 5.168208367441492e+02 2.318313959356169e-18 9.056403831020469e-02
1 200 5.194048487601871e+02 9.203151877613495e-18 9.056715785662293e-02
0 119 5.206169085147243e+02 4.205090307244082e-18 7.617511398269229e-02
1 201 5.219888394384083e+02 3.489354110840922e-18 9.056705252487871e-02
1 202 5.245728345941786e+02 2.280541815606404e-18 9.056386705553911e-02
0 120 5.249588133220183e+02 3.596687637545238e-18 7.617624024138617e-02
1 203 5.271567967572367e+02 2.738863579063342e-18 9.056315909283803e-02
0 121 5.293007289530418e+02 3.223338212625616e-18 7.617626552663968e-02
1 204 5.297421452702920e+02 1.109380055971393e-04 9.044206683945701e-02
1 205 5.323247328969055e+02 2.280440904495963e-18 9.056752775745260e-02
0 122 5.336426509225035e+02 6.896095318471046e-18 7.617501614743823e-02
1 206 5.349086931018885e+02 4.432269858546497e-18 9.056754337063960e-02
1 207 5.374926702015449e+02 2.656669139156715e-18 9.056410855833889e-02
0 123 5.379845707803546e+02 3.948356282348737e-18 7.617618404279403e-02
1 208 5.400766156020979e+02 3.731247060364301e-18 9.056344069953544e-02
0 124 5.423265002179284e+02 6.622378444281625e-18 7.617605069079668e-02
1 209 5.426605570662521e+02 1.065525143991255e-17 9.056405597138854e-02
1 210 5.452445300185437e+02 4.143214165967682e-18 9.056720284550603e-02
0 125 5.466684206915670e+02 4.208033309985265e-18 7.617509429539396e-02
1 211 5.478285033204938e+02 4.151807830208453e-18 9.056734280639092e-02
1 212 5.504125080600759e+02 2.700171125534984e-18 9.056402479503631e-02
0 126 5.510103204616242e+02 4.146664464678382e-18 7.617629683540127e-02
1 213 5.529964875281565e+02 3.109909826668644e-18 9.056341226851505e-02
0 127 5.553522294822227e+02 4.735718001683860e-18 7.617600474938446e-02
1 214 5.555804580079998e+02 2.366686880864018e-18 9.056399235258304e-02
1 215 5.581644345757526e+02 6.162432538338886e-18 9.056632953250930e-02
0 128 5.596941450949436e+02 3.935141376938533e-18 7.617537152020956e-02
1 216 5.607484195659219e+02 5.970645543307470e-18 9.056659102732340e-02
1 217 5.633324373039046e+02 3.762195056294620e-18 9.056499006038568e-02
0 129 5.640360365110578e+02 7.747011424226456e-18 7.617595719696202e-02
1 218 5.659127728209746e+02 3.050925003595909e-04 9.031089296076948e-02
0 130 5.683779627957141e+02 3.223366816426773e-18 7.617553397307063e-02
1 219 5.685003456637186e+02 3.150391755646020e-18 9.056490286162890e-02
1 220 5.710842852338687e+02 5.928063206808435e-18 9.056609783649980e-02
0 131 5.727199017572170e+02 4.119307201801577e-18 7.617545719743918e-02
1 221 5.736682391323201e+02 3.313749916144430e-18 9.056647220399182e-02
1 222 5.762522412728807e+02 1.910006245459261e-17 9.056533683789110e-02
0 132 5.770618058606276e+02 4.055134006345333e-18 7.617584426446763e-02
1 223 5.788362004653308e+02 2.702848772730099e-18 9.056486281200506e-02
0 133 5.814037376895119e+02 3.223368104815009e-18 7.617546050015082e-02
1 224 5.814201440559584e+02 2.280525711904147e-18 9.056484775813160e-02
1 225 5.840041066101758e+02 1.574274204132805e-17 9.056523288582488e-02
0 134 5.857456573199938e+02 4.801072526454962e-18 7.617572855516785e-02
1 226 5.865880848888587e+02 5.016263450754847e-18 9.056570553445364e-02
1 227 5.891721140933849e+02 5.527892426534081e-18 9.056590539292766e-02
0 135 5.900875397428158e+02 4.735722527974824e-18 7.617563121475643e-02
1 228 5.917561019062296e+02 3.060993194861753e-18 9.056551343514511e-02
0 136 5.944294546513022e+02 2.051877575912488e-17 7.617567406407352e-02
1 229 5.943400742457848e+02 4.508687503268469e-18 9.056446363354134e-02
1 230 5.969240321376095e+02 3.056896773295142e-18 9.056416149682024e-02
0 137 5.987713746569515e+02 4.718369459374436e-18 7.617607582604956e-02
1 231 5.995080036513602e+02 3.753087878502431e-18 9.056471269961808e-02
1 232 6.020920088440082e+02 9.243325758450143e-10 9.056696150701264e-02
0 138 6.031132755201476e+02 3.606502784364564e-18 7.617525961456063e-02
1 233 6.046759679982175e+02 3.884803993022587e-18 9.056666083036241e-02
0 139 6.074552107091198e+02 3.580512219809372e-18 7.617576562334502e-02
1 234 6.072599152843919e+02 5.070578746711462e-18 9.056467651044053e-02
1 235 6.098438540573219e+02 8.633948303992122e-18 9.056401151808276e-02
0 140 6.117971422924383e+02 3.315178323819993e-18 7.617606686872373e-02
1 236 6.124278028575469e+02 2.791882498770642e-18 9.056461732923965e-02
1 237 6.150118036286531e+02 2.425610029339415e-18 9.056704351595024e-02
0 141 6.161390463109302e+02 3.223485087188616e-18 7.617519377254416e-02
1 238 6.175957762621819e+02 3.256532152606879e-18 9.056684676277756e-02
1 239 6.201797457928861e+02 4.151861360120877e-18 9.056395564833591e-02
0 142 6.204809678370270e+02 3.289068120525420e-18 7.617617558564560e-02
1 240 6.227637177602714e+02 2.280560849330635e-18 9.056323449351548e-02
0 143 6.248228759169820e+02 3.370152875798603e-18 7.617631841057698e-02
1 241 6.253476952331225e+02 5.247421221509429e-10 9.056386495888741e-02
1 242 6.279317025392867e+02 2.413773855891652e-18 9.056724805920398e-02
0 144 6.291647731377403e+02 3.404781380316703e-18 7.617508455631852e-02
1 243 6.305156893544383e+02 3.443779911517304e-18 9.056716641002512e-02
1 244 6.330996825486866e+02 4.151855920022732e-18 9.056396084818626e-02
0 145 6.335066798541001e+02 3.319596810908297e-18 7.617620592655579e-02
1 245 6.356836364638650e+02 3.887821835306758e-18 9.056326100149169e-02
0 146 6.378486015408945e+02 3.969111299961909e-17 7.617620037326793e-02
1 246 6.380719537192558e+02 1.600144507239833e-02 7.470926625636819e-02
1 247 6.408515570202559e+02 3.171267679821720e-18 9.056754414371443e-02
0 147 6.421905279525088e+02 3.554860314549267e-18 7.617501099116619e-02
1 248 6.434355137335009e+02 3.304537317445375e-18 9.056758499420840e-02
1 249 6.460194908219145e+02 1.520838364501682e-17 9.056405066674618e-02
0 148 6.465324479815963e+02 3.964038623716304e-18 7.617622139884304e-02
1 250 6.486034422657193e+02 3.011387864161583e-18 9.056339419635315e-02
0 149 6.508743737746264e+02 5.677115128888588e-18 7.617605597168725e-02
1 251 6.511873887310027e+02 2.755773038238314e-18 9.056400826315164e-02
1 252 6.537713681812075e+02 6.182710478022339e-18 9.056701508746093e-02
0 150 6.552162891919793e+02 4.185993517866321e-18 7.617514449043782e-02
1 253 6.563553498508529e+02 3.266903256844219e-18 9.056718041772870e-02
1 254 6.589393637373763e+02 2.714402911504216e-18 9.056416473322473e-02
0 151 6.595581822248938e+02 4.124646967349533e-18 7.617625409247623e-02
1 255 6.615454402472716e+02 1.867803252128048e-03 8.906229299621544e-02
0 152 6.639000906904301e+02 8.157081466587111e-18 7.617593150223503e-02
1 256 6.641073165835295e+02 2.601730497708525e-18 9.056413679436691e-02
1 257 6.666912839725518e+02 6.085667035239459e-18 9.056624436346186e-02
0 153 6.682420123115282e+02 6.236504615595649e-18 7.617540660214218e-02
1 258 6.692752611980653e+02 6.977723668700320e-18 9.056652990776964e-02
1 259 6.718592726288069e+02 3.820097694507054e-18 9.056514028560288e-02
0 154 6.725839088748330e+02 4.735721014901427e-18 7.617590328605400e-02
1 260 6.744432266957810e+02 6.677412078529620e-10 9.056460761748031e-02
0 155 6.769258407342109e+02 5.143331426326996e-18 7.617546456595280e-02
1 261 6.770271669215247e+02 3.691523922064500e-18 9.056501942121202e-02
1 262 6.796111065351024e+02 4.151824971987630e-18 9.056602707630861e-02
0 156 6.812677790341143e+02 4.083075056466104e-18 7.617547539544953e-02
1 263 6.821950611540774e+02 1.845528346139276e-17 9.056642276779210e-02
1 264 6.847790680375685e+02 2.829998595947531e-18 9.056533322744791e-02
0 157 6.856096793703790e+02 4.039455049530174e-18 7.617584699184313e-02
1 265 6.873630358723066e+02 3.001026435326234e-18 9.056487411887956e-02
0 158 6.899516059465394e+02 5.689400469078798e-18 7.617552072648562e-02
1 266 6.899469879350621e+02 4.896648906194326e-17 9.056467955147772e-02
1 267 6.925309564371462e+02 3.282175251215157e-18 9.056492642213307e-02
0 159 6.942935207993982e+02 3.223346992405006e-18 7.617583262809159e-02
1 268 6.951149404458038e+02 4.831931263083196e-18 9.056541631974549e-02
1 269 6.976989699625962e+02 1.778066441500142e-10 9.056617905374115e-02
0 160 6.986354028345830e+02 4.581261401079011e-18 7.617553206902131e-02
1 270 7.002829545413161e+02 4.426807929836255e-18 9.056580358692316e-02
0 161 7.029773203385095e+02 3.864959437061382e-18 7.617567210206180e-02
1 271 7.028669239914291e+02 3.413455729576844e-18 9.056455294622624e-02
1 272 7.054508732921632e+02 4.151853514711248e-18 9.056413625577431e-02
0 162 7.073192458748084e+02 4.257255211656931e-18 7.617607125815143e-02
1 273 7.080348355939360e+02 2.383216192096785e-18 9.056469965036829e-02
1 274 7.106188340235824e+02 4.922906358264026e-10 9.056703798526620e-02
0 163 7.116611520093036e+02 4.161686376858776e-18 7.617523286867343e-02
1 275 7.132027896665354e+02 3.192171488159019e-18 9.056675620045433e-02
0 164 7.160030891752597e+02 3.353792901576714e-18 7.617582865285517e-02
1 276 7.157867348674065e+02 3.274181391473184e-18 9.056459004839258e-02
1 277 7.183706791968136e+02 2.872009136122938e-18 9.056389998136842e-02
0 165 7.203450166819092e+02 3.374437057791870e-18 7.617610061669701e-02
1 278 7.209546327391924e+02 2.932006128270481e-18 9.056451185731376e-02
1 279 7.235386396735793e+02 2.865267595278421e-18 9.056702414512961e-02
0 166 7.246869157460169e+02 3.223370050587626e-18 7.617518460290464e-02
1 280 7.261226210189176e+02 1.403505224800765e-17 9.056684929799380e-02
1 281 7.287066012364346e+02 3.135119911260771e-18 9.056383830413586e-02
0 167 7.290288300407504e+02 3.459727878477148e-18 7.617623381047786e-02
1 282 7.312905753511103e+02 3.938657547449439e-18 9.056312002725384e-02
0 168 7.333707366999015e+02 3.469315873003260e-18 7.617634869770591e-02
1 283 7.339155767300761e+02 3.160248905091690e-03 8.651809655355776e-02
1 284 7.364585527711779e+02 3.699149315952423e-18 9.056735040253840e-02
0 169 7.377126399645163e+02 3.322609555414193e-18 7.617505697297353e-02
1 285 7.390425322623900e+02 4.151809951364272e-18 9.056729297551186e-02
1 286 7.416265203082980e+02 2.996209159217027e-18 9.056404775065997e-02
0 170 7.420545508753986e+02 3.488152584202639e-18 7.617617662510485e-02
1 287 7.442104673391626e+02 2.594054793547128e-18 9.056335687119768e-02
0 171 7.463964777235748e+02 7.651026890820257e-18 7.617613984775658e-02
1 288 7.465985115891613e+02 1.587495571420100e-02 7.406966682494563e-02
1 289 7.493783777977162e+02 2.711878345672142e-18 9.056751384748486e-02
0 172 7.507384055144397e+02 4.358219330131330e-18 7.617501667551024e-02
1 290 7.519623351652123e+02 4.151802102146961e-18 9.056758016905148e-02
1 291 7.545463163732331e+02 3.261569024746591e-18 9.056398011116513e-02
0 173 7.550803225845142e+02 4.537889510433036e-18 7.617626638510401e-02
1 292 7.571302764482705e+02 2.892798239410744e-18 9.056333549598132e-02
0 174 7.594222429765044e+02 5.007248813237742e-18 7.617606890348323e-02
1 293 7.597142305144098e+02 2.834775625307831e-18 9.056394776518560e-02
1 294 7.622982144997045e+02 1.073521386260954e-17 9.056681115337777e-02
0 175 7.637641547158545e+02 4.163962021889175e-18 7.617520430689499e-02
1 295 7.648822023617428e+02 4.533643427574155e-18 9.056700171128057e-02
1 296 7.674662223500246e+02 2.728628969960334e-18 9.056437310585344e-02
0 176 7.681060433997762e+02 5.956057288479878e-18 7.617618103714259e-02
1 297 7.700606339321045e+02 8.769452564035147e-04 8.982870620407915e-02
0 177 7.724479545850643e+02 3.223353223812602e-18 7.617582894716468e-02
1 298 7.726341688351986e+02 3.735248272273820e-18 9.056434639190170e-02
1 299 7.752181258528176e+02 3.049373070993809e-18 9.056621403911123e-02
0 178 7.767898830190385e+02 3.979874578920267e-18 7.617542166550825e-02
1 300 7.778020940714497e+02 5.331526065827889e-18 9.056652314895770e-02
1 301 7.803860993114878e+02 3.615792356350387e-18 9.056523179961665e-02
0 179 7.811317845478453e+02 4.040548899120019e-18 7.617587272075475e-02
1 302 7.829700498608522e+02 9.348034931850550e-10 9.056471252999133e-02
0 180 7.854737197552972e+02 5.078729446810196e-18 7.617542706194952e-02
1 303 7.855539860185108e+02 2.707187975830760e-18 9.056505783467704e-02
1 304 7.881379298288275e+02 4.852425221249997e-17 9.056589983317664e-02
0 181 7.898156544705272e+02 4.067392289008651e-18 7.617551240427664e-02
1 305 7.907218891085406e+02 4.151819774308261e-18 9.056631601186980e-02
1 306 7.933059031426994e+02 2.280499006540574e-18 9.056538149217475e-02
0 182 7.941575491059330e+02 6.105181989743270e-18 7.617582934819336e-02
1 307 7.958898800510170e+02 3.727430394629792e-18 9.056493756104310e-02
0 183 7.984994700596291e+02 5.811469300166749e-18 7.617557986468082e-02
1 308 7.984738411088460e+02 5.238537598417609e-18 9.056453690489454e-02
1 309 8.010578116001432e+02 3.327733601030671e-18 9.056463951210433e-02
0 184 8.028413829202316e+02 3.936500458929151e-18 7.617593024431335e-02
1 310 8.036417972604922e+02 2.280508178577263e-18 9.056514556087263e-02
1 311 8.062316212434142e+02 4.883691288560776e-04 9.016285687613167e-02
0 185 8.071832679737977e+02 1.514370395939176e-17 7.617543725066134e-02
1 312 8.088098005733558e+02 3.771115683360940e-18 9.056609091202998e-02
0 186 8.115251904700890e+02 4.361139510651055e-18 7.617566644123383e-02
1 313 8.113937637046959e+02 3.367846875840369e-18 9.056465693562508e-02
1 314 8.139777056330287e+02 4.490435012127612e-18 9.056414663750689e-02
0 187 8.158671207305189e+02 3.820912171779117e-18 7.617605362062549e-02
1 315 8.165616599055693e+02 3.939323097483808e-18 9.056472092050269e-02
1 316 8.191456548427606e+02 2.280450324787797e-18 9.056706212051178e-02
0 188 8.202090295559075e+02 3.249675773643127e-18 7.617522098338517e-02
1 317 8.217296111141986e+02 4.101452152868888e-18 9.056680002104944e-02
0 189 8.245509655921568e+02 3.223354721939018e-18 7.617591371432844e-02
1 318 8.243135585855715e+02 4.151853137348566e-18 9.056444475421135e-02
1 319 8.268975112030707e+02 3.240597480951654e-18 9.056373996994721e-02
0 190 8.288928871728767e+02 3.245061360123542e-18 7.617615555777821e-02
1 320 8.294814721793508e+02 2.472570316048852e-18 9.056435628338344e-02
1 321 8.320654841649509e+02 2.062160144922504e-17 9.056704356399527e-02
0 191 8.332347820453283e+02 3.271855269503966e-18 7.617516360724856e-02
1 322 8.346494722029410e+02 2.280465731919912e-18 9.056689130375324e-02
1 323 8.372334609822675e+02 5.941248454646422e-18 9.056379985884447e-02
0 192 8.375766906355323e+02 3.353167418832253e-18 7.617625626447652e-02
1 324 8.398174325999117e+02 2.280564279795001e-18 9.056308650647323e-02
0 193 8.419185991710065e+02 3.489667832976790e-18 7.617634242540222e-02
1 325 8.424060117352860e+02 3.501559788321736e-04 9.009547129642431e-02
1 326 8.449853959935753e+02 2.741142888537971e-18 9.056744837846827e-02
0 194 8.462605100228683e+02 3.546422946168595e-18 7.617503301114784e-02
1 327 8.475693667483813e+02 4.151806776659022e-18 9.056741565189708e-02
1 328 8.501533486240199e+02 6.262725421272320e-18 9.056410060234581e-02
0 195 8.506024258172168e+02 5.032913296783057e-18 7.617616392604834e-02
1 329 8.527372918918302e+02 3.136138237799111e-18 9.056341939496583e-02
0 196 8.549443557057278e+02 4.735719966348104e-18 7.617609561633891e-02
1 330 8.553212333598307e+02 2.360448185906176e-18 9.056404615528461e-02
1 331 8.579051995227295e+02 5.863922501704265e-18 9.056743461573850e-02
0 197 8.592862818034561e+02 3.951792417493257e-18 7.617503429765783e-02
1 332 8.604891615292867e+02 3.213216246921737e-18 9.056752654660810e-02
1 333 8.630731504649322e+02 3.230204245803294e-18 9.056393385586278e-02
0 198 8.636281931776364e+02 3.694392115193321e-18 7.617630316683945e-02
1 334 8.656571197863849e+02 2.625873476907475e-18 9.056330148265690e-02
0 199 8.679701077851497e+02 6.207776278350659e-18 7.617607372920701e-02
1 335 8.682410820846508e+02 3.394021274362433e-18 9.056391114145267e-02
1 336 8.708250667422983e+02 5.289728331608690e-18 9.056661647594014e-02
0 200 8.723120185876918e+02 4.983649610918254e-18 7.617526734148396e-02
1 337 8.734090568127804e+02 3.074254471656794e-18 9.056683203005825e-02
1 338 8.759930785996332e+02 2.742856157155259e-18 9.056461027230475e-02
0 201 8.766539062682577e+02 4.735714178613097e-18 7.617609417626101e-02
1 339 8.785741030675161e+02 2.482007502919904e-04 9.035853925644828e-02
0 202 8.809958227747962e+02 4.735726226190046e-18 7.617571419831097e-02
1 340 8.811610113927034e+02 3.843395894583718e-18 9.056457968649334e-02
1 341 8.837449591731147e+02 2.280476280511431e-18 9.056621119503154e-02
0 203 8.853377571753118e+02 4.001273606709920e-18 7.617542406214135e-02
1 342 8.863289194071128e+02 3.497123058075545e-18 9.056654329637381e-02
1 343 8.889129206083427e+02 1.396094203156177e-17 9.056526875796023e-02
0 204 8.896796619169739e+02 3.223352383055800e-18 7.617586310889851e-02
1 344 8.914968717517341e+02 3.096025047483611e-18 9.056476318454142e-02
0 205 8.940215976083051e+02 4.095387948620699e-18 7.617542257920620e-02
1 345 8.940808080159475e+02 3.244585780912865e-18 9.056501626222209e-02
1 346 8.966647590287886e+02 1.239266061343989e-17 9.056570798884642e-02
0 206 8.983635266341080e+02 3.773618912565862e-18 7.617557224591003e-02
1 347 8.992487257732922e+02 2.704216225728964e-18 9.056614374191962e-02
1 348 9.018327474456710e+02 3.203247702944211e-18 9.056550917190238e-02
0 207 9.027054151414288e+02 3.712305749418870e-18 7.617578140667494e-02
1 349 9.044167315739243e+02 3.549766043845241e-18 9.056508066754128e-02
0 208 9.070473316872651e+02 3.964492848575971e-18 7.617562268516256e-02
1 350 9.070006998592862e+02 2.971192894593145e-18 9.056446030103618e-02
1 351 9.095846677461299e+02 2.280530164705132e-18 9.056441465832768e-02
0 209 9.113892457854457e+02 5.081186273943044e-18 7.617600427116225e-02
1 352 9.121686503711776e+02 2.747646628839723e-18 9.056493571511880e-02
1 353 9.147526687207803e+02 6.224647949336175e-10 9.056667925146401e-02
0 210 9.157311364575022e+02 5.493495670257541e-17 7.617535925723350e-02
1 354 9.173366380550568e+02 3.159189024554851e-18 9.056633760887546e-02
0 211 9.200730649197309e+02 3.223365130246529e-18 7.617567199052949e-02
1 355 9.199205934810567e+02 7.304042103740150e-18 9.056473074845418e-02
1 356 9.225045310642575e+02 5.527329598948742e-18 9.056414928267011e-02
0 212 9.244149978413651e+02 3.223347018671689e-18 7.617603981318193e-02
1 357 9.250884802984172e+02 2.656986977931797e-18 9.056473310124814e-02
1 358 9.276724756480488e+02 2.445146639112643e-18 9.056704537140782e-02
0 213 9.287569063060607e+02 3.370789793841611e-18 7.617521887818350e-02
1 359 9.302564365686881e+02 4.151814407973815e-18 9.056680374345855e-02
1 360 9.328403905252256e+02 3.249497674536733e-18 9.056425906465390e-02
0 214 9.330988381870451e+02 3.403863370147842e-18 7.617601314704428e-02
1 361 9.354243522332176e+02 2.280550152371362e-18 9.056354695538157e-02
0 215 9.374407533396289e+02 3.225454657529470e-18 7.617622441070564e-02
1 362 9.380530772856546e+02 3.630313421626408e-03 8.681018407116846e-02
1 363 9.405923352409096e+02 2.832655360531437e-18 9.056710366474310e-02
0 216 9.417826463959121e+02 3.223370319065454e-18 7.617513365917328e-02
1 364 9.431763260859951e+02 5.340746980669684e-18 9.056697463337481e-02
1 365 9.457603194634581e+02 4.151860396682951e-18 9.056383412779147e-02
0 217 9.461245521477807e+02 3.856366812588595e-18 7.617624622349140e-02
1 366 9.483442848052382e+02 2.752414869101162e-18 9.056312718632099e-02
0 218 9.504664652529176e+02 3.510031016403921e-18 7.617630296927080e-02
1 367 9.509164950994461e+02 9.898766024568253e-04 8.974356343601550e-02
1 368 9.535122306540026e+02 3.169664261441383e-18 9.056752370960705e-02
0 219 9.548083835077712e+02 3.948069383989933e-18 7.617501469552466e-02
1 369 9.560961935333611e+02 4.151804052522606e-18 9.056751608949896e-02
1 370 9.586801705158418e+02 1.179254954207998e-17 9.056410382789394e-02
0 220 9.591503031795876e+02 4.183457701729531e-17 7.617617353603509e-02
1 371 9.612641141055990e+02 3.074596314595662e-18 9.056343288277215e-02
0 221 9.634922333139764e+02 4.637685840281056e-18 7.617607345977116e-02
1 372 9.638480548364473e+02 3.452409857176691e-18 9.056406060875606e-02
1 373 9.664320261794472e+02 3.265457274472710e-18 9.056730723061163e-02
0 222 9.678341553606294e+02 3.223377174106400e-18 7.617506443274498e-02
1 374 9.690159957366609e+02 3.264657642922979e-18 9.056742481110508e-02
1 375 9.715999945621427e+02 3.666719212769774e-18 9.056394684932889e-02
0 223 9.721760594038921e+02 4.961541690533845e-18 7.617631547400282e-02
1 376 9.742076641251766e+02 1.996549520590417e-03 8.892021116386284e-02
0 224 9.765179694348473e+02 3.223345203676620e-18 7.617605427844182e-02
1 377 9.767679403391387e+02 2.599570725527473e-18 9.056393290396109e-02
1 378 9.793519210183389e+02 2.280477393503706e-18 9.056645640309512e-02
0 225 9.808598826003055e+02 3.839184280166273e-18 7.617532452028358e-02
1 379 9.819359086070631e+02 3.403595958735792e-18 9.056669663478642e-02
1 380 9.845199278910086e+02 3.686703139518453e-18 9.056483102518284e-02
0 226 9.852017725838697e+02 4.735717235836142e-18 7.617601246408512e-02
1 381 9.871038919662801e+02 9.350167855419141e-10 9.056427149409382e-02
0 227 9.895436956448441e+02 3.961890384789545e-18 7.617560718596199e-02
1 382 9.896878435816774e+02 3.180179591699029e-18 9.056478885093969e-02
1 383 9.922717851716806e+02 2.280475265903004e-18 9.056619949623307e-02
0 228 9.938856338223393e+02 5.309013264689700e-18 7.617542578427398e-02
1 384 9.948557402980668e+02 1.402184145009136e-17 9.056655392545954e-02
1 385 9.974397409323600e+02 2.798543316530751e-18 9.056526502285811e-02
0 229 9.982275390132838e+02 3.223350972843499e-18 7.617586825837105e-02
1 386 1.000023696733154e+03 2.804292721016278e-18 9.056477343352380e-02
0 230 1.002569472328322e+03 3.223369506049797e-18 7.617544871747534e-02
1 387 1.002607637280985e+03 2.678657532168921e-18 9.056490329253375e-02
1 388 1.005191596599053e+03 4.151836574295010e-18 9.056545192101438e-02
0 231 1.006911394901055e+03 4.036044242371215e-18 7.617565582578799e-02
1 389 1.007775571727632e+03 2.718468911588097e-18 9.056590626916625e-02
1 390 1.010359599343098e+03 7.823961435394535e-11 9.056571710289361e-02
0 232 1.011253278589148e+03 5.894422352999731e-18 7.617570384944537e-02
1 391 1.012943586913858e+03 2.614620933890652e-18 9.056530426521854e-02
0 233 1.015595193278343e+03 5.517497315510292e-18 7.617564188391332e-02
1 392 1.015527558739811e+03 3.415658899966164e-18 9.056446589082100e-02
1 393 1.018111520175009e+03 6.069318880601504e-18 9.056427516812561e-02
0 234 1.019937111325648e+03 3.567513913615661e-18 7.617604488391683e-02
1 394 1.020695495848179e+03 4.062190191088541e-18 9.056481004856803e-02
1 395 1.023279505628720e+03 1.571806285244132e-10 9.056684690193492e-02
0 235 1.024279008695484e+03 3.861604751294136e-18 7.617530326303570e-02
1 396 1.025863467238538e+03 3.678669464758351e-18 9.056652321473736e-02
0 236 1.028620942472520e+03 3.444778953802524e-18 7.617569887048870e-02
1 397 1.028447415885448e+03 7.613293963000676e-18 9.056474442402111e-02
1 398 1.031031353184426e+03 4.273821412623936e-18 9.056411234390516e-02
0 237 1.032962875275864e+03 3.325876853855691e-18 7.617604217179529e-02
1 399 1.033615301401439e+03 2.423563690404668e-18 9.056470429138225e-02
1 400 1.036199300628332e+03 2.487655663788296e-18 9.056700875495027e-02
0 238 1.037304780655947e+03 3.459557985322215e-18 7.617521876462924e-02
1 401 1.038783269214884e+03 2.082423269113185e-17 9.056678836461991e-02
1 402 1.041367232780861e+03 5.004094498608790e-18 9.056406631995913e-02
0 239 1.041646706120919e+03 3.267682160780956e-18 7.617611233694205e-02
1 403 1.043951202100393e+03 2.735223589042431e-18 9.056335203230614e-02
0 240 1.045988615939925e+03 3.455218481006695e-18 7.617629158408802e-02
1 404 1.046566910737258e+03 2.510599413517952e-03 8.765925746852954e-02
1 405 1.049119189217737e+03 3.105447105128211e-18 9.056719487136884e-02
0 241 1.050330510512828e+03 3.223371964517533e-18 7.617510032417585e-02
1 406 1.051703178182366e+03 4.151814452143914e-18 9.056708966493579e-02
1 407 1.054287171503725e+03 4.151857506847081e-18 9.056391324821710e-02
0 242 1.054672416792397e+03 3.473674296159602e-18 7.617621701744387e-02
1 408 1.056871128695107e+03 3.409179459850681e-18 9.056321383098863e-02
0 243 1.059014335832289e+03 3.431531712290023e-18 7.617624375132315e-02
1 409 1.059455087293387e+03 3.254927422398435e-10 9.056384271430097e-02
1 410 1.062039057471036e+03 2.712613259112696e-18 9.056756167287450e-02
0 244 1.063356259734870e+03 4.106869533799872e-18 7.617500452020631e-02
1 411 1.064623015235415e+03 3.261224340146906e-18 9.056757948264674e-02
1 412 1.067206990415288e+03 5.126640828219799e-18 9.056405896893410e-02
0 245 1.067698180937400e+03 1.237288422348455e-17 7.617620464243638e-02
1 413 1.069790938456234e+03 2.280548485079864e-18 9.056339877958947e-02
0 246 1.072040108490588e+03 3.939475667598696e-18 7.617607263546927e-02
1 414 1.072374882583006e+03 3.204973760564414e-18 9.056402711366172e-02
1 415 1.074958860479137e+03 8.410092157799309e-18 9.056713920325792e-02
0 247 1.076382025450677e+03 4.735736717596130e-18 7.617510697331080e-02
1 416 1.077542838659885e+03 3.122003275601372e-18 9.056728237634078e-02
1 417 1.080126847453415e+03 3.712278196792508e-18 9.056404102198229e-02
0 248 1.080723922132194e+03 4.731387541602449e-18 7.617629261215411e-02
1 418 1.082722254462093e+03 9.581695140892582e-04 8.974688559835579e-02
0 249 1.085065830169249e+03 4.070334840730484e-18 7.617600000512514e-02
1 419 1.085294800120004e+03 3.259198888507542e-18 9.056403433486086e-02
1 420 1.087878772803775e+03 4.151824127317632e-18 9.056635029333526e-02
0 250 1.089407748533940e+03 4.735729596903600e-18 7.617536671411373e-02
1 421 1.090462753893563e+03 2.983104935213384e-18 9.056661479793394e-02
1 422 1.093046767646600e+03 2.508237287262998e-18 9.056500503725362e-02
0 251 1.093749643098989e+03 5.270273963440509e-18 7.617594902879822e-02
1 423 1.095630724093633e+03 1.350582842065567e-10 9.056445788854234e-02
0 252 1.098091572350619e+03 3.975146767098765e-18 7.617552254756989e-02
1 424 1.098214667399303e+03 3.632525068836009e-18 9.056493991901814e-02
1 425 1.100798606977048e+03 4.712182144370489e-18 9.056615103416091e-02
0 253 1.102433511334063e+03 4.735731745842239e-18 7.617543729243584e-02
1 426 1.103382560967647e+03 3.252570970518600e-18 9.056652704097250e-02
1 427 1.105966564834220e+03 2.719439283263773e-18 9.056525158910224e-02
0 254 1.106775413962839e+03 3.223348909777233e-18 7.617587613572804e-02
1 428 1.108550528420558e+03 2.494621589660920e-18 9.056477426025969e-02
0 255 1.111117342685669e+03 5.033892794600588e-18 7.617549647275980e-02
1 429 1.111134476472294e+03 2.664409142926689e-18 9.056474761176880e-02
1 430 1.113718442904617e+03 4.151841969107561e-18 9.056515219695388e-02
0 256 1.115459259649886e+03 4.229523509760454e-18 7.617575659165780e-02
1 431 1.116302425065164e+03 2.280494810036177e-18 9.056562410452008e-02
1 432 1.118892810658492e+03 5.357377976729831e-04 9.012595552971510e-02
0 257 1.119801141281255e+03 4.735723416814783e-18 7.617560719262839e-02
1 433 1.121470441464213e+03 3.126320952282435e-18 9.056558448058971e-02
0 258 1.124143057287305e+03 5.475042765827696e-18 7.617564035493854e-02
1 434 1.124054412263263e+03 3.370098603963716e-18 9.056454151357944e-02
1 435 1.126638365231473e+03 7.508838346373037e-18 9.056421829315590e-02
0 259 1.128484980722209e+03 6.707934462442199e-18 7.617605323612173e-02
1 436 1.129222331885329e+03 4.299845764650327e-18 9.056476577378353e-02
1 437 1.131806333925378e+03 2.492514134024378e-18 9.056695087731050e-02
0 260 1.132826884138741e+03 4.908188457013211e-18 7.617526803569197e-02
1 438 1.134390290442689e+03 3.221953144492661e-18 9.056664597977725e-02
0 261 1.137168821188747e+03 3.522255881857345e-18 7.617575090100703e-02
1 439 1.136974235198996e+03 8.953362711026710e-18 9.056468850019879e-02
1 440 1.139558176393312e+03 3.242174771582377e-18 9.056402268651907e-02
0 262 1.141510751014697e+03 3.387672189591700e-18 7.617606642845787e-02
1 441 1.142142127729792e+03 2.427454802313427e-18 9.056462129322862e-02
1 442 1.144726132887550e+03 3.509955011028348e-17 9.056698192300737e-02
0 263 1.145852651657065e+03 3.611952778856416e-18 7.617521158191273e-02
1 443 1.147310110365239e+03 2.280465679599202e-18 9.056678350594465e-02
1 444 1.149894084776084e+03 3.091744583437357e-18 9.056391006293284e-02
0 264 1.150194569796093e+03 3.268315953738669e-18 7.617619266940752e-02
1 445 1.152478058205126e+03 3.146617043486529e-18 9.056319714350974e-02
0 265 1.154536476780444e+03 3.276541265919102e-18 7.617633972074493e-02
1 446 1.155068009440671e+03 4.585068700505472e-04 8.996979746404327e-02
1 447 1.157646041582642e+03 3.136767985186360e-18 9.056730339312147e-02
0 266 1.158878376161825e+03 3.538035021991524e-18 7.617506808993461e-02
1 448 1.160230024554420e+03 4.151811571494086e-18 9.056722255374637e-02
1 449 1.162814013895224e+03 2.952871417736207e-18 9.056400241983391e-02
0 267 1.163220285793919e+03 3.325202753889699e-18 7.617618526752076e-02
1 450 1.165397963344779e+03 4.015011135078637e-18 9.056331138728412e-02
0 268 1.167562210541093e+03 3.453590399193828e-18 7.617618148011708e-02
1 451 1.167981913150957e+03 2.359767003597298e-18 9.056394326228659e-02
1 452 1.170565879216227e+03 5.051472231787976e-18 9.056755444463695e-02
0 269 1.171904137284555e+03 4.430084773012504e-18 7.617500459913550e-02
1 453 1.173149835783956e+03 3.215550387362512e-18 9.056759791661685e-02
1 454 1.175733813206047e+03 5.049721965922255e-18 9.056398637782830e-02
0 270 1.176246056960632e+03 5.444991050539502e-18 7.617624951366492e-02
1 455 1.178317768947134e+03 2.631908175945510e-18 9.056333735115635e-02
0 271 1.180587979717248e+03 3.637792728278163e-18 7.617608547802716e-02
1 456 1.180901719726753e+03 2.909884985356745e-18 9.056396584822507e-02
1 457 1.183485703247775e+03 2.654852741087266e-18 9.056694717842569e-02
0 272 1.184929892222715e+03 4.735734422903899e-18 7.617516012106237e-02
1 458 1.186069688865435e+03 6.918041994833147e-18 9.056711579246181e-02
1 459 1.188653705481554e+03 2.280531888918631e-18 9.056421455660159e-02
0 273 1.189271783231226e+03 3.223334355746389e-18 7.617623477595320e-02
1 460 1.191237685592377e+03 2.061142844139984e-10 9.056362009159696e-02
0 274 1.193613692546319e+03 4.974654366871491e-18 7.617591134657622e-02
1 461 1.193821655789968e+03 2.737173888901497e-18 9.056421264672289e-02
1 462 1.196405618266125e+03 2.280477160099917e-18 9.056630224529963e-02
0 275 1.197955617648421e+03 4.735730147750992e-18 7.617538927144921e-02
1 463 1.198989590628530e+03 5.220796341176576e-18 9.056659053214078e-02
1 464 1.201573597909615e+03 1.156963199767941e-17 9.056512167405106e-02
0 276 1.202297517433725e+03 4.505853716919654e-17 7.617590869217984e-02
1 465 1.204157549273275e+03 2.976532434344537e-18 9.056458721203044e-02
0 277 1.206639451123479e+03 7.923705199193045e-18 7.617546731316416e-02
1 466 1.206741486862548e+03 3.242967848002329e-18 9.056501749101947e-02
1 467 1.209325428804139e+03 1.065524041132594e-17 9.056605072766856e-02
0 278 1.210981387820966e+03 4.735730816133534e-18 7.617546518548965e-02
1 468 1.211909385815730e+03 2.703492322787544e-18 9.056644748062244e-02
1 469 1.214493395994545e+03 2.434574892043204e-18 9.056527187015088e-02
0 279 1.215323285434343e+03 5.565382693159416e-18 7.617587049568970e-02
1 470 1.217077368750892e+03 3.062179844076668e-18 9.056480906634305e-02
0 280 1.219665208549670e+03 3.768911384420091e-18 7.617555034111634e-02
1 471 1.219661325778430e+03 4.151853983130375e-18 9.056459581370038e-02
1 472 1.222245296045513e+03 3.371101159158078e-18 9.056484992414002e-02
0 281 1.224007122210293e+03 4.251540468913616e-18 7.617585966108516e-02
1 473 1.224829281822611e+03 3.297134060174857e-18 9.056533830855008e-02
1 474 1.227413310030185e+03 1.063902199924650e-09 9.056626235646936e-02
0 282 1.228349005225122e+03 3.646247416882801e-18 7.617550732579065e-02
1 475 1.229997290911224e+03 3.157644922754608e-18 9.056588158158915e-02
0 283 1.232690925380733e+03 3.584860427642312e-18 7.617562972682164e-02
1 476 1.232581256620765e+03 5.083059165049450e-18 9.056465124506349e-02
1 477 1.235165201377958e+03 4.387651300624488e-18 9.056421589416110e-02
0 284 1.237032854064131e+03 3.835987476797977e-17 7.617604088807263e-02
1 478 1.237749159224915e+03 4.555551567819009e-18 9.056477471301250e-02
1 479 1.240333156187309e+03 3.109597849999737e-18 9.056699836416905e-02
0 285 1.241374761429310e+03 3.462098339764634e-18 7.617524979301235e-02
1 480 1.242917111475675e+03 4.151814961664908e-18 9.056671309138103e-02
1 481 1.245501056448865e+03 3.185196651891480e-18 9.056456713529627e-02
0 286 1.245716698833615e+03 3.223358342622162e-18 7.617582738662969e-02
1 482 1.248085004907329e+03 4.998306964219711e-18 9.056388043331492e-02
0 287 1.250058623390378e+03 3.250161851005518e-18 7.617611328962705e-02
1 483 1.250706878025863e+03 3.125309114420033e-03 8.759752300844838e-02
1 484 1.253252973728529e+03 2.962327998234224e-18 9.056699013939648e-02
0 288 1.254400519243330e+03 3.230391602214793e-18 7.617519169848819e-02
1 485 1.255836959076613e+03 3.349016863988183e-18 9.056681439269394e-02
1 486 1.258420943243283e+03 3.046204764007289e-18 9.056382501708457e-02
0 289 1.258742430827850e+03 3.243723664312297e-18 7.617623825436190e-02
1 487 1.261004916194556e+03 3.115308278090337e-18 9.056311591639524e-02
0 290 1.263084338231281e+03 3.230288653023086e-18 7.617635441905377e-02
1 488 1.263576981118477e+03 9.977147682571801e-04 8.970617969446347e-02
1 489 1.266172888281088e+03 3.711304248934193e-18 9.056741301022361e-02
0 291 1.267426244680161e+03 3.707393077738858e-18 7.617503957533159e-02
1 490 1.268756862873573e+03 3.123036386195572e-18 9.056735701678507e-02
1 491 1.271340846173110e+03 5.207522566889877e-18 9.056407013986080e-02
0 292 1.271768159118285e+03 4.164182444774317e-18 7.617616508999016e-02
1 492 1.273924790311299e+03 2.865338579080147e-18 9.056338817411795e-02
0 293 1.276110087934575e+03 3.989209748371879e-18 7.617613035575463e-02
1 493 1.276508733744664e+03 2.901694490766530e-18 9.056402278632629e-02
1 494 1.279092699954115e+03 5.747638797547907e-18 9.056749915700080e-02
0 294 1.280452014360990e+03 3.145689523078149e-17 7.617501611320127e-02
1 495 1.281676659497266e+03 4.151802625731036e-18 9.056756842656349e-02
1 496 1.284260643151868e+03 3.200405744310682e-18 9.056391956689303e-02
0 295 1.284793929492635e+03 5.777831909545203e-18 7.617629435478383e-02
1 497 1.286870661112776e+03 2.184176660818750e-03 8.869871271308678e-02
0 296 1.289135846415699e+03 3.223345782435256e-18 7.617609825787937e-02
1 498 1.289428567148887e+03 2.280542667134797e-18 9.056391008927006e-02
1 499 1.292012553178909e+03 4.210322881982880e-18 9.056675417928414e-02
0 297 1.293477756676082e+03 4.735732353536766e-18 7.617521935056394e-02
1 500 1.294596542945842e+03 4.151815899567302e-18 9.056694799189886e-02
1 501 1.297180563523456e+03 4.950820763218781e-18 9.056443805682120e-02
0 298 1.297819645018261e+03 5.609183963806410e-18 7.617615419120173e-02
1 502 1.299764538643105e+03 7.444843217928997e-11 9.056385462181958e-02
0 299 1.302161558620491e+03 3.223355057134144e-18 7.617580093720186e-02
1 503 1.302348502977096e+03 2.736228072835246e-18 9.056443699775511e-02
1 504 1.304932455360523e+03 3.138330336909411e-18 9.056629410495544e-02
0 300 1.306503490337236e+03 4.053793501994192e-18 7.617539567747909e-02
1 505 1.307516419037739e+03 1.514622989208364e-17 9.056660559708599e-02
1 506 1.310100421114005e+03 2.802627655132238e-18 9.056518147721623e-02
0 301 1.310845394271731e+03 3.966637506455852e-18 7.617589083833810e-02
1 507 1.312684371205034e+03 2.483715610117886e-18 9.056466000089579e-02
0 302 1.315187329747255e+03 4.735734941287292e-18 7.617544385165871e-02
1 508 1.315268306970574e+03 3.877749198777425e-18 9.056501643670993e-02
1 509 1.317852254901273e+03 5.624344226286502e-18 9.056588911858701e-02
0 303 1.319529261609915e+03 4.089504840758000e-18 7.617551403644231e-02
1 510 1.320436218344514e+03 3.547694257943363e-18 9.056630571306525e-02
1 511 1.323020236304646e+03 2.688546056211539e-10 9.056536274855234e-02
0 304 1.323871153014796e+03 3.808261965459308e-18 7.617583762334022e-02
1 512 1.325604217381130e+03 3.093512206995434e-18 9.056491472313415e-02
0 305 1.328213071050165e+03 5.744903719830099e-18 7.617559378858689e-02
1 513 1.328188182620201e+03 2.280535339993977e-18 9.056449456908688e-02
1 514 1.330772152243831e+03 3.015721866605626e-18 9.056459140067415e-02
0 306 1.332554984549258e+03 3.989063210899466e-18 7.617594694423384e-02
1 515 1.333356137050293e+03 2.613665118115629e-18 9.056509514020530e-02
1 516 1.335940159519359e+03 3.197040311949252e-10 9.056651703027989e-02
0 307 1.336896872042764e+03 3.945499760795303e-18 7.617541940272417e-02
1 517 1.338524132402745e+03 2.751324483817813e-18 9.056615315777800e-02
0 308 1.341238798003706e+03 3.901843410866701e-18 7.617562536478406e-02
1 518 1.341108090656070e+03 4.151848660046003e-18 9.056474851905802e-02
1 519 1.343692029516933e+03 2.876680277839778e-18 9.056422505895399e-02
0 309 1.345580730367742e+03 3.594950859754376e-18 7.617602473182405e-02
1 520 1.346275980829309e+03 3.116683842304405e-18 9.056479391457829e-02
1 521 1.348859976443273e+03 2.487120589608522e-18 9.056699908592643e-02
0 310 1.349922638757196e+03 3.440036018349023e-18 7.617524400220123e-02
1 522 1.351443934686506e+03 2.538658857342748e-17 9.056673425928335e-02
1 523 1.354027884277850e+03 5.598852161174402e-18 9.056439316376405e-02
0 311 1.354264573369766e+03 3.481475286801133e-18 7.617592342133983e-02
1 524 1.356611841730332e+03 3.179443048557827e-18 9.056369484958395e-02
0 312 1.358606491509374e+03 3.223339780846086e-18 7.617617876311522e-02
1 525 1.359221303381698e+03 2.064361357223133e-03 8.841076976910830e-02
1 526 1.361779822264115e+03 3.212403581282465e-18 9.056704234675000e-02
0 313 1.362948384253200e+03 3.395542138832302e-18 7.617515990936337e-02
1 527 1.364363812325567e+03 6.042046157657627e-18 9.056688992249461e-02
1 528 1.366947803005196e+03 5.364887823826029e-18 9.056381952130962e-02
0 314 1.367290291620358e+03 3.307724337523306e-18 7.617624476765482e-02
1 529 1.369531771159939e+03 3.619692786506183e-18 9.056311595642370e-02
0 315 1.371632202508315e+03 3.708201004368512e-18 7.617633269787626e-02
1 530 1.372091661696690e+03 2.028637467637381e-03 8.889021254305489e-02
1 531 1.374699726825160e+03 2.713341226207450e-18 9.056750543801011e-02
0 316 1.375974116652500e+03 3.374942168752948e-18 7.617501670763861e-02
1 532 1.377283692910608e+03 2.280443907184584e-18 9.056747469604245e-02
1 533 1.379867670437118e+03 3.264790873286043e-18 9.056409406060564e-02
0 317 1.380316035638049e+03 3.321860205203275e-18 7.617616526251095e-02
1 534 1.382451613033569e+03 2.603546808235346e-18 9.056342171050355e-02
0 318 1.384657965950306e+03 3.975800881534184e-18 7.617609923578035e-02
1 535 1.385035553859954e+03 2.826821725142475e-18 9.056405879840400e-02
1 536 1.387619523942729e+03 9.630500980984552e-18 9.056739567990484e-02
0 319 1.388999889293897e+03 7.003793445700053e-18 7.617503953434394e-02
1 537 1.390203489953743e+03 3.124253411919424e-18 9.056749078273928e-02
1 538 1.392787482788957e+03 3.169053680912890e-18 9.056389538078462e-02
0 320 1.393341797650955e+03 3.223332805831182e-18 7.617632246201290e-02
1 539 1.395384257524523e+03 1.068739602561421e-03 8.962504377179005e-02
0 321 1.397683709243889e+03 3.527965260089523e-18 7.617609434415494e-02
1 540 1.397955422964260e+03 3.724943760939754e-18 9.056389634325293e-02
1 541 1.400539407033538e+03 7.998557742807696e-18 9.056658482271360e-02
0 322 1.402025620439539e+03 3.223365436943014e-18 7.617527718267800e-02
1 542 1.403123396405620e+03 5.339127975966468e-18 9.056680350455755e-02
1 543 1.405707416461931e+03 3.853296892926507e-18 9.056466641731373e-02
0 323 1.406367509572929e+03 4.154545454567759e-18 7.617606976446142e-02
1 544 1.408291383916631e+03 8.261899377708099e-10 9.056409430848454e-02
0 324 1.410709429359551e+03 4.093169527146631e-18 7.617568836357658e-02
1 545 1.410875339750487e+03 4.054410753421285e-18 9.056466016442175e-02
1 546 1.413459284316162e+03 4.151821371975783e-18 9.056629181808114e-02
0 325 1.415051366040046e+03 5.284414405919626e-18 7.617539628137175e-02
1 547 1.416043241443685e+03 2.280461768543872e-18 9.056662585291854e-02
1 548 1.418627241288548e+03 2.589642802621689e-18 9.056519264189875e-02
0 326 1.419393271743722e+03 3.970372804751981e-18 7.617589135430473e-02
1 549 1.421211194308072e+03 2.713914066104813e-18 9.056468444173976e-02
0 327 1.423735206071340e+03 4.050146347868240e-18 7.617545162859636e-02
1 550 1.423795132534609e+03 6.378269393157729e-18 9.056493923730564e-02
1 551 1.426379088479441e+03 4.151833002375121e-18 9.056566128546453e-02
0 328 1.428077131682835e+03 5.823646372462962e-18 7.617558672452628e-02
1 552 1.428963060180163e+03 4.151824829367908e-18 9.056609675345796e-02
1 553 1.431547085248300e+03 1.901363159119807e-10 9.056553773818136e-02
0 329 1.432419017370745e+03 4.735719147999693e-18 7.617577294286107e-02
1 554 1.434131071635589e+03 3.969857718589424e-18 9.056510473464126e-02
0 330 1.436760932357336e+03 7.755175725654830e-18 7.617561600627315e-02
1 555 1.436715042153153e+03 5.990879149225245e-18 9.056447167800799e-02
1 556 1.439299006796286e+03 4.501130349562408e-18 9.056441006743340e-02
0 331 1.441102848740016e+03 3.533271335993828e-18 7.617600455862630e-02
1 557 1.441882986211695e+03 3.278736326064563e-18 9.056492800674286e-02
1 558 1.444467000605706e+03 2.433192995852925e-18 9.056671562971400e-02
0 332 1.445444742569060e+03 3.602180158707991e-18 7.617535238807426e-02
1 559 1.447050965189653e+03 2.796947763903472e-18 9.056636953012751e-02
0 333 1.449786674397130e+03 1.021503481824975e-17 7.617563987791516e-02
1 560 1.449634915898362e+03 5.756640709156777e-18 9.056479494080777e-02
1 561 1.452218852580723e+03 2.280526402973238e-18 9.056420680775891e-02
0 334 1.454128607901460e+03 3.574561998172887e-18 7.617601975096952e-02
1 562 1.454802801031311e+03 2.865306105988244e-18 9.056478435576701e-02
1 563 1.457386799082742e+03 4.972947620722405e-17 9.056696983073285e-02
0 335 1.458470514343481e+03 3.893014620775005e-18 7.617524389357513e-02
1 564 1.459970763852086e+03 2.660332934165844e-18 9.056672624518990e-02
