0 0 3.448147518045423e+00 4.135972448876249e-18 6.959469638914532e-02
1 0 5.273262191315839e+00 6.265741835654106e-18 5.764943135994929e-02
0 1 8.749940533775247e+00 8.280498681383093e-18 6.959291268459014e-02
0 2 1.405166596909045e+01 3.689320651188719e-18 6.958507699922908e-02
1 1 1.460184609437878e+01 5.380568087258552e-18 5.765145957504714e-02
0 3 1.935332917032790e+01 9.251229964369555e-18 6.958229095269744e-02
1 2 2.393039079429815e+01 5.570309025657679e-18 5.765169930554598e-02
0 4 2.465501092241410e+01 4.076380323022958e-18 6.958524993015380e-02
0 5 2.995679766032533e+01 8.482352430978930e-17 6.959502878749396e-02
1 3 3.325894609025548e+01 5.857754283053398e-18 5.764884592771952e-02
0 6 3.525860443161718e+01 3.876009047835828e-18 6.959647190700317e-02
0 7 4.056078880585108e+01 3.845122854907527e-18 6.959675760315168e-02
1 4 4.258726664651799e+01 5.240942615882063e-18 5.764873795656065e-02
0 8 4.586259462961510e+01 3.888270781559539e-18 6.959536866793847e-02
0 9 5.116438896540664e+01 4.997216190558302e-18 6.958531909010970e-02
1 5 5.191581875965304e+01 5.627784039242815e-18 5.765173038326627e-02
0 10 5.646607141711277e+01 4.428171690142933e-18 6.958236679235817e-02
1 6 6.124436589779334e+01 5.838175696817563e-18 5.765134419680834e-02
0 11 6.176773069587075e+01 6.899051238382949e-18 6.958521647762328e-02
0 12 6.706944973521065e+01 5.568195452190504e-18 6.959258080283423e-02
1 7 7.057295085629387e+01 7.030901805948339e-18 5.764952253521360e-02
0 13 7.237124357213767e+01 3.625195104428582e-18 6.959441489422324e-02
0 14 7.767341343340242e+01 5.960350166146562e-17 6.959835036496885e-02
1 8 7.990128029071833e+01 5.378036735046884e-18 5.764816556316481e-02
0 15 8.297523187776557e+01 4.996749662915807e-18 6.959738980148990e-02
0 16 8.827711168626352e+01 8.697629416729326e-17 6.958614863170440e-02
1 9 8.922978621153399e+01 5.491769457910112e-18 5.765172734055805e-02
0 17 9.357881503790894e+01 7.035070676700762e-18 6.958323911080361e-02
0 18 9.888045572620160e+01 3.844959282389542e-18 6.958558085132151e-02
1 10 9.855834481486983e+01 5.891017347559126e-18 5.765073843837776e-02
0 19 1.041821236855857e+02 3.718764997970842e-18 6.958997680318581e-02
1 11 1.078869454365958e+02 5.723466792366502e-18 5.765022646840452e-02
0 20 1.094838978924862e+02 3.596145738296934e-18 6.959216085002928e-02
0 21 1.147860259552665e+02 4.427511264207818e-18 6.959929502966904e-02
1 12 1.172153015993835e+02 5.808880546720381e-18 5.764779617869739e-02
0 22 1.200878525364870e+02 3.839743236732393e-18 6.959878702687365e-02
0 23 1.253898208649043e+02 9.141644454432072e-18 6.958754874300795e-02
1 13 1.265437559115883e+02 5.780634906169065e-18 5.765147690127317e-02
0 24 1.306915489150318e+02 3.640880714560325e-18 6.958479777863842e-02
0 25 1.359931827841511e+02 2.390814485763605e-17 6.958613573169065e-02
1 14 1.358723308931594e+02 5.412974775524622e-18 5.765011369623254e-02
0 26 1.412948215839093e+02 5.303789787820420e-18 6.958741305524889e-02
1 15 1.452009286818205e+02 5.867782818290099e-18 5.765089009410172e-02
0 27 1.465965740374790e+02 8.681069621973878e-17 6.958989410204518e-02
0 28 1.518986362395235e+02 4.585123572227237e-18 6.959951597044461e-02
1 16 1.545293266288040e+02 5.812501745282566e-18 5.764766193216121e-02
0 29 1.572004634035565e+02 3.752633611837605e-18 6.959947151359311e-02
0 30 1.625025117133082e+02 3.620537300371865e-18 6.958942633732440e-02
1 17 1.638577325240660e+02 5.857093553634670e-18 5.765101676584682e-02
0 31 1.678042635680682e+02 4.245376162460067e-18 6.958690351997540e-02
0 32 1.731059031148581e+02 5.650187655001800e-18 6.958606736840361e-02
1 18 1.731863250275635e+02 5.240881821719851e-18 5.765007637007876e-02
0 33 1.784075367907175e+02 4.997216923486852e-18 6.958514888251013e-02
1 19 1.825149037208121e+02 5.341302838614198e-18 5.765142322702938e-02
0 34 1.837092693205025e+02 4.196095508000519e-18 6.958785862899219e-02
0 35 1.890112506171377e+02 3.751917691143943e-18 6.959896874426394e-02
1 20 1.918433512230545e+02 6.363525309160427e-18 5.764777098474281e-02
0 36 1.943130742792179e+02 7.178572017966259e-18 6.959938532572420e-02
0 37 1.996151887362233e+02 4.996951659161585e-18 6.959164039363135e-02
1 21 2.011717162581836e+02 3.824856332412513e-17 5.765038983415779e-02
0 38 2.049169592511031e+02 1.563340747124904e-16 6.958939411455690e-02
0 39 2.102186200270798e+02 4.288044840870190e-18 6.958570956003680e-02
1 22 2.105003176413654e+02 5.661649253177728e-18 5.765065371279631e-02
0 40 2.155202626012573e+02 3.752941337096628e-18 6.958344498151525e-02
1 23 2.198288759681863e+02 5.479969511278013e-18 5.765172531901844e-02
0 41 2.208219741781771e+02 3.917787811435003e-18 6.958629882519016e-02
0 42 2.261238710136063e+02 4.245616124189278e-18 6.959767905278469e-02
1 24 2.291573726201663e+02 6.285299515304708e-18 5.764810905093017e-02
0 43 2.314256905278528e+02 3.820314533982219e-18 6.959854822870840e-02
0 44 2.367278525953530e+02 4.379152869018004e-18 6.959396554779819e-02
1 25 2.384857074854204e+02 5.616631879292785e-18 5.764966726288645e-02
0 45 2.420296389722686e+02 1.039390587731520e-17 6.959205797127821e-02
0 46 2.473313433514290e+02 3.686805818592930e-18 6.958516514506302e-02
1 26 2.478143000236246e+02 5.598451198274729e-18 5.765128174490572e-02
0 47 2.526329988237252e+02 4.154950939351813e-18 6.958246395393634e-02
1 27 2.571428476238555e+02 6.519802968955092e-18 5.765174895680519e-02
0 48 2.579346864710427e+02 3.856964273969719e-18 6.958542249642971e-02
0 49 2.632365007704551e+02 9.374406315982384e-17 6.959578249027915e-02
1 28 2.664713887121426e+02 7.087412313337932e-18 5.764863039639688e-02
0 50 2.685383129490922e+02 3.876194308353436e-18 6.959708706048531e-02
0 51 2.738404977180053e+02 3.752880160986745e-18 6.959612411477045e-02
1 29 2.757997085181329e+02 5.512242294277529e-18 5.764895377630562e-02
0 52 2.791423006427784e+02 4.209705301083135e-18 6.959459870439508e-02
0 53 2.844440708585632e+02 4.245823150609661e-18 6.958520889560509e-02
1 30 2.851282722542165e+02 5.241886432922068e-18 5.765166950765231e-02
0 54 2.897457447118200e+02 3.821180350226518e-18 6.958226697303280e-02
1 31 2.944568190292759e+02 6.985165124113343e-18 5.765148771947268e-02
0 55 2.950474090326899e+02 4.378756960018627e-18 6.958518050966302e-02
0 56 3.003491478096223e+02 5.221941467216933e-18 6.959344634914513e-02
1 32 3.037853965438177e+02 5.831524224979553e-18 5.764928042638885e-02
0 57 3.056509455168417e+02 3.681513415611868e-18 6.959515472106961e-02
0 58 3.109531241289372e+02 6.231750686181876e-17 6.959786202501056e-02
1 33 3.131137201793291e+02 6.265527973353247e-18 5.764834714043624e-02
0 59 3.162549410179559e+02 4.076000161093219e-18 6.959675553504037e-02
0 60 3.215567936800970e+02 9.374408330838592e-17 6.958579301018417e-02
1 34 3.224422408466579e+02 5.376986805624629e-18 5.765176826453360e-02
0 61 3.268584906612141e+02 3.876780700091544e-18 6.958285186331076e-02
1 35 3.317707939824608e+02 5.877505565578328e-18 5.765096746395275e-02
0 62 3.321601374727393e+02 3.844194850930980e-18 6.958539260346613e-02
0 63 3.374618178442386e+02 3.620454466836029e-18 6.959083623673507e-02
1 36 3.410993932913627e+02 5.426968836569046e-18 5.764999979752963e-02
0 64 3.427635965986938e+02 4.643063453463716e-18 6.959290914670528e-02
0 65 3.480657402819714e+02 6.219411569357331e-18 6.959902572681458e-02
1 37 3.504277398198475e+02 5.245214960396359e-18 5.764790881119346e-02
0 66 3.533675639729244e+02 4.378440520776247e-18 6.959836548948378e-02
0 67 3.586695025797418e+02 9.823198936435606e-18 6.958696861925968e-02
1 38 3.597562118769457e+02 6.203736242124127e-18 5.765161032804181e-02
0 68 3.639712246727709e+02 3.596594761580464e-18 6.958416066685130e-02
1 39 3.690847789492442e+02 5.520505000662545e-18 5.765031457482583e-02
0 69 3.692728619654680e+02 2.099930139699526e-17 6.958595216591552e-02
0 70 3.745745086381261e+02 4.077532093933024e-18 6.958819682223019e-02
1 40 3.784133793843589e+02 5.540268255022088e-18 5.765070068761759e-02
0 71 3.798762690180315e+02 1.059674090286787e-16 6.959058467261102e-02
0 72 3.851783536176259e+02 3.876053855493844e-18 6.959950669945161e-02
1 41 3.877417634814893e+02 5.351517435944640e-18 5.764768565824339e-02
0 73 3.904801786867966e+02 3.687425129289163e-18 6.959930712487429e-02
0 74 3.957821993585496e+02 3.694383092333419e-18 6.958871292650169e-02
1 42 3.970701867907595e+02 5.432293179789761e-18 5.765120926462641e-02
0 75 4.010839430580123e+02 4.659517180649297e-18 6.958611062068863e-02
0 76 4.063855787455010e+02 4.428996686814881e-18 6.958608750844679e-02
1 43 4.063987742871311e+02 5.405959767499600e-18 5.765001663404642e-02
0 77 4.116872145143413e+02 4.997191577374639e-18 6.958582472349716e-02
1 44 4.157273584339525e+02 5.240780972331662e-18 5.765127696093177e-02
0 78 4.169889562358879e+02 6.435950319332465e-18 6.958846393060406e-02
0 79 4.222909662080427e+02 3.597392598318145e-18 6.959922007433103e-02
1 45 4.250557881956484e+02 5.448862683152240e-18 5.764770878424280e-02
0 80 4.275927917134071e+02 1.388870978003548e-17 6.959948217418757e-02
0 81 4.328948857203982e+02 4.516791316851183e-18 6.959088855045518e-02
1 46 4.343841661738859e+02 5.837904064325725e-18 5.765060995136306e-02
0 82 4.381966478813479e+02 1.716895123605713e-16 6.958854052527320e-02
0 83 4.434982966669720e+02 5.113621447832765e-18 6.958589662818458e-02
1 47 4.437127683703646e+02 6.285199296704059e-18 5.765040643990098e-02
0 84 4.487999350901595e+02 3.596605532877296e-18 6.958395298662967e-02
1 48 4.530413329167432e+02 5.245093638731497e-18 5.765164961436314e-02
0 85 4.541016536404485e+02 4.147248360278094e-18 6.958676538286161e-02
0 86 4.594035811882044e+02 4.996718946830136e-18 6.959818061410104e-02
1 49 4.623698115557979e+02 5.704448028742649e-18 5.764796630348937e-02
0 87 4.647054049130318e+02 4.428681798733210e-18 6.959889989621777e-02
0 88 4.700075553194550e+02 3.840218104458475e-18 6.959321759647381e-02
1 50 4.716981534764234e+02 5.384905448133597e-18 5.764990180767195e-02
0 89 4.753093366219722e+02 1.036142358419816e-17 6.959119112652815e-02
0 90 4.806110241468751e+02 3.762352309390216e-18 6.958530648408795e-02
1 51 4.810267511931947e+02 5.516185554311781e-18 5.765106504226550e-02
0 91 4.859126719729569e+02 1.086588543487472e-17 6.958272441868403e-02
1 52 4.903553030995923e+02 5.483374112013274e-18 5.765176993784924e-02
0 92 4.912143652405282e+02 3.856710321842450e-18 6.958566879492635e-02
0 93 4.965162064019414e+02 9.192210922273254e-17 6.959648758295889e-02
1 53 4.996838302302675e+02 5.780913859873761e-18 5.764842922485161e-02
0 94 5.018180216847218e+02 5.111118799728181e-18 6.959765024519503e-02
0 95 5.071202029508145e+02 4.158007578545001e-18 6.959542206077694e-02
1 54 5.090121520614840e+02 5.814878350177635e-18 5.764918995126635e-02
0 96 5.124220031074373e+02 3.596087031379348e-18 6.959376420615462e-02
0 97 5.177237514169996e+02 4.643827459988854e-18 6.958514436585146e-02
1 55 5.183407254186149e+02 5.304256345858364e-18 5.765156184918967e-02
0 98 5.230254187484990e+02 3.820942813342949e-18 6.958223232670906e-02
1 56 5.276692715867115e+02 6.360392754223019e-18 5.765161836381767e-02
0 99 5.283270902888714e+02 3.596558936584978e-18 6.958518235804174e-02
0 100 5.336288501743288e+02 7.270383065364526e-18 6.959425855769409e-02
1 57 5.369978403017232e+02 5.857358772564707e-18 5.764905589580758e-02
0 101 5.389306507432334e+02 3.748628649749826e-18 6.959583661101348e-02
0 102 5.442328337245546e+02 6.513841913548659e-17 6.959729710765036e-02
1 58 5.463261613826132e+02 5.738435091450378e-18 5.764855378924731e-02
0 103 5.495346468173441e+02 4.076797574649614e-18 6.959604756733218e-02
0 104 5.548364713631316e+02 9.209754059496610e-17 6.958549017232750e-02
1 59 5.556546972391250e+02 5.288279004005523e-18 5.765178954891999e-02
0 105 5.601381627896196e+02 3.877037623096822e-18 6.958252862554633e-02
1 60 5.649832453652642e+02 6.924590128803847e-18 5.765119356825266e-02
0 106 5.654398171079781e+02 3.751737127665583e-18 6.958521404972658e-02
0 107 5.707415141842715e+02 3.896901862157852e-18 6.959167621142254e-02
1 61 5.743118398519764e+02 1.083223251519820e-17 5.764977700766302e-02
0 108 5.760432989569468e+02 4.246843586315094e-18 6.959363245658913e-02
0 109 5.813454556074531e+02 4.996690878394979e-18 6.959868559181459e-02
1 62 5.836401783200213e+02 5.879620676523602e-18 5.764805109070386e-02
0 110 5.866472751317989e+02 4.377925163362627e-18 6.959787479010603e-02
0 111 5.919491828299600e+02 6.962487864368657e-18 6.958646143852183e-02
1 63 5.929686688499623e+02 5.883572137056597e-18 5.765171243440137e-02
0 112 5.972508972103004e+02 3.683364267881311e-18 6.958360549608128e-02
1 64 6.022972297915887e+02 6.285192255641421e-18 5.765054960721764e-02
0 113 6.025525374420254e+02 2.032195501152466e-17 6.958574184996473e-02
0 114 6.078541953266204e+02 4.338389700335735e-18 6.958902670109708e-02
1 65 6.116258302288071e+02 5.240826766507007e-18 5.765048954531881e-02
0 115 6.131559643541390e+02 1.282396521151688e-16 6.959131496873015e-02
0 116 6.184580708892953e+02 5.766668690406761e-18 6.959942254116776e-02
1 66 6.209542002591364e+02 5.329583526078453e-18 5.764773948291300e-02
0 117 6.237598950888297e+02 3.842874108813014e-18 6.959906833557573e-02
0 118 6.290618881400598e+02 3.719440022896792e-18 6.958807293038520e-02
1 67 6.302826406293018e+02 5.439281660291548e-18 5.765136737500286e-02
0 119 6.343636225113455e+02 4.662053662368170e-18 6.958539882353165e-02
1 68 6.396112229919740e+02 1.261500069087620e-17 5.765003807328022e-02
0 120 6.396652552095323e+02 5.981537488290231e-18 6.958608810697452e-02
0 121 6.449668932927175e+02 4.377714549371387e-18 6.958658286049750e-02
1 69 6.489398131825862e+02 5.718952620962931e-18 5.765109604866923e-02
0 122 6.502686424621684e+02 4.715233598478417e-18 6.958914396806559e-02
0 123 6.555706807208862e+02 3.693629173261719e-18 6.959939693121281e-02
1 70 6.582682251767658e+02 5.279237575651026e-18 5.764766450403368e-02
0 124 6.608725087394578e+02 1.907680130868065e-17 6.959950389504198e-02
0 125 6.661745814305810e+02 6.402991622553256e-18 6.959016174175370e-02
1 71 6.675966162337746e+02 6.984268570172046e-18 5.765081458835081e-02
0 126 6.714763365357682e+02 1.873846508489635e-16 6.958771824792692e-02
0 127 6.767779773511546e+02 4.006345743365996e-18 6.958605204483159e-02
1 72 6.769252160085109e+02 5.831148808164119e-18 5.765019250891230e-02
0 128 6.820796115055927e+02 4.062319885246846e-18 6.958453391434578e-02
1 73 6.862537884945273e+02 5.475765577734236e-18 5.765153498425466e-02
0 129 6.873813357697846e+02 3.908468862621585e-18 6.958729528301688e-02
0 130 6.926832924253687e+02 4.246649159991597e-18 6.959860972203512e-02
1 74 6.955822499870692e+02 5.361389166896802e-18 5.764784612795520e-02
0 131 6.979851184239916e+02 3.595788037291033e-18 6.959917729497560e-02
0 132 7.032872538647462e+02 4.378106372196020e-18 6.959243356005271e-02
1 75 7.049106011745904e+02 6.758816331938296e-18 5.765014526162617e-02
0 133 7.085890310648400e+02 9.715543459185360e-18 6.959029352113780e-02
0 134 7.138907054658553e+02 3.680227842059357e-18 6.958546326703478e-02
1 76 7.142392009245305e+02 5.776510150762250e-18 5.765084490169731e-02
0 135 7.191923476612568e+02 1.684985971483388e-17 6.958304447591399e-02
1 77 7.235677572488249e+02 5.451265684899104e-18 5.765176381034325e-02
0 136 7.244940480316211e+02 3.856457970152240e-18 6.958596278000247e-02
0 137 7.297959156499603e+02 9.192024125803996e-17 6.959711552012045e-02
1 78 7.328962703238448e+02 5.521771096857432e-18 5.764825428233103e-02
0 138 7.350977322256257e+02 5.109050612412723e-18 6.959813328151106e-02
0 139 7.403999055330345e+02 3.751417090793620e-18 6.959466524001003e-02
1 79 7.422245975048310e+02 5.383509288273706e-18 5.764944272719838e-02
0 140 7.457017012263742e+02 3.919587516487693e-18 6.959287934387980e-02
0 141 7.510034282251711e+02 4.997240443467967e-18 6.958512585448474e-02
1 80 7.515531797090421e+02 5.240801129953075e-18 5.765143225750157e-02
0 142 7.563050907984292e+02 4.997326048225577e-18 6.958226854277175e-02
1 81 7.608817253647401e+02 5.321392881019433e-18 5.765173129142567e-02
0 143 7.616067712826360e+02 4.997222002000972e-18 6.958523390383421e-02
0 144 7.669085553080873e+02 5.505722282669394e-18 6.959501410268894e-02
1 82 7.702102826244627e+02 5.570249575354686e-18 5.764884766338754e-02
0 145 7.722103596039625e+02 3.624399628267992e-18 6.959645761389446e-02
0 146 7.775125435805771e+02 7.008468931339322e-17 6.959668569204996e-02
1 83 7.795386034309093e+02 5.669104933089353e-18 5.764877169988206e-02
0 147 7.828143509511179e+02 5.306808458480712e-18 6.959529634935675e-02
0 148 7.881161469066875e+02 9.374408485021977e-17 6.958527128981400e-02
1 84 7.888671544933937e+02 5.768502142669483e-18 5.765175151708540e-02
0 149 7.934178317765695e+02 4.997325060332664e-18 6.958230223880799e-02
1 85 7.981956996326705e+02 5.627642876008868e-18 5.765139445313521e-02
0 150 7.987194929953658e+02 3.750893767088354e-18 6.958508950299130e-02
0 151 8.040212107539187e+02 3.596152901574918e-18 6.959251930786822e-02
1 86 8.075242860006517e+02 5.851461003833630e-18 5.764954647217881e-02
0 152 8.093230028257251e+02 4.666465793801391e-18 6.959435371476148e-02
0 153 8.146251708816818e+02 4.429141123550715e-18 6.959828842827323e-02
1 87 8.168526170473837e+02 6.285294144751164e-18 5.764820423644650e-02
0 154 8.199269868758149e+02 6.438553197397169e-18 6.959732911799751e-02
0 155 8.252288646167095e+02 9.082229066954518e-18 6.958605023811848e-02
1 88 8.261811249769581e+02 5.240761722918376e-18 5.765176792863183e-02
0 156 8.305305696375564e+02 3.625664440316540e-18 6.958315596542454e-02
1 89 8.355096818230419e+02 5.240843983536873e-18 5.765078711539146e-02
0 157 8.358322121882471e+02 1.477053531507986e-17 6.958554884420987e-02
0 158 8.411338827450036e+02 5.310337740969371e-18 6.958990671288449e-02
1 90 8.448382808880773e+02 5.779025419273311e-18 5.765025393406978e-02
0 159 8.464356592046112e+02 1.512401679738248e-16 6.959208933240615e-02
0 160 8.517377864588577e+02 4.996671124144457e-18 6.959925936517312e-02
1 91 8.541666373857553e+02 5.516560466377327e-18 5.764781845394783e-02
0 161 8.570396110435994e+02 3.842208590257057e-18 6.959875141826659e-02
0 162 8.623415771679325e+02 3.896602281556943e-18 6.958749419504358e-02
1 92 8.634950938047999e+02 5.465297125592325e-18 5.765149831726950e-02
0 163 8.676433029510958e+02 3.892689272315985e-18 6.958475640075448e-02
1 93 8.728236700906651e+02 5.596087267452734e-18 5.765014590575934e-02
0 164 8.729449351414042e+02 5.747606184323680e-18 6.958604470805195e-02
0 165 8.782465758841291e+02 3.596424037224049e-18 6.958739011311933e-02
1 94 8.821522664473574e+02 5.642553778267340e-18 5.765089460750694e-02
0 166 8.835483305627276e+02 5.116292759331210e-18 6.958986592500618e-02
0 167 8.888503947243652e+02 3.629148873954646e-18 6.959948536597836e-02
1 95 8.914806623208344e+02 5.256959937761844e-18 5.764766504629437e-02
0 168 8.941522240142314e+02 2.647892133495671e-17 6.959943694118412e-02
0 169 8.994542733200452e+02 4.078061290125497e-18 6.958943672372687e-02
1 96 9.008090676113983e+02 5.646566358210265e-18 5.765101574175174e-02
0 170 9.047560229390905e+02 2.045493961139579e-16 6.958690436352284e-02
0 171 9.100576599789648e+02 5.109112038770686e-18 6.958612668775487e-02
1 97 9.101376618124324e+02 5.857071976629102e-18 5.765005194141337e-02
0 172 9.153592918244802e+02 3.750335278835016e-18 6.958515400653840e-02
1 98 9.194662420853256e+02 5.538140045619709e-18 5.765140907770119e-02
0 173 9.206610223752734e+02 3.721655631755342e-18 6.958785538171619e-02
0 174 9.259630060884299e+02 4.247165344825076e-18 6.959894702173325e-02
1 99 9.287946877085077e+02 5.247944672835661e-18 5.764775915351424e-02
0 175 9.312648320540524e+02 4.996667978534109e-18 6.959936145200551e-02
0 176 9.365669485037191e+02 3.840743021750641e-18 6.959162308227666e-02
1 100 9.381230511044852e+02 5.446391720176846e-18 5.765039513587160e-02
0 177 9.418687207490932e+02 1.038554553791553e-17 6.958937513460862e-02
0 178 9.471703839400399e+02 3.625125373214335e-18 6.958562346728366e-02
1 101 9.474516511319039e+02 7.393784640908529e-18 5.765062926058093e-02
0 179 9.524720231461603e+02 1.969608213907598e-17 6.958342528555825e-02
1 102 9.567802115115315e+02 5.491868074287730e-18 5.765172890252471e-02
0 180 9.577737325325064e+02 4.339360866228465e-18 6.958630690784841e-02
0 181 9.630756277184801e+02 9.173405284026942e-17 6.959766107423290e-02
1 103 9.661087092188524e+02 5.335185039034086e-18 5.764810472775338e-02
0 182 9.683774456151740e+02 3.595818546750484e-18 6.959853131666986e-02
0 183 9.736796074699864e+02 4.414574800225727e-18 6.959389073804163e-02
1 104 9.754370442256359e+02 7.758361808439723e-18 5.764969617180738e-02
0 184 9.789813964629278e+02 3.720512950190179e-18 6.959198156689618e-02
0 185 9.842831023546266e+02 3.951669929037567e-18 6.958517421806540e-02
1 105 9.847656348337030e+02 5.419799008157292e-18 5.765127303244317e-02
0 186 9.895847602322515e+02 4.387163946785063e-18 6.958240391111467e-02
1 106 9.940941813999068e+02 5.550303003534511e-18 5.765178910020094e-02
0 187 9.948864495431832e+02 4.132033937864158e-18 6.958536774934995e-02
0 188 1.000188261095638e+03 3.913033869142652e-18 6.959573134631385e-02
1 107 1.003422724258486e+03 5.933900388860102e-18 5.764864545424545e-02
0 189 1.005490070657504e+03 3.676185916716432e-18 6.959703647619168e-02
0 190 1.010792253560065e+03 7.067891664398115e-17 6.959604884961086e-02
1 108 1.012751045851994e+03 2.146628830307180e-17 5.764898955536670e-02
0 191 1.016094055059959e+03 4.338405644605037e-18 6.959452332390184e-02
0 192 1.021395823966158e+03 9.538656227167342e-17 6.958515464874405e-02
1 109 1.022079610651757e+03 5.240780450274985e-18 5.765167012944003e-02
0 193 1.026697500556393e+03 4.286059117490165e-18 6.958219340894795e-02
1 110 1.031408155388282e+03 5.280403953511119e-18 5.765155613993519e-02
0 194 1.031999167193027e+03 3.688384491539084e-18 6.958504907705829e-02
0 195 1.037300907675861e+03 3.807711725131475e-18 6.959337373144281e-02
1 111 1.040736731798540e+03 6.984857360688255e-18 5.764930448066575e-02
0 196 1.042602706586965e+03 3.891725368968966e-18 6.959508148305066e-02
0 197 1.047904884230116e+03 5.432984864416991e-18 6.959782766596399e-02
1 112 1.050065056326768e+03 5.830922197217153e-18 5.764837047439243e-02
0 198 1.053206698203446e+03 3.840695565759642e-18 6.959672229060054e-02
0 199 1.058508548256444e+03 6.361224664489092e-18 6.958572346101359e-02
1 113 1.059393579403762e+03 5.853555134551981e-18 5.765177449502049e-02
0 200 1.063810243958731e+03 3.678303542878614e-18 6.958280136269998e-02
1 114 1.068722133224064e+03 5.256682815245055e-18 5.765101719629886e-02
0 201 1.069111889673539e+03 1.354897324494563e-17 6.958538177696444e-02
0 202 1.074413573386742e+03 4.079833927166889e-18 6.959080651550277e-02
1 115 1.078050730224080e+03 5.411368425626300e-18 5.765000712203357e-02
0 203 1.079715355049446e+03 1.682125327274658e-16 6.959287773971184e-02
0 204 1.085017500052582e+03 4.826468034951675e-18 6.959900424508896e-02
1 116 1.087379075278318e+03 7.092922411813521e-18 5.764792514567142e-02
0 205 1.090319324658329e+03 3.687641502758404e-18 6.959834384493283e-02
0 206 1.095621263577359e+03 3.721092374401228e-18 6.958695094848803e-02
1 117 1.096707547407468e+03 5.240766501476457e-18 5.765160891075982e-02
0 207 1.100922982595442e+03 3.892483389206682e-18 6.958415806104540e-02
1 118 1.106036116510644e+03 5.296828907134627e-18 5.765033753358549e-02
0 208 1.106224617558954e+03 4.207120239592568e-18 6.958592851702818e-02
0 209 1.111526263093509e+03 4.376470738475607e-18 6.958820731360831e-02
1 119 1.115364717495791e+03 5.383370222928603e-18 5.765068960822252e-02
0 210 1.116828022855167e+03 5.226275429319208e-18 6.959059097652920e-02
0 211 1.122130109604647e+03 3.595774958648814e-18 6.959947644315929e-02
1 120 1.124693099598943e+03 6.285322865825208e-18 5.764770143613371e-02
0 212 1.127431937767787e+03 3.136612370303674e-17 6.959927277341355e-02
0 213 1.132733960611963e+03 3.856243470201645e-18 6.958871645232551e-02
1 121 1.134021521213474e+03 5.446923513386699e-18 5.765121327750638e-02
0 214 1.138035704873895e+03 2.237163960435749e-16 6.958610215571268e-02
0 215 1.143337340694263e+03 4.004694596359200e-18 6.958611035634722e-02
1 122 1.143350108230235e+03 5.761409516297734e-18 5.765000795331433e-02
0 216 1.148638973659266e+03 3.749476658006022e-18 6.958580885131370e-02
1 123 1.152678694738105e+03 5.405818335605957e-18 5.765127291526132e-02
0 217 1.153940712279062e+03 3.698254506064061e-18 6.958844179431724e-02
0 218 1.159242722145599e+03 3.951923608579868e-18 6.959919126788841e-02
1 124 1.162007124824077e+03 6.168056954485293e-18 5.764771934669747e-02
0 219 1.164544547196354e+03 4.430255752806641e-18 6.959945150803495e-02
0 220 1.169846641493121e+03 6.678839550041961e-18 6.959082467001911e-02
1 125 1.171335502622796e+03 5.723871845862378e-18 5.765063504712343e-02
0 221 1.175148406653940e+03 1.370028120343483e-17 6.958847480066352e-02
0 222 1.180450059201075e+03 3.629091654999734e-18 6.958579568590997e-02
1 126 1.180664102222230e+03 5.837851641182218e-18 5.765041766817639e-02
0 223 1.185751696918184e+03 2.552269201523862e-17 6.958389228052260e-02
1 127 1.189992667064589e+03 7.948663928405171e-18 5.765166384803045e-02
0 224 1.191053415872660e+03 4.339928332515272e-18 6.958672755665953e-02
0 225 1.196355340643496e+03 9.154070384118306e-17 6.959813801500193e-02
1 128 1.199321147476637e+03 5.277453226852577e-18 5.764797641154967e-02
0 226 1.201657161287697e+03 4.284669109896316e-18 6.959885850579982e-02
0 227 1.206959309749159e+03 3.749948132868107e-18 6.959312807358217e-02
1 129 1.208649491334496e+03 5.491292249852725e-18 5.764993645360376e-02
0 228 1.212261091084101e+03 4.154745591762672e-18 6.959110075604433e-02
0 229 1.217562777512685e+03 4.964443683457627e-18 6.958529686697860e-02
1 130 1.217978088831569e+03 5.778639175342414e-18 5.765107822360435e-02
0 230 1.222864429381191e+03 6.975897976823138e-18 6.958265572800264e-02
1 131 1.227306638737135e+03 5.680939189269039e-18 5.765179481117731e-02
0 231 1.228166125880012e+03 3.596517211748536e-18 6.958560414810407e-02
0 232 1.233467966810153e+03 5.506367568453040e-18 6.959642055302198e-02
1 132 1.236635165503487e+03 5.325714867598919e-18 5.764844497098048e-02
0 233 1.238769781986083e+03 3.627656267101514e-18 6.959758385008134e-02
0 234 1.244071961909897e+03 7.014630076649837e-17 6.959538062095764e-02
1 133 1.245963488786846e+03 5.425526282047250e-18 5.764920917548130e-02
0 235 1.249373758925497e+03 5.051282201344647e-18 6.959372290418574e-02
0 236 1.254675504171494e+03 8.882339654514259e-17 6.958512419609543e-02
1 134 1.255292064423353e+03 6.961940850919501e-18 5.765155348638191e-02
0 237 1.259977171888409e+03 4.285447758007134e-18 6.958218961211940e-02
1 135 1.264620610462541e+03 5.371585004803029e-18 5.765164609499348e-02
0 238 1.265278843443557e+03 4.148181424890898e-18 6.958508751376166e-02
0 239 1.270580606870482e+03 4.115341408748603e-18 6.959421597706453e-02
1 136 1.273949176550524e+03 6.044905088895098e-18 5.764906230184779e-02
0 240 1.275882410528342e+03 4.639869229071783e-18 6.959579261210463e-02
0 241 1.281184594506620e+03 4.206566896418366e-18 6.959728726867793e-02
1 137 1.283277496787229e+03 5.856902243570408e-18 5.764855922754934e-02
0 242 1.286486406973210e+03 3.840944264264935e-18 6.959603865476981e-02
0 243 1.291788231088275e+03 6.624560412898360e-18 6.958545302674166e-02
1 138 1.292606033260579e+03 5.440677629071849e-18 5.765176138479779e-02
0 244 1.297089919193937e+03 3.603091253334903e-18 6.958251472501918e-02
1 139 1.301934583879611e+03 5.407613774023994e-18 5.765123791416037e-02
0 245 1.302391570399221e+03 1.111894460765959e-17 6.958522986404636e-02
0 246 1.307693268643885e+03 4.339994828817651e-18 6.959168500228152e-02
1 140 1.311263177457503e+03 5.446365524501690e-18 5.764976666722207e-02
0 247 1.312995054150864e+03 1.818934680422295e-16 6.959363940544754e-02
0 248 1.318297212798629e+03 4.824237852700432e-18 6.959865555358218e-02
1 141 1.320591514093399e+03 2.668112400875908e-17 5.764806335075320e-02
0 249 1.323599035359553e+03 4.057153860475847e-18 6.959784437776449e-02
0 250 1.328900945454459e+03 3.620629175742545e-18 6.958643952810058e-02
1 142 1.329920002720018e+03 5.434155695076566e-18 5.765170097132148e-02
0 251 1.334202658777552e+03 4.248508896884489e-18 6.958360070365102e-02
1 143 1.339248564542315e+03 5.257156556367279e-18 5.765059125777949e-02
0 252 1.339504298784296e+03 3.820014825856354e-18 6.958574353587492e-02
0 253 1.344805953158462e+03 5.450789372301424e-18 6.958902323754940e-02
1 144 1.348577166948141e+03 5.622141189754805e-18 5.765048478031051e-02
0 254 1.350107719308247e+03 6.645770902777431e-18 6.959130823442984e-02
0 255 1.355409826068138e+03 3.621269525125380e-18 6.959937798758303e-02
1 145 1.357905536891254e+03 5.909245426192402e-18 5.764776642391915e-02
0 256 1.360711651423699e+03 3.796510081172891e-17 6.959901961179832e-02
0 257 1.366013645291800e+03 4.513700998606405e-18 6.958803568015186e-02
1 146 1.367233976395942e+03 5.346169944983775e-18 5.765138641532350e-02
0 258 1.371315382586895e+03 2.375904250747399e-16 6.958534671548114e-02
0 259 1.376617017723921e+03 4.997245316613213e-18 6.958603385707848e-02
1 147 1.376562556677286e+03 6.123542836725909e-18 5.765006008460157e-02
0 260 1.381918654888661e+03 3.840526436687462e-18 6.958652153103230e-02
1 148 1.385891147732148e+03 7.574541635457441e-18 5.765111417108270e-02
0 261 1.387220402745722e+03 4.383846504000655e-18 6.958907807163998e-02
0 262 1.392522439073153e+03 3.952648797214803e-18 6.959935440261117e-02
1 149 1.395219561562455e+03 6.013728246869097e-18 5.764769995165362e-02
0 263 1.397824264162498e+03 5.437770531226002e-18 6.959945979938358e-02
0 264 1.403126334951575e+03 4.461780712127478e-18 6.959007378137402e-02
1 150 1.404547954440725e+03 5.310050806614143e-18 5.765084941696207e-02
0 265 1.408428091421780e+03 1.167057772711211e-17 6.958762830233611e-02
0 266 1.413729734314217e+03 3.598194748654689e-18 6.958597591491941e-02
1 151 1.413876552677616e+03 7.099923957078849e-18 5.765021867504913e-02
0 267 1.419031370399275e+03 3.010142300679363e-17 6.958446140469740e-02
1 152 1.423205123545201e+03 5.398776137524356e-18 5.765155885129438e-02
0 268 1.424333097584216e+03 4.340495024238152e-18 6.958724138302963e-02
0 269 1.429635053056850e+03 8.315258118106664e-17 6.959855533628113e-02
1 153 1.432533585567231e+03 5.793856005821975e-18 5.764787283158846e-02
0 270 1.434936877475744e+03 4.589699375103045e-18 6.959912423428218e-02
0 271 1.440239011201919e+03 3.596133509041618e-18 6.959237518021351e-02
1 154 1.441861938645037e+03 5.240847745380087e-18 5.765016430579583e-02
0 272 1.445540785801493e+03 4.134803766405829e-18 6.959023521004726e-02
0 273 1.450842456457763e+03 3.596583572191985e-18 6.958546563893556e-02
1 155 1.451190539993915e+03 5.240839246227899e-18 5.765085997846055e-02
0 274 1.456144101372432e+03 8.373228039924005e-18 6.958300809184115e-02
