1 0 9.606215515840921e+00 6.557215534079868e-18 5.444526492213209e-02
0 0 1.212124568412548e+01 1.382014106234976e-17 3.711435399266833e-02
1 1 2.161328503234916e+01 6.385504203972069e-18 5.444462670270528e-02
1 2 3.362040511742693e+01 6.414519500981401e-18 5.444554828785120e-02
1 3 4.562744797053396e+01 6.488164581454170e-18 5.444492561923110e-02
0 1 5.002763734750125e+01 1.721389076604181e-17 3.711356333343895e-02
1 4 5.763453194930925e+01 6.371127517227104e-18 5.444458681832982e-02
1 5 6.964162156114287e+01 6.404646306492117e-18 5.444567712802909e-02
1 6 8.164868916930010e+01 6.548929573774842e-18 5.444466783282157e-02
0 2 8.793406169568226e+01 1.378525597672658e-17 3.711326287982968e-02
1 7 9.365577728532624e+01 2.290721149137651e-16 5.444472972741845e-02
1 8 1.056628363891336e+02 6.526867666480029e-18 5.444565359915328e-02
1 9 1.176699355068501e+02 6.453030966851524e-18 5.444457992201655e-02
0 3 1.258404791143750e+02 1.371117885501538e-17 3.711378184059552e-02
1 10 1.296770161076634e+02 6.497083176661999e-18 5.444502367282310e-02
1 11 1.416840541593351e+02 6.515334577611910e-18 5.444548483030685e-02
1 12 1.536911819416397e+02 6.912915817228879e-18 5.444467171748540e-02
0 4 1.637468593813225e+02 1.412083905178114e-17 3.711455136880915e-02
1 13 1.656982458013742e+02 6.504808362301632e-18 5.444535807535059e-02
1 14 1.777052786808625e+02 6.458645298219702e-18 5.444521605770394e-02
1 15 1.897124235944549e+02 6.371096303398290e-18 5.444490098768132e-02
0 5 2.016532199025121e+02 1.377303642868700e-17 3.711475738053926e-02
1 16 2.017194682977442e+02 6.335509666593759e-17 5.444552246188190e-02
1 17 2.137265117789288e+02 6.603174715984249e-18 5.444492065877655e-02
1 18 2.257336573005913e+02 6.394308133643820e-18 5.444519517906862e-02
1 19 2.377406904755850e+02 6.601224232602344e-18 5.444537844320727e-02
0 6 2.395595802500024e+02 1.459720102573213e-17 3.711458871301482e-02
1 20 2.497477529293137e+02 6.371118104962514e-18 5.444468426238473e-02
1 21 2.617548824141887e+02 6.540651186722302e-18 5.444546868506057e-02
1 22 2.737619195642275e+02 6.404230554620576e-18 5.444504733842023e-02
0 7 2.774659577117102e+02 1.371643523475548e-17 3.711384056452793e-02
1 23 2.857689991683508e+02 6.596352096718556e-18 5.444458130160183e-02
1 24 2.977761005673908e+02 2.257091097448908e-16 5.444564647304216e-02
1 25 3.097831577442218e+02 6.371112529649759e-18 5.444474665575178e-02
0 8 3.153723731095272e+02 1.374865751508632e-17 3.711327143084397e-02
1 26 3.217902457014055e+02 6.371120828979785e-18 5.444465553978799e-02
1 27 3.337973154514514e+02 6.497501617234372e-18 5.444568101553008e-02
1 28 3.458044027595224e+02 7.525260014375584e-18 5.444459166867997e-02
0 9 3.532787984795424e+02 1.382004430970991e-17 3.711351552977167e-02
1 29 3.578114874191068e+02 7.254513062868377e-18 5.444490359536847e-02
1 30 3.698185316377293e+02 6.701260555449952e-18 5.444556259257042e-02
1 31 3.818256497404037e+02 6.445805012985871e-18 5.444461895338887e-02
0 10 3.911851932272622e+02 1.400834537678053e-17 3.711429993817177e-02
1 32 3.938327205732094e+02 7.346319980775136e-18 5.444524269598296e-02
1 33 4.058397532952817e+02 7.755294545974267e-17 5.444532305799499e-02
1 34 4.178468936443764e+02 6.739503616049951e-18 5.444480496772515e-02
0 11 4.290915563367483e+02 1.653485606708783e-17 3.711474972705313e-02
1 35 4.298539450963339e+02 6.394763858892304e-18 5.444549683317792e-02
1 36 4.418609831619278e+02 7.338517594829413e-18 5.444502793579673e-02
1 37 4.538681305500829e+02 6.603021617149862e-18 5.444508475210161e-02
1 38 4.658751664280268e+02 6.777730693771501e-18 5.444546514158992e-02
0 12 4.669979172044318e+02 1.379955263789567e-17 3.711472540386884e-02
1 39 4.778822216160285e+02 6.400195040589331e-18 5.444475989502433e-02
1 40 4.898893587353393e+02 6.371047525385254e-18 5.444537566569965e-02
1 41 5.018963923574401e+02 2.513997241738669e-16 5.444517841182214e-02
0 13 5.049042839662859e+02 1.371423651159009e-17 3.711414908856848e-02
1 42 5.139034664158867e+02 6.965737861328730e-18 5.444460056405760e-02
1 43 5.259105791009896e+02 6.451875665470047e-18 5.444559646492725e-02
1 44 5.379176273008150e+02 6.371103635395789e-18 5.444484493272320e-02
0 14 5.428106859138993e+02 1.388620925840536e-17 3.711340749449345e-02
1 45 5.499247134584676e+02 6.850039035893121e-18 5.444460770785461e-02
1 46 5.619317946941735e+02 6.711633047665182e-18 5.444568683136271e-02
1 47 5.739388702592896e+02 6.553787831401441e-18 5.444462794005183e-02
0 15 5.807171130129424e+02 1.463488373584781e-17 3.711333153758660e-02
1 48 5.859459574998659e+02 6.424876548579644e-18 5.444479453426557e-02
1 49 5.979530098551837e+02 7.505542877741723e-18 5.444562330939315e-02
1 50 6.099601171533168e+02 6.776109195387700e-17 5.444458886254647e-02
0 16 6.186235221337789e+02 1.435232253606951e-17 3.711399937915643e-02
1 51 6.219671940550373e+02 7.635955721043127e-18 5.444511577199001e-02
1 52 6.339742291115587e+02 6.394320985199126e-18 5.444542278975660e-02
1 53 6.459813627330840e+02 6.645761719919795e-18 5.444472175626800e-02
0 17 6.565298933816216e+02 1.371089558312678e-17 3.711467421774783e-02
1 54 6.579884214851940e+02 7.409957692611634e-18 5.444542784320262e-02
1 55 6.699954557459438e+02 6.607540409202446e-18 5.444513875158490e-02
1 56 6.820026025016709e+02 6.413818462117863e-18 5.444497613543234e-02
1 57 6.940096430597260e+02 6.597259690213577e-18 5.444551571288863e-02
0 18 6.944362540501785e+02 1.372242030565261e-17 3.711476414623367e-02
1 58 7.060166911122427e+02 2.355805650244619e-16 5.444485079364524e-02
1 59 7.180238339857677e+02 7.522039927132583e-18 5.444527288593275e-02
1 60 7.300308665231973e+02 6.915143808224039e-18 5.444530063086850e-02
0 19 7.323426152043053e+02 1.373304737445246e-17 3.711443273106764e-02
1 61 7.420379340029955e+02 6.548906284447507e-18 5.444464283022135e-02
1 62 7.540450569929293e+02 7.528870388950460e-18 5.444552783415513e-02
1 63 7.660520979372401e+02 7.254508594780193e-18 5.444496202913052e-02
0 20 7.702490023971727e+02 1.414290441836739e-17 3.711363918671921e-02
1 64 7.780591808014822e+02 7.024691205244185e-18 5.444458361287747e-02
1 65 7.900662738709322e+02 6.460199521070647e-18 5.444567163895373e-02
1 66 8.020733383187176e+02 6.371117694028004e-18 5.444469003709700e-02
0 21 8.081554247235955e+02 1.400860191090962e-17 3.711325689110857e-02
1 67 8.140804265546527e+02 6.238623296495810e-17 5.444470728208035e-02
1 68 8.260874886554438e+02 6.417543207010020e-18 5.444566509022308e-02
1 69 8.380945843339540e+02 6.394987096616183e-18 5.444458158899362e-02
0 22 8.460618451519698e+02 1.382672567221581e-17 3.711369949027524e-02
1 70 8.501016662842113e+02 6.646202990424565e-18 5.444498930662871e-02
1 71 8.621087058978727e+02 7.418573997464914e-18 5.444551034007904e-02
1 72 8.741158310069333e+02 7.355170993818829e-18 5.444465556510070e-02
0 23 8.839682291445301e+02 1.372195408514384e-17 3.711448976120729e-02
1 73 8.861228969256844e+02 6.399937254901485e-18 5.444532670996771e-02
1 74 8.981299295477968e+02 6.597707558260322e-18 5.444524916615184e-02
1 75 9.101370733770605e+02 1.681773616665414e-16 5.444487313006589e-02
0 24 9.218745901257851e+02 1.378663536219972e-17 3.711476031230600e-02
1 76 9.221441199673014e+02 6.527448974707608e-18 5.444552089179101e-02
1 77 9.341511617312343e+02 6.660260737361258e-18 5.444495265831403e-02
1 78 9.461583080297048e+02 6.371069356088054e-18 5.444516425698150e-02
1 79 9.581653417600423e+02 6.918545741314606e-18 5.444540839646349e-02
0 25 9.597809505607180e+02 1.628879000975187e-17 3.711463971916444e-02
1 80 9.701724021025409e+02 6.853510008322189e-18 5.444470585810541e-02
1 81 9.821795340079767e+02 6.371040417814418e-18 5.444544415194699e-02
1 82 9.941865699061616e+02 6.874069902434187e-18 5.444508669761159e-02
0 26 9.976873242561784e+02 1.377298977829096e-17 3.711393046954713e-02
1 83 1.006193647992701e+03 6.655206412774278e-18 5.444458586762822e-02
1 84 1.018200752770330e+03 7.523762157809399e-17 5.444563509033361e-02
1 85 1.030207807153868e+03 6.738405243315625e-18 5.444477446198560e-02
0 27 1.035593736201803e+03 1.383276483506288e-17 3.711330270672623e-02
1 86 1.042214894759245e+03 6.456120552714620e-18 5.444463976568602e-02
1 87 1.054221967789729e+03 6.603270428402273e-18 5.444568616869066e-02
1 88 1.066229051639697e+03 6.929946950716999e-18 5.444460118986752e-02
0 28 1.073500162657249e+03 1.372702130303659e-17 3.711344811657648e-02
1 89 1.078236137204697e+03 6.541252002714528e-18 5.444487133107585e-02
1 90 1.090243183627179e+03 6.406575971161848e-18 5.444558366245286e-02
1 91 1.102250298676016e+03 6.736134765993587e-18 5.444460909042824e-02
0 29 1.111406561762132e+03 1.380310529252742e-17 3.711421551238014e-02
1 92 1.114257371385078e+03 1.587502796072405e-16 5.444520801225559e-02
1 93 1.126264404525044e+03 7.623083372573033e-18 5.444535437975150e-02
1 94 1.138271543103182e+03 7.014162085663732e-18 5.444478042908379e-02
0 30 1.149312926803997e+03 4.590536082890462e-17 3.711473757480498e-02
1 95 1.150278596678387e+03 6.499633626461109e-18 5.444548146075965e-02
1 96 1.162285633431906e+03 7.856311384776303e-18 5.444506137883193e-02
1 97 1.174292780904259e+03 8.085536524511064e-18 5.444505398759794e-02
1 98 1.186299817974182e+03 6.421096144528723e-18 5.444548558928750e-02
0 31 1.187219287682914e+03 1.382022456610299e-17 3.711474078227196e-02
1 99 1.198306871021813e+03 6.447786488824264e-18 5.444478641472199e-02
1 100 1.210314010041209e+03 6.812927364963502e-18 5.444534772482130e-02
1 101 1.222321043077451e+03 9.638823353796858e-17 5.444521673930302e-02
0 32 1.225125652068549e+03 1.383892470647124e-17 3.711423565088686e-02
1 102 1.234328115320658e+03 7.002867230313077e-18 5.444461179410326e-02
1 103 1.246335231121089e+03 6.536430095455877e-18 5.444557961994848e-02
1 104 1.258342277011113e+03 6.647144750156892e-18 5.444487928620168e-02
0 33 1.263032050073623e+03 1.371235991299555e-17 3.711346294954231e-02
1 105 1.270349362358256e+03 6.813874980385848e-18 5.444459951249388e-02
1 106 1.282356447042248e+03 6.414162609603555e-18 5.444568589625673e-02
1 107 1.294363519275405e+03 6.464178070311697e-18 5.444464404965987e-02
0 34 1.300938476275755e+03 1.377938195256619e-17 3.711329381766901e-02
1 108 1.306370606982325e+03 6.598790338441055e-18 5.444476859304019e-02
1 109 1.318377662022734e+03 1.845464240309491e-16 5.444563878776235e-02
1 110 1.330384765988287e+03 6.657801054802332e-18 5.444458567556668e-02
0 35 1.338844889180211e+03 8.898702670644371e-17 3.711390899573839e-02
1 111 1.342391844464869e+03 7.164693151600390e-18 5.444507871095181e-02
1 112 1.354398880634764e+03 6.421225537921257e-18 5.444545099250935e-02
1 113 1.366406011961864e+03 6.514572040353037e-18 5.444470185668791e-02
0 36 1.376751263880248e+03 1.396889940842051e-17 3.711462792987624e-02
1 114 1.378413072839307e+03 6.514121905661922e-18 5.444540285328861e-02
1 115 1.390420106392467e+03 6.568696435625778e-18 5.444517257828995e-02
1 116 1.402427252520295e+03 6.461847784294862e-18 5.444494649609945e-02
1 117 1.414434294712753e+03 7.254469568425445e-18 5.444552296697345e-02
0 37 1.414657624333794e+03 1.371093820423242e-17 3.711475895943857e-02
1 118 1.426441340818894e+03 1.013798007602205e-16 5.444488083476114e-02
1 119 1.438448484936037e+03 6.600129463194528e-18 5.444524295060379e-02
1 120 1.450455517622366e+03 6.371959287108855e-18 5.444533543001139e-02
0 38 1.452563985085904e+03 1.371245977172159e-17 3.711450492612637e-02
