0 0 4.610904644078706e+00 4.738875426646066e-18 6.932736736761309e-02
0 1 9.388427612635285e+00 4.155651114419459e-18 6.933008948126687e-02
1 0 9.252013803854171e+00 5.631190817520481e-18 5.480071111859892e-02
0 2 1.416594535944192e+01 1.326889460350268e-17 6.932989038188489e-02
0 3 1.894346477109562e+01 3.333141089517513e-18 6.933180138868254e-02
1 1 1.892606641885756e+01 5.217533700249648e-18 5.480025309089740e-02
0 4 2.372097944825243e+01 3.547608586738565e-18 6.933020999277167e-02
0 5 2.849849347487630e+01 5.535387976698164e-17 6.933086063287495e-02
1 2 2.860012561537473e+01 5.312251482825786e-18 5.480052567001742e-02
0 6 3.327601250058650e+01 4.070361502711751e-18 6.932836929237668e-02
0 7 3.805352830220449e+01 4.738905476606497e-18 6.932762344914770e-02
1 3 3.827418318776599e+01 5.182401334014813e-18 5.480136344729312e-02
0 8 4.283105112734344e+01 3.706699022424478e-18 6.932436243007641e-02
0 9 4.760857047029410e+01 3.571791878572655e-18 6.932209869730707e-02
1 4 4.794824008409070e+01 5.609869189178927e-18 5.480256901846781e-02
0 10 5.238610056929557e+01 3.230200331849372e-18 6.931831886977267e-02
0 11 5.716362974865939e+01 3.540560735619746e-18 6.931436847345457e-02
1 5 5.762229101548203e+01 5.474874744786310e-18 5.480406719533600e-02
0 12 6.194116699129204e+01 3.228767786524222e-18 6.931037214655321e-02
0 13 6.671870845126094e+01 6.041606250574339e-18 6.930493223676645e-02
1 6 6.729633703223976e+01 6.480334120209660e-18 5.480578075832586e-02
0 14 7.149625504063563e+01 3.229214357480884e-18 6.930072565852588e-02
0 15 7.627381513793210e+01 3.306632678171714e-17 6.929376537039676e-02
1 7 7.697037653415849e+01 1.510093276076405e-16 5.480764250595618e-02
0 16 8.105137025987577e+01 3.768283801977586e-18 6.928957638472601e-02
0 17 8.582895238346165e+01 3.344268553941177e-18 6.928128899031326e-02
1 8 8.664440852306015e+01 6.281721943280420e-16 5.480961321418207e-02
0 18 9.060651549299024e+01 3.456493671478741e-16 6.927722949445417e-02
0 19 9.538412145177685e+01 3.508752752040235e-18 6.926794047086114e-02
1 9 9.631843417372065e+01 5.553873738789620e-18 5.481164131034387e-02
0 20 1.001616952974249e+02 1.638435843477213e-16 6.926393891262825e-02
0 21 1.049393304943267e+02 4.741190489719837e-18 6.925385910991429e-02
1 10 1.059924504633454e+02 5.923861845283094e-18 5.481368930007615e-02
0 22 1.097169111104265e+02 2.860815337654039e-15 6.925005389671994e-02
0 23 1.144945750294435e+02 3.272791224663495e-18 6.923937794084692e-02
1 11 1.156664609387863e+02 5.910187458182709e-18 5.481571509080671e-02
0 24 1.192721657869022e+02 3.332212217703275e-18 6.923584259546095e-02
0 25 1.240498618388916e+02 5.741577814187097e-18 6.922503916014447e-02
1 12 1.253404610114739e+02 5.180954874617518e-18 5.481767102832837e-02
0 26 1.288274583737548e+02 3.882845510886917e-18 6.922171758531903e-02
0 27 1.336051841716392e+02 3.862702490111800e-18 6.921094650272877e-02
1 13 1.350144558358978e+02 5.754196689688563e-18 5.481953637517747e-02
0 28 1.383827910849417e+02 9.399007690732795e-18 6.920790956706771e-02
0 29 1.431605498195005e+02 3.504662224830101e-18 6.919755128191656e-02
1 14 1.446884397050247e+02 5.545952924445930e-18 5.482125881683732e-02
0 30 1.479381603861010e+02 3.261902416833085e-18 6.919484057670525e-02
0 31 1.527159464923162e+02 9.872566332125725e-16 6.918508334786674e-02
1 15 1.543624187050750e+02 5.226185477756758e-18 5.482285985723025e-02
0 32 1.574935669200679e+02 3.755582881609841e-18 6.918269628036670e-02
0 33 1.622713826469118e+02 3.985534946663818e-18 6.917394048774982e-02
1 16 1.640363878771504e+02 6.860359684150683e-18 5.482425609358563e-02
0 34 1.670490050211150e+02 3.763213768227452e-18 6.917190075598910e-02
0 35 1.718268437980966e+02 6.748239291134955e-16 6.916419761279000e-02
1 17 1.737103526938774e+02 6.221213112838242e-18 5.482548531090902e-02
0 36 1.766044753352474e+02 3.235626783258842e-18 6.916252939781743e-02
0 37 1.813823367508049e+02 3.235905371223456e-18 6.915627885167398e-02
1 18 1.833843090986763e+02 5.798819284405239e-18 5.482644986958111e-02
0 38 1.861599684723619e+02 7.656356135155484e-18 6.915498690343588e-02
0 39 1.909378461440482e+02 3.856693211262154e-18 6.915016029346013e-02
1 19 1.930582612367081e+02 5.676232965866375e-18 5.482721538542073e-02
0 40 1.957154855641239e+02 4.744505320966210e-18 6.914925514219811e-02
0 41 2.004933771641205e+02 4.316216777308760e-18 6.914617580820016e-02
1 20 2.027322068916019e+02 6.221010808176426e-18 5.482767749304088e-02
0 42 2.052710153993766e+02 3.533944209896092e-18 6.914566869135903e-02
0 43 2.100489142582436e+02 3.243581087933539e-18 6.914421015147763e-02
1 21 2.124061483529845e+02 7.058102940280787e-18 5.482792158058365e-02
0 44 2.148265587617464e+02 1.080293573159630e-15 6.914409860419367e-02
0 45 2.196044612593065e+02 3.530452456244677e-18 6.914452170281338e-02
1 22 2.220800856964424e+02 5.217264361900993e-18 5.482784851150395e-02
0 46 2.243821027893244e+02 3.392508174418182e-16 6.914480965732382e-02
0 47 2.291600034435385e+02 4.744581639323299e-18 6.914688180978454e-02
1 23 2.317540192719312e+02 5.223466791522767e-18 5.482755222587891e-02
0 48 2.339376492273023e+02 1.293365209720970e-17 6.914756959949149e-02
0 49 2.387155424627165e+02 3.236143425506210e-18 6.915144686034294e-02
1 24 2.414279514507491e+02 5.274239534659616e-18 5.482695128359265e-02
0 50 2.434931842408975e+02 4.130417057156167e-18 6.915252289698999e-02
0 51 2.482710662733800e+02 5.437556907313274e-18 6.915792234483834e-02
1 25 2.511018809964524e+02 5.195282751530128e-18 5.482613634690219e-02
0 52 2.530487098369746e+02 3.500968480587531e-18 6.915938430951801e-02
0 53 2.578265749465004e+02 3.235455237256800e-18 6.916632625776542e-02
1 26 2.607758124861661e+02 5.515633748933702e-18 5.482507886797649e-02
0 54 2.626042130363324e+02 3.538574588071112e-18 6.916816416531116e-02
0 55 2.673820582583426e+02 3.331889995053651e-18 6.917631264285758e-02
1 27 2.704497435546243e+02 5.401087338592932e-18 5.482381442803641e-02
0 56 2.721596956992916e+02 3.237366332861424e-18 6.917849681461817e-02
0 57 2.769375161532031e+02 3.561752842626516e-18 6.918779580225762e-02
1 28 2.801236791523904e+02 5.954615426149961e-18 5.482231689764813e-02
0 58 2.817151470538352e+02 3.997745936599512e-18 6.919033339779615e-02
0 59 2.864929412058054e+02 5.256826869741903e-18 6.920038332023766e-02
1 29 2.897976169748501e+02 5.521539556000825e-18 5.482064455914255e-02
0 60 2.912705686681448e+02 4.088106766723716e-18 6.920325061194291e-02
0 61 2.960483327817669e+02 2.794326180137429e-17 6.921388152778209e-02
1 30 2.994715617166792e+02 5.611888076853358e-18 5.481880884952738e-02
0 62 3.008259524768360e+02 3.388014947306080e-18 6.921702621730470e-02
0 63 3.056036861990083e+02 3.636643683555911e-18 6.922790537766112e-02
1 31 3.091455119177056e+02 5.448431434975242e-18 5.481685486986799e-02
0 64 3.103812997195553e+02 1.162586460531553e-16 6.923133394538573e-02
0 65 3.151590021921983e+02 3.505727804745888e-18 6.924218765529563e-02
1 32 3.188194708765276e+02 6.222173912420307e-18 5.481482270024238e-02
0 66 3.199366074120842e+02 1.977160434006194e-15 6.924588161780945e-02
0 67 3.247142780436997e+02 4.954200394012830e-18 6.925633710855345e-02
1 33 3.284934387029650e+02 5.165332258310734e-18 5.481274826351658e-02
0 68 3.294918741714773e+02 2.191304928525289e-15 6.926020989843884e-02
0 69 3.342695153939868e+02 3.273296335497817e-18 6.927006536863971e-02
1 34 3.381674163724119e+02 6.043094957028093e-18 5.481068744599443e-02
0 70 3.390471022782035e+02 3.434317152523658e-18 6.927408361575636e-02
0 71 3.438247146703571e+02 5.292563980309938e-18 6.928302692557213e-02
1 35 3.478414059674693e+02 5.227167064140736e-18 5.480867334067804e-02
0 72 3.486022907628586e+02 3.894696273017090e-18 6.928721201604507e-02
0 73 3.533798786467157e+02 4.945870715575336e-18 6.929492897853143e-02
1 36 3.575154056032494e+02 5.239498326243280e-18 5.480676453876267e-02
0 74 3.581574459059857e+02 8.024607560371379e-18 6.929912191539840e-02
0 75 3.629350092845560e+02 3.485685267670343e-18 6.930546242662956e-02
1 37 3.671894193627185e+02 5.257723467144487e-18 5.480498217144360e-02
0 76 3.677125627513688e+02 3.312503427358575e-18 6.930953441757058e-02
0 77 3.724901113387822e+02 1.058525405867199e-16 6.931442359631258e-02
1 38 3.768634419222977e+02 5.547517965764066e-18 5.480331310175574e-02
0 78 3.772676577872226e+02 5.085539687530828e-18 6.931839752567576e-02
0 79 3.820451884259414e+02 5.401247840592398e-18 6.932155106799558e-02
0 80 3.868227221830700e+02 3.228141893019228e-18 6.932508466210578e-02
1 39 3.865374785447161e+02 6.057611540402532e-18 5.480186553836403e-02
0 81 3.916002460998105e+02 7.316781733205203e-17 6.932671738330695e-02
0 82 3.963777735490441e+02 3.234981679749683e-18 6.932970818484062e-02
1 40 3.962115211797762e+02 5.662589519664845e-18 5.480075194409641e-02
0 83 4.011552893229027e+02 4.146944227965055e-18 6.932975861408140e-02
0 84 4.059328072891135e+02 5.533113910516795e-18 6.933187969688753e-02
1 41 4.058855758603249e+02 5.347930992548076e-18 5.480020325932917e-02
0 85 4.107103243781899e+02 8.154178976770743e-18 6.933066053976826e-02
0 86 4.154878414381951e+02 5.539490945315845e-18 6.933160047273008e-02
1 42 4.155596316464694e+02 6.756517641414653e-16 5.480028895588472e-02
0 87 4.202653569457727e+02 5.523236414789928e-18 6.932933617760510e-02
0 88 4.250428698120352e+02 3.329142938776682e-18 6.932903118885890e-02
1 43 4.252336929000776e+02 2.303680058154321e-17 5.480093620610790e-02
0 89 4.298203931815445e+02 3.534467105798237e-18 6.932587623813462e-02
0 90 4.345979132971543e+02 8.422891153080234e-16 6.932393480102629e-02
1 44 4.349077473065133e+02 5.572970301055578e-18 5.480210284008210e-02
0 91 4.393754389886903e+02 5.650774030738951e-18 6.932032721408111e-02
0 92 4.441529622388208e+02 3.975585341627470e-18 6.931687280286634e-02
1 45 4.445818027524223e+02 5.364784267436467e-18 5.480358752772706e-02
0 93 4.489305000706375e+02 4.044110137074679e-18 6.931285527250428e-02
0 94 4.537080405223882e+02 6.460627036171611e-16 6.930774724438289e-02
1 46 4.542558484656888e+02 5.615497253982359e-18 5.480528755083146e-02
0 95 4.584855820044639e+02 3.236009303319632e-18 6.930359485954339e-02
0 96 4.632631348852310e+02 3.229407976380385e-18 6.929696005760838e-02
1 47 4.639298927468131e+02 6.064203737923091e-18 5.480713265949406e-02
0 97 4.680406890432022e+02 1.054354339287414e-17 6.929281472118078e-02
0 98 4.728182660761021e+02 4.107283247749621e-18 6.928490805138032e-02
1 48 4.736039259860401e+02 5.389237688176699e-18 5.480907823218231e-02
0 99 4.775958260701815e+02 5.407841481560908e-18 6.928073892199256e-02
0 100 4.823734242575978e+02 4.487365514253789e-18 6.927168335069546e-02
1 49 4.832779556420050e+02 5.273478096693250e-18 5.481107336984090e-02
0 101 4.871509962071223e+02 3.330110656925134e-18 6.926765936141029e-02
0 102 4.919286251627190e+02 3.326153392996400e-18 6.925768101276419e-02
1 50 4.929519737423152e+02 6.041582418798683e-18 5.481308085427072e-02
0 103 4.967062024056379e+02 3.536352480615461e-15 6.925388523165207e-02
0 104 5.014838571912902e+02 3.231864132137659e-18 6.924338370232462e-02
1 51 5.026259867548014e+02 6.751498297195586e-18 5.481510424269077e-02
0 105 5.062614461608807e+02 1.750446977702965e-15 6.923973914957957e-02
0 106 5.110391346141928e+02 4.064415924171057e-18 6.922894386936695e-02
1 52 5.122999893258680e+02 5.677633596871308e-18 5.481707444944730e-02
0 107 5.158167292464977e+02 3.125843976507186e-16 6.922555310626813e-02
0 108 5.205944470056406e+02 3.260294879473713e-18 6.921472587995646e-02
1 53 5.219739857565988e+02 5.567975594092050e-18 5.481898226117837e-02
0 109 5.253720509903789e+02 3.471518597369217e-18 6.921164014510298e-02
0 110 5.301498013843157e+02 3.687008587559018e-17 6.920114843371267e-02
1 54 5.316479731546993e+02 7.027337471860091e-17 5.482075950199419e-02
0 111 5.349274111495937e+02 4.742950156348263e-18 6.919834697776284e-02
0 112 5.397051902604642e+02 4.058152931954674e-18 6.918844287791609e-02
1 55 5.413219536495210e+02 9.555319618240576e-16 5.482240149782597e-02
0 113 5.444828075495702e+02 3.689435651429446e-18 6.918596616261073e-02
0 114 5.492606160725162e+02 3.557375720417411e-18 6.917689855043010e-02
1 56 5.509959266175649e+02 7.102413317669362e-18 5.482385369811043e-02
0 115 5.540382389100572e+02 3.240005820248631e-18 6.917477613031500e-02
0 116 5.588160717987286e+02 3.469872403408242e-18 6.916682041717816e-02
1 57 5.606698923368394e+02 5.163995845051903e-18 5.482510737310856e-02
0 117 5.635936997825838e+02 3.235508841425059e-18 6.916505681129662e-02
0 118 5.683715559275088e+02 4.050221067881654e-18 6.915839396929400e-02
1 58 5.703438518982567e+02 5.425639097444699e-18 5.482613357653139e-02
0 119 5.731491889338945e+02 4.087097421975612e-18 6.915700431515842e-02
0 120 5.779270629349669e+02 4.400293178922338e-17 6.915184402483059e-02
1 59 5.800178044668087e+02 5.601511610287406e-18 5.482691223007113e-02
0 121 5.827046989915128e+02 3.628594972057612e-18 6.915084406855716e-02
0 122 5.874825874501419e+02 3.340823074201395e-18 6.914726576818427e-02
1 60 5.896917520374174e+02 5.534650512413013e-18 5.482744790626114e-02
0 123 5.922602280097170e+02 7.638489184708853e-17 6.914665636821690e-02
0 124 5.970381254668301e+02 5.047300697479555e-18 6.914484401587018e-02
1 61 5.993656936821388e+02 5.235131830064752e-18 5.482773661057123e-02
0 125 6.018157663258603e+02 1.690758139126523e-15 6.914463249057272e-02
0 126 6.065936690079861e+02 4.017009444224248e-18 6.914452020426824e-02
1 62 6.090396316408714e+02 5.321052318906026e-18 5.482779583663744e-02
0 127 6.113713137169826e+02 9.109077214673352e-16 6.914471079803117e-02
0 128 6.161492146854314e+02 3.263895314962943e-18 6.914642988547050e-02
1 63 6.187135659623044e+02 6.035252570464956e-18 5.482755725493248e-02
0 129 6.209268574951436e+02 3.933793693313664e-18 6.914701512127727e-02
0 130 6.257047540842361e+02 3.546575633432201e-18 6.915039239469609e-02
1 64 6.283874976374002e+02 5.356774894890721e-18 5.482708378453736e-02
0 131 6.304823994574139e+02 5.425020178838005e-18 6.915137234485520e-02
0 132 6.352602841628894e+02 3.235912118448551e-18 6.915645609454081e-02
1 65 6.380614284475846e+02 5.332664343112934e-18 5.482631029125597e-02
0 133 6.400379250058520e+02 3.945492946975833e-18 6.915782470585258e-02
0 134 6.448157960298846e+02 3.782091403357869e-18 6.916433314440862e-02
1 66 6.477353577256488e+02 7.459484083553546e-18 5.482532322904705e-02
0 135 6.495934384567234e+02 3.459799382638698e-18 6.916607107715896e-02
0 136 6.543712880502879e+02 2.028294085629110e-16 6.917400477001567e-02
1 67 6.574092895547334e+02 5.776188138793727e-18 5.482406171956134e-02
0 137 6.591489235208732e+02 4.050390144021224e-18 6.917611135796338e-02
0 138 6.639267523354838e+02 3.998055105719893e-18 6.918508163254590e-02
1 68 6.670832212932020e+02 5.351620808464493e-18 5.482262428667146e-02
0 139 6.687043877015221e+02 3.521466628874424e-18 6.918753907810016e-02
0 140 6.734821872950258e+02 6.014611025697674e-16 6.919746181858277e-02
1 69 6.767571593511107e+02 5.375984024807799e-18 5.482096567545432e-02
0 141 6.782598134357410e+02 3.296228949291023e-18 6.920022756416795e-02
0 142 6.830375872842469e+02 4.220483655284462e-18 6.921072603731666e-02
1 70 6.864310991792314e+02 6.253548467891100e-18 5.481918379615669e-02
0 143 6.878152116875693e+02 5.607697541944503e-18 6.921381259660721e-02
0 144 6.925929519405088e+02 3.232747847598831e-18 6.922468525352796e-02
1 71 6.961050490086634e+02 5.253038815830301e-18 5.481725753864915e-02
0 145 6.973705653488973e+02 4.890825608125694e-18 6.922806530457876e-02
0 146 7.021482773147899e+02 5.745994208305257e-18 6.923890061949360e-02
1 72 7.057790028205764e+02 5.638298843601398e-18 5.481527320907989e-02
0 147 7.069258867343498e+02 3.332323179113878e-18 6.924250250739265e-02
0 148 7.117035640395147e+02 3.277381493790502e-18 6.925313878161095e-02
1 73 7.154529700991632e+02 5.257343968022663e-18 5.481320934896450e-02
0 149 7.164811608555375e+02 1.063553166930009e-15 6.925696074570518e-02
0 150 7.212588113357277e+02 6.093361412991982e-18 6.926699515441259e-02
1 74 7.251269433623528e+02 5.825909235333549e-18 5.481113562485674e-02
0 151 7.260364027184910e+02 1.598744495871675e-17 6.927103097239504e-02
0 152 7.308140207227877e+02 3.509733741729562e-18 6.928018743357318e-02
1 75 7.348009312703109e+02 5.491606674198173e-18 5.480908229482129e-02
0 153 7.355915985924851e+02 1.958722397394409e-16 6.928431525942280e-02
0 154 7.403691932085959e+02 3.496200812933140e-18 6.929236757883965e-02
1 76 7.444749268533300e+02 5.528151071708273e-18 5.480709867081467e-02
0 155 7.451467630231915e+02 3.892960114374485e-18 6.929651268547171e-02
0 156 7.499243325419208e+02 8.468533959069229e-18 6.930328704576627e-02
1 77 7.541489373421456e+02 5.770752019682686e-18 5.480523199088533e-02
0 157 7.547018896785643e+02 3.839078331369868e-18 6.930748020433504e-02
0 158 7.594794414032471e+02 5.510223926977689e-18 6.931265630403477e-02
1 78 7.638229565644807e+02 5.708474526305483e-18 5.480352195467769e-02
0 159 7.642569903439130e+02 3.228522975505709e-18 6.931664519166295e-02
0 160 7.690345245854710e+02 3.535503516865892e-18 6.932026122688317e-02
1 79 7.734969893902896e+02 5.760617027197283e-18 5.480204550250983e-02
0 161 7.738120603961503e+02 3.229995308442636e-18 6.932391530978899e-02
0 162 7.785895864365282e+02 1.890437144617589e-16 6.932593059334823e-02
1 80 7.831710310090866e+02 5.360160301933591e-18 5.480090205080972e-02
0 163 7.833671156262950e+02 4.008508929028856e-18 6.932909925403799e-02
0 164 7.881446329682959e+02 8.140102239660833e-16 6.932952473474020e-02
0 165 7.929221536197882e+02 3.793471568756784e-18 6.933181479260990e-02
1 81 7.928450829030044e+02 5.973678160171414e-18 5.480022451747626e-02
0 166 7.976996692137266e+02 4.885649068741035e-17 6.933095470858756e-02
0 167 8.024771852009002e+02 3.227829739829192e-18 6.933232480319160e-02
1 82 8.025191398789054e+02 5.383125055330413e-18 5.480009500375633e-02
0 168 8.072547017526944e+02 3.897784727453470e-18 6.933019145735589e-02
0 169 8.120322165381209e+02 3.121192911240665e-17 6.933014447825983e-02
1 83 8.121931985104768e+02 5.563253031728401e-18 5.480069557447531e-02
0 170 8.168097360393359e+02 3.227986199972168e-18 6.932726429702696e-02
0 171 8.215872516677625e+02 6.073238432389312e-18 6.932578448403305e-02
1 84 8.218672574727789e+02 5.348846470779779e-18 5.480179855735868e-02
0 172 8.263647787264742e+02 3.689238519310467e-18 6.932223224505342e-02
0 173 8.311423031474235e+02 3.828679488958315e-18 6.931914323353001e-02
1 85 8.315413117686566e+02 5.281158466081139e-18 5.480315352951405e-02
0 174 8.359198349840622e+02 3.229896358497671e-18 6.931521319873502e-02
0 175 8.406973682265999e+02 3.829661027636191e-18 6.931048026398720e-02
1 86 8.412153630453078e+02 5.899683118841708e-18 5.480474183779487e-02
0 176 8.454749106638916e+02 3.993808199481776e-18 6.930639531053605e-02
0 177 8.502524614222237e+02 3.229262553155866e-18 6.930020406385892e-02
1 87 8.508894055794331e+02 5.165977186476459e-18 5.480652028502467e-02
0 178 8.550300104023152e+02 4.083546729324026e-18 6.929597690097017e-02
0 179 8.598075789061916e+02 7.992434357638293e-17 6.928834714738562e-02
1 88 8.605634445016325e+02 5.346087512397145e-18 5.480842794698096e-02
0 180 8.645851392341223e+02 3.382786416439141e-18 6.928418936892203e-02
0 181 8.693627340660610e+02 3.334606823072068e-18 6.927535342780401e-02
1 89 8.702374726810392e+02 1.051048245702008e-15 5.481042392437064e-02
0 182 8.741402998913888e+02 1.642071675285923e-16 6.927134496631314e-02
0 183 8.789179176451586e+02 5.607423075359152e-18 6.926162190031362e-02
1 90 8.799114970342242e+02 1.011976272757501e-16 5.481246660872741e-02
0 184 8.836954963593812e+02 5.265108134553045e-15 6.925770750988765e-02
0 185 8.884731466439537e+02 4.741394409893961e-18 6.924733766834434e-02
1 91 8.895855096118192e+02 5.340774021195641e-18 5.481450273731794e-02
0 186 8.932507299159500e+02 5.566227212758950e-15 6.924364161488518e-02
0 187 8.980284076318127e+02 3.234137859429090e-18 6.923281940608972e-02
1 92 8.992595182035150e+02 5.477205487786996e-18 5.481651160465948e-02
0 188 9.028060027476012e+02 3.538039169525503e-18 6.922940581283105e-02
0 189 9.075837146220908e+02 3.542820053496480e-18 6.921861175608171e-02
1 93 9.089335149164168e+02 5.444073711460750e-18 5.481842189646987e-02
0 190 9.123613137578764e+02 7.655170122209475e-18 6.921542915690079e-02
0 191 9.171390539234744e+02 3.845817491352235e-18 6.920480408049133e-02
1 94 9.186075073726454e+02 5.437876337146450e-18 5.482024012954262e-02
0 192 9.219166644552688e+02 2.327448493581075e-17 6.920192046941104e-02
0 193 9.266944381256297e+02 3.412388830650422e-18 6.919185910810037e-02
1 95 9.282814886408361e+02 5.576152710849981e-18 5.482187949035192e-02
0 194 9.314720512228057e+02 3.319360366263030e-18 6.918931085930401e-02
0 195 9.362498506060994e+02 4.728919987827320e-16 6.917997888654137e-02
1 96 9.379554650136386e+02 5.203139860101732e-18 5.482338757063531e-02
0 196 9.410274738610929e+02 6.617584931646743e-18 6.917776364662377e-02
0 197 9.458053022563194e+02 5.484134195089544e-18 6.916955071371793e-02
1 97 9.476294314980942e+02 5.682424073102841e-18 5.482468007719070e-02
0 198 9.505829270208309e+02 4.732921685142237e-18 6.916769237995712e-02
0 199 9.553607764819438e+02 1.258644162468131e-15 6.916064429071013e-02
1 98 9.573033931468555e+02 5.220632385001457e-18 5.482580219802131e-02
0 200 9.601384100026368e+02 3.414435340743191e-18 6.915916330484435e-02
0 201 9.649162805819303e+02 3.514756531237305e-18 6.915364254004784e-02
1 99 9.669773470689800e+02 6.213730596471037e-18 5.482665348500095e-02
0 202 9.696939145157500e+02 4.744400446766510e-18 6.915254231256586e-02
0 203 9.744717990914052e+02 5.543560588270878e-18 6.914853318791171e-02
1 100 9.766512960130692e+02 5.746371427360499e-18 5.482729590225454e-02
0 204 9.792494395700475e+02 4.127664983407613e-18 6.914782450536799e-02
0 205 9.840273360494587e+02 3.553153676259153e-18 6.914558061935326e-02
1 101 9.863252393449984e+02 1.319537536486185e-17 5.482764118037179e-02
0 206 9.888049762331285e+02 3.336894327343695e-18 6.914527182607681e-02
0 207 9.935828773332780e+02 3.383633168608094e-18 6.914471094111138e-02
1 102 9.959991779652481e+02 5.789987965078342e-18 5.482775103482243e-02
0 208 9.983605219415521e+02 4.720185631496246e-16 6.914479806435177e-02
0 209 1.003138424670220e+03 4.237467733997344e-18 6.914607681013987e-02
1 103 1.005673113170842e+03 6.934219321601237e-18 5.482756184429677e-02
0 210 1.007916067758946e+03 5.496109670722333e-18 6.914656347816237e-02
0 211 1.012693965641193e+03 3.777995271686344e-18 6.914951927698856e-02
1 104 1.015347044683544e+03 5.658043596897111e-18 5.482712609122507e-02
0 212 1.017471610549012e+03 3.581768926770164e-18 6.915040316330701e-02
0 213 1.022249499399300e+03 3.318374998336727e-18 6.915506795160371e-02
1 105 1.025020975030602e+03 5.874439542755128e-18 5.482641341768204e-02
0 214 1.027027142213281e+03 3.409653205392103e-18 6.915633611913952e-02
0 215 1.031805016644970e+03 5.472029447560893e-18 6.916251503376469e-02
1 106 1.034694903699308e+03 5.287776329147459e-18 5.482546157016055e-02
0 216 1.036582658310458e+03 3.235543334151876e-18 6.916416504030677e-02
0 217 1.041360514984467e+03 4.839443626914281e-18 6.917174236200653e-02
1 107 1.044368833477559e+03 5.215129321667756e-18 5.482427603249478e-02
0 218 1.046138153445655e+03 3.676938315272060e-18 6.917376128771173e-02
0 219 1.050915986871157e+03 5.159180748771818e-18 6.918249981464251e-02
1 108 1.054042764993830e+03 5.181158854450195e-18 5.482289297234900e-02
0 220 1.055693621371865e+03 3.252401499600355e-18 6.918485543734233e-02
0 221 1.060471430298951e+03 4.323714642873841e-18 6.919457163161236e-02
1 109 1.063716700004100e+03 5.567307626780643e-18 5.482131984813433e-02
0 222 1.065249060738506e+03 3.711676667489132e-18 6.919727352990682e-02
0 223 1.070026840116836e+03 6.289826187303415e-18 6.920765662755944e-02
1 110 1.073390640130671e+03 5.472846797200839e-18 5.481956009926576e-02
0 224 1.074804463675894e+03 5.178553054226541e-18 6.921067726596845e-02
0 225 1.079582214336379e+03 6.210940915163954e-17 6.922145273795255e-02
1 111 1.083064585424053e+03 5.164804388659372e-18 5.481767236280165e-02
0 226 1.084359832600356e+03 3.259555523613130e-18 6.922473295527105e-02
0 227 1.089137550156029e+03 3.350905296206520e-18 6.923565271000123e-02
1 112 1.092738539641970e+03 5.332271294154771e-18 5.481566530545823e-02
0 228 1.093915158836122e+03 5.322777675538731e-17 6.923920711659530e-02
0 229 1.098692847467419e+03 4.741324595481401e-18 6.924991167432860e-02
1 113 1.102412500408971e+03 5.165238617538518e-18 5.481360988715626e-02
0 230 1.103470450318894e+03 6.303279334951586e-18 6.925371593511077e-02
0 231 1.108248105007384e+03 3.230928495283208e-18 6.926389727751178e-02
1 114 1.112086473626913e+03 6.222461555364650e-18 5.481152215899462e-02
0 232 1.113025695551197e+03 3.597778564432274e-18 6.926785306983285e-02
0 233 1.117803324050200e+03 3.299151719989117e-18 6.927727930303838e-02
1 115 1.121760454286219e+03 5.869426734798540e-18 5.480947066520150e-02
0 234 1.122580907589396e+03 4.013423755298344e-18 6.928136143998237e-02
0 235 1.127358506115475e+03 3.987294863885416e-18 6.928975267851087e-02
1 116 1.131434450073882e+03 5.641934030217508e-18 5.480748389250572e-02
0 236 1.132136076243403e+03 4.739944537086369e-18 6.929396977097831e-02
0 237 1.136913653819872e+03 4.739709066018511e-18 6.930101438267969e-02
1 117 1.141108453579638e+03 5.399646114541707e-18 5.480561808649021e-02
0 238 1.141691217000257e+03 1.258362714998328e-17 6.930518369107409e-02
0 239 1.146468770025261e+03 3.365187618803778e-18 6.931078147218306e-02
1 118 1.150782473594845e+03 5.249351932495960e-18 5.480392005513647e-02
0 240 1.151246317588728e+03 3.706960421215349e-18 6.931479106343863e-02
0 241 1.156023859366260e+03 2.895578823371464e-17 6.931886535933168e-02
1 119 1.160456500821638e+03 5.180185986051558e-18 5.480242548781815e-02
0 242 1.160801401625281e+03 4.739060112382623e-18 6.932267770737088e-02
0 243 1.165578926209183e+03 1.089743727334962e-17 6.932502367944084e-02
0 244 1.170356454846188e+03 4.015636795329645e-18 6.932827605223499e-02
1 120 1.170130543338928e+03 5.328935895593530e-18 5.480111902416299e-02
0 245 1.175133975909512e+03 3.971639870999157e-16 6.932915587274736e-02
0 246 1.179911500046758e+03 3.323874603486365e-18 6.933178593681376e-02
1 121 1.179804590072731e+03 5.166531495445507e-18 5.480021503630000e-02
0 247 1.184689014085055e+03 4.188733492280106e-18 6.933111978849496e-02
0 248 1.189466529314314e+03 4.738751332108436e-18 6.933269082113236e-02
1 122 1.189478648238066e+03 5.652442743655214e-18 5.479997996383519e-02
0 249 1.194244046642422e+03 4.133862217845484e-18 6.933092852663010e-02
0 250 1.199021562451128e+03 5.300942377993651e-18 6.933124216428287e-02
1 123 1.199152705757236e+03 6.560253778418936e-18 5.480037352520524e-02
0 251 1.203799079824019e+03 7.702540599884891e-18 6.932852150510747e-02
0 252 1.208576593957272e+03 3.691794828714710e-18 6.932745483781223e-02
1 124 1.208826766831920e+03 5.783941949770591e-18 5.480127766093482e-02
0 253 1.213354119270821e+03 3.362330593085646e-18 6.932401410489102e-02
0 254 1.218131641685673e+03 4.533389543395597e-16 6.932128289880768e-02
1 125 1.218500821024877e+03 5.676804510871201e-18 5.480260396527865e-02
0 255 1.222909171268951e+03 3.762315764505470e-18 6.931747945441054e-02
0 256 1.227686700325467e+03 3.974778666430041e-18 6.931322846508919e-02
1 126 1.228174874263555e+03 5.336871179720062e-18 5.480419640724894e-02
0 257 1.232464240923436e+03 4.738411440276189e-18 6.930910481591082e-02
0 258 1.237241787858321e+03 1.398509562726123e-15 6.930322359272670e-02
1 127 1.237848919085956e+03 6.982399944025669e-18 5.480597069078955e-02
0 259 1.242019334050933e+03 3.290384168398623e-18 6.929904666920060e-02
0 260 1.246796897102636e+03 3.330713866671680e-18 6.929173273522669e-02
1 128 1.247522960021533e+03 5.462355836306542e-18 5.480787583447393e-02
0 261 1.251574454150454e+03 6.537016104341888e-18 6.928759543633264e-02
0 262 1.256352041263990e+03 6.423994181491075e-18 6.927909594016547e-02
1 129 1.257196992147770e+03 5.378344343492507e-18 5.480986061466558e-02
0 263 1.261129606307943e+03 4.740526047867380e-18 6.927498063703348e-02
0 264 1.265907218274657e+03 4.740826343729326e-18 6.926546505605218e-02
1 130 1.266871018027465e+03 5.230432285879061e-18 5.481189405891167e-02
0 265 1.270684792746883e+03 3.512870461700972e-18 6.926152388838069e-02
0 266 1.275462434218754e+03 3.287641588644365e-18 6.925121741546350e-02
1 131 1.276545035310802e+03 5.549879338300610e-18 5.481391505547131e-02
0 267 1.280240016632110e+03 1.815577891416849e-15 6.924751475725212e-02
0 268 1.285017687264720e+03 3.741816544983230e-18 6.923684444008234e-02
1 132 1.286219044193404e+03 5.535850560967797e-18 5.481590650409804e-02
0 269 1.289795278326007e+03 2.114004814857693e-17 6.923332068183613e-02
0 270 1.294572980629025e+03 4.813196191017859e-18 6.922247353709451e-02
1 133 1.295893045449438e+03 5.392173581572190e-18 5.481783983433894e-02
0 271 1.299350580114266e+03 6.387214598389016e-16 6.921922002796742e-02
0 272 1.304128314041374e+03 3.420919946037593e-18 6.920853017269263e-02
1 134 1.305567037706305e+03 5.367823168179921e-18 5.481968085067353e-02
0 273 1.308905919714080e+03 3.410812349841652e-18 6.920559189487877e-02
0 274 1.313683683706959e+03 1.637365061299589e-17 6.919533511591738e-02
1 135 1.315241023475997e+03 5.733024405718998e-18 5.482139769587373e-02
0 275 1.318461297926903e+03 4.104668274977863e-18 6.919269359808944e-02
0 276 1.323239091928650e+03 4.743419084993662e-18 6.918320815425694e-02
1 136 1.324915000016421e+03 5.065174760474735e-16 5.482294426757944e-02
0 277 1.328016710461329e+03 4.305662054877801e-18 6.918090276761059e-02
0 278 1.332794530868463e+03 3.943808223884874e-18 6.917232333825736e-02
1 137 1.334588970978025e+03 1.591380899169672e-16 5.482431720101554e-02
0 279 1.337572157624354e+03 3.258960312246665e-18 6.917037950524943e-02
0 280 1.342350002570241e+03 3.893719975267032e-15 6.916307969357527e-02
1 138 1.344262933145078e+03 5.561274518875044e-18 5.482545420009400e-02
0 281 1.347127631406833e+03 4.013781730728124e-18 6.916150114024673e-02
0 282 1.351905496505122e+03 3.946835476842217e-18 6.915552490834269e-02
1 139 1.353936890324570e+03 6.377755513867266e-18 5.482638570444602e-02
0 283 1.356683132750426e+03 4.075166908102182e-18 6.915432700548385e-02
0 284 1.361461014779608e+03 9.038463996220923e-17 6.914998625018764e-02
1 140 1.363610839864536e+03 5.655373095203500e-18 5.482703373902967e-02
0 285 1.366238651317383e+03 3.579487259262941e-18 6.914918159655831e-02
0 286 1.371016544766025e+03 3.462762265471405e-18 6.914641837205349e-02
1 141 1.373284784803729e+03 5.581911806687626e-18 5.482746165987312e-02
0 287 1.375794187755742e+03 3.409701899025762e-17 6.914600640187325e-02
0 288 1.380572088507537e+03 6.716800343069173e-18 6.914509263051107e-02
1 142 1.382958724026009e+03 5.354407633982896e-18 5.482758123551006e-02
0 289 1.385349729452712e+03 4.047149842496854e-18 6.914508045847156e-02
0 290 1.390127632566629e+03 4.004970470061129e-18 6.914582544221921e-02
1 143 1.392632659178283e+03 5.180980016602910e-18 5.482750605822572e-02
0 291 1.394905278766850e+03 3.236380947548491e-18 6.914621461589396e-02
0 292 1.399683178011017e+03 3.236376714238542e-18 6.914881945966415e-02
1 144 1.402306591572643e+03 5.369999031842727e-18 5.482713346716684e-02
0 293 1.404460820501340e+03 3.457376675625563e-18 6.914960125189125e-02
0 294 1.409238712806790e+03 5.525046839647347e-18 6.915379091398870e-02
1 145 1.411980520911587e+03 5.220162977805170e-18 5.482654214813799e-02
0 295 1.414016358591953e+03 4.063772488254872e-18 6.915496493406129e-02
0 296 1.418794236881501e+03 4.096986173685269e-18 6.916082838957732e-02
1 146 1.421654450646046e+03 5.897064817709974e-18 5.482564669876802e-02
0 297 1.423571876944553e+03 4.744084186455812e-18 6.916238577407184e-02
0 298 1.428349739214064e+03 3.602866198793495e-18 6.916957495698145e-02
1 147 1.431328378605271e+03 5.336499603755585e-18 5.482454680022326e-02
0 299 1.433127380852889e+03 3.353519243949773e-18 6.917149481597372e-02
0 300 1.437905220139792e+03 1.098400414246527e-16 6.918002310524622e-02
1 148 1.441002310329211e+03 5.668709731778147e-18 5.482318148375890e-02
0 301 1.442682854304749e+03 4.062216103796283e-18 6.918230555133810e-02
0 302 1.447460670694238e+03 1.754236376139816e-16 6.919174749652721e-02
1 149 1.450676242239707e+03 6.221558300628162e-18 5.482164410968257e-02
0 303 1.452238304018520e+03 3.234140008918632e-18 6.919437130558735e-02
0 304 1.457016090543084e+03 1.213954970850759e-15 6.920463650301284e-02
1 150 1.460350181216987e+03 5.536877490830905e-18 5.481990596769201e-02
