0 0 5.713660835801661e-01 6.906011203789625e-18 5.070091024746975e-02
2 0 1.191458040398346e-02 3.992503063867816e-18 6.595422359363487e-02
3 0 3.656428801722000e+00 9.917723385994755e-18 4.193831008867987e-02
2 1 6.175734371109469e+00 4.531775248089769e-18 6.595127593260024e-02
2 2 1.233965552326845e+01 4.236694278705145e-18 6.594436617968939e-02
0 1 1.414200883485305e+01 7.307092673808391e-18 5.069854994735051e-02
2 3 1.850356556488363e+01 5.300318800535416e-18 6.594228927458812e-02
1 0 2.040133119502212e+01 1.482213212966490e-17 3.429716834953350e-02
2 4 2.466767160172949e+01 5.248531570034217e-18 6.593814490458796e-02
0 2 2.771253215963679e+01 7.125739778414552e-18 5.069863260139588e-02
3 1 2.763427271153145e+01 9.800195813684858e-18 4.193752718667239e-02
2 5 3.083161007819718e+01 1.434724656196534e-16 6.593813822438468e-02
2 6 3.699572109841102e+01 5.934204722422947e-18 6.594218890730530e-02
0 3 4.128302321034345e+01 5.875784792985738e-17 5.070003601557156e-02
2 7 4.315963775603171e+01 5.810170276775669e-16 6.594426355744987e-02
2 8 4.932357412808021e+01 4.202090775624454e-18 6.595084077240036e-02
3 2 5.161410189564780e+01 1.067114845469122e-16 4.194793001966884e-02
0 4 5.485374491528820e+01 7.187521025828802e-18 5.069985431922022e-02
2 9 5.548739555539874e+01 4.946310420726750e-18 6.595334484029683e-02
2 10 6.165118424223928e+01 5.266480431423094e-18 6.595538900429286e-02
1 1 6.424281869590729e+01 1.466715215909866e-17 3.429608495670760e-02
2 11 6.781498578645964e+01 4.174102788240336e-18 6.595355663442247e-02
0 5 6.842490013766476e+01 6.947275962351084e-18 5.070567914403196e-02
2 12 7.397880022800076e+01 3.962434269550289e-18 6.595082895059624e-02
3 3 7.559109612609417e+01 9.809080881067831e-18 4.194043977890284e-02
2 13 8.014273726826397e+01 4.500752351444757e-18 6.594406956998439e-02
0 6 8.199566949735394e+01 6.836491226634851e-18 5.070633872832613e-02
2 14 8.630664263276287e+01 4.265976102527012e-18 6.594253755028497e-02
2 15 9.247076885019935e+01 4.938536817577199e-18 6.593838710647063e-02
0 7 9.556707293243940e+01 6.775672397920942e-18 5.070164177687026e-02
2 16 9.863470118897155e+01 5.267226129163081e-18 6.593834530817756e-02
3 4 9.956967084490438e+01 9.895970903162369e-16 4.194183859201470e-02
2 17 1.047988116044935e+02 7.009811771839681e-16 6.594185796232681e-02
1 2 1.080839974456185e+02 1.489640321846593e-17 3.429825425535585e-02
0 8 1.091377762304563e+02 6.717806772076181e-18 5.070158282822522e-02
2 18 1.109627155453324e+02 9.338881203095948e-18 6.594437468941797e-02
2 19 1.171266526366632e+02 1.910916819345656e-16 6.595081368964664e-02
0 9 1.227082831625454e+02 6.906316922707416e-18 5.069880541852912e-02
2 20 1.232904654451423e+02 4.622489297958112e-18 6.595416775351914e-02
3 5 1.235477733027003e+02 9.953830273949593e-18 4.194148366718872e-02
2 21 1.294542548377894e+02 4.579300539191601e-18 6.595554625759895e-02
2 22 1.356180549619039e+02 4.461438151247354e-18 6.595383584235691e-02
0 10 1.362789313996025e+02 6.705784816567922e-18 5.069783684318888e-02
2 23 1.417818812389459e+02 4.537579953354263e-18 6.595029534796176e-02
3 6 1.475258303719028e+02 1.004071618502919e-17 4.193384383345445e-02
2 24 1.479458228865955e+02 3.997086139984631e-18 6.594361164759627e-02
0 11 1.498494841778676e+02 8.488093493104611e-18 5.069960461486000e-02
1 3 1.519259737555242e+02 2.270023102902038e-17 3.430005196918250e-02
2 25 1.541097248758124e+02 5.267092399451874e-18 6.594143331876150e-02
2 26 1.602738504562331e+02 4.294863354564283e-18 6.593835966610714e-02
0 12 1.634203419649868e+02 7.549364662272403e-18 5.070393224011414e-02
2 27 1.664377875057880e+02 6.855005153371997e-18 6.593834395634808e-02
3 7 1.715027370397222e+02 5.604014359444133e-16 4.192337085744966e-02
2 28 1.726018958752941e+02 5.670434402363648e-18 6.594292862415195e-02
0 13 1.769912282857281e+02 6.948622194094793e-18 5.070566823170415e-02
2 29 1.787657907716401e+02 3.962776901062902e-18 6.594482254469414e-02
2 30 1.849297233932799e+02 4.663495442756260e-18 6.595150923051282e-02
0 14 1.905626051048513e+02 6.717472797622388e-18 5.070379054962992e-02
2 31 1.910935342859715e+02 4.854478754341909e-17 6.595383473746454e-02
3 8 1.954776103122654e+02 9.803421835963394e-18 4.192482453651043e-02
1 4 1.957683309950804e+02 1.491715555917407e-17 3.429807942311557e-02
2 32 1.972573247421847e+02 4.219496243080663e-18 6.595524626087661e-02
2 33 2.034211148629095e+02 4.346095286316601e-18 6.595291904128348e-02
0 15 2.041334209575391e+02 6.729527022638790e-18 5.070262911128237e-02
2 34 2.095849514257347e+02 5.509845376540581e-18 6.595040757375530e-02
2 35 2.157489039014263e+02 1.835773175272493e-17 6.594347195351863e-02
0 16 2.177041619122879e+02 6.837156889139724e-18 5.069960868943520e-02
3 9 2.194543487963211e+02 3.238001540727373e-16 4.192952442531656e-02
2 36 2.219128174435317e+02 4.028620808917487e-18 6.594161842490232e-02
2 37 2.280769366195259e+02 4.193791626069482e-18 6.593827027150337e-02
0 17 2.312747465255990e+02 7.105330914648329e-18 5.069674012514452e-02
2 38 2.342408832050990e+02 4.569442416474418e-18 6.593840132676418e-02
1 5 2.396107223908506e+02 1.426365363883381e-16 3.429887300361296e-02
2 39 2.404049812759472e+02 4.255379155950614e-18 6.594263386119126e-02
3 10 2.434313591033118e+02 9.832533235232096e-18 4.193191247530095e-02
0 18 2.448453157781495e+02 7.550070702065277e-18 5.069856771778659e-02
2 40 2.465688782724116e+02 4.693774391813628e-18 6.594484771582620e-02
2 41 2.527327873771919e+02 3.985476104716407e-18 6.595185168327529e-02
0 19 2.584159241345969e+02 5.091746955430529e-17 5.070302184230532e-02
2 42 2.588966099846994e+02 4.533743960676232e-18 6.595474873344284e-02
2 43 2.650603933773261e+02 7.704166254037340e-18 6.595557141451368e-02
3 11 2.674093094457756e+02 9.830897136344673e-18 4.193645010455747e-02
2 44 2.712241950073561e+02 4.228492782403745e-18 6.595261157854887e-02
0 20 2.719867859595336e+02 6.975934603364393e-18 5.070281556829886e-02
2 45 2.773880202070145e+02 5.266725188464140e-18 6.594982254822243e-02
1 6 2.834528675398985e+02 1.465946780587259e-17 3.429855443484363e-02
2 46 2.835519929057663e+02 6.983855659321072e-18 6.594273760816605e-02
0 21 2.855581674296884e+02 7.043078361446988e-18 5.070588775155053e-02
2 47 2.897158971832060e+02 3.963007384050651e-18 6.594098257752272e-02
3 12 2.913853075637202e+02 9.177547499139726e-17 4.193507415380791e-02
2 48 2.958800236347049e+02 2.367334552064741e-16 6.593810834480590e-02
0 22 2.991289182297255e+02 6.708067364544285e-18 5.070512120494201e-02
2 49 3.020439597953329e+02 4.202476953930456e-18 6.593903689899405e-02
2 50 3.082080678521950e+02 5.911290885333485e-18 6.594340153081980e-02
0 23 3.127000051442931e+02 6.718493385232581e-18 5.069951487631180e-02
2 51 3.143719554191583e+02 6.324163322447397e-18 6.594560835610337e-02
3 13 3.153646338628110e+02 9.802851507498080e-18 4.194932502338290e-02
2 52 3.205358606000589e+02 4.716125880985274e-18 6.595168160857348e-02
0 24 3.262705919759948e+02 6.881238672130577e-18 5.069871758118329e-02
2 53 3.266996697755283e+02 3.964716046796955e-18 6.595470488591437e-02
1 7 3.272940907800457e+02 1.469612511486297e-17 3.429737951501661e-02
2 54 3.328634624749577e+02 3.962187314707387e-18 6.595495896033128e-02
2 55 3.390272605848019e+02 4.186357754939252e-18 6.595248010754262e-02
3 14 3.393426942767679e+02 1.590933311502243e-16 4.194661342302247e-02
0 25 3.398410784023503e+02 7.135623054931001e-18 5.069867248969057e-02
2 56 3.451910930393435e+02 5.266739084974136e-18 6.594956301328665e-02
2 57 3.513550722532457e+02 5.580992857647733e-18 6.594308966982512e-02
0 26 3.534117038281875e+02 8.277129463325902e-18 5.070066601821002e-02
2 58 3.575189908327486e+02 1.067084822762222e-16 6.594071171439174e-02
2 59 3.636831187557788e+02 3.963162721553538e-18 6.593826853745770e-02
3 15 3.633228611966974e+02 9.830867618890668e-18 4.194087553131171e-02
0 27 3.669823519583214e+02 8.109719179338123e-18 5.070137029061818e-02
2 60 3.698470510959226e+02 1.250522182823340e-16 6.593839656422600e-02
1 8 3.711353570565764e+02 2.590315553059308e-16 3.429761932667099e-02
2 61 3.760111488948878e+02 4.853660574153550e-18 6.594359710550807e-02
0 28 3.805536002362311e+02 6.745459585482670e-18 5.070529488812842e-02
2 62 3.821750374024592e+02 3.962726513677901e-18 6.594567078490789e-02
3 16 3.872992858166899e+02 9.801171593556949e-18 4.193197998476433e-02
2 63 3.883389358594810e+02 1.785129569820694e-17 6.595263828865951e-02
0 29 3.941244716323200e+02 6.870773592338735e-18 5.070661549096592e-02
2 64 3.945027385859193e+02 3.962228560292948e-18 6.595510696245985e-02
2 65 4.006665322920757e+02 3.996138917454234e-18 6.595547480743551e-02
2 66 4.068303368566586e+02 4.470423763121862e-18 6.595173525192714e-02
0 30 4.076956840147197e+02 6.705409473328710e-18 5.070068764545074e-02
3 17 4.112757656427328e+02 1.574547906759189e-15 4.193037300590279e-02
2 67 4.129941742113725e+02 4.293567300091444e-18 6.594899205173008e-02
1 9 4.149776079852052e+02 1.470642424813677e-17 3.429853060543270e-02
2 68 4.191581486119733e+02 4.036218230049752e-18 6.594202767872222e-02
0 31 4.212664165733995e+02 6.919039059463576e-18 5.069961638552667e-02
2 69 4.253220718684634e+02 5.439365589907317e-18 6.594060363686131e-02
2 70 4.314862018294331e+02 3.963154667762163e-18 6.593839529279848e-02
0 32 4.348369041888247e+02 7.493663311328370e-18 5.069982376929271e-02
3 18 4.352531427042214e+02 9.817549578412860e-18 4.192628695811323e-02
2 71 4.376501419258080e+02 4.663110983203223e-18 6.593910037059278e-02
2 72 4.438142225382331e+02 6.468522759178728e-17 6.594407010821181e-02
0 33 4.484074665407496e+02 7.972731675382408e-18 5.069775733152636e-02
2 73 4.499781183109384e+02 6.168010641534432e-18 6.594628548765480e-02
2 74 4.561420037405564e+02 4.219202168555002e-18 6.595235096994144e-02
1 10 4.588199568199831e+02 5.686371661901516e-17 3.429896431793053e-02
3 19 4.592299243550720e+02 6.591397577309465e-17 4.193034637088819e-02
0 34 4.619781170962664e+02 7.683685969493663e-18 5.069986436474297e-02
2 75 4.623058092690731e+02 5.016869712399959e-17 6.595479444286478e-02
2 76 4.684695873997150e+02 4.661648779184261e-18 6.595507096358072e-02
2 77 4.746334098602368e+02 4.026618188716476e-18 6.595181748900726e-02
0 35 4.755490574636575e+02 6.847457459750326e-18 5.070550368272775e-02
2 78 4.807972477742966e+02 4.669398553338783e-18 6.594901377069208e-02
3 20 4.832060234302362e+02 9.907108333717464e-18 4.192259822238618e-02
2 79 4.869612410375986e+02 4.249752171391659e-18 6.594189982801815e-02
0 36 4.891199876957270e+02 8.009680790996303e-18 5.070531403379009e-02
2 80 4.931251549567271e+02 5.373808719160227e-18 6.594030903413539e-02
2 81 4.992893001715469e+02 4.693370457293414e-18 6.593820284982599e-02
0 37 5.026913257007495e+02 6.831905925478425e-18 5.070377293787710e-02
1 11 5.026622555541548e+02 1.467520409700766e-17 3.430023817940152e-02
2 82 5.054532309142637e+02 4.067595850237147e-18 6.593881201819560e-02
3 21 5.071815417861069e+02 9.936190888214610e-18 4.192919532105795e-02
2 83 5.116173086082545e+02 4.166337764158769e-18 6.594397020104142e-02
0 38 5.162620414046698e+02 6.739667517506893e-18 5.070202605679254e-02
2 84 5.177811888509151e+02 2.246711654755060e-17 6.594704413939570e-02
2 85 5.239450827883345e+02 6.155494347755734e-18 6.595310622844214e-02
0 39 5.298327967462957e+02 7.681029868151001e-18 5.069898240261793e-02
2 86 5.301088796829746e+02 4.210254310634456e-18 6.595551345539424e-02
3 22 5.311599011956788e+02 1.002260418595269e-15 4.194287506207030e-02
2 87 5.362726614242324e+02 7.082291835934716e-17 6.595471041619691e-02
2 88 5.424364768012136e+02 5.266672127515029e-18 6.595132760286979e-02
0 40 5.434032864752944e+02 7.749987691006411e-18 5.069766628854423e-02
1 12 5.465042031838404e+02 1.472394267192128e-17 3.429762286789516e-02
2 89 5.486003289282180e+02 1.209770456980687e-16 6.594805916902996e-02
2 90 5.547643203317469e+02 7.036068121335213e-18 6.594153693128109e-02
3 23 5.551376420158595e+02 9.876099584390394e-18 4.194518954539971e-02
0 41 5.569738632177690e+02 2.615648799027387e-16 5.069822847206427e-02
2 91 5.609282362973191e+02 4.237517850556947e-18 6.593996136180059e-02
2 92 5.670923799127964e+02 5.296985175628459e-18 6.593899124700613e-02
0 42 5.705446717260128e+02 2.236570960577270e-16 5.070417819338820e-02
2 93 5.732563213082519e+02 4.175763097134949e-18 6.593916783644162e-02
3 24 5.791177243104447e+02 2.389235304275457e-17 4.194318312425181e-02
2 94 5.794203892334583e+02 3.963735688124578e-18 6.594468520480945e-02
0 43 5.841154249163862e+02 7.115772129170046e-18 5.070388155183501e-02
2 95 5.855842641263245e+02 4.716582166668842e-18 6.594686862523279e-02
1 13 5.903454448025250e+02 1.467756248221215e-17 3.429549946130481e-02
2 96 5.917481474040512e+02 7.883203392736813e-18 6.595317976856246e-02
0 44 5.976868794829039e+02 6.704873409521651e-18 5.070430131729958e-02
2 97 5.979119459088053e+02 4.236614831216103e-18 6.595501120708275e-02
3 25 6.030938771861184e+02 9.831140856258873e-18 4.194172830684988e-02
2 98 6.040757279870609e+02 6.615825260086145e-18 6.595499919126006e-02
2 99 6.102395461710158e+02 9.483162052132538e-18 6.595105068826425e-02
0 45 6.112576855151232e+02 6.743064193324713e-18 5.070512761598902e-02
2 100 6.164034063139869e+02 4.598762096493293e-18 6.594838050091485e-02
2 101 6.225674106661722e+02 1.841031426809936e-17 6.594102109664941e-02
0 46 6.248285742796844e+02 6.718401182975996e-18 5.069847173004608e-02
3 26 6.270731725508527e+02 9.946658798621400e-18 4.194097177084930e-02
2 102 6.287313322545054e+02 4.853406962363047e-18 6.593967360711808e-02
1 14 6.341869531025706e+02 1.482923226023268e-17 3.429803091545527e-02
2 103 6.348954671728068e+02 4.578056796421004e-18 6.593836009282972e-02
0 47 6.383991920885385e+02 6.705781808563470e-18 5.069768058203070e-02
2 104 6.410594107269774e+02 1.693885433384781e-17 6.593926689754898e-02
2 105 6.472234701131376e+02 4.534027943228867e-18 6.594487549032485e-02
3 27 6.510507572898355e+02 9.899605788473855e-18 4.193699655202907e-02
0 48 6.519696552378554e+02 7.145417132502948e-18 5.069940186599069e-02
2 106 6.533873485572070e+02 3.993166628130653e-18 6.594783485564595e-02
2 107 6.595512144359815e+02 3.962270710871207e-18 6.595365295570621e-02
0 49 6.655403300120219e+02 7.564749829012560e-18 5.070074743792416e-02
2 108 6.657150197185176e+02 4.820915000318247e-18 6.595557041175448e-02
2 109 6.718787973095933e+02 4.322343272323981e-18 6.595444251068336e-02
3 28 6.750284407650596e+02 9.811644140642314e-18 4.192789264611529e-02
1 15 6.780292027198825e+02 1.490020307300819e-17 3.430053816162949e-02
2 110 6.780426249759618e+02 4.192853173955015e-18 6.595023443393232e-02
0 50 6.791110470623132e+02 6.840440279252698e-18 5.070289279988995e-02
2 111 6.842064727328432e+02 3.968264795357807e-18 6.594748771557585e-02
2 112 6.903704941213236e+02 4.567945207774929e-18 6.594096538644301e-02
0 51 6.926823158525963e+02 6.961608441723624e-18 5.070578603089364e-02
2 113 6.965344129282245e+02 9.044027144695810e-18 6.593981979543570e-02
3 29 6.990038731007149e+02 1.249847396388799e-17 4.191953085141389e-02
2 114 7.026985585846893e+02 4.346047024368175e-18 6.593878453930221e-02
0 52 7.062532579916254e+02 6.704678323250318e-18 5.070574269522791e-02
2 115 7.088624884509840e+02 5.267166147955928e-18 6.593964816153236e-02
2 116 7.150265542187448e+02 6.575564725488393e-17 6.594515700052110e-02
0 53 7.198242966244588e+02 6.728793462396866e-18 5.070085308823802e-02
2 117 7.211904212221319e+02 4.565388798836334e-18 6.594790052268330e-02
1 16 7.218713897460244e+02 1.473990944246406e-17 3.429981907649481e-02
3 30 7.229796991216065e+02 1.016344745238443e-17 4.192964118048551e-02
2 118 7.273542850525826e+02 4.024398521103964e-18 6.595324422633557e-02
0 54 7.333949647674933e+02 7.162474692535498e-18 5.069847586652847e-02
2 119 7.335180744621350e+02 3.962198463794970e-18 6.595566807899157e-02
2 120 7.396818693104062e+02 4.245882284541624e-18 6.595470703681734e-02
2 121 7.458456990474740e+02 4.217765351916895e-18 6.595040844802577e-02
0 55 7.469655615021037e+02 7.499189496363524e-18 5.069985562908400e-02
3 31 7.469566896991408e+02 1.006692404579590e-17 4.192912655376647e-02
2 122 7.520095565223764e+02 4.470909607408067e-18 6.594706947677610e-02
2 123 7.581735775066780e+02 4.064288493434430e-18 6.594066345996642e-02
0 56 7.605360143362145e+02 6.838052927280317e-18 5.069893502007928e-02
2 124 7.643375098888466e+02 3.963113006477937e-18 6.593910594411517e-02
1 17 7.657137728467418e+02 1.467103404041972e-17 3.429849324595689e-02
2 125 7.705016490161411e+02 1.519766271553419e-17 6.593870483389282e-02
3 32 7.709342530127664e+02 1.007623240811020e-17 4.193455759271879e-02
0 57 7.741067091377836e+02 7.218724550482404e-18 5.069980027099449e-02
2 126 7.766655764210183e+02 3.963083839344137e-18 6.593946395541454e-02
2 127 7.828296296125749e+02 4.622698037550545e-18 6.594616530183302e-02
0 58 7.876778357309843e+02 7.264215692036477e-18 5.070652106355974e-02
2 128 7.889935051940873e+02 2.231879544465419e-16 6.594856799943953e-02
3 33 7.949118455477410e+02 9.809121154163626e-18 4.193658105181685e-02
2 129 7.951573595854906e+02 7.990473928647937e-18 6.595403582390791e-02
0 59 8.012486815935521e+02 6.923196984992139e-18 5.070517813224481e-02
2 130 8.013211437890037e+02 2.650101115012266e-16 6.595532532329167e-02
2 131 8.074849352903002e+02 4.200973530048637e-18 6.595444613989053e-02
1 18 8.095557126054451e+02 1.474653107681855e-17 3.429628578804021e-02
2 132 8.136487746508135e+02 4.279468782777416e-18 6.594926525306795e-02
0 60 8.148200293682759e+02 6.767674264233626e-18 5.070209660610065e-02
3 34 8.188882105219880e+02 1.015508279905640e-17 4.194339844713360e-02
2 133 8.198126318828018e+02 4.263458138889745e-18 6.594682090089338e-02
2 134 8.259766549646880e+02 4.715293937359186e-18 6.594045777989149e-02
0 61 8.283907201571707e+02 6.705229116376415e-18 5.070181710107860e-02
2 135 8.321405930123469e+02 3.964516131182890e-18 6.593972270947684e-02
2 136 8.383047373512204e+02 3.963129785238713e-18 6.593884154075424e-02
0 62 8.419613696668761e+02 7.303749397628039e-18 5.069836914176609e-02
3 35 8.428687214945571e+02 9.806564838059512e-18 4.194696825011431e-02
2 137 8.444686662484446e+02 6.232742975950162e-18 6.593982710379229e-02
2 138 8.506327024500288e+02 5.226422196960302e-18 6.594591134593090e-02
1 19 8.533968611757358e+02 2.591098810667947e-17 3.429718689985385e-02
0 63 8.555318729265706e+02 6.974504216368554e-18 5.069816663204062e-02
2 139 8.567965786877942e+02 6.639284740096187e-18 6.594883924448648e-02
2 140 8.629604238124524e+02 5.205617960842163e-16 6.595375991199448e-02
3 36 8.668466580475862e+02 9.987864256556309e-18 4.194802520677138e-02
0 64 8.691024254538289e+02 6.013449566447530e-17 5.069915471872132e-02
2 141 8.691242131859805e+02 9.597439438475322e-18 6.595572895807976e-02
2 142 8.752879981823660e+02 2.202350037848557e-17 6.595454507376905e-02
2 143 8.814518554111335e+02 5.266749795249553e-18 6.594943634666882e-02
0 65 8.826734118260269e+02 7.940277857026644e-18 5.070433882697672e-02
2 144 8.876157133673318e+02 4.577231871553665e-18 6.594620391767048e-02
3 37 8.908256001278963e+02 9.953636512649530e-18 4.193130683621950e-02
2 145 8.937797519867053e+02 4.557926268076500e-18 6.593984615972896e-02
0 66 8.962441570911311e+02 6.704724489342044e-18 5.070554109859951e-02
1 20 8.972383771908774e+02 1.487727460544643e-17 3.429944406099398e-02
2 146 8.999436764896675e+02 4.737990816237211e-18 6.593894187096526e-02
2 147 9.061078295013721e+02 4.005537233357462e-18 6.593895144273315e-02
0 67 9.098155480708657e+02 6.884112877821711e-18 5.070377870497089e-02
2 148 9.122717504180389e+02 4.755765612730181e-18 6.594023979543136e-02
3 38 9.148012921786690e+02 9.856167285541480e-18 4.193019373191988e-02
2 149 9.184357892919148e+02 4.255681394763162e-18 6.594668407154661e-02
0 68 9.233864380051261e+02 6.727025192060260e-18 5.070392662858541e-02
2 150 9.245996497887194e+02 5.266743296135954e-18 6.594958463561364e-02
2 151 9.307635012262959e+02 6.257737086319886e-18 6.595412075926718e-02
0 69 9.369571296317855e+02 6.807533649585361e-18 5.069878371025844e-02
2 152 9.369272801153705e+02 4.324679081503754e-18 6.595547511880477e-02
3 39 9.387783772654049e+02 1.073317264406162e-17 4.193071567583258e-02
1 21 9.410807037846156e+02 2.376617857829897e-16 3.429918037238971e-02
2 153 9.430910707513461e+02 6.120949863252988e-17 6.595368365691907e-02
2 154 9.492549181829805e+02 1.337836508040133e-17 6.594876881958175e-02
0 70 9.505277263106597e+02 7.074139709631140e-18 5.069683308574751e-02
2 155 9.554187915934940e+02 3.962712555539329e-18 6.594605615945649e-02
2 156 9.615828328605922e+02 4.342605181956030e-18 6.594025188936115e-02
3 40 9.627551526264624e+02 9.883025924452004e-18 4.192739248141180e-02
0 71 9.640983121487515e+02 6.705576053677278e-18 5.069957272673411e-02
2 157 9.677467653727946e+02 1.600066650586925e-17 6.593890469229111e-02
2 158 9.739109092369248e+02 4.665637934346129e-18 6.593936557005788e-02
0 72 9.776689362812405e+02 7.125754347293274e-18 5.070180700313313e-02
2 159 9.800748408435811e+02 4.023804330466792e-18 6.594009583893155e-02
1 22 9.849230076530456e+02 1.468075859877902e-17 3.429835904342707e-02
2 160 9.862388646183629e+02 5.446057077030828e-18 6.594684228397214e-02
3 41 9.867321875029413e+02 9.830612896047577e-18 4.192597838622934e-02
0 73 9.912397221220699e+02 7.157135685545695e-18 5.070288597665211e-02
2 161 9.924027209175611e+02 4.035966878771195e-18 6.594933583583479e-02
2 162 9.985665595911474e+02 3.962209749505687e-18 6.595467335135161e-02
0 74 1.004811089482199e+03 6.906242055971219e-18 5.070620375917591e-02
2 163 1.004730351750697e+03 5.539706541066145e-18 6.595568791436028e-02
2 164 1.010894143321193e+03 3.997851588003650e-18 6.595416154405800e-02
3 42 1.010707407277898e+03 1.008219131355812e-17 4.192654038836381e-02
2 165 1.017057997650802e+03 5.979448866129921e-18 6.594815564188200e-02
0 75 1.018381975041631e+03 6.717347727961433e-18 5.070460719455817e-02
2 166 1.023221872031689e+03 4.816820647929354e-18 6.594568135287729e-02
1 23 1.028765426384925e+03 1.470230235254908e-17 3.429918456415272e-02
2 167 1.029385927205777e+03 7.965673042880517e-18 6.593930869473381e-02
0 76 1.031952960959783e+03 6.776131311009022e-18 5.069991294476558e-02
3 43 1.034684278639840e+03 9.858222838288784e-18 4.193710629396497e-02
2 168 1.035549857431475e+03 5.267215425064266e-18 6.593864814333027e-02
2 169 1.041713993194824e+03 1.499327713702747e-16 6.593933231538816e-02
0 77 1.045523539269689e+03 6.752873818723075e-18 5.069864086392924e-02
2 170 1.047877926609554e+03 9.610243873099773e-18 6.594115165656850e-02
2 171 1.054041947566849e+03 6.737861526307097e-16 6.594736167482104e-02
3 44 1.058663290527458e+03 9.876939198445974e-18 4.194394564656145e-02
0 78 1.059094156123323e+03 7.104505414026962e-18 5.069890707313486e-02
2 172 1.060205803594718e+03 4.411248488096771e-18 6.595014465896831e-02
2 173 1.066369625499268e+03 5.266524374861721e-18 6.595434773879730e-02
0 79 1.072664640654479e+03 7.185635806456242e-18 5.070060298802296e-02
1 24 1.072607058446037e+03 4.291465727754456e-17 3.429779523634080e-02
2 174 1.072533419577750e+03 4.265448306926891e-18 6.595552994150410e-02
2 175 1.078697209456971e+03 4.175583461006424e-18 6.595322870897034e-02
3 45 1.082641536288721e+03 9.862790888694855e-18 4.194590728629331e-02
2 176 1.084861073416296e+03 3.970637899169017e-18 6.594784290505995e-02
0 80 1.086235307839622e+03 3.968345076029552e-17 5.070105604645447e-02
2 177 1.091024940550269e+03 4.723656571120050e-18 6.594553961441763e-02
2 178 1.097189013932694e+03 4.041070495466732e-18 6.593981625279630e-02
0 81 1.099806642016234e+03 7.125629959195542e-18 5.070618961563737e-02
2 179 1.103352943205467e+03 4.284199347209759e-18 6.593851104241492e-02
3 46 1.106620528671835e+03 9.799524813710437e-18 4.193842161897730e-02
2 180 1.109517084698011e+03 4.404832697641616e-18 6.593936598509904e-02
0 82 1.113377403303641e+03 6.704637491125038e-18 5.070617701890461e-02
2 181 1.115681002808402e+03 5.607121028471136e-16 6.594087164209060e-02
1 25 1.116448129363931e+03 1.470463534597513e-17 3.429719237341252e-02
2 182 1.121845025190487e+03 5.266827112460972e-18 6.594749892861451e-02
0 83 1.126948629125048e+03 7.038373471869890e-18 5.070080038583648e-02
2 183 1.128008869609366e+03 2.370781617920581e-16 6.595037133689514e-02
3 47 1.130597183077493e+03 1.049117832974723e-17 4.194438871863310e-02
2 184 1.134172697010681e+03 5.250472420151800e-18 6.595480802167834e-02
0 84 1.140519414689003e+03 6.780011492626191e-18 5.070082928132554e-02
2 185 1.140336481087224e+03 3.962193337163488e-18 6.595582988502298e-02
2 186 1.146500288129284e+03 4.818557668010165e-18 6.595333849156269e-02
2 187 1.152664152025490e+03 4.697220405671255e-18 6.594733686691970e-02
0 85 1.154089914277761e+03 7.053419770659172e-18 5.069879267145527e-02
3 48 1.154576297333564e+03 9.871936907088686e-18 4.193378584157496e-02
2 188 1.158828030064526e+03 3.964248131809775e-18 6.594455025052157e-02
1 26 1.160289910296685e+03 7.392757758527201e-17 3.429801808216480e-02
2 189 1.164992095994704e+03 4.695749953100020e-18 6.593922425106999e-02
0 86 1.167660439867979e+03 7.134881161793662e-18 5.069772195941781e-02
2 190 1.171156037084529e+03 4.038900727784142e-18 6.593832882758760e-02
2 191 1.177320170644141e+03 4.859405065459638e-18 6.594010701845722e-02
3 49 1.178553794741400e+03 9.953694481199619e-18 4.193403042881815e-02
0 87 1.181231069704815e+03 8.487981138849911e-18 5.070043057157866e-02
2 192 1.183484094307419e+03 3.962975990000296e-18 6.594139188182739e-02
2 193 1.189648098152973e+03 4.341521265061115e-18 6.594830356795965e-02
0 88 1.194802082501670e+03 7.045640043551773e-18 5.070452523194511e-02
2 194 1.195811951679718e+03 6.067023233425080e-16 6.595064038565063e-02
2 195 1.201975765393979e+03 4.641429750818003e-17 6.595479153061186e-02
3 50 1.202530114558008e+03 9.812472465046468e-18 4.192233978456501e-02
1 27 1.204132382417853e+03 1.470943813582911e-17 3.429890307433409e-02
2 196 1.208139547700352e+03 4.603425110537614e-18 6.595496717338298e-02
0 89 1.208372919301726e+03 7.289269498557436e-18 5.070546833800122e-02
2 197 1.214303346752976e+03 4.888207732629607e-18 6.595315896817035e-02
2 198 1.220467229060573e+03 7.523559674522599e-18 6.594705525561126e-02
0 90 1.221944259145412e+03 6.752968625802286e-18 5.070386700705676e-02
3 51 1.226505165442903e+03 1.001233496927842e-17 4.192331238935760e-02
2 199 1.226631108728605e+03 3.962785389246398e-18 6.594494510943827e-02
2 200 1.232795180522931e+03 4.023050446764134e-18 6.593902516204557e-02
0 91 1.235515124678685e+03 6.731974845317844e-18 5.070201796238579e-02
2 201 1.238959120376712e+03 4.786355210640196e-18 6.593847305655208e-02
2 202 1.245123259346739e+03 4.247629960582755e-18 6.593970179100493e-02
1 28 1.247974580982031e+03 1.486586408135944e-17 3.430030124504384e-02
0 92 1.249085741197540e+03 6.808421120658904e-18 5.069937328766748e-02
3 52 1.250482270699640e+03 1.008435575597767e-17 4.193032501471962e-02
2 203 1.251287178902910e+03 3.962969254392587e-18 6.594150324088291e-02
2 204 1.257451167249707e+03 3.962587629214235e-18 6.594814273000844e-02
0 93 1.262656232836567e+03 6.747608158707238e-18 5.069739084973948e-02
2 205 1.263615018667874e+03 4.021685424654961e-18 6.595159669898974e-02
2 206 1.269778836072820e+03 5.266496568870183e-18 6.595507524265140e-02
3 53 1.274459343817610e+03 9.900371838772852e-18 4.193690263005277e-02
0 94 1.276226937809121e+03 6.841813554325214e-18 5.069888335160789e-02
2 207 1.275942623082164e+03 6.579896341113019e-18 6.595535793322899e-02
2 208 1.282106417289732e+03 6.005172300211050e-18 6.595259797024600e-02
2 209 1.288270311537358e+03 4.621480807451525e-18 6.594659980718305e-02
0 95 1.289797609897257e+03 7.571198802154237e-18 5.070383912178941e-02
1 29 1.291816847866180e+03 3.183954070495564e-17 3.429914907097453e-02
2 210 1.294434193941743e+03 9.389291805975507e-18 6.594380722535072e-02
3 54 1.298436952949728e+03 9.953284536051612e-18 4.193321887860818e-02
2 211 1.300598274583642e+03 5.915302535739488e-18 6.593872693105604e-02
0 96 1.303368375580263e+03 6.704933622600628e-18 5.070359460431777e-02
2 212 1.306762203382007e+03 1.937313979865063e-16 6.593843672595459e-02
2 213 1.312926350417323e+03 6.676573612237175e-18 6.594069611303423e-02
0 97 1.316939881065876e+03 6.748131748147962e-18 5.070566644197300e-02
2 214 1.319090265327782e+03 4.276256102896336e-18 6.594196861684684e-02
3 55 1.322414424699931e+03 9.987698155708016e-18 4.194064586803811e-02
2 215 1.325254252213160e+03 5.039140520501945e-18 6.594857032417645e-02
0 98 1.330510639684333e+03 6.717633156821331e-18 5.070432944671189e-02
2 216 1.331418085469448e+03 4.176285001951154e-18 6.595157853614020e-02
1 30 1.335658383984114e+03 1.475610373044801e-17 3.429584994269597e-02
2 217 1.337581906889258e+03 3.966798045636342e-18 6.595492657587848e-02
2 218 1.343745683734700e+03 4.718703998640832e-18 6.595477568137555e-02
0 99 1.344081541048041e+03 6.826465978856010e-18 5.069854565630250e-02
3 56 1.346392095034058e+03 9.846383123617147e-18 4.194878972320703e-02
2 219 1.349909487632189e+03 4.259051972634739e-18 6.595244093674099e-02
2 220 1.356073378270584e+03 4.236071769754453e-18 6.594661102550099e-02
0 100 1.357652174130057e+03 6.752003181715240e-18 5.069864691750277e-02
2 221 1.362237278323704e+03 4.644332198081580e-18 6.594397857946774e-02
2 222 1.368401358573504e+03 1.678797106257928e-16 6.593865734407188e-02
3 57 1.370372255718925e+03 1.004552056298719e-17 4.194427502491767e-02
0 101 1.371222703423157e+03 7.114388016301812e-18 5.069835391215372e-02
2 223 1.374565295067696e+03 6.012148992908723e-18 6.593792304982830e-02
1 31 1.379499624527933e+03 2.200195832032679e-17 3.429644924865723e-02
2 224 1.380729426645616e+03 2.021854126641413e-16 6.594054203045478e-02
0 102 1.384793280157905e+03 3.918689576994080e-16 5.070091793820430e-02
2 225 1.386893350707112e+03 4.628086590338778e-18 6.594200066867408e-02
2 226 1.393057321285057e+03 6.817820530375451e-18 6.594921133030404e-02
3 58 1.394350448336151e+03 1.008730206805399e-17 4.194166979822968e-02
0 103 1.398363966466991e+03 2.264752196827446e-16 5.070282742318213e-02
2 227 1.399221159697276e+03 1.687142827802647e-17 6.595213482808415e-02
2 228 1.405384970128940e+03 4.167231087863436e-18 6.595556175111925e-02
2 229 1.411548762339893e+03 3.989398964494110e-18 6.595461060524530e-02
0 104 1.411935373385437e+03 6.704744634145678e-18 5.070532764506896e-02
2 230 1.417712562635737e+03 4.695932392947770e-18 6.595212601672515e-02
3 59 1.418327359905923e+03 1.016239050387210e-17 4.192596349916083e-02
1 32 1.423341529428595e+03 1.467709919173387e-17 3.429999869085409e-02
2 231 1.423876462944893e+03 4.288623296985961e-18 6.594542050247647e-02
0 105 1.425506189183496e+03 6.750825005076113e-18 5.070619338947464e-02
2 232 1.430040356118189e+03 5.844032004539588e-18 6.594345099270785e-02
2 233 1.436204451612317e+03 4.435386007478003e-18 6.593844534863402e-02
0 106 1.439077245125700e+03 6.740926687530154e-18 5.070065125446488e-02
2 234 1.442368386369967e+03 4.037314861910830e-18 6.593863553740180e-02
3 60 1.442303706397976e+03 9.804199040110796e-18 4.193112945507965e-02
2 235 1.448532515583221e+03 4.279333785250364e-16 6.594090933034784e-02
0 107 1.452648045865669e+03 6.780704488044797e-18 5.069919071200799e-02
2 236 1.454696433197527e+03 8.025931243733716e-17 6.594277573686154e-02
