0 0 -1.044189593282900e+03 2.017758307719199e-05 1.139433511740146e+01
0 1 -1.042570525207581e+03 1.642101424613064e-05 2.140373548165584e+01
2 0 -1.042562275926284e+03 1.993098048353543e-04 4.511965084521823e+00
0 2 -1.041489961760880e+03 1.511550530906139e-05 2.682913987640690e+01
2 1 -1.041028473482990e+03 3.140249693344219e-04 4.367688830824726e+00
0 3 -1.037710000220675e+03 3.086825695085524e-16 3.806583877898051e+01
0 4 -1.035010000119813e+03 4.357993066186846e-16 3.805661677663221e+01
2 2 -1.035131221939222e+03 2.972978953443751e-04 2.417053315551174e+00
1 0 -1.034471807110407e+03 4.828475708635802e-06 4.369670647231354e+01
1 1 -1.033353993750675e+03 5.547079988769797e-06 3.994715862951282e+01
1 2 -1.032345901604512e+03 5.466486238442812e-06 3.999983610967270e+01
0 5 -1.031230587451486e+03 5.589555305163126e-06 3.744429887202539e+01
2 3 -1.029055855600418e+03 1.944307436819814e-04 4.616270724098863e+00
1 3 -1.027450000023833e+03 1.928812584968885e-16 4.527708314291912e+01
2 4 -1.027533170193774e+03 3.227082748545732e-04 4.241580236468863e+00
0 6 -1.026100001696142e+03 1.051070238386106e-05 3.366024559401844e+01
0 7 -1.023669196288506e+03 1.314851094670583e-05 3.049066471935840e+01
2 5 -1.023139817356600e+03 2.126398936630294e-04 4.226992093197030e+00
2 6 -1.021573862095251e+03 3.202988093190085e-04 4.144696193413623e+00
1 4 -1.019822859259371e+03 1.451306335154364e-05 3.255847296664715e-06
0 8 -1.017727379921264e+03 1.593593673686516e-05 2.633638987085601e+01
1 5 -1.017190000076645e+03 6.445511624492098e-16 4.602367683469512e+01
2 7 -1.017190329101493e+03 7.078471359125026e-17 8.773058364815054e+00
0 9 -1.015813392913833e+03 2.172761124577964e-13 3.836744742151812e+01
2 8 -1.015636881012857e+03 3.341885803702076e-04 3.895171951913740e+00
2 9 -1.011229434548361e+03 1.895506384174108e-04 4.720596990149419e+00
0 10 -1.011356339183048e+03 2.134414632003902e-05 2.262322443752100e+00
2 10 -1.009707956152026e+03 3.554646969600554e-04 3.448272179321977e+00
0 11 -1.008010000032952e+03 5.284723285010160e-16 3.790253834890774e+01
1 6 -1.007470000125713e+03 5.550866223536913e-16 4.635468287834806e+01
0 12 -1.006392048923848e+03 8.050123609816379e-06 3.549520634192177e+01
2 11 -1.005266935731766e+03 1.724531173411428e-04 5.086110122705771e+00
2 12 -1.003689718463062e+03 4.103600965305496e-04 2.253725368279303e-07
2 13 -9.994987939779745e+02 3.030515321412837e-04 2.294034765934866e+00
1 7 -9.982899999912665e+02 1.848763739174950e-16 4.581004182325406e+01
2 14 -9.935609075010642e+02 3.046579275745476e-04 2.259697683488097e+00
2 15 -9.918099971713862e+02 3.426079379379119e-04 4.828339563886798e+00
0 13 -9.901886699337911e+02 1.516266589946689e-05 2.795070455133104e+01
1 8 -9.901900000558459e+02 9.304065690915656e-17 4.660988774715799e+01
0 14 -9.877600013495451e+02 1.580948680481864e-12 3.761879579453693e+01
1 9 -9.874900001165485e+02 1.610590505123937e-16 4.735796334183719e+01
2 16 -9.876203733414144e+02 3.042519964353415e-04 2.268375576840121e+00
1 10 -9.855999991314392e+02 7.988965636909821e-14 4.862957212772118e+01
2 17 -9.812799035356792e+02 2.105370703001798e-12 8.772956642465994e+00
1 11 -9.799300000206388e+02 3.487510840529394e-16 4.846641359598700e+01
2 18 -9.800168690987327e+02 3.593722332345279e-04 3.383929439776060e+00
0 15 -9.772300000465636e+02 4.994920716329384e-16 3.762771032437758e+01
2 19 -9.755712729955075e+02 1.757492068554880e-04 5.015645253675866e+00
1 12 -9.749622591836505e+02 1.280092028938739e-05 1.975987053502430e-06
2 20 -9.740787543764491e+02 3.618883232871670e-04 3.317394836008748e+00
0 16 -9.734500002777179e+02 2.055530371503453e-16 3.770218104582235e+01
2 21 -9.696270362863891e+02 1.725296284342423e-04 5.084476478282796e+00
1 13 -9.691319859172329e+02 9.211402121557868e-06 3.484142041111208e+01
2 22 -9.680428017548272e+02 4.103602510297685e-04 1.816765832972015e-07
0 17 -9.642700000240679e+02 1.391999161561553e-16 3.825097116619871e+01
2 23 -9.636984726369078e+02 1.812205131813449e-04 4.898683428969567e+00
2 24 -9.621848547808889e+02 3.598746631330397e-04 3.305813855559625e+00
1 14 -9.610348601097018e+02 9.385291612680617e-06 3.244742008544306e+01
0 18 -9.594086943892355e+02 1.495834178765248e-05 2.802987079575890e+01
1 15 -9.594100001658060e+02 5.307822954974407e-16 4.660378747634267e+01
0 19 -9.583300001269052e+02 4.174414608471757e-16 3.817598398705864e+01
1 16 -9.572500000371812e+02 2.158375614536523e-16 4.616332743331298e+01
2 25 -9.572499989705238e+02 2.651715891511729e-04 4.889699323676869e+00
2 26 -9.556299997546672e+02 3.103506075844317e-04 5.595730043443726e+00
2 27 -9.510401569018464e+02 1.200560830596274e-04 8.388966348960688e+00
2 28 -9.496899998194865e+02 3.078459822871384e-04 5.599561187874641e+00
1 17 -9.494200000379807e+02 6.466484323988219e-13 5.420427839626702e+01
1 18 -9.488679425430745e+02 1.212962283343097e-05 7.800579064200897e-06
0 20 -9.469650888953411e+02 2.235741466504262e-05 3.254396196474867e-06
0 21 -9.452798255384896e+02 2.223221958308177e-05 1.526512739301574e-06
2 29 -9.453699989235529e+02 2.561346089368192e-04 5.352572867387861e+00
1 19 -9.448300000210113e+02 1.373570939674741e-16 4.454555452325558e+01
2 30 -9.437499997602957e+02 3.020981213719800e-04 5.601086407200929e+00
1 20 -9.418600007017449e+02 9.023335778425015e-06 3.388075471113821e+01
0 22 -9.391600000240650e+02 4.458478187893136e-06 3.626240909016895e+01
2 31 -9.394808813138654e+02 1.943000626846586e-04 6.709576411313203e+00
2 32 -9.378099997132839e+02 2.948411391597022e-04 5.470500583254074e+00
0 23 -9.367300003113766e+02 2.570590714275430e-16 3.852439144530958e+01
1 21 -9.340300000530991e+02 5.763346042119873e-16 4.529588752781406e+01
2 33 -9.317971022995661e+02 1.082776813832061e-04 8.269256419179822e+00
0 24 -9.315293100479543e+02 2.233961540667538e-05 1.480342736002990e-06
1 22 -9.315240373799538e+02 9.701300467291909e-07 4.563090633112351e+01
0 25 -9.298457122407357e+02 1.263495036827430e-12 3.817504416566236e+01
0 26 -9.286300002341518e+02 3.330014607269409e-16 3.815852432935940e+01
1 23 -9.278277577608413e+02 1.603716084477106e-05 2.515097050944985e-06
0 27 -9.248483183704922e+02 1.957219808070924e-05 1.711959373240916e+01
2 34 -9.251199421747243e+02 4.103083929124359e-04 9.394279803818011e-04
1 24 -9.232121973144167e+02 9.351547950609768e-06 2.750078889779193e+01
2 35 -9.232106671113285e+02 4.103658399863583e-04 1.873585577424375e-07
0 28 -9.199900001875212e+02 5.129311772943225e-16 3.805572076895061e+01
2 36 -9.190819634035961e+02 4.103519857637472e-04 1.552843146409125e-07
0 29 -9.178300002973583e+02 3.404533711090023e-16 3.809877954216606e+01
1 25 -9.172901907987200e+02 1.565558075502165e-05 9.389112672973232e+00
2 37 -9.172280132420859e+02 4.103662555417373e-04 4.002376927847175e-08
0 30 -9.154910497370594e+02 1.914062483160668e-05 6.236750129015346e+00
0 31 -9.143199983690662e+02 5.596481256258166e-13 3.821258676833120e+01
0 32 -9.130199270099313e+02 1.925364421566824e-12 3.830864536397473e+01
1 26 -9.119687965261202e+02 3.933286691160745e-13 5.220187928038157e+01
2 38 -9.101514643835499e+02 8.960004708994893e-05 7.856612628782249e+00
1 27 -9.081978942186595e+02 4.454452781933586e-13 4.834695762041213e+01
1 28 -9.040600006812899e+02 1.132477891772234e-12 5.139311384303933e+01
2 39 -9.032500017356488e+02 3.098872842030620e-04 4.807694893446051e+00
1 29 -9.019000008540248e+02 9.431480000911057e-13 5.289598271222529e+01
2 40 -9.010900018848055e+02 3.866792503030347e-04 2.816442675452499e+00
1 30 -9.005257439999406e+02 9.107199810929330e-06 3.951872395789081e+01
1 31 -8.994033141021346e+02 1.106944380156167e-12 4.987387684505092e+01
2 41 -8.967699996728472e+02 2.659300906862899e-04 5.687188689011276e+00
0 33 -8.961104984487495e+02 2.233627027100933e-05 2.569019678574400e+00
1 32 -8.954199996706973e+02 1.107865372357981e-12 5.148371030398060e+01
2 42 -8.952071144149445e+02 1.617791503689910e-04 5.314377310928625e+00
1 33 -8.922010183139654e+02 1.006730477780264e-05 6.096668734559848e-06
0 34 -8.890828552944686e+02 2.113289737460272e-13 3.763048543344696e+01
2 43 -8.875523273258418e+02 3.862418215022944e-04 2.210556439186121e+00
1 34 -8.865100000833421e+02 1.065611372637368e-15 5.383447707622157e+01
0 35 -8.832700002146687e+02 1.793571083771956e-16 3.764057377953679e+01
1 35 -8.817005015595247e+02 6.482620314457410e-13 5.298367167782642e+01
0 36 -8.808953139549590e+02 4.300186349663213e-13 3.704214259155585e+01
2 44 -8.808398996892229e+02 7.683338233389004e-13 8.773271865948759e+00
2 45 -8.794545685610891e+02 4.103575735053773e-04 2.062103264743167e-07
0 37 -8.784477834702756e+02 2.239313556461511e-05 7.498974668387876e-07
1 36 -8.773212874058368e+02 6.945093731358928e-06 4.382073389802204e+01
1 37 -8.762500001224440e+02 7.547984667028606e-16 5.259550220279264e+01
1 38 -8.747019509167289e+02 6.089691582740418e-13 5.275032995832022e+01
1 39 -8.730087349744219e+02 1.156471880036854e-05 2.799533277879370e+01
2 46 -8.729690405693833e+02 3.601183360244653e-04 2.615210750942451e+00
1 40 -8.713900001412261e+02 5.971511127784321e-16 5.173712509185471e+01
2 47 -8.713825180438287e+02 4.103587860254359e-04 8.002712860875934e-08
0 38 -8.692300002472787e+02 2.964931308228746e-16 3.772433444467080e+01
2 48 -8.673401096391318e+02 4.104447211761120e-04 -1.781230366354081e-03
2 49 -8.653663406231365e+02 4.103590116305105e-04 1.501605747097199e-07
1 41 -8.622515222859646e+02 1.000911241435392e-05 1.771102365873050e+01
1 42 -8.604800862958119e+02 1.077036786770608e-05 7.566377824554284e-06
0 39 -8.595622470202650e+02 3.540495720136789e-13 3.642071547938288e+01
2 50 -8.594751647335961e+02 1.787079165500780e-04 4.952468144212656e+00
0 40 -8.585868271609852e+02 1.529454679833254e-12 3.635727791418568e+01
2 51 -8.578547411944595e+02 4.103587959411974e-04 8.800381812397542e-08
0 41 -8.570800024270432e+02 1.605404367267896e-05 2.651153148122945e+01
0 42 -8.530303651313862e+02 2.206515178599014e-05 1.200953449285358e+01
2 52 -8.521350052748924e+02 6.458989556580155e-05 7.391774524209108e+00
0 43 -8.507615763806277e+02 1.280652582413712e-12 3.846798970149474e+01
2 53 -8.503047159621833e+02 4.103588861546326e-04 1.092611082100534e-07
0 44 -8.438499997477737e+02 1.922731650564516e-16 3.859840356634938e+01
2 54 -8.433099976161176e+02 3.170859496776644e-04 5.083680314401733e+00
2 55 -8.416946264215570e+02 3.787204780377014e-04 2.317867469106656e+00
1 43 -8.419167884517449e+02 1.244935129165310e-05 3.750883806101446e-06
1 44 -8.392599985702293e+02 1.229201702067172e-05 -1.518661939843576e-04
2 56 -8.352099928737709e+02 2.570445505102357e-04 6.780123009614101e+00
0 45 -8.335943241286370e+02 8.456748020766633e-06 3.427544697800618e+01
2 57 -8.330499949704528e+02 3.649357195728596e-04 3.853636316804952e+00
2 58 -8.314258273781458e+02 4.103215449363464e-04 4.034174962356860e-08
0 46 -8.306200031517573e+02 1.872742336177394e-05 1.937548381108623e+01
0 47 -8.265758813124327e+02 1.037795726085006e-05 3.396132239806366e+01
2 59 -8.254667544541071e+02 4.726392718248789e-12 8.772901313292266e+00
2 60 -8.239609843057410e+02 9.009614363627181e-05 8.043681580549757e+00
1 45 -8.233300001562482e+02 4.822049151821629e-16 5.899781833134804e+01
1 46 -8.200900001733223e+02 1.540218336482266e-16 6.022494676779253e+01
0 48 -8.195508250693038e+02 9.986214344872971e-06 3.444331364476193e+01
2 61 -8.179299948519957e+02 3.614587755550633e-04 4.000253287862929e+00
2 62 -8.162998058432494e+02 4.103218416686967e-04 1.037507169540293e-07
1 47 -8.141500002407163e+02 3.961314058587063e-16 5.833817313208540e+01
0 49 -8.114500002653958e+02 4.081913909260143e-16 3.900717187160111e+01
2 63 -8.098299977550628e+02 3.564265241894790e-04 4.068406418830399e+00
1 48 -8.095600002730635e+02 1.572622576420786e-05 -2.575626919681468e-05
2 64 -8.076699997955681e+02 3.959049673556000e-04 2.281579875560925e+00
0 50 -8.071300000974264e+02 1.250754569451740e-16 3.880704461504116e+01
1 49 -8.065889264544826e+02 1.333987213054801e-05 2.187217649744509e+01
1 50 -8.033500001817002e+02 5.568575080465846e-16 5.502500278759007e+01
1 51 -8.017300001215281e+02 4.429681186788920e-16 5.525482691111383e+01
0 51 -8.012279770311097e+02 1.174921789305664e-12 3.843488242794408e+01
2 65 -8.006499987025800e+02 1.926656592199692e-04 7.177474007292831e+00
0 52 -7.998239849009777e+02 2.222529679248123e-05 3.603523117921538e-06
2 66 -7.984717638753601e+02 4.103640980582731e-04 1.122281809954237e-07
0 53 -7.939000003826096e+02 2.182824435419115e-05 -2.315669396738804e-05
2 67 -7.919549838030350e+02 1.633681882149931e-04 5.280226763534690e+00
1 52 -7.901200006822089e+02 1.455578747476181e-05 7.439767901488345e-05
2 68 -7.901200769056765e+02 4.104289067825022e-04 -1.249190105809845e-03
0 54 -7.887699997804789e+02 1.220716829178759e-16 3.855669239191778e+01
1 53 -7.864396309131292e+02 1.185898214652214e-05 2.594781930015695e-06
0 55 -7.849900000245063e+02 5.322763415409940e-16 3.820549609541556e+01
2 69 -7.845530614025886e+02 9.225822402908284e-05 7.922440985176729e+00
2 70 -7.826743576298300e+02 6.607262358708094e-12 8.772707384641089e+00
0 56 -7.822459059116956e+02 1.220972876444500e-12 3.791959561632012e+01
0 57 -7.806700003045160e+02 3.341022971650416e-16 3.783744345590246e+01
1 54 -7.807353389455975e+02 6.154266638184554e-13 5.746030240166980e+01
1 55 -7.774300001055891e+02 8.793285291981172e-16 5.731212113220125e+01
2 71 -7.763516172115130e+02 2.039542988856704e-04 4.412701762053718e+00
0 58 -7.755400012143670e+02 2.233333532138847e-05 8.601824738406975e-05
1 56 -7.758186695937403e+02 8.130347301218751e-06 4.295255112875130e+01
2 72 -7.747954446093579e+02 3.010466411964462e-04 4.473256098281394e+00
0 59 -7.736500001875343e+02 1.513877070304068e-16 3.777588527336212e+01
0 60 -7.714900003113956e+02 3.333882803021656e-16 3.752749066872956e+01
1 57 -7.698700001066856e+02 5.023894569385121e-16 5.762633304130841e+01
0 61 -7.687900001897804e+02 2.567667189150492e-16 3.748559154672760e+01
1 58 -7.687900000281933e+02 2.238415891475615e-16 5.716598453502240e+01
2 73 -7.688003722144927e+02 1.973011745102116e-04 4.554934260573480e+00
0 62 -7.670615164035617e+02 2.415496822963532e-12 3.750387119675151e+01
2 74 -7.665491343671723e+02 4.103716864858448e-04 5.839788292937771e-08
1 59 -7.655500000906791e+02 1.197505176206678e-15 5.736787439805769e+01
0 63 -7.639299999852497e+02 4.004881964227672e-16 3.729395933451072e+01
2 75 -7.608630450856760e+02 4.103475105022299e-04 4.773053139021188e-08
2 76 -7.588983151878703e+02 1.133973349072010e-12 8.772590489748309e+00
2 77 -7.515100023122858e+02 2.931316603201117e-04 5.584927071689504e+00
2 78 -7.498740975629769e+02 3.944702171899701e-04 1.743551726775711e+00
1 60 -7.471899999243367e+02 8.723054782384310e-16 5.469233687225183e+01
2 79 -7.439500023136015e+02 2.964452205260532e-04 5.521188039728790e+00
1 61 -7.423300000789775e+02 2.902760940893680e-16 5.780393977728830e+01
2 80 -7.423143638540058e+02 3.928523352627961e-04 1.825757630276055e+00
0 64 -7.401699247296414e+02 1.521035107269780e-05 2.764881365710917e+01
1 62 -7.372000000765163e+02 1.293784103258466e-05 -5.502352981689851e-06
2 81 -7.358513897177628e+02 2.041231203579471e-04 4.409029477311943e+00
0 65 -7.353100002847216e+02 3.242623268032788e-16 3.806757880223265e+01
1 63 -7.359539602407857e+02 1.296706285008228e-05 2.324710789912891e-06
2 82 -7.342300002258429e+02 2.745810221394672e-04 5.870784424336349e+00
1 64 -7.327139858940727e+02 1.288922725015001e-05 6.309688015873592e-07
0 66 -7.318815979894829e+02 1.347192046495421e-12 3.697213133289930e+01
1 65 -7.312025119328025e+02 1.309364257547123e-05 3.629998853685779e-06
0 67 -7.304499523692130e+02 3.560610087429363e-06 3.746027393450418e+01
1 66 -7.293700001128964e+02 1.384659461742825e-16 5.731185213432801e+01
1 67 -7.285600008224902e+02 4.374169201703662e-06 5.248743950498309e+01
2 83 -7.282903289418771e+02 1.761407308337724e-16 8.772830114190972e+00
2 84 -7.266700001338338e+02 2.661109683739495e-04 5.871467992613883e+00
1 68 -7.218100000204844e+02 5.146879619226427e-16 5.507419666462604e+01
2 85 -7.196477411698594e+02 2.068955562221348e-04 4.349801930825485e+00
0 68 -7.180184712689512e+02 1.024973610018037e-12 3.788412863979254e+01
1 69 -7.187186447878811e+02 1.464928643922764e-05 3.602726587554776e-06
2 86 -7.178976926009050e+02 3.859388728581332e-04 1.436310980797988e+00
1 70 -7.161399995938323e+02 5.260807976344707e-13 5.645935381270770e+01
0 69 -7.153300012698519e+02 3.803287242493971e-16 3.784193338577567e+01
1 71 -7.131700000007461e+02 4.862091937751943e-16 5.735335741185899e+01
0 70 -7.120850251852752e+02 9.334362077626015e-06 3.399880333042624e+01
2 87 -7.115500034078151e+02 2.272873333045236e-04 6.916300166882785e+00
0 71 -7.107028309638864e+02 2.254193906026521e-05 5.294393536331662e-07
2 88 -7.099849764640660e+02 1.379130626022108e-04 7.872990279819290e+00
0 72 -7.093915612267213e+02 1.498390816754887e-05 2.755603629484101e+01
0 73 -7.058014880252704e+02 2.254998956832519e-05 8.167628256758836e-07
1 72 -7.056100000484400e+02 6.004317835095520e-16 5.974259289879177e+01
2 89 -7.039772353513796e+02 1.954772095896070e-04 4.593807692678130e+00
2 90 -7.024213477313428e+02 1.582255774952192e-04 7.528832090345982e+00
0 74 -6.996987614458320e+02 2.192973560157773e-05 3.977552708372562e-06
1 73 -6.980500000108930e+02 2.839434398826567e-16 7.001160098551983e+01
2 91 -6.958595832838578e+02 1.820616918372218e-04 4.880697359686512e+00
0 75 -6.935590039762344e+02 2.190965729629382e-05 2.251999924665381e-06
2 92 -6.936844374114371e+02 4.103578818625708e-04 1.923834515604815e-07
1 74 -6.928563925063397e+02 3.360040047427291e-13 3.270627280030596e+01
0 76 -6.888728464148039e+02 1.232658433009146e-05 3.197084329194869e+01
2 93 -6.861700009989316e+02 2.686859280619038e-04 4.775872706452613e+00
2 94 -6.845499989373177e+02 3.043914552790339e-04 5.873416099428411e+00
0 77 -6.840100002070136e+02 2.830503106323849e-16 3.612816927983291e+01
0 78 -6.829237813997609e+02 2.159275985066111e-05 8.068133446512425e+00
0 79 -6.807700001771899e+02 4.002437603351415e-16 3.602441375779456e+01
0 80 -6.796900001343417e+02 1.510343808481533e-16 3.593752041112394e+01
1 75 -6.787730699437305e+02 1.453971198692158e-05 2.552361257615556e-06
2 95 -6.780700038513490e+02 2.648870197662393e-04 6.508408281723148e+00
2 96 -6.764123423247177e+02 3.847115350959214e-04 2.276267629052814e+00
0 81 -6.726699998897697e+02 3.859721815475046e-16 3.601823469246852e+01
0 82 -6.705099999660501e+02 2.997243049804145e-16 3.605500584503896e+01
2 97 -6.699700033908124e+02 2.648341035274291e-04 6.487382815911469e+00
2 98 -6.683227780858571e+02 3.822764449220900e-04 2.331770650455041e+00
0 83 -6.661900001380917e+02 2.279796712143410e-16 3.605017983012713e+01
2 99 -6.624100038660305e+02 2.854078563192593e-04 6.094369023385345e+00
2 100 -6.607663486368670e+02 3.897528573273005e-04 2.002187536558090e+00
0 84 -6.597100000316437e+02 2.574319724404879e-16 3.649019785412887e+01
1 76 -6.589036345482779e+02 1.050267643990560e-05 2.122425852639482e-01
1 77 -6.583600000769784e+02 7.688377032390953e-06 3.031871724204787e+01
0 85 -6.547397763577130e+02 2.332105281251379e-05 1.987607139945344e-06
1 78 -6.545799999127335e+02 1.071141056645738e-05 -6.728370900334906e-06
2 101 -6.543100034824668e+02 2.970072648500441e-04 5.900699562549717e+00
0 86 -6.537700001257152e+02 2.037928196408124e-16 3.531894234926894e+01
2 102 -6.526900008750303e+02 3.912676838765086e-04 2.475634187063348e+00
0 87 -6.513400018878398e+02 9.000929747383716e-13 3.545061521913232e+01
0 88 -6.483700001516603e+02 6.544532383298154e-16 3.548364122093718e+01
2 103 -6.456700043733177e+02 3.174912059440768e-04 5.404048350889595e+00
2 104 -6.436693728426495e+02 6.510822524025262e-05 8.113141422503988e+00
0 89 -6.414008198847702e+02 5.021648013927003e-13 3.787365536819348e+01
2 105 -6.364900017837506e+02 3.426222396636018e-04 4.741075484164759e+00
0 90 -6.357737858836906e+02 2.950987390944664e-13 3.819032672825112e+01
2 106 -6.343019274554809e+02 4.103271414344187e-04 1.188925508783712e-07
0 91 -6.327098078511347e+02 1.179302409901841e-05 3.248892072143260e+01
1 79 -6.300877108177303e+02 9.202163742149067e-06 3.598450534022944e+01
2 107 -6.281201169529688e+02 2.965013444218474e-04 6.064034942116677e+00
2 108 -6.267217130663873e+02 4.103271543600126e-04 1.185122050432227e-07
0 92 -6.256890048317266e+02 8.623332079282481e-06 3.533321029444047e+01
1 80 -6.233515833850648e+02 9.820818444872294e-06 5.212558529563499e-07
2 109 -6.194801157395441e+02 2.610406620888156e-04 6.768450921350273e+00
2 110 -6.175629146830572e+02 3.812320084300924e-04 2.369946218229040e+00
0 93 -6.170499997096890e+02 3.950479646398389e-16 3.507709143389903e+01
0 94 -6.138049193361837e+02 1.621388199048749e-05 2.518849124574064e+01
0 95 -6.113799978225676e+02 1.840142324463547e-05 2.261299882035949e+01
1 81 -6.097599999941910e+02 5.134365251729940e-06 7.627463378568621e+01
1 82 -6.094643111604362e+02 1.514253775500387e-05 3.711212315721107e-07
2 111 -6.081400206997213e+02 3.260786462663686e-04 5.326159071825471e+00
0 96 -6.080818226758656e+02 4.094768526838730e-13 3.476854920408457e+01
0 97 -6.067900000312972e+02 4.386182244896216e-16 3.475166245659861e+01
1 83 -6.022000022113939e+02 1.527068226399160e-05 -3.860832088297240e-04
2 112 -6.014436104540987e+02 3.369616507319943e-04 3.746622406774470e+00
0 98 -6.003017150411081e+02 1.319675630073197e-05 3.206250632622096e+01
2 113 -5.996119638066190e+02 4.103565541716419e-04 2.571584471784875e-08
0 99 -5.982977957918310e+02 2.397457796094308e-05 1.846457760192261e-06
0 100 -5.965274657718352e+02 1.483700209427682e-05 2.925086668586305e+01
0 101 -5.927561402199503e+02 4.064422396944631e-13 3.910760804800761e+01
0 102 -5.907173318822382e+02 2.257119026248372e-05 4.240750488077822e-06
0 103 -5.895100002741862e+02 2.453500836242896e-16 3.467636859185882e+01
2 114 -5.889714964523753e+02 4.103551948962350e-04 3.776207971267480e-08
2 115 -5.873500006086429e+02 2.474095257950546e-04 6.993655070874557e+00
0 104 -5.841085466324076e+02 1.904219802036620e-05 2.067543781289832e+01
0 105 -5.824900003135449e+02 3.951317606370744e-16 3.465414226734960e+01
2 116 -5.781700066778801e+02 3.309022935481151e-04 5.127494154426749e+00
2 117 -5.772654883519916e+02 4.103262460290672e-04 1.886208344896825e-07
0 106 -5.722300000959127e+02 3.096788286454484e-16 3.445785637950169e+01
0 107 -5.711500001893609e+02 3.897769808344662e-16 3.441141478979370e+01
1 84 -5.689900000543018e+02 3.185490779241111e-16 8.746156889512451e+01
2 118 -5.689900048880485e+02 3.332825946009386e-04 5.022594299631220e+00
2 119 -5.675059848001987e+02 7.118753911846566e-05 8.153323319236927e+00
0 108 -5.662900000797116e+02 4.367679852175816e-16 3.512047286997417e+01
0 109 -5.652102806405481e+02 1.338180171284125e-05 3.106784613876970e+01
2 120 -5.616998838123205e+02 3.043551881589328e-04 5.883011627248317e+00
0 110 -5.572249945560903e+02 2.018134828952895e-05 1.702051694937431e-06
2 121 -5.565323667904715e+02 3.793084180470535e-04 2.486178530079272e+00
0 111 -5.544100000387314e+02 3.986924807809765e-16 3.552908794226178e+01
0 112 -5.481629478654396e+02 6.030929969388320e-13 3.552909963292595e+01
0 113 -5.438924060065333e+02 1.403801772352277e-12 4.034150512308268e+01
0 114 -5.384377510617506e+02 2.415578558058006e-05 1.133139122433204e-06
2 122 -5.379399794191746e+02 4.104769389061066e-04 -3.338544865362787e-04
0 115 -5.364630481679164e+02 2.946924271010085e-13 4.034152494699326e+01
0 116 -5.345511703239792e+02 2.415577171896172e-05 1.367538907722388e-06
2 123 -5.346998556851104e+02 4.104688544600416e-04 -2.342610461396272e-03
2 124 -5.335042683389324e+02 2.206842723016260e-12 8.781887072363652e+00
2 125 -5.255723888983474e+02 4.119045989653056e-04 1.599533623767610e-07
0 117 -5.240461228627410e+02 2.018157156864683e-05 1.553409077524629e-06
0 118 -5.209300000589830e+02 2.957669848199313e-17 3.552909154740581e+01
2 126 -5.204061514812580e+02 4.119818313284661e-04 5.737131066536846e-08
0 119 -5.193052001840471e+02 2.162120741490156e-05 1.664033521712496e+01
0 120 -5.111959690442999e+02 1.929900337819178e-05 1.128381784403919e+01
2 127 -5.120200994623461e+02 4.093177032075272e-04 -1.612407228476060e-03
0 121 -5.036500001058150e+02 3.058966176285475e-16 3.552913550842580e+01
2 128 -4.997086808542638e+02 4.092111245168007e-04 3.794816248357922e-08
2 129 -4.944526217566317e+02 1.527078478211225e-12 8.786228553818473e+00
0 122 -4.925029442455840e+02 1.373618316325159e-12 4.034067836925705e+01
0 123 -4.895735738710573e+02 2.018240952612468e-05 2.177763331393925e-06
2 130 -4.858299959301232e+02 1.533531756971307e-16 8.746452299748880e+00
0 124 -4.846761491860718e+02 2.415564571189992e-05 2.164287094272915e-06
2 131 -4.820500051129030e+02 1.081079223107903e-16 8.756499190777074e+00
0 125 -4.788220764460933e+02 1.646641872758738e-05 2.171458900225531e+01
2 132 -4.793499860395614e+02 6.889986618332737e-17 8.756923696448441e+00
2 133 -4.769199543848044e+02 1.039097398245312e-11 8.757097172234356e+00
0 126 -4.755649568843200e+02 2.018234353165996e-05 1.433763933915390e-06
2 134 -4.694186396863321e+02 4.121570149631641e-04 5.493002127045490e-08
0 127 -4.655800010985882e+02 1.726631421385482e-05 2.683495522048138e+01
2 135 -4.643723081006695e+02 1.667519395193179e-12 8.788899196597029e+00
2 136 -4.615238635078416e+02 4.121259219932644e-04 1.586485088141683e-07
0 128 -4.608380314466307e+02 9.664038768722278e-13 4.034060387270724e+01
2 137 -4.511425761584060e+02 4.092959681411144e-04 5.099479205056114e-08
0 129 -4.506054150421108e+02 1.740320833995826e-12 4.034061448086024e+01
0 130 -4.477599989529723e+02 1.611153440862412e-05 2.876109844472599e+01
0 131 -4.469379437148480e+02 2.012386080620782e-05 2.987168389174985e+00
2 138 -4.451071532261247e+02 4.121488343931399e-04 1.281719423317544e-07
0 132 -4.413908260319937e+02 7.625669047437592e-13 4.034071855651375e+01
2 139 -4.413472783284599e+02 4.093228617083631e-04 9.119949095089314e-08
0 133 -4.394901487613442e+02 1.376907740379919e-12 3.552952151880985e+01
0 134 -4.302249735096927e+02 1.813792040879768e-05 2.521762575238821e+01
2 140 -4.237885432223801e+02 4.093689432926910e-04 7.626744009946151e-08
0 135 -4.210354881078330e+02 2.049571348853169e-05 1.990735125836165e+01
2 141 -4.213001097789337e+02 2.567798177438585e-04 6.824550814713104e+00
0 136 -4.134804673407510e+02 2.415227730825593e-05 1.100921310469649e-06
2 142 -4.137398694675197e+02 5.267932833309160e-12 8.788839807422614e+00
2 143 -4.101767561384382e+02 4.212700991551221e-12 8.750471827184112e+00
0 137 -4.087953379683150e+02 2.415427201703078e-05 3.617780443510075e-06
0 138 -4.052503260860216e+02 2.401369481914203e-13 4.034356011203167e+01
2 144 -4.051688642852761e+02 9.013864812646641e-12 8.788664579685792e+00
2 145 -4.030062731939436e+02 4.094504257628156e-04 7.834320244908903e-08
0 139 -4.005529871057594e+02 2.018013630198333e-05 1.834227331344292e-06
0 140 -3.972695153107653e+02 1.646801617154017e-05 2.341361414061704e+01
2 146 -3.952876697248077e+02 4.122002388903116e-04 5.171175424025293e-08
0 141 -3.945699996160535e+02 3.361736293567573e-16 3.552977134622642e+01
0 142 -3.913300001098576e+02 1.917790600151762e-16 3.552977814740639e+01
0 143 -3.867399985738558e+02 2.018013948467077e-05 -9.329123764868343e-05
0 144 -3.851199986878671e+02 2.018013784523831e-05 -8.147756667438350e-05
2 147 -3.818802626756769e+02 1.693464798395161e-04 8.009137634373831e+00
0 145 -3.799748952780729e+02 1.817411574046610e-05 1.655820147464792e+01
0 146 -3.745900002237583e+02 4.463523947050908e-16 3.552985877411240e+01
2 148 -3.740500080844075e+02 3.212017643893734e-17 8.741094637500696e+00
2 149 -3.710799862239439e+02 5.884299799892667e-12 8.741025997405705e+00
0 147 -3.691732264343635e+02 1.688896032474741e-05 2.062090009349852e+01
0 148 -3.621700000985658e+02 4.032059364246746e-16 3.553035346469230e+01
2 150 -3.599542532174083e+02 4.118645652480626e-04 5.654540307442796e-08
0 149 -3.589299997254764e+02 3.192337724339942e-16 3.553033605083028e+01
2 151 -3.579158747057749e+02 4.118804606984281e-04 1.298127966236938e-07
0 150 -3.534523339291146e+02 1.525776438426720e-12 4.034316438347915e+01
0 151 -3.513700000603126e+02 4.458335992930697e-16 3.553038785982461e+01
2 152 -3.511000306428310e+02 2.451218189583679e-13 8.738087732208545e+00
2 153 -3.479618898754954e+02 4.118346269412315e-04 2.717894156430884e-08
2 154 -3.451600196690295e+02 8.583358928385408e-12 8.738541451856383e+00
0 152 -3.438029841509492e+02 2.415366397862702e-05 1.217321528343505e-06
2 155 -3.421900192467577e+02 1.189426066170384e-16 8.738490409467463e+00
0 153 -3.416499999253302e+02 1.624959891390052e-16 3.553184949392585e+01
2 156 -3.397600885363459e+02 4.119261355574673e-04 -1.432507140290347e-03
0 154 -3.376000009346295e+02 1.369449984204604e-05 2.710634216658789e+01
2 157 -3.376000053634839e+02 5.375258808295889e-12 8.737903640255238e+00
2 158 -3.335500199750057e+02 1.521600998848543e-16 8.738078603007660e+00
2 159 -3.313900270883864e+02 9.286942586094858e-17 8.737654738253415e+00
2 160 -3.270699793116746e+02 9.477644441512102e-17 8.767706093284907e+00
0 155 -3.237113412034914e+02 9.712293161008019e-13 4.034570928050404e+01
2 161 -3.216700024513038e+02 9.294437699456273e-17 8.767934316846521e+00
2 162 -3.194478737585968e+02 4.104114051793502e-04 3.741782877357178e-08
0 156 -3.180140027069066e+02 2.421676124874721e-05 1.492644338069158e-06
2 163 -3.094200388614318e+02 4.103715967884345e-04 1.368426708822045e-07
0 157 -3.060100002610626e+02 6.064167159506937e-16 3.535382535087753e+01
0 158 -3.046600001038540e+02 3.110361418601261e-13 3.535330929046125e+01
2 164 -3.049041004066193e+02 4.103897227445377e-04 1.204896571125540e-07
0 159 -3.027558188095663e+02 1.644645190402177e-05 2.169036211406584e+01
0 160 -3.008800016063667e+02 2.000031383039465e-05 5.070209916878231e+00
0 161 -2.943701336604773e+02 8.380214974487015e-13 3.535314490396147e+01
2 165 -2.928575785138145e+02 4.103178825450659e-04 1.336107315629419e-08
0 162 -2.919700000628055e+02 3.388585439640315e-16 3.535304361346620e+01
2 166 -2.910066016391859e+02 4.095304836150408e-04 9.881936448053017e-08
0 163 -2.767649870358172e+02 2.440780509589359e-05 1.991695472777378e-06
0 164 -2.752300000666692e+02 4.385385556194797e-16 3.533164846115491e+01
0 165 -2.730700001912954e+02 4.486906347096793e-16 3.533164857419727e+01
2 167 -2.723314597036129e+02 4.105253952786614e-04 1.973639371401524e-07
2 168 -2.627927024801244e+02 4.096240580083410e-04 6.050669548549508e-08
0 166 -2.595700000765912e+02 3.195497302134055e-16 3.533167665870629e+01
0 167 -2.521012815928322e+02 2.018316959118795e-05 2.227895068418988e-06
2 169 -2.474347258837896e+02 4.103222353865368e-04 1.731063111657315e-07
0 168 -2.442433405161746e+02 1.647807700101973e-12 3.533437680610036e+01
0 169 -2.406564475993839e+02 1.996672637047028e-05 5.698234491169107e+00
2 170 -2.388191141051349e+02 4.101867816463510e-04 1.506851701187190e-07
0 170 -2.366243091596830e+02 7.537834895099001e-13 4.036640784567636e+01
2 171 -2.314160850690200e+02 4.101410888737058e-04 7.197587122389741e-08
2 172 -2.217700003558540e+02 2.463174383889907e-17 8.761751207286755e+00
0 171 -2.158135681725694e+02 1.886180997923635e-05 1.363176066814694e+01
2 173 -2.158300048226472e+02 8.975708717700100e-17 8.760920155221134e+00
2 174 -2.123202942878655e+02 4.101008647094864e-04 -4.774565438220650e-03
2 175 -2.088100218646070e+02 6.532921888110763e-17 8.760866654380784e+00
0 172 -2.023299997231153e+02 3.665223121282990e-16 3.533446551599414e+01
0 173 -1.990900001749467e+02 2.467187754581879e-16 3.533452053626644e+01
0 174 -1.947700000751482e+02 3.582920342856828e-16 3.533463071788280e+01
2 176 -1.949388606037898e+02 4.103279373808644e-04 2.367336365529240e-07
2 177 -1.887785724496975e+02 4.103258769561203e-04 1.185411627788107e-07
2 178 -1.858599406462843e+02 4.106111085810999e-04 -9.607606359407317e-04
0 175 -1.844940354986044e+02 1.911879007760050e-05 1.231531908823050e+01
2 179 -1.839020327320598e+02 9.355199463951081e-13 8.801226188373594e+00
2 180 -1.804598034016643e+02 2.429896094868072e-04 7.089908532784669e+00
0 176 -1.785527977787650e+02 1.659110135357523e-05 2.134643530905698e+01
0 177 -1.727989546970780e+02 2.440309300134751e-05 3.364386263772970e-06
0 178 -1.674326641088927e+02 2.440307287867755e-05 2.511394647263966e-06
2 181 -1.648000599465416e+02 4.101553929932304e-04 -9.712129331456712e-04
0 179 -1.565994849175413e+02 1.832701326458713e-12 4.036770090028133e+01
0 180 -1.537299964997852e+02 3.427613127319512e-16 3.533467792746767e+01
2 182 -1.534600000073256e+02 3.998709365707258e-04 1.947822120137314e+00
0 181 -1.510300002230863e+02 8.089076487813779e-17 3.533613307545894e+01
2 183 -1.486001368426475e+02 9.482889300988620e-12 8.797912019685503e+00
0 182 -1.461513140545803e+02 2.018511669854552e-05 4.609353261122223e-06
2 184 -1.467100820624712e+02 1.739902912090559e-16 8.747533775293528e+00
0 183 -1.442800010790999e+02 1.726144364184750e-05 2.708614172459050e+01
0 184 -1.412406912464207e+02 2.439906533028009e-05 2.398695057048841e-06
2 185 -1.413100156197139e+02 1.076563518174629e-16 8.747066254919858e+00
0 185 -1.364500000407594e+02 4.624704491754626e-16 3.533678851858350e+01
0 186 -1.275400015320756e+02 8.448631645595468e-13 3.538535340952112e+01
0 187 -1.258611519068817e+02 2.012157396678377e-05 3.402908163212547e-06
0 188 -1.218154125043315e+02 2.012156719853295e-05 2.110966056762756e-06
0 189 -1.192140659248604e+02 2.439218648792046e-05 2.918351884978795e-06
0 190 -1.180277154884190e+02 2.012158774662147e-05 1.319481636457740e-06
0 191 -1.151536457263844e+02 1.091580750404202e-12 3.538515708978346e+01
0 192 -1.135000016969773e+02 1.071914262719661e-12 3.538516301864803e+01
0 193 -1.094500000467926e+02 2.948453954149989e-16 3.538514135265913e+01
2 186 -9.737721828230936e+01 4.098559164597498e-04 1.289149209183860e-07
2 187 -9.419357712928471e+01 4.098440662259777e-04 1.707500690683775e-07
2 188 -8.973998678368055e+01 1.824501285407770e-12 8.751233101436716e+00
0 194 -8.730999966120939e+01 1.721075463876011e-16 3.538509669150063e+01
0 195 -8.407000005433858e+01 4.060253257909204e-16 3.538508278334229e+01
0 196 -8.190999967817891e+01 2.283513756364020e-17 3.538508445640421e+01
2 189 -8.137001242337699e+01 6.948138496284990e-17 8.752269153257529e+00
0 197 -7.786670692184957e+01 1.615602083798210e-13 4.038593789817221e+01
0 198 -7.489000005322274e+01 1.728071947828682e-16 3.538506840874197e+01
0 199 -7.245999875645711e+01 1.372754398591135e-13 4.038591510863991e+01
2 190 -6.866433260467363e+01 4.105692690077260e-04 8.143834664356169e-08
0 200 -6.678999984086423e+01 1.592866814523857e-16 3.538506868802580e+01
2 191 -6.512172677505981e+01 4.097234903111472e-04 1.218937434872933e-07
2 192 -6.024646675328255e+01 9.111643385640369e-12 8.798351722522311e+00
0 201 -5.896000041851138e+01 1.974099425013586e-05 2.217872952839258e+01
2 193 -5.684692912376823e+01 4.096763870360054e-04 1.519889985333314e-07
0 202 -5.706999978029650e+01 3.270994436440127e-16 3.538511376554828e+01
0 203 -5.490999769877435e+01 2.840148538403037e-16 3.538510707976136e+01
2 194 -5.371294577720453e+01 4.096899929354808e-04 2.014478300101047e-07
0 204 -5.113000005352933e+01 3.292316720420691e-16 3.538511126196182e+01
0 205 -4.572999996933832e+01 5.209596756214615e-16 3.538632350949230e+01
2 195 -4.422989875307070e+01 3.187408501507927e-12 8.797762033206462e+00
0 206 -4.118783160978756e+01 2.012012411153464e-05 3.324468266873850e-06
0 207 -3.648396088718282e+01 2.012013100088404e-05 1.939687231959943e-06
0 208 -3.243788653603274e+01 2.012012736207546e-05 3.169422332386800e-06
2 196 -3.209842539110755e+01 4.112800296191519e-12 8.797480039619947e+00
0 209 -2.791000013369935e+01 6.423180153819998e-17 3.538628564424433e+01
2 197 -2.413001543045537e+01 1.621773130653243e-16 8.753586530009203e+00
2 198 -1.899985798486765e+01 4.097169266156035e-04 -2.301678051311984e-03
2 199 -1.386999613545158e+01 5.939395259354870e-17 8.752125891144587e+00
0 210 -1.156530340725486e+01 3.293467499693846e-13 3.538602299212121e+01
0 211 -1.062999981069445e+01 5.268553277971369e-16 3.538602255105682e+01
2 200 -1.062999781596220e+01 8.538065577912295e-17 8.752800019410959e+00
0 212 -8.470000272800183e+00 4.250204615003094e-16 3.538603192885948e+01
2 201 -7.930000701789254e+00 8.203082430934664e-05 8.576405151283948e+00
0 213 -6.310000185958366e+00 3.369556911037601e-16 3.538603544917471e+01
2 202 -5.230004198854137e+00 9.699561067041864e-17 8.752535923688649e+00
0 214 -3.070000007201354e+00 2.619813589172675e-16 3.538603519934330e+01
2 203 -2.530020676201903e+00 1.369779511888262e-16 8.752145509344786e+00
0 215 1.519998903912849e+00 1.223431996198786e-05 2.901000987170227e+01
0 216 2.257116720666114e+00 2.436888793808153e-05 1.271669178845382e-06
0 217 4.220000981747220e+00 4.576806230393731e-13 4.038658260862265e+01
2 204 5.554372301309566e+00 4.096709904244487e-04 1.023350835916513e-07
0 218 7.186288762899046e+00 1.345445629078373e-05 3.023544462876984e+01
0 219 9.363679689486085e+00 1.814318381972112e-05 2.546379438843928e+01
2 205 1.312995449054057e+01 6.291689423363430e-17 8.749035295491062e+00
0 220 1.359530991932320e+01 2.010939220707195e-05 3.080280967181348e-06
0 221 1.471767639424989e+01 2.436889306370299e-05 1.925317088911328e-06
0 222 1.799073744267734e+01 1.583110851845453e-05 2.505355564083824e+01
0 223 1.911668728305686e+01 6.518963515828260e-13 4.038677113300452e+01
2 206 1.890264288430608e+01 4.098076075120994e-04 3.050282170127972e-08
0 224 2.232687203571962e+01 1.614881384781821e-05 2.232298182997798e+01
2 207 2.244913586003600e+01 4.097856845749487e-04 5.778641432781742e-08
0 225 2.556143110212473e+01 2.010937642022669e-05 3.329442131090156e-06
0 226 3.636416595486904e+01 1.959026869997467e-05 8.765395751388178e+00
2 208 3.780959668499107e+01 4.097904287350083e-04 1.430347065640118e-07
0 227 4.284461745210008e+01 1.967590976574504e-05 8.031216835533048e+00
2 209 5.311661631477897e+01 4.097105458923287e-04 1.644404314065796e-07
0 228 5.606710861316937e+01 2.436852347624819e-05 7.473972600277598e-07
0 229 5.792649093190715e+01 4.492800640532372e-13 4.038681481545791e+01
0 230 6.387329233989546e+01 2.436851854254647e-05 2.662859344329549e-06
0 231 6.764720983324383e+01 2.436851308019746e-05 2.396772370075355e-06
2 210 6.820989886860902e+01 2.916081619859933e-04 6.177166156312169e+00
0 232 7.049861274114255e+01 1.725356621067176e-12 4.038681518007055e+01
0 233 7.181529588852662e+01 7.295931796728523e-13 4.038691760775642e+01
0 234 7.414999983807019e+01 3.403713348319774e-16 3.541240192783610e+01
0 235 7.576999989899313e+01 3.124239484370464e-16 3.541238859697078e+01
2 211 7.506617399068151e+01 4.110074394111702e-04 9.526956377392693e-08
2 212 7.917000431510742e+01 4.097036520975765e-04 6.736488885982848e-08
2 213 8.170998576917260e+01 1.160709333675603e-16 8.746097031670397e+00
0 236 8.261803319611097e+01 1.015063694727696e-12 4.038702086491670e+01
2 214 8.478776602665782e+01 7.265432741706090e-12 8.746123481128897e+00
0 237 8.656999980876886e+01 4.331667825412033e-16 3.541242879029059e+01
2 215 8.666457372884226e+01 4.096472920389819e-04 6.323539924425369e-08
0 238 8.888586636292654e+01 2.436820993729868e-05 2.750479580182831e-06
2 216 9.332030286594407e+01 6.807450490816259e-12 8.798333970870848e+00
0 239 9.506846031017506e+01 9.078340601181037e-13 4.038707213890924e+01
2 217 9.665951149348653e+01 4.112125274570725e-04 1.729773799787892e-07
0 240 9.808284257034580e+01 1.242271461005004e-12 3.541238386869376e+01
2 218 1.002393520232464e+02 4.096616507224837e-04 5.542345102031818e-08
0 241 1.008799996050658e+02 2.436804348175105e-05 2.707068093569876e-05
0 242 1.023919167515730e+02 2.436806657804311e-05 1.816702964461054e-06
0 243 1.039995286649560e+02 1.205896131385474e-12 3.541239960769691e+01
2 219 1.031123995340345e+02 1.380224420468869e-12 8.744442268663535e+00
0 244 1.056387207162343e+02 2.083278781170550e-12 3.541239791374588e+01
0 245 1.097899998139605e+02 4.708595685960239e-16 3.541241141992958e+01
2 220 1.146499968625912e+02 1.271909567736871e-16 8.743976510548325e+00
2 221 1.187003352976029e+02 9.573264030192400e-12 8.802194008837640e+00
0 246 1.216238396059967e+02 2.437521167147351e-05 2.253147013515021e-06
2 222 1.216693155575366e+02 3.952178210053693e-04 2.299067417450832e+00
0 247 1.286900002523749e+02 3.185854561757904e-16 3.540692130187028e+01
2 223 1.308499980503935e+02 3.888214397495218e-17 8.742673089707683e+00
0 248 1.305800013116552e+02 2.604772857452471e-13 4.039857526515303e+01
0 249 1.346300003307598e+02 5.206326615743476e-16 3.540693534236102e+01
2 224 1.362500071778349e+02 9.700876786454617e-17 8.742638671725580e+00
0 250 1.378700001052503e+02 3.023205187985586e-16 3.540692346177995e+01
0 251 1.405716273177063e+02 1.505539187792890e-05 2.694576606811648e+01
2 225 1.413801809358624e+02 2.464795865555925e-04 7.027296773235267e+00
0 252 1.423090716574584e+02 2.437515802505974e-05 4.796133877154886e-07
0 253 1.438100003190544e+02 3.044235062390735e-16 3.540690599154552e+01
2 226 1.446200475846184e+02 4.094858678042315e-04 -7.703209510639095e-04
0 254 1.473332409291239e+02 2.009955993589711e-05 4.310214136659669e-06
0 255 1.514474938148797e+02 2.009955978635615e-05 3.707912431213347e-06
2 227 1.522585989385579e+02 4.113251055831341e-04 4.816970224297449e-08
0 256 1.548724096766113e+02 2.009956571780460e-05 4.251153171294745e-06
2 228 1.580627932917511e+02 4.095297006733503e-04 1.739479137659916e-07
2 229 1.614487200635562e+02 2.046888691046114e-12 8.743141098046175e+00
0 257 1.762099999000288e+02 1.821349502691031e-16 3.540088037668195e+01
0 258 1.802599991073037e+02 1.394179229085332e-05 2.659393398280424e+01
0 259 1.816100003509559e+02 3.236657627338182e-16 3.540094725612027e+01
0 260 1.875499998537842e+02 3.154779838036933e-16 3.540101949343982e+01
2 230 1.880901019182324e+02 2.992017409249391e-04 6.005752059148025e+00
0 261 1.888999986720504e+02 1.194869815872572e-05 2.936388071638423e+01
2 231 1.903912795883192e+02 7.534456347689049e-12 8.800322083098772e+00
2 232 1.917697061895109e+02 4.094469415919428e-04 1.423041357536470e-07
0 262 1.927701436109280e+02 2.437490420537685e-05 1.210971009410046e-06
2 233 1.952549703313495e+02 8.347008050707329e-12 8.801036824568220e+00
0 263 1.969999964100466e+02 2.010493489670978e-05 -2.346316289944975e-04
2 234 1.997001036483973e+02 4.094965046263077e-04 -1.678204100643325e-03
0 264 2.021299997401180e+02 2.063189620939342e-16 3.540347649052178e+01
2 235 2.029401870143369e+02 2.071028297614264e-04 7.592080418635130e+00
2 236 2.049724875942588e+02 2.479913642962261e-12 8.800832494489443e+00
0 265 2.069900000175134e+02 4.779845164731989e-16 3.540346617305194e+01
2 237 2.113100126816353e+02 1.070091549001186e-16 8.740990608792576e+00
0 266 2.145474897423029e+02 1.013551089706722e-05 3.198534720778415e+01
0 267 2.167240255773850e+02 1.971082698116250e-05 7.661546432462160e+00
2 238 2.167100193640151e+02 1.196902799968543e-16 8.741960086954306e+00
2 239 2.207600910548347e+02 2.863550847026345e-04 6.258418490767568e+00
0 268 2.237299913148128e+02 3.441606863888357e-16 3.540432704921502e+01
2 240 2.253499964152025e+02 6.623728049102891e-17 8.741926596844259e+00
0 269 2.259038325960596e+02 1.993863252947073e-05 5.021457089886021e+00
0 270 2.298220936474391e+02 1.447076326773959e-12 3.540399374369093e+01
0 271 2.339749000810099e+02 1.887744451715266e-05 2.402314725592295e+01
2 241 2.345299943496269e+02 7.197715728268843e-17 8.742600250004267e+00
0 272 2.368627930514273e+02 2.060851930442324e-12 3.540399345048935e+01
0 273 2.399647730809658e+02 2.010482153461790e-05 2.803194127294272e-07
0 274 2.437100003276331e+02 2.074197894803748e-16 3.540394413221402e+01
0 275 2.458699998267695e+02 2.698745314763016e-16 3.540393136357468e+01
2 242 2.469500054184023e+02 9.339004747276175e-17 8.741595751624036e+00
0 276 2.496374396149609e+02 1.761539063018747e-05 2.644493319193890e+01
0 277 2.558507845355356e+02 6.321295053618692e-13 4.039738782895108e+01
2 243 2.601627298824889e+02 4.084557747415280e-04 4.302164951943311e-08
0 278 2.612124724800802e+02 8.180076175339911e-13 3.540389790478005e+01
2 244 2.645446812933568e+02 4.106849286682004e-04 7.376639304669109e-08
0 279 2.658642028809141e+02 1.912572748111607e-05 1.188558229829590e+01
2 245 2.681931176282035e+02 4.084157551327141e-04 5.269315426672789e-08
0 280 2.690899978206791e+02 1.609930796252401e-16 3.540388728937775e+01
0 281 2.711531299007988e+02 2.010508116417744e-05 2.009714329678414e-06
2 246 2.708429702739851e+02 7.998219443675157e-12 8.788661754113756e+00
2 247 2.751494842218606e+02 7.975980349550002e-12 8.788862746739168e+00
0 282 2.806999994771285e+02 2.009291662662281e-05 3.679491098599038e-05
0 283 2.820499999210065e+02 1.676375777126475e-16 3.555351981981549e+01
0 284 2.836700002666846e+02 2.448355494608693e-16 3.555351639080177e+01
0 285 2.858429843418755e+02 1.232424007013580e-05 2.898611164077264e+01
0 286 2.864619234303934e+02 1.248719362038958e-12 4.038233094837818e+01
0 287 2.893400004733815e+02 1.071770431192030e-05 3.081338462567838e+01
0 288 2.917699998808489e+02 4.468098204318706e-16 3.555350364535880e+01
2 248 2.950097526106479e+02 2.477110791093162e-04 6.990277179081088e+00
0 289 2.966449534371365e+02 1.256815483110099e-05 2.866967508743781e+01
0 290 2.982500001610744e+02 2.313688625515616e-16 3.555349795524291e+01
2 249 2.998166591264660e+02 4.085082779639651e-04 6.820518326917394e-08
0 291 3.020300001142970e+02 1.385067322669240e-16 3.555350676258077e+01
2 250 3.039200949735171e+02 4.084431787034643e-04 1.543637296699747e-03
2 251 3.058099929015552e+02 9.473540782671008e-17 8.776497850426926e+00
0 292 3.074299999338271e+02 3.927564909753122e-16 3.555351505398865e+01
0 293 3.109266854250929e+02 2.009296529316652e-05 1.424282326660588e-06
2 252 3.179599855540435e+02 7.105094711082728e-12 8.778021652024538e+00
0 294 3.252500001188979e+02 2.805895990312397e-16 3.555347558650232e+01
0 295 3.306500000369968e+02 1.851685926152824e-16 3.555347398906601e+01
0 296 3.336199958179303e+02 2.009309029263660e-05 -2.712453287060391e-04
2 253 3.347000133763307e+02 8.867787261074069e-12 8.780440085582063e+00
0 297 3.382100000644451e+02 3.663773103095499e-16 3.555345682884892e+01
2 254 3.389632067104169e+02 3.016468026340279e-12 8.780336489528782e+00
0 298 3.403700003312610e+02 2.305283681778406e-16 3.555346517397112e+01
0 299 3.438799997635831e+02 2.399623598378281e-12 3.555347953326829e+01
2 255 3.482000495286786e+02 3.023103486820515e-04 5.907909463946714e+00
0 300 3.517248393708174e+02 1.769962058729418e-05 1.799703414002729e+01
2 256 3.544103104038688e+02 2.764252592616190e-04 6.468594206837278e+00
0 301 3.544100002537673e+02 5.826489982149854e-16 3.555347632585339e+01
0 302 3.565831726295747e+02 1.765927104320643e-05 1.813181871317170e+01
2 257 3.571564555621061e+02 3.786250104974596e-12 8.782358015417914e+00
0 303 3.587299997578361e+02 2.888838462609433e-16 3.555347158242005e+01
0 304 3.593478679444447e+02 2.304035337008122e-12 4.038239981479334e+01
0 305 3.619700002185628e+02 3.373844273603792e-16 3.555346995156460e+01
2 258 3.627800005075039e+02 1.929828981519375e-04 7.741898668775703e+00
0 306 3.641300003503634e+02 1.970294633319446e-16 3.555346829388295e+01
2 259 3.640791618310402e+02 5.656457928820996e-12 8.781501252041897e+00
0 307 3.663032883201544e+02 1.847948780089191e-05 1.504351191183778e+01
2 260 3.664398000808536e+02 9.010453886513927e-12 8.781446900344955e+00
0 308 3.690068773651783e+02 1.582902089440219e-05 2.307587179278025e+01
2 261 3.687201368639415e+02 4.081371424768901e-04 2.225875401427195e-03
0 309 3.714954222861066e+02 2.009292621883305e-05 4.675465181037761e-06
2 262 3.776389378143211e+02 7.060031314394161e-12 8.781995459269497e+00
0 310 3.998537176300302e+02 1.393225076657317e-12 4.038239914023026e+01
0 311 4.019432891287394e+02 1.804055701066424e-05 2.545772616983793e+01
0 312 4.057219571584932e+02 1.700147002555925e-05 2.733996251949232e+01
0 313 4.093727542144389e+02 2.419253460410270e-05 2.404082414237461e-06
0 314 4.112052332693970e+02 7.495028140928934e-13 4.038241661078520e+01
2 263 4.121899887730278e+02 1.054795704286187e-16 8.787337414395923e+00
0 315 4.134114395541646e+02 8.912952013579601e-14 4.038241999665223e+01
0 316 4.155368444698311e+02 8.605286691598145e-13 4.038242611388970e+01
0 317 4.178600038957558e+02 1.011948135715181e-12 4.038238795768986e+01
0 318 4.225405333897107e+02 2.419253396934612e-05 1.105990813952694e-06
2 264 4.219506796531321e+02 4.080266927628839e-04 1.295609236689048e-07
0 319 4.256380705141335e+02 7.262467919721476e-13 3.555352661784675e+01
0 320 4.296056915511835e+02 6.175507702765828e-13 4.038240325059117e+01
0 321 4.319330041527463e+02 2.419255018683947e-05 3.855028099718710e-06
0 322 4.343230181828216e+02 1.020489990142354e-05 3.499879102516066e+01
2 265 4.345999009440164e+02 3.242012183286707e-04 5.342229996428703e+00
0 323 4.353314924395420e+02 2.009291503604380e-05 3.064193038432912e-06
0 324 4.362199995885474e+02 2.419257030556094e-05 -2.345257417668557e-05
2 266 4.364899794230744e+02 1.526419326021736e-16 8.786588406982741e+00
0 325 4.384730931572751e+02 2.419254225904048e-05 7.511739402879097e-07
2 267 4.392277858327348e+02 4.080610390899376e-04 8.600486330762504e-08
2 268 4.424299313780236e+02 3.933686588992637e-04 2.343993101781329e+00
0 326 4.491800012502673e+02 2.009287451850074e-05 8.520195396333594e-05
2 269 4.491802918477517e+02 8.524681882717124e-12 8.777106112632508e+00
0 327 4.513400018643368e+02 2.419264092017095e-05 -1.224307913272003e-04
0 328 4.537334581290584e+02 2.009290520718300e-05 2.365288279265120e-06
2 270 4.529603072343409e+02 4.396107785573807e-12 8.777705833218990e+00
0 329 4.571509710766044e+02 2.419245257557993e-05 3.033428972989207e-06
0 330 4.587402990808895e+02 2.419245188298742e-05 3.827640667256941e-06
0 331 4.603664128463014e+02 2.419245649888995e-05 8.777676412728992e-07
2 271 4.603784741237410e+02 6.125632329616513e-12 8.775477581752947e+00
0 332 4.618699999774559e+02 2.022655280879235e-16 3.555346614951044e+01
0 333 4.642480003231015e+02 2.419245922697615e-05 1.573743373294631e-06
0 334 4.642999962610239e+02 2.009302376654546e-05 -2.460279074835063e-04
0 335 4.672558245079630e+02 1.673212358116122e-05 2.779577290851616e+01
0 336 4.688901055169510e+02 1.614615045228063e-05 2.416577326976154e+01
0 337 4.732100002188804e+02 4.706054514186834e-16 3.555347421259096e+01
0 338 4.755923471720230e+02 2.419245563752243e-05 1.312259859438192e-06
0 339 4.760348603518968e+02 2.009288483684130e-05 2.291272650047588e-06
0 340 4.780708601105044e+02 2.394152607413452e-05 5.230974613010934e+00
2 272 4.796787711170317e+02 4.029584722798841e-12 8.790916123135394e+00
0 341 4.823900001713888e+02 2.874348591433280e-16 3.555291575244229e+01
2 273 4.833000604776935e+02 4.081022168308171e-04 1.359300199164475e-07
0 342 4.850900003952045e+02 1.129703496883943e-16 3.555291313739137e+01
2 274 4.954128530622784e+02 6.631847270910951e-12 8.792047206267991e+00
0 343 4.985900000177957e+02 2.609416131752915e-16 3.555253815307393e+01
2 275 4.987519726691094e+02 3.525182688201503e-12 8.770959740917643e+00
2 276 5.028501954191293e+02 7.173744516621091e-12 8.792935842638869e+00
2 277 5.084182049349657e+02 4.080560462312730e-04 1.205334916967017e-07
2 278 5.110099759766741e+02 1.018602886716100e-16 8.794257704159309e+00
2 279 5.126300024103598e+02 6.687126613241799e-05 8.675951240873689e+00
0 344 5.233842732820214e+02 2.419448779219925e-05 2.460363278414631e-06
2 280 5.259979579089005e+02 5.905883004201777e-12 8.794114616365123e+00
0 345 5.288794955051555e+02 2.419446993701476e-05 6.724160374726702e-07
0 346 5.326099999390028e+02 2.082303476265665e-16 3.554952255134122e+01
2 281 5.360918698012406e+02 4.078159804353231e-04 7.718082636829491e-08
0 347 5.378389125585248e+02 2.419445425399383e-05 3.720197314776146e-07
0 348 5.400280936985540e+02 2.009273920860742e-05 4.482338700049526e-06
0 349 5.419014904665989e+02 8.164814827045663e-13 4.038545390464697e+01
0 350 5.461743307895977e+02 1.995464267969220e-05 6.931513488590187e-07
0 351 5.492507573174394e+02 1.995463882056037e-05 1.103605989923423e-06
0 352 5.541134094719195e+02 1.995465790931593e-05 2.170326993640052e-06
0 353 5.564113608407140e+02 1.995465730731510e-05 2.442301644630864e-06
0 354 5.587087229752549e+02 1.995465210913742e-05 1.778064765406270e-06
2 282 5.606648036343214e+02 1.206949417599325e-12 8.793534526769815e+00
0 355 5.628393164642339e+02 1.127194589249508e-05 3.086328223787678e+01
0 356 5.644595796683732e+02 1.587132427828768e-05 2.314210691733860e+01
0 357 5.677099997785806e+02 2.529788801532737e-16 3.659745434161634e+01
0 358 5.693299999995440e+02 3.466651740687055e-16 3.659744872131191e+01
0 359 5.768900001105508e+02 2.807296553335452e-16 3.659672450562355e+01
2 283 5.787799027967990e+02 3.524878449948165e-04 4.571951902865240e+00
0 360 5.790500000078464e+02 1.118456155137853e-16 3.659673034973701e+01
0 361 5.817499999973639e+02 1.260224093645159e-16 3.659673775346199e+01
2 284 5.814801108612281e+02 4.095008571951323e-04 1.792648303297623e-03
0 362 5.844500003366273e+02 1.106643218568157e-16 3.659673808464830e+01
0 363 5.887700002736693e+02 2.710179130507837e-16 3.659649811815380e+01
2 285 5.898654964271176e+02 3.074161236553349e-12 8.794277507903240e+00
0 364 5.920100001264832e+02 1.654085882544081e-16 3.659649915699143e+01
0 365 5.952499998385470e+02 5.675691557124540e-16 3.659649973089912e+01
2 286 5.965248174167745e+02 4.093843453414348e-04 1.043399182716791e-07
0 366 5.984900002560644e+02 3.051409178234607e-16 3.659648824382655e+01
2 287 6.011899748638685e+02 6.831134831626953e-17 8.730043913028215e+00
2 288 6.026129571726035e+02 4.133203641897706e-04 2.336119087080239e-07
0 367 6.033500003133759e+02 5.064889333005039e-16 3.659649434867001e+01
2 289 6.055273688678475e+02 5.453798379236686e-12 8.795179344591187e+00
2 290 6.095600827250929e+02 6.541208591434077e-12 8.794878548384579e+00
2 291 6.128000567832328e+02 8.384640634095328e-12 8.794798941669542e+00
0 368 6.154632522011633e+02 2.619737483492929e-12 3.659772093757770e+01
2 292 6.151355601788630e+02 7.691049808998652e-12 8.794574537277256e+00
0 369 6.211701281438121e+02 1.669729699401670e-05 2.213347999805734e+01
0 370 6.238612728117680e+02 1.459688676757262e-05 2.586173722056783e+01
2 293 6.267262337821688e+02 3.310400948754169e-12 8.795838702140456e+00
0 371 6.310057663514181e+02 6.121345445629777e-13 4.014644313134499e+01
0 372 6.341300003653648e+02 6.011222684055797e-16 3.627532224256427e+01
0 373 6.384462108446952e+02 1.848625749130563e-05 1.575261134674201e+01
0 374 6.398768703978139e+02 2.325078642858109e-05 3.474730467655194e-06
0 375 6.426634030067529e+02 2.325078877188972e-05 2.105235438261673e-06
0 376 6.457400010680379e+02 2.465757451892831e-12 4.014658052317615e+01
2 294 6.479001385024700e+02 4.096474800275594e-04 -2.237591254407829e-03
0 377 6.524996037346194e+02 2.022356952631663e-05 2.661674011483675e+00
2 295 6.584299908348763e+02 8.293936890725952e-17 8.723745939816014e+00
0 378 6.622099997614442e+02 2.536927940635715e-16 3.627557428308490e+01
2 296 6.618604423450506e+02 4.093673986136039e-04 1.917686307215112e-07
0 379 6.656585128185558e+02 1.427756099838302e-12 3.627554884788393e+01
2 297 6.661611801885928e+02 4.092338246289068e-04 5.623629563441575e-08
2 298 6.701217895039424e+02 4.134401341736714e-04 4.539515083593644e-08
0 380 6.716600011421046e+02 2.363441635867107e-13 4.014664475033762e+01
0 381 6.735499997715877e+02 2.033581861351381e-16 3.627548102695519e+01
0 382 6.756071969962120e+02 2.325077226836195e-05 1.531245580072330e-06
2 299 6.756429883043261e+02 4.134147957045676e-04 1.127215901428094e-07
0 383 6.805686902770574e+02 1.723950419368502e-05 2.114729080827259e+01
0 384 6.832858826324001e+02 2.027026917012984e-05 4.250504486088399e-06
0 385 6.859699999993791e+02 6.019088124308152e-16 3.627636485469391e+01
2 300 6.929908899882037e+02 3.874103374948988e-04 2.833239987992527e+00
2 301 7.046651935065950e+02 4.093548025787469e-04 1.188750081966813e-07
0 386 7.064899999736837e+02 3.306003746803319e-16 3.627686950980704e+01
2 302 7.086499911558803e+02 1.151941857134517e-16 8.725501238039824e+00
0 387 7.113628714012788e+02 2.027964012745905e-05 2.731070011669275e-06
2 303 7.129708106312103e+02 2.546170217297104e-04 6.845964493734146e+00
2 304 7.148603000096183e+02 4.137156978903708e-04 -4.847104576092404e-03
0 388 7.156699999809717e+02 2.778860864941971e-16 3.627154924293631e+01
2 305 7.172899960792844e+02 1.469090400166292e-16 8.724640912665064e+00
0 389 7.181288365807490e+02 5.431342658032554e-13 3.627153981951482e+01
2 306 7.189100213080616e+02 8.773654729040636e-17 8.724578826936691e+00
0 390 7.221499998837606e+02 2.552989522560561e-16 3.627152351814954e+01
0 391 7.253899997185900e+02 3.304209365065733e-16 3.627155781615465e+01
0 392 7.275500001223752e+02 3.810564608290637e-16 3.627155491379404e+01
0 393 7.307900000226690e+02 3.754592203918446e-16 3.627158793266000e+01
0 394 7.338147565947850e+02 2.325357161162947e-05 7.501243926070666e-07
2 307 7.378100012737224e+02 1.424810739661163e-16 8.730980366620129e+00
0 395 7.408853182335649e+02 1.494451101674701e-12 3.642189047431648e+01
0 396 7.437492457360393e+02 1.739150768163151e-05 2.559201746194849e+01
0 397 7.480699997383591e+02 5.424620808403669e-16 3.642060358590860e+01
0 398 7.523899997139446e+02 4.554400193644414e-16 3.642038570092239e+01
0 399 7.540099998103500e+02 3.671438856921047e-16 3.642039573023617e+01
2 308 7.572500062830654e+02 1.540716643716063e-16 8.735386707249209e+00
1 85 7.639999809529371e+02 4.896269392104288e-05 -3.168980754698422e-03
2 309 7.637300104435227e+02 9.125534839255436e-17 8.735347034788649e+00
0 400 7.651654796484133e+02 4.252765933234753e-13 4.029583915021190e+01
0 401 7.664176904211848e+02 1.945104632754872e-05 9.530263173402668e+00
0 402 7.667535279249507e+02 7.170830990654699e-13 3.626489868322527e+01
2 310 7.702100097196696e+02 1.016311162188296e-16 8.734568387233374e+00
0 403 7.712899999682091e+02 2.363543853746987e-16 3.626602278962776e+01
0 404 7.736906263451872e+02 1.935899095116954e-12 4.029489546611460e+01
0 405 7.745316400237366e+02 5.336051619278699e-06 3.515314893299566e+01
0 406 7.756099999629532e+02 2.293185373466774e-16 3.626707336523697e+01
2 311 7.758801096042984e+02 4.091128102201721e-04 -1.772777485729355e-03
2 312 7.804699996446657e+02 1.015625811056857e-16 8.734708534674537e+00
0 407 7.833098066882723e+02 2.335690406080938e-05 1.833182277125764e-06
0 408 7.845199996564414e+02 2.335692198911966e-05 -2.169483597531285e-05
0 409 7.860998691857205e+02 2.335688628715317e-05 1.812567861465730e-06
0 410 7.871006463584092e+02 2.335682516954925e-05 1.603467407635665e-06
2 313 7.885700081615298e+02 1.021750322607508e-16 8.734825488630785e+00
0 411 7.918096228519876e+02 1.920293822213112e-05 1.162137666781984e+01
0 412 7.941260313051735e+02 1.397226682200843e-13 4.028586530390146e+01
2 314 7.958601103707355e+02 4.090684347163369e-04 -1.785087370546334e-03
2 315 8.018001242781760e+02 4.090670800255938e-04 -2.010173989248039e-03
0 413 8.069261282407882e+02 2.016863119329733e-12 4.017890197018699e+01
0 414 8.074700002781360e+02 4.030421433086581e-16 3.652375646091097e+01
2 316 8.099001157745265e+02 4.090717777876742e-04 -1.872555217692254e-03
0 415 8.110714261923437e+02 1.795655309022679e-12 4.000677107966627e+01
0 416 8.134052300176850e+02 1.623283144234408e-05 2.243330030541385e+01
2 317 8.171899911736524e+02 1.111664280300616e-16 8.733949256486101e+00
0 417 8.231319462496812e+02 1.457945710115782e-05 2.769950259774099e+01
0 418 8.242099997727561e+02 3.398642608096018e-16 3.655652142981376e+01
2 318 8.242100147568074e+02 8.011642084585741e-18 8.733596741822511e+00
0 419 8.296099997983985e+02 4.971764351213074e-16 3.655614253681225e+01
2 319 8.325800820841157e+02 4.090838872896497e-04 -1.327593708408050e-03
0 420 8.350099999025736e+02 1.340216892797160e-16 3.655702082193299e+01
0 421 8.366399522951871e+02 1.380627535130550e-05 2.737052247105382e+01
0 422 8.379311515644466e+02 2.006687758358202e-05 1.466073993198260e-06
2 320 8.398700169537367e+02 8.570463425562948e-17 8.734171725657006e+00
2 321 8.452699989525448e+02 5.666981158842622e-17 8.734085418952937e+00
0 423 8.458099978943058e+02 5.142772809834799e-16 3.655593526586382e+01
0 424 8.474342007146852e+02 1.373747379798716e-05 2.938574484970234e+01
0 425 8.496225156511560e+02 3.843069424150986e-13 4.000081693652743e+01
2 322 8.512100087264788e+02 8.627974704727188e-17 8.734312752879084e+00
0 426 8.577450091343004e+02 2.006627339228795e-05 1.968008622969507e-06
2 323 8.574200922458683e+02 4.091184135534301e-04 -1.491988217456680e-03
2 324 8.630900201431252e+02 8.341894309818990e-17 8.735392718013559e+00
2 325 8.674099835414287e+02 1.477247724494165e-17 8.735399471118162e+00
0 427 8.674047732600167e+02 2.007385500090339e-05 4.659499429972569e-06
2 326 8.740058406544117e+02 1.610750668891310e-12 8.735135694814760e+00
0 428 8.758870311939964e+02 2.328142863983664e-05 2.771187519944660e-06
0 429 8.774000009564686e+02 1.147833155787180e-05 3.254214591863013e+01
2 327 8.817200874476840e+02 4.091570031607102e-04 -1.414343899137000e-03
0 430 8.834756550103695e+02 1.832552344445164e-12 3.742234787557715e+01
2 328 8.895500045069947e+02 8.510239466030899e-17 8.735270202626676e+00
0 431 8.923672111386035e+02 6.056203379777688e-13 3.993253684734076e+01
2 329 8.956477834733718e+02 6.711276324492848e-12 8.734944172892568e+00
0 432 8.976786563399098e+02 1.472767253235786e-12 3.763568383314101e+01
0 433 8.995400016815238e+02 1.636198292425508e-05 2.089669320913170e+01
0 434 9.010899639762014e+02 1.178165104569826e-12 4.008370610360841e+01
2 330 9.033200976732394e+02 4.091464158930373e-04 -1.579769132149665e-03
2 331 9.076401226116792e+02 4.091584125348870e-04 -1.983263937480515e-03
0 435 9.079443361286120e+02 1.212198895573846e-12 3.762643539879371e+01
2 332 9.120196163718689e+02 4.091054999299969e-04 4.536973459520364e-08
0 436 9.160099997206137e+02 2.381223534036543e-17 3.757140849227451e+01
0 437 9.178102021291267e+02 1.044063250262432e-12 4.023306165025270e+01
2 333 9.169428626857042e+02 3.660740449952261e-12 8.735022158852905e+00
0 438 9.187132103907240e+02 1.871335626425365e-05 6.195897057354784e+00
2 334 9.224899821097700e+02 9.126674713571451e-17 8.735062722505671e+00
0 439 9.247788123000113e+02 1.893120461238933e-05 6.392380995113894e-07
2 335 9.276203081636835e+02 4.966900767260322e-12 8.792031808285072e+00
2 336 9.327499769601625e+02 7.123483603018049e-17 8.734525154338728e+00
2 337 9.365299827183833e+02 1.235918286033200e-16 8.734268934420285e+00
2 338 9.400403071034190e+02 2.588197746417342e-12 8.792125223953066e+00
2 339 9.438201229736118e+02 4.092107896064198e-04 -1.989062966008599e-03
0 440 9.451699505932544e+02 1.849247119396460e-05 6.194949240856205e+00
2 340 9.473300195701378e+02 7.151788992612714e-17 8.734695584885504e+00
0 441 9.481400012956493e+02 1.873094872090907e-05 9.252261151195999e-05
0 442 9.496013667142387e+02 2.662129775976906e-13 4.004993821782821e+01
2 341 9.503501295487958e+02 5.875427658663457e-12 8.791679711508595e+00
2 342 9.551601069295129e+02 3.506572574029418e-04 4.533043460995074e+00
0 443 9.580243290763646e+02 6.519825170993618e-13 3.795157297604842e+01
0 444 9.605600007223920e+02 1.615792388563219e-05 2.669645352614520e+01
2 343 9.620645639318411e+02 4.133800979384896e-04 3.743634106664998e-08
0 445 9.644087698177581e+02 2.936031504563017e-13 3.803585059287789e+01
0 446 9.660504295106945e+02 1.874869602748414e-05 8.282682100014112e-07
2 344 9.692000540341163e+02 6.445261375087445e-12 8.735128621626641e+00
2 345 9.721700005440844e+02 2.920724298614952e-04 6.131678713646620e+00
1 86 9.732499998257624e+02 8.426239709470902e-17 8.348007194081221e+01
0 447 9.752832042436501e+02 2.329800273331195e-05 2.785550935463552e-06
0 448 9.818899998535510e+02 2.722268815872821e-16 3.797771336254979e+01
0 449 9.840452179373519e+02 1.093985910591749e-05 3.460671103100165e+01
0 450 9.875596684219424e+02 1.870090051924477e-05 8.707421727224692e-07
2 346 9.912255570495344e+02 4.090947228850079e-04 1.037876829438635e-07
0 451 9.956199317156202e+02 1.386366161026875e-12 3.797584596862812e+01
0 452 9.986541474614148e+02 1.827620129930789e-12 3.797590012961778e+01
0 453 1.003330713279359e+03 7.468810827714747e-13 3.797409256925788e+01
0 454 1.005109999956929e+03 4.386436377293577e-16 3.797407699529470e+01
0 455 1.006310085578850e+03 1.864058733645391e-12 4.006741583232932e+01
0 456 1.007685290332035e+03 1.870094563267754e-05 3.645892549085744e-06
0 457 1.011051638059593e+03 1.766880215070471e-05 1.352306723890825e+01
2 347 1.012745456217093e+03 4.091153947121534e-04 7.663283687707969e-08
0 458 1.016455989343919e+03 9.997016362221298e-13 3.797692269698403e+01
2 348 1.018070378343769e+03 3.438982296519238e-12 8.734131028721368e+00
0 459 1.020769999893254e+03 1.825814069407684e-16 4.034881640092092e+01
0 460 1.024440505942034e+03 4.707453670635255e-13 4.034886086184404e+01
0 461 1.028235894909480e+03 6.193835851858222e-13 4.034885515833044e+01
2 349 1.038589168517092e+03 2.973811264111447e-04 6.092709113253293e+00
2 350 1.039669973889460e+03 9.153970653174562e-17 8.735496131512953e+00
2 351 1.051748794701441e+03 4.088005965802503e-04 5.696745034852147e-08
2 352 1.053709983313414e+03 1.313919517094873e-16 8.739845313910948e+00
2 353 1.055330120387265e+03 5.143053041508984e-17 8.739786514819444e+00
0 462 1.063402293037362e+03 1.656003666007035e-05 2.460512199114274e-06
0 463 1.070651661924521e+03 6.092634495299346e-13 4.048273703897888e+01
2 354 1.070450003698546e+03 4.371353365415138e-17 8.739891923104640e+00
0 464 1.071836597696518e+03 1.613887997962609e-13 4.035296801240354e+01
0 465 1.076409925909355e+03 1.656015808781045e-05 8.621338947526553e-07
2 355 1.077470016187941e+03 6.428574935405756e-17 8.739475667892597e+00
0 466 1.080058745413220e+03 1.384961951207734e-12 4.035298294335689e+01
2 356 1.081519927756584e+03 4.086743741332902e-04 1.169403423598210e-03
0 467 1.086110000098215e+03 6.819399014985997e-16 4.035325750693654e+01
2 357 1.086705650109927e+03 4.086988066155239e-04 5.907679466669053e-08
0 468 1.090969999984642e+03 4.875708155543673e-16 4.035326263285849e+01
2 358 1.091318589991987e+03 5.072323935683829e-12 8.741871245325969e+00
0 469 1.094210000141841e+03 9.167987103961021e-16 4.035325623022742e+01
0 470 1.102039998938541e+03 1.103876459572190e-12 4.035328911254207e+01
2 359 1.100960053581692e+03 2.812893287023949e-12 8.743461509132290e+00
2 360 1.104200317953300e+03 2.915768086048992e-12 8.789218703089960e+00
2 361 1.107170007327972e+03 1.533061679316772e-16 8.743403958581728e+00
0 471 1.108790000300490e+03 2.600512490021636e-16 4.035508773860397e+01
2 362 1.109067855987258e+03 4.084643519796162e-04 1.790126348027397e-07
0 472 1.111760000500367e+03 1.655762791771705e-05 -3.725513492995335e-05
2 363 1.112030018162832e+03 1.451747770227304e-16 8.738949154202498e+00
0 473 1.113179082428211e+03 9.064509021374812e-13 4.035234254192263e+01
0 474 1.116350000306680e+03 7.826848201043414e-16 4.035243854709508e+01
2 364 1.120669998372282e+03 2.676615761091553e-17 8.740091088366302e+00
2 365 1.129309989047505e+03 1.499669689535276e-16 8.754304030137192e+00
0 475 1.130389999924471e+03 1.064512879445433e-15 4.035291089762517e+01
2 366 1.133900309087105e+03 1.003409429708913e-11 8.784989684213944e+00
2 367 1.140644647511319e+03 4.078559928395135e-04 8.930686934527647e-08
0 476 1.141190000183865e+03 6.578380963598163e-16 4.036593301955833e+01
0 477 1.144944352453427e+03 8.489221415567445e-06 3.702646305294502e+01
0 478 1.150100001227632e+03 5.019446281147110e-13 3.714625169343510e+01
2 368 1.150909977231418e+03 1.123117579657982e-16 8.765228582433588e+00
0 479 1.151453280655088e+03 1.793275533131243e-05 2.610877251505192e+01
0 480 1.155730432777613e+03 4.774675198855947e-06 3.585650098371418e+01
2 369 1.159549345821892e+03 2.983976073800106e-04 5.988016929952596e+00
0 481 1.160712190513679e+03 1.699329013922036e-12 3.693591642360737e+01
2 370 1.161169982803616e+03 7.888595417130892e-17 8.765328934726991e+00
0 482 1.161709999772589e+03 3.735405567106587e-16 4.158979781891150e+01
2 371 1.168598422674173e+03 4.078540395033468e-04 1.011810602908484e-07
2 372 1.169981748771397e+03 4.078548404647528e-04 1.615933555757383e-07
0 483 1.179531369116475e+03 1.625879527358268e-05 8.452890283610872e+00
2 373 1.180609976838602e+03 1.567409652868911e-16 8.765240995444932e+00
2 374 1.182769998929419e+03 1.218916507685453e-16 8.765122009204914e+00
2 375 1.188169303084410e+03 2.748490765714775e-04 6.488208556746454e+00
2 376 1.190803643741215e+03 4.078421196940047e-04 6.974555983076533e-08
1 87 1.194920000005214e+03 2.466370701912423e-05 3.392566509534957e+01
0 484 1.195730000014768e+03 5.075116494717423e-16 4.270446749038799e+01
2 377 1.196809974328616e+03 5.867160953669589e-17 8.764743804893676e+00
0 485 1.203870582515783e+03 9.487237338404618e-06 3.132435660212733e+01
2 378 1.204100071518024e+03 4.078716215096579e-04 -1.160606030906397e-03
2 379 1.206260054589579e+03 2.564673826797711e-04 6.826066835769822e+00
1 88 1.208960007349171e+03 4.763094349478755e-05 -8.882290351276876e-04
0 486 1.213050629276892e+03 4.596900376099629e-07 4.274799043625934e+01
2 380 1.213261357968371e+03 4.078177316547411e-04 4.761350355349125e-08
0 487 1.216893754444483e+03 3.081861577323311e-13 4.277212048638495e+01
2 381 1.220253774865202e+03 4.077978916980929e-04 1.170177229799925e-08
0 488 1.223539997484926e+03 1.083166239668899e-05 2.932996802771936e+01
2 382 1.227319892516509e+03 2.632641664626230e-04 6.705902190403877e+00
0 489 1.228110374123868e+03 1.632379226647856e-05 2.761744441296777e-07
2 383 1.229209997432358e+03 9.080254295086126e-17 8.764099938682707e+00
2 384 1.235960095845407e+03 4.078738331606742e-04 -1.555549545928882e-03
2 385 1.245089066873694e+03 4.077949647186219e-04 1.269862737085847e-07
2 386 1.253019046195149e+03 4.078065583040078e-04 2.216103501868692e-07
1 89 1.256480004025663e+03 4.107420933101683e-05 -5.376477317383172e-04
2 387 1.262149981914530e+03 3.846804634815522e-17 8.764779639379775e+00
0 490 1.262225217539907e+03 2.328216465869535e-12 3.672360080665966e+01
0 491 1.268131960818364e+03 3.664497310509284e-06 4.108715485101487e+01
0 492 1.268900000358231e+03 2.706057750434780e-05 -2.637394996076118e-05
0 493 1.269979999659183e+03 6.453357707323533e-13 3.671819351143132e+01
1 90 1.271574893300778e+03 7.183088602783699e-13 7.226855021688506e+01
2 388 1.271600098011122e+03 4.078953096980406e-04 -1.590570897214907e-03
2 389 1.279160000075643e+03 2.244379040242291e-04 7.327318999941490e+00
1 91 1.284560005419630e+03 5.108071421007921e-05 -7.189591716046230e-04
0 494 1.286529372753672e+03 1.522521314792553e-12 4.154931969832278e+01
2 390 1.286450596061000e+03 8.172001423294197e-17 8.764489411246178e+00
2 391 1.294819910594679e+03 4.079068054270765e-04 -1.451167395256644e-03
0 495 1.297789999861857e+03 2.909692856236204e-16 4.170395755868755e+01
0 496 1.299680001385047e+03 3.591663189709947e-13 4.170078476614155e+01
2 392 1.303459960531122e+03 7.950323174330154e-12 8.765193431670850e+00
0 497 1.306699998954567e+03 1.380761252236766e-05 2.375743521234235e+01
2 393 1.310598761214530e+03 4.078855237466757e-04 4.718619829725656e-08
2 394 1.312909998836553e+03 5.801817263654743e-17 8.765398063847185e+00
2 395 1.318579949844141e+03 6.826987946918381e-12 8.765332602390028e+00
1 92 1.327693428320427e+03 3.366404227440411e-13 1.491638116495225e+01
2 396 1.327680774741406e+03 4.078605932968190e-04 1.215967742635257e-07
0 498 1.331000000892796e+03 1.682430092829626e-05 3.013333294166483e+01
1 93 1.331000001615383e+03 5.154373964422584e-05 -2.078719599228914e-04
0 499 1.333160000241163e+03 2.737372868509971e-05 -1.652870492758473e-05
2 397 1.334509986140805e+03 3.118972563447053e-17 8.765799506690094e+00
0 500 1.338115911167165e+03 1.656096513507210e-05 2.463588249645231e-06
0 501 1.339679233573639e+03 2.739751771570326e-05 5.496536580721647e-07
0 502 1.340270350413644e+03 1.320550428476792e-12 4.181352845151230e+01
2 398 1.341260054868938e+03 3.316840528528892e-04 5.114472362685324e+00
2 399 1.345849979220214e+03 1.581480022257829e-16 8.765736164985499e+00
2 400 1.351249975551186e+03 1.530308580157966e-16 8.765333604610692e+00
2 401 1.356920095768651e+03 4.079066826769506e-04 -1.554324663100324e-03
1 94 1.359619997494269e+03 5.166739020552817e-05 -3.048727165757002e-04
2 402 1.360699959849393e+03 2.228702171816321e-12 8.765440942953253e+00
2 403 1.365829999999924e+03 1.080257717416559e-04 8.455488876879777e+00
1 95 1.366100005333767e+03 1.433787985699927e-12 6.539882237060485e+01
1 96 1.367989999698572e+03 2.267770302292656e-16 6.523389640566042e+01
1 97 1.369340000708855e+03 1.371293412084664e-12 6.575977727656183e+01
2 404 1.369879993620557e+03 1.108534497379355e-13 8.765489562999740e+00
1 98 1.372316570311800e+03 3.015692552917686e-05 1.337139636278346e+01
2 405 1.373823461474189e+03 4.078273048231624e-04 7.744071715429521e-08
0 503 1.377215832888919e+03 8.034862300537796e-06 3.993231373556726e+01
2 406 1.379935083524611e+03 4.078359006818270e-04 3.191111415115103e-08
0 504 1.380950000124486e+03 2.895124057211539e-16 4.308738716341639e+01
0 505 1.386349999982813e+03 2.200748336587663e-16 4.321279341694100e+01
0 506 1.387422889936973e+03 1.318782851538011e-05 2.570703883756257e+01
2 407 1.388240000094669e+03 2.487556687314176e-04 6.957511733338399e+00
0 507 1.387970002257556e+03 3.003084205392947e-16 4.339446133450056e+01
1 99 1.388981983962954e+03 6.052065383722989e-05 5.270575127645541e-07
0 508 1.391479998158973e+03 2.718091963124204e-05 -1.473380846799464e-04
2 408 1.392727361735490e+03 4.078348009006163e-04 1.142685588015331e-07
1 100 1.392643674839604e+03 3.805975712125923e-13 6.498210060448183e+01
2 409 1.394449997206445e+03 1.712362319611792e-16 8.766270279130159e+00
2 410 1.401469977032777e+03 1.988747182166241e-17 8.765871219498139e+00
0 509 1.407679998709721e+03 1.581560652872364e-12 3.594366592503172e+01
0 510 1.411190000168946e+03 2.162201275601331e-16 4.346174336374875e+01
1 101 1.411460007945090e+03 2.985305265536301e-14 1.706498164342811e+01
2 411 1.411999952659844e+03 3.503636608460347e-13 8.765724089883957e+00
0 511 1.415240000771397e+03 1.766032390436366e-05 2.576841966458910e+01
1 102 1.417996614198831e+03 6.578759087781830e-05 1.371288605279510e-06
2 412 1.421268669616480e+03 4.078122962655199e-04 1.770193430099533e-07
1 103 1.421627020582384e+03 4.514215734743811e-13 6.467450930183331e+01
2 413 1.424149999999920e+03 8.700509193932719e-05 8.566470942354441e+00
1 104 1.428199997495881e+03 3.253733186389367e-05 1.264536945351110e+01
1 105 1.434875058323565e+03 7.023148695501125e-05 5.626079096476093e-07
2 414 1.435760000098519e+03 2.601768826909683e-04 6.761541442495814e+00
2 415 1.436779824374526e+03 4.078032597015634e-04 2.082597650367120e-07
0 512 1.441159998597098e+03 1.292425559597136e-05 2.626540054767495e+01
2 416 1.447640102221803e+03 2.712924008021348e-04 6.557538199783228e+00
0 513 1.447849826949141e+03 6.334947864102043e-13 3.586594702135132e+01
0 514 1.448989996250240e+03 5.024505852843047e-16 4.397804796383257e+01
2 417 1.449799955734951e+03 1.095345306513022e-11 8.765461008163415e+00
0 515 1.451149999996487e+03 5.346133112872095e-17 4.397722315375532e+01
1 106 1.451689999242536e+03 1.592010753313155e-16 6.420516345648645e+01
2 418 1.452168183412637e+03 4.078366267898522e-04 1.083375526401221e-07
0 516 1.455469999932234e+03 3.418236578573007e-16 4.390471571810102e+01
0 517 1.461410000324470e+03 1.029946909789828e-16 4.390313599821970e+01
2 419 1.465459954126201e+03 2.095935427549072e-12 8.765922246001599e+00
0 518 1.471130493655924e+03 2.054647351558088e-05 2.211049051666477e+01
2 420 1.474909981442835e+03 2.611176782172425e-17 8.765126775409785e+00
0 519 1.477069999789120e+03 1.771416529527058e-16 4.364045898004375e+01
1 107 1.482120096713419e+03 8.144108149944652e-13 6.613829309805529e+01
2 421 1.486247618725626e+03 4.078352386373268e-04 7.903448732952254e-08
0 520 1.487329999781297e+03 2.990240112929000e-16 4.363404513396562e+01
0 521 1.491109999954926e+03 3.858611840105058e-16 4.365561219338548e+01
0 522 1.494889999844419e+03 2.823928141668592e-16 4.365850033048262e+01
2 422 1.497049984998275e+03 7.468487318444644e-17 8.766727604742089e+00
0 523 1.499795307452391e+03 1.965929130514231e-12 4.366283894211868e+01
2 423 1.502180000096600e+03 2.476487093972089e-04 6.976233595480404e+00
0 524 1.506769492711976e+03 1.579537282687065e-05 1.482170393523435e+00
2 424 1.514045707722771e+03 4.078361879393934e-04 1.560218154650039e-07
2 425 1.520539893684649e+03 2.787790077254350e-04 6.412787569245251e+00
2 426 1.522969993798591e+03 6.318183867066121e-17 8.769577656490450e+00
0 525 1.524981052396233e+03 3.971413588244758e-13 4.388135705786051e+01
0 526 1.529196524027441e+03 1.822270704627365e-12 4.387516119396577e+01
2 427 1.529449987922676e+03 8.695455831768171e-17 8.770152990726615e+00
2 428 1.534850001143859e+03 1.357421677341958e-04 8.274461419327402e+00
0 527 1.535153552174517e+03 1.213816279661305e-12 4.399074500345088e+01
0 528 1.540519999377645e+03 1.275094082689631e-12 4.397172068404096e+01
2 429 1.540519984041108e+03 3.080096714638929e-12 8.770042620937383e+00
0 529 1.546803732686724e+03 1.554097223431847e-05 5.174774252663668e-06
0 530 1.552129999761189e+03 2.648835343763704e-16 4.454979089645148e+01
2 430 1.553209998392434e+03 7.707282579114251e-17 8.770611937970836e+00
2 431 1.555909993668925e+03 6.963966103639637e-17 8.770603869309490e+00
2 432 1.559149987660618e+03 1.117751974283870e-16 8.770822016870598e+00
2 433 1.563739965329975e+03 1.016564660048019e-11 8.770766252959294e+00
2 434 1.567520118031336e+03 4.079135763455321e-04 -1.916934914676217e-03
0 531 1.572109682878994e+03 1.299687645186218e-05 2.222082951999204e+01
2 435 1.572649986889185e+03 7.526014611784528e-17 8.771076805708381e+00
1 108 1.573195604930172e+03 1.471077450214511e-06 6.230312988765434e+01
0 532 1.574316236472476e+03 6.191755398295236e-06 3.362120903938218e+01
0 533 1.575247494425682e+03 2.953149050206322e-13 4.449180069301806e+01
2 436 1.575889979712603e+03 1.109263873191599e-16 8.771225785257506e+00
2 437 1.578859950737364e+03 1.961011843336283e-12 8.771189579414047e+00
0 534 1.583180001452711e+03 2.078220425501282e-05 2.463631553116633e+01
0 535 1.586419998922637e+03 1.553569716467048e-05 9.413852089320002e-05
2 438 1.587229976270923e+03 9.904100042171435e-17 8.771203964909907e+00
2 439 1.591549999999909e+03 6.726547978874156e-05 8.652161629623590e+00
0 536 1.593627955939656e+03 7.847265580347299e-13 4.449085680703940e+01
0 537 1.598021147695539e+03 1.290493158955995e-05 2.585021827313061e+01
1 109 1.598840006977030e+03 1.460879767694861e-12 1.666467575160972e+01
2 440 1.601539974911163e+03 9.039568850952558e-12 8.770800580919826e+00
0 538 1.604341678566275e+03 1.559213574396362e-05 9.809114017497078e-07
0 539 1.605860000377247e+03 1.562265319152995e-05 -2.664778804774867e-05
0 540 1.608316299174418e+03 1.333537181073185e-12 3.552715165607759e+01
1 110 1.610180011601242e+03 8.624924937247876e-05 -1.366744030072795e-03
2 441 1.618549992877187e+03 1.414992619569725e-16 8.770817994896868e+00
0 541 1.621325073565799e+03 6.447375515781823e-13 4.413244746733806e+01
0 542 1.625774564337295e+03 2.795910271114586e-05 2.731152225270821e-06
2 442 1.629349976728163e+03 7.563228473517506e-17 8.770708034480679e+00
0 543 1.639309651926532e+03 2.796527270086614e-05 8.066430531541384e-07
0 544 1.644199996485626e+03 2.141008147146375e-12 4.517613063829852e+01
2 443 1.644739994951984e+03 9.227720079931651e-12 8.771286169127734e+00
0 545 1.646629999660303e+03 3.103961529348720e-16 4.517642005723033e+01
0 546 1.648513589995559e+03 2.788513771489139e-05 3.519526211545960e-06
2 444 1.650422810234762e+03 4.076632342116363e-04 1.564810639477391e-07
1 111 1.657699996125607e+03 1.898284794290773e-12 1.819752726698566e+01
0 547 1.663398904982526e+03 1.352629134808676e-12 3.537476034338940e+01
0 548 1.666069999800782e+03 4.718376843459201e-16 4.526505158399771e+01
1 112 1.669040006765001e+03 1.120365321310693e-12 5.932504257866029e+01
1 113 1.674169998463636e+03 1.640577704488780e-16 6.024639514662112e+01
0 549 1.674710000281283e+03 2.445182864521416e-16 4.571066951717732e+01
2 445 1.679300064772977e+03 3.056064251504235e-04 5.817855998363235e+00
0 550 1.684699997268674e+03 1.001120748256406e-05 3.507041870999001e+01
0 551 1.689729467548683e+03 1.633208895926756e-12 4.573397220947846e+01
0 552 1.694072194503844e+03 5.286147839779805e-13 4.578640308413992e+01
1 114 1.695433601885862e+03 2.137418015602338e-12 1.667694806977144e+01
