0 0 1.585896554943268e+00 5.915724946876880e-18 5.475203504044189e-02
0 1 1.253176812937699e+01 6.088725518993771e-18 5.474948211825365e-02
1 0 1.883242124939634e+01 1.125197432448227e-17 3.957528885403640e-02
0 2 2.347755650705143e+01 5.840690607653865e-18 5.474994826880725e-02
0 3 3.442333026719581e+01 6.129401631316887e-18 5.475276075751959e-02
0 4 4.536900093853030e+01 5.860391975413162e-18 5.475149814714225e-02
1 1 4.781777025568504e+01 1.187420077340616e-17 3.957663575134047e-02
0 5 5.631474284155799e+01 5.840686488970832e-18 5.475002117108777e-02
0 6 6.726069249983762e+01 2.078545228825776e-16 5.475062032917342e-02
1 2 7.680318944084560e+01 1.120498879891769e-17 3.957703844088569e-02
0 7 7.820640097777998e+01 7.105333772293981e-18 5.475229171218404e-02
0 8 8.915205447716889e+01 6.151745697339971e-18 5.475236054736164e-02
0 9 1.000978914158964e+02 6.349629433013778e-18 5.474956287584763e-02
1 3 1.057885790871105e+02 1.125926601220340e-17 3.957513894061025e-02
0 10 1.110436836062023e+02 9.069851495030587e-18 5.474968646696061e-02
0 11 1.219894942049301e+02 5.944126049001608e-18 5.475255372336447e-02
0 12 1.329351517471864e+02 5.840515555925691e-18 5.475198262518554e-02
1 4 1.347739515276364e+02 1.131280072202773e-17 3.957692953007956e-02
0 13 1.438808745361509e+02 3.708022283843833e-17 5.475035263249076e-02
0 14 1.548268274508743e+02 6.021305115946987e-18 5.475025321198055e-02
1 5 1.637593707692516e+02 1.131474587705055e-17 3.957686185108641e-02
0 15 1.657725557089703e+02 5.886035379155036e-18 5.475184694639006e-02
0 16 1.767182162405912e+02 6.854606365860099e-18 5.475262143773883e-02
0 17 1.876640164453339e+02 6.424978735440887e-18 5.474975023390807e-02
1 6 1.927447358501673e+02 1.117877953182728e-17 3.957516317789473e-02
0 18 1.986098080062942e+02 6.281209402958441e-18 5.474952754920689e-02
0 19 2.095556549501549e+02 5.918393023620275e-18 5.475227192676611e-02
0 20 2.205013079035050e+02 5.840483500186290e-18 5.475239898077591e-02
1 7 2.217301323449832e+02 1.488302308036636e-17 3.957704944618489e-02
0 21 2.314470108439301e+02 7.416768056675555e-18 5.475073011678697e-02
0 22 2.423929579848438e+02 6.255681062340895e-18 5.474993780025028e-02
1 8 2.507155513205738e+02 1.133044355708041e-17 3.957652937560932e-02
0 23 2.533387051313900e+02 6.034147975780694e-18 5.475135991812847e-02
0 24 2.642843809263128e+02 6.236312911877725e-18 5.475280366639160e-02
0 25 2.752301445327251e+02 6.313214804841368e-18 5.475003772802862e-02
1 9 2.797008946970880e+02 1.124930105771654e-17 3.957535789435273e-02
0 26 2.861759310415405e+02 5.887046652126416e-18 5.474947615745154e-02
0 27 2.971218116422282e+02 6.568936295349660e-18 5.475193047108355e-02
0 28 3.080674682748797e+02 6.092640028513404e-18 5.475268461812612e-02
1 10 3.086863082693023e+02 4.215049603988392e-17 3.957698258861815e-02
0 29 3.190131522409495e+02 5.889585251962770e-18 5.475113197192370e-02
0 30 3.299590849351638e+02 5.874389616335979e-18 5.474969310745371e-02
1 11 3.376717275052304e+02 1.143739291414852e-17 3.957611729149104e-02
0 31 3.409048485822196e+02 6.015797164241545e-18 5.475087471144687e-02
0 32 3.518505474347804e+02 5.840403735099944e-18 5.475289759757099e-02
0 33 3.627962768621168e+02 6.053720878327415e-18 5.475041221873948e-02
1 12 3.666570583035280e+02 1.117883236007977e-17 3.957569058660975e-02
0 34 3.737420540483851e+02 5.964446839285405e-18 5.474953150311407e-02
0 35 3.846879635940428e+02 5.995595416450339e-18 5.475154738807007e-02
0 36 3.956336310061312e+02 5.840454559967198e-18 5.475278984214831e-02
1 13 3.956424778302574e+02 1.120170702509174e-17 3.957689332327709e-02
0 37 4.065792989100279e+02 6.098798378985675e-18 5.475153569023234e-02
0 38 4.175252093611160e+02 6.026355702833684e-18 5.474953555327220e-02
1 14 4.246278974121528e+02 2.994894572058926e-16 3.957570756564770e-02
0 39 4.284709862219564e+02 1.265068537896489e-17 5.475042764064158e-02
0 40 4.394167145686866e+02 6.278484223225857e-18 5.475289826824864e-02
0 41 4.503624143946722e+02 5.840858920138215e-18 5.475085368242293e-02
1 15 4.536132280996043e+02 1.119175164298121e-17 3.957610454248493e-02
0 42 4.613081783421083e+02 5.840718338237078e-18 5.474968565155054e-02
0 43 4.722541104013307e+02 4.297705758557392e-17 5.475114339533578e-02
1 16 4.825986472872360e+02 1.121910876905244e-17 3.957698020648683e-02
0 44 4.831997937140875e+02 5.840462213719552e-18 5.475269243870941e-02
0 45 4.941454507041047e+02 5.920693565349591e-18 5.475191923528466e-02
0 46 5.050913324170335e+02 6.003556060214391e-18 5.474947666902522e-02
1 17 5.115840609612098e+02 6.008255198615152e-17 3.957537486855201e-02
0 47 5.160371186750723e+02 5.840681344659452e-18 5.475004743176196e-02
0 48 5.269828810977792e+02 6.239268069028873e-18 5.475280562198222e-02
0 49 5.379285575000224e+02 5.840567203706628e-18 5.475134283084841e-02
1 18 5.405694040948189e+02 1.118090883012201e-17 3.957652234482267e-02
0 50 5.488743051608467e+02 6.962801049214259e-18 5.474992684745673e-02
0 51 5.598202519445499e+02 7.466801637099754e-18 5.475074058924257e-02
1 19 5.695548229434042e+02 1.123961071978336e-17 3.957705398063324e-02
0 52 5.707659540890860e+02 5.924478536227445e-18 5.475240719436018e-02
0 53 5.817116072390800e+02 6.121117330402773e-18 5.475226171171822e-02
0 54 5.926574554272577e+02 6.433511025256127e-18 5.474952336526186e-02
1 20 5.985402196959542e+02 1.229712675232335e-17 3.957517695929584e-02
0 55 6.036032468808479e+02 5.840708829208585e-18 5.474975463177280e-02
0 56 6.145490458366510e+02 5.895487176192565e-18 5.475262470480491e-02
0 57 6.254947065108659e+02 7.055862103859522e-18 5.475183437757224e-02
1 21 6.275255844785311e+02 1.122338723441287e-17 3.957686112441006e-02
0 58 6.364404355593995e+02 5.990302715719778e-18 5.475023950169815e-02
0 59 6.473863884001024e+02 5.895974453430747e-18 5.475036136660229e-02
1 22 6.565110035198493e+02 1.167719494153720e-17 3.957694039459649e-02
0 60 6.583321105782861e+02 5.840514586973565e-18 5.475199304136180e-02
0 61 6.692777678901841e+02 6.375150893060100e-18 5.475254455625246e-02
0 62 6.802235797644146e+02 6.793454997903589e-18 5.474967705563128e-02
1 23 6.854963763076061e+02 1.170478946158508e-17 3.957514734317923e-02
0 63 6.911693720011496e+02 5.909931846309956e-18 5.474956238722636e-02
0 64 7.021152077117883e+02 5.840456707220406e-18 5.475236528142095e-02
0 65 7.130608611236582e+02 6.454822767198513e-18 5.475227628577232e-02
1 24 7.144817657436170e+02 1.123921664227679e-17 3.957704373257520e-02
0 66 7.240065703651998e+02 6.686756615379819e-18 5.475060472087309e-02
0 67 7.349525202473089e+02 5.866706303140604e-18 5.475002737204800e-02
1 25 7.434671846586494e+02 1.161885351772711e-17 3.957665008125717e-02
0 68 7.458982617761645e+02 5.840552922049547e-18 5.475151540719767e-02
0 69 7.568439317757569e+02 1.875455224617900e-16 5.475275270475165e-02
0 70 7.677897067760354e+02 6.590639500195888e-18 5.474993311196401e-02
1 26 7.724525339784249e+02 1.124135798538490e-17 3.957529098100893e-02
0 71 7.787354953284503e+02 6.230059922290703e-18 5.474947811005937e-02
0 72 7.896813657630445e+02 6.195776534230044e-18 5.475204080772347e-02
0 73 8.006270203968940e+02 6.180960069813944e-18 5.475260886067451e-02
1 27 8.014379434593063e+02 1.128378437193841e-17 3.957702793837921e-02
0 74 8.115727101410553e+02 5.982471364560273e-18 5.475100131781777e-02
0 75 8.225186482676057e+02 6.014759702802222e-18 5.474975883745320e-02
1 28 8.304233623978906e+02 1.124083567329692e-17 3.957625313959053e-02
0 76 8.334644070448089e+02 4.797961188463949e-17 5.475102371254573e-02
0 77 8.444100978391482e+02 6.287070997405268e-18 5.475287511323165e-02
0 78 8.553558377068091e+02 5.841221136310792e-18 5.475028039276799e-02
1 29 8.594086956491499e+02 1.150966372185999e-17 3.957558365482337e-02
0 79 8.663016181859927e+02 7.625065251967650e-18 5.474950066512398e-02
0 80 8.772475192528117e+02 8.405773992979174e-18 5.475166864365192e-02
0 81 8.881931826314163e+02 6.080308235393385e-18 5.475277743898711e-02
1 30 8.883941147292960e+02 1.118609354831144e-17 3.957690975322192e-02
0 82 8.991388551292159e+02 5.899995947327468e-18 5.475140703710335e-02
0 83 9.100847733642435e+02 7.111532234768365e-18 5.474957252558792e-02
1 31 9.173795342979328e+02 1.128580991907556e-17 3.957583171073566e-02
0 84 9.210305464215844e+02 7.053971780166512e-18 5.475055945511358e-02
0 85 9.319762649067243e+02 6.009352735963810e-18 5.475290528573321e-02
0 86 9.429219734133146e+02 6.039580970107876e-18 5.475070792612474e-02
1 32 9.463648633236785e+02 1.145633418994838e-17 3.957597508195667e-02
0 87 9.538677419343634e+02 9.069857026830747e-18 5.474962447306892e-02
0 88 9.648136676927975e+02 6.835229044912424e-18 5.475126883097970e-02
1 33 9.753502832192131e+02 1.120587859804263e-17 3.957694459754570e-02
0 89 9.757593455325225e+02 5.967844095681582e-18 5.475274489324862e-02
0 90 9.867050053088058e+02 6.254869438052164e-18 5.475179939001695e-02
0 91 9.976508966992139e+02 6.828521560265220e-18 5.474948152274823e-02
1 34 1.004335699738428e+03 1.124884535922953e-17 3.957546440038809e-02
0 92 1.008596680405148e+03 6.035252845730772e-18 5.475015462795846e-02
0 93 1.019542431755763e+03 6.097436878303740e-18 5.475284174345942e-02
0 94 1.030488114678847e+03 5.840580474351174e-18 5.475118672388478e-02
1 35 1.033321037519944e+03 1.153134663331456e-17 3.957639532695886e-02
0 95 1.041433867844934e+03 7.192949088930290e-18 5.474983957926894e-02
0 96 1.052379810873435e+03 6.374673210307510e-18 5.475086312350470e-02
1 36 1.062306456704074e+03 1.132800291968264e-17 3.957705001795793e-02
0 97 1.063325506945101e+03 6.593928482693031e-18 5.475251058040902e-02
0 98 1.074271160413865e+03 6.213047269333560e-18 5.475215684304246e-02
0 99 1.085217019571494e+03 6.330291189425548e-18 5.474949425927129e-02
1 37 1.091291859807451e+03 1.135707614096640e-17 3.957521593205732e-02
0 100 1.096162809837015e+03 5.855672503410524e-18 5.474983221626167e-02
0 101 1.107108597195003e+03 5.840424662021744e-18 5.475268811835587e-02
0 102 1.118054261862948e+03 6.907307117579336e-18 5.475168067292160e-02
1 38 1.120277216961103e+03 1.148795942801148e-17 3.957676370052518e-02
0 103 1.128999997030178e+03 6.793420155633473e-18 5.475013157417998e-02
0 104 1.139945948884951e+03 5.876465491151911e-18 5.475047394991040e-02
1 39 1.149262636212452e+03 1.120375306854624e-17 3.957699748036807e-02
0 105 1.150891664889926e+03 6.289448995530477e-18 5.475213204555551e-02
0 106 1.161837319865106e+03 2.405182296811518e-17 5.475246016385826e-02
0 107 1.172783143352247e+03 5.840722529766578e-18 5.474961382518422e-02
1 40 1.178248016897453e+03 1.117877598457088e-17 3.957512890771692e-02
0 108 1.183728935824963e+03 5.941683259664342e-18 5.474960883138726e-02
0 109 1.194674760083453e+03 6.345308949002748e-18 5.475245214205911e-02
0 110 1.205620414837730e+03 5.840503027512754e-18 5.475214252070697e-02
1 41 1.207233398590878e+03 2.043221057306360e-17 3.957700008850797e-02
0 111 1.216566130390706e+03 5.840641980205109e-18 5.475048245540710e-02
0 112 1.227512082169046e+03 6.444449128745948e-18 5.475012369334062e-02
1 42 1.236218817761415e+03 1.120267881175029e-17 3.957675582581185e-02
0 113 1.238457817794682e+03 1.364042787287496e-16 5.475166861387269e-02
0 114 1.249403482845742e+03 6.793203682508801e-18 5.475269314507634e-02
0 115 1.260349269413846e+03 5.904868437626351e-18 5.474983739023236e-02
1 43 1.265204174093880e+03 1.119470935589471e-17 3.957521832170955e-02
0 116 1.271295059570018e+03 6.696404944843342e-18 5.474949096456917e-02
0 117 1.282240919421087e+03 6.992659419411468e-18 5.475214636527417e-02
0 118 1.293186572846216e+03 6.569373532781675e-18 5.475251649043582e-02
1 44 1.294189578068804e+03 8.691126568117830e-17 3.957704635816246e-02
0 119 1.304132268544902e+03 5.901320793477627e-18 5.475087169976959e-02
0 120 1.315078211303073e+03 5.840704504725581e-18 5.474983269749117e-02
1 45 1.323174997031794e+03 1.142425878211477e-17 3.957638460219607e-02
0 121 1.326023964892506e+03 6.373033872770608e-18 5.475117461640493e-02
0 122 1.336969648347732e+03 6.275102597163137e-18 5.475284338498364e-02
0 123 1.347915398937733e+03 5.840670745679397e-18 5.475016034398296e-02
1 46 1.352160334454693e+03 1.117912988659054e-17 3.957546963895808e-02
0 124 1.358861182419016e+03 8.566107479415902e-18 5.474947982587784e-02
0 125 1.369807074400594e+03 7.963600539114329e-18 5.475178709385137e-02
0 126 1.380752734357321e+03 5.903834008268433e-18 5.475274537556670e-02
1 47 1.381145751445080e+03 1.155086771772120e-17 3.957693962172132e-02
0 127 1.391698411842432e+03 6.099494142196866e-18 5.475127710846035e-02
0 128 1.402644337187324e+03 6.327084375860867e-18 5.474961887403038e-02
1 48 1.410131171010949e+03 2.394159212204659e-16 3.957596417325768e-02
0 129 1.413590106061395e+03 6.666026044055145e-18 5.475069630832881e-02
0 130 1.424535815226935e+03 5.872214122714053e-18 5.475290299696222e-02
0 131 1.435481533010857e+03 5.840634286599132e-18 5.475056610845839e-02
1 49 1.439116500180685e+03 1.117883738333778e-17 3.957584174663917e-02
0 132 1.446427305748707e+03 6.382916873301256e-18 5.474957230096985e-02
0 133 1.457373224452504e+03 5.894313060954239e-18 5.475139360159580e-02
