1 0 -1.043191279722899e+03 9.958989479204815e-06 4.512114835800457e-06
0 0 -1.037747620254158e+03 2.332527650530477e-12 3.165099110763467e+01
2 0 -1.036630001136749e+03 1.129870945832973e-16 1.402568827741996e+01
0 1 -1.035014184010065e+03 2.072999424241164e-05 2.332647221739996e+01
0 2 -1.034695646453258e+03 2.428877965067443e-12 3.042035404183675e+01
2 1 -1.033265304283929e+03 3.555849621771588e-05 1.239553682621633e+01
0 3 -1.032834192703218e+03 3.251808178436555e-05 8.595583359021443e-07
1 1 -1.032234361696438e+03 5.545088760926863e-13 7.620377924191456e+01
1 2 -1.028800000462629e+03 5.741170600691751e-06 5.060283755552742e+01
2 2 -1.029448743007385e+03 1.606966152927329e-04 2.183942555081462e-07
2 3 -1.026640007803122e+03 1.458023435852245e-04 5.897044429018178e+00
1 3 -1.025289999649816e+03 3.241481553974769e-16 7.225100724770034e+01
2 4 -1.022434544927271e+03 1.607473983815591e-04 1.452221979476264e-07
0 4 -1.021406845078936e+03 5.679008331808232e-06 2.964167991825467e+01
1 4 -1.019350000006003e+03 4.404632750549903e-16 6.092426573959772e+01
0 5 -1.018302207305528e+03 3.178454633154866e-05 1.806856264225793e-06
2 5 -1.018000062463164e+03 1.236039816877141e-04 8.951668932686706e+00
1 5 -1.017999999839695e+03 4.909995730858094e-06 5.438120381602277e+01
0 6 -1.016612854221891e+03 3.178124154089135e-05 1.354386958961751e-06
2 6 -1.013529238919827e+03 1.933904692416527e-12 1.402633685915344e+01
0 7 -1.012891857324542e+03 3.192154858248888e-05 2.080532292296776e-06
0 8 -1.012517499084112e+03 5.195070668890405e-13 3.288791859931393e+01
1 6 -1.010061316204502e+03 5.061412035283798e-13 7.836548987240582e+01
0 9 -1.006805838904839e+03 3.239441722562700e-05 9.378534568396291e-07
0 10 -1.004871529334505e+03 3.251414610425389e-05 1.045026027438780e-06
2 7 -1.004769999104054e+03 1.769656926618132e-16 1.402204460162178e+01
1 7 -1.003150000027519e+03 2.614371501630588e-16 8.677414367500008e+01
2 8 -1.002880017398758e+03 4.137163738951446e-13 1.402207134229109e+01
0 11 -9.999100002460091e+02 3.992066783784194e-16 3.203146865599311e+01
2 9 -9.980200272978283e+02 1.605081523972161e-04 -7.086045157856989e-04
0 12 -9.939700001650209e+02 2.026739039032519e-16 3.304557851779154e+01
1 8 -9.923500000768289e+02 4.728067408512850e-16 6.969212637487021e+01
2 10 -9.916720687745252e+02 3.646644794956318e-12 1.401995283360525e+01
0 13 -9.905831746094508e+02 3.342370223014826e-05 4.210128023513357e-07
1 9 -9.891100000422479e+02 1.143502063805350e-16 5.380382756192062e+01
2 11 -9.891100024037041e+02 2.436862456336346e-16 1.401849363169842e+01
1 10 -9.876842411943004e+02 1.365873268257083e-13 7.972952935634531e+01
0 14 -9.864137753736138e+02 2.317789350231907e-05 2.273400971934736e+01
1 11 -9.826556177818131e+02 1.556962571524289e-12 4.953299428484228e+01
0 15 -9.820899808650005e+02 3.358998146713044e-16 3.449627670707608e+01
2 12 -9.813503848163284e+02 1.607666465425689e-04 5.161084630472447e-07
1 12 -9.802538429102583e+02 4.404298261658191e-13 7.194833371716145e+01
0 16 -9.793184803117257e+02 3.156510125319185e-05 2.289756438409214e-06
1 13 -9.780400005971012e+02 2.461023441756773e-05 5.311800577450755e-05
1 14 -9.772866393310228e+02 1.139421069944272e-12 4.511789391621909e+01
2 13 -9.756099971172405e+02 5.589058307052001e-17 1.400757993430270e+01
0 17 -9.729156156003248e+02 2.063550601594743e-05 2.627553217696903e+01
1 15 -9.712092711800585e+02 1.705849392430215e-06 6.413642982933878e+01
2 14 -9.718299988025155e+02 1.260592811549247e-16 1.400754538614419e+01
0 18 -9.691300002759069e+02 3.688253482841242e-16 3.385197518661655e+01
2 15 -9.691299981076704e+02 2.075845976969058e-16 1.400705281847619e+01
1 16 -9.678885719805559e+02 5.319304045200807e-06 6.925892586515886e-06
0 19 -9.648100002350162e+02 3.563942322104411e-16 3.291099084115015e+01
2 16 -9.649331247312724e+02 1.605144231093309e-04 2.109702786598211e-07
1 17 -9.642699998462077e+02 4.296713886692223e-16 8.439563063843380e+01
1 18 -9.629199999108748e+02 7.979422166954811e-06 3.473152880254980e+01
2 17 -9.607233313765022e+02 2.034611907548650e-12 1.400465675477879e+01
0 20 -9.599499995413765e+02 3.198459808417078e-16 3.236772963892349e+01
1 19 -9.594031756054477e+02 8.366561821312346e-13 8.699382284444205e+01
1 20 -9.579689453802541e+02 2.786345088893906e-13 6.928485299684458e+01
2 18 -9.542800008376948e+02 4.141240714768982e-05 1.353104177213071e+01
0 21 -9.523847500779365e+02 1.848906773131158e-05 2.705674316734663e+01
1 21 -9.523785454320013e+02 3.778054230663896e-06 3.682517365337299e+01
0 22 -9.502300005000390e+02 2.098314124263377e-16 3.296923834267132e+01
1 22 -9.469900002509214e+02 3.076884724954780e-16 3.284258934728494e+01
0 23 -9.464580977304653e+02 2.155173306373742e-05 2.408382374424166e+01
2 19 -9.461799724286019e+02 1.607240327716588e-04 -7.146877900854560e-04
2 20 -9.437500046002472e+02 1.535717435378812e-16 1.400240598186551e+01
1 23 -9.432076415473515e+02 7.587985582874227e-06 3.945118195148368e+01
0 24 -9.415283329734257e+02 2.081325717589019e-05 1.738478739643665e+01
1 24 -9.416719141352265e+02 1.093412656381341e-12 8.443353838551376e+01
0 25 -9.399700006049353e+02 2.541600740668019e-16 3.157959395089177e+01
0 26 -9.383731034824547e+02 2.789631593374064e-12 3.063902103353088e+01
2 21 -9.372698601858407e+02 2.633508446176187e-16 1.401164382751651e+01
0 27 -9.362207691037507e+02 5.309271477771288e-06 3.041772396011865e+01
1 25 -9.361851784837394e+02 1.071223618621000e-12 4.499439004271825e+01
2 22 -9.304668154440095e+02 1.588159681197592e-04 6.083420872019875e-01
0 28 -9.267399997372858e+02 3.063138410188495e-05 9.922736625766612e+00
1 26 -9.240953059268411e+02 1.546991433578316e-12 4.027876446530693e+01
0 29 -9.194500001520358e+02 2.317046526201155e-16 3.114396756451229e+01
1 27 -9.194959528622346e+02 6.420065024208203e-06 1.624986800975937e+01
0 30 -9.183543351391739e+02 1.888015379553436e-05 2.480976930450453e+01
1 28 -9.172900000024570e+02 8.864561902671374e-16 9.219262834065697e+01
2 23 -9.178299980903226e+02 6.887081243040552e-17 1.401475658564023e+01
0 31 -9.140412712735141e+02 1.328758206498690e-05 2.918489458410729e+01
2 24 -9.135100030294171e+02 1.831595873887301e-16 1.401627304448450e+01
0 32 -9.118976991335229e+02 1.639126152181476e-05 2.727388861527490e+01
0 33 -9.105913358749681e+02 2.996232571709822e-05 2.490869343789176e-06
2 25 -9.092715914555201e+02 1.603425775695167e-04 1.743563271643083e-07
0 34 -9.062826851088709e+02 3.606609835264705e-05 2.558741300212471e-06
2 26 -9.051400121327043e+02 2.101445228958083e-12 1.400783797921046e+01
0 35 -9.027110925631753e+02 3.473540501298859e-05 7.910732119300206e+00
0 36 -8.982577037914676e+02 3.613178294358207e-05 1.930624920339331e-06
0 37 -8.959600027015993e+02 2.979029180568020e-05 -1.482363564736651e-04
2 27 -8.865100057358613e+02 1.786895134390365e-16 1.401368054534528e+01
0 38 -8.843500001176897e+02 1.463782454413716e-16 3.017993101186740e+01
2 28 -8.838100161453544e+02 1.346745119886269e-16 1.401366871028048e+01
0 39 -8.821900001406979e+02 1.903351140921279e-16 3.064234749212706e+01
2 29 -8.808400133773365e+02 2.633124742148520e-12 1.401603564877104e+01
1 29 -nan -nan -nan
2 30 -8.749000328784546e+02 1.602754537388254e-04 -8.525377699884879e-04
0 40 -8.681500006255563e+02 1.826901138643888e-16 2.712561254856337e+01
0 41 -8.657076800291505e+02 2.878724752656306e-05 2.147505679031749e-06
0 42 -8.603200003605605e+02 3.503453206729195e-12 2.293671878318330e+01
0 43 -8.573500004613834e+02 2.204315589869369e-16 2.139051044081792e+01
0 44 -8.528476304549848e+02 3.710524874822497e-05 2.678202641747532e-07
0 45 -8.473599974028497e+02 1.516656983851685e-12 5.509107197628726e+01
0 46 -8.433601005254094e+02 3.734594496978233e-05 1.107406227708056e-06
0 47 -8.424999985945113e+02 7.102914929167176e-14 1.660709975097926e+01
0 48 -8.387199943994598e+02 7.897246582645461e-07 6.713773096905227e+01
0 49 -8.360199999330331e+02 2.171368492650139e-12 1.477813023012776e+01
0 50 -8.312171779383551e+02 3.155048051764273e-05 1.643581796458995e-06
0 51 -8.292628513057496e+02 3.123385696619961e-05 1.068146479237202e-06
0 52 -8.282193847524252e+02 3.792810033855214e-13 9.500530261944449e+01
0 53 -8.250047229603750e+02 1.093998638326935e-13 1.049599989447426e+02
0 54 -8.201954484391163e+02 5.695541023236840e-12 1.246523563640446e+01
0 55 -8.171199980313831e+02 2.965589429887435e-05 -4.566481747296045e-05
0 56 -8.152295510596182e+02 2.712542437521247e-05 4.393253768848873e+00
0 57 -8.138800006183790e+02 2.330059780157593e-12 1.339621240185386e+01
0 58 -8.097395895577459e+02 2.883133855966784e-05 8.306159433421745e-07
0 59 -8.066460153019076e+02 1.319112131325021e-05 1.148964235813657e+01
0 60 -8.045132436138528e+02 4.294913247341372e-06 1.778423394016632e+01
0 61 -8.033820126762253e+02 1.989811437610891e-05 8.010493706304558e+00
0 62 -7.996765120635781e+02 1.436442485416581e-05 1.390527719382687e+01
0 63 -7.944400059896412e+02 1.226326992939608e-14 2.090965399426447e+03
0 64 -7.911004562021003e+02 1.089062118154370e-12 3.111086201793186e+01
0 65 -7.877424882190923e+02 5.184879935674341e-14 3.980851679258389e+02
0 66 -7.850145031731420e+02 2.417215726811356e-05 4.241886086543422e+00
0 67 -7.782399970391573e+02 3.035912142518996e-05 -7.370491811562245e-05
0 68 -7.757852002860545e+02 3.110579962851478e-05 8.409093843731478e-07
0 69 -7.736499977936821e+02 3.090186674641268e-16 1.294463442267963e+01
0 70 -7.660493847263560e+02 2.463596347058236e-05 1.138192045528011e+01
0 71 -7.628506023809309e+02 2.856545571118537e-05 2.298287143264971e+00
0 72 -7.571800015866735e+02 3.085605514639214e-05 -5.878383337686026e-05
0 73 -7.530309305951456e+02 1.870272736556579e-12 2.201402582229577e+01
0 74 -7.523199999229024e+02 5.597072070075903e-13 6.929180018857764e+01
0 75 -7.488065062907156e+02 2.690172877169432e-05 9.754939882716902e+00
0 76 -7.433985141397014e+02 2.620112352347620e-05 1.327293966617708e+01
0 77 -7.401700001330458e+02 2.528443198089245e-16 2.649873717158022e+01
0 78 -7.334200019227309e+02 1.739935739386276e-12 4.977818386143998e+01
0 79 -7.320699996361336e+02 1.102036062167167e-16 2.987122011251207e+01
0 80 -7.293831976939010e+02 8.123027512595802e-06 4.141512750317687e+01
0 81 -7.207800165840143e+02 1.903213451273345e-05 1.145180207260793e-06
0 82 -7.083099997698960e+02 5.146370647034616e-16 4.245079381123588e+01
0 83 -7.012899999641420e+02 1.243625428853632e-16 4.721903872429242e+01
0 84 -6.969700001659370e+02 3.779717305639146e-16 4.942570020690906e+01
0 85 -6.926500000681433e+02 4.681084595967171e-17 5.267774195538430e+01
0 86 -6.877899960293715e+02 2.394510858152820e-16 5.801016516173156e+01
0 87 -6.713200007992541e+02 9.314903372538719e-13 7.692358027305200e+01
0 88 -5.749402825331532e+02 8.994204406566208e-06 1.138894020126164e+01
0 89 -5.600800014849683e+02 2.086116948422962e-05 -1.928834086129270e-04
0 90 -5.503599998059447e+02 1.035001000780169e-12 5.704965555708753e+01
0 91 -5.487399992910723e+02 1.729062423266124e-12 5.652240531546828e+01
0 92 -5.366148140667655e+02 1.760166916023377e-05 2.328400220034336e+01
0 93 -5.334594428407065e+02 2.077705737275077e-05 1.871481351738393e-06
0 94 -5.301226535114056e+02 1.551853913795992e-05 3.353630460207560e+01
0 95 -5.270050715509678e+02 1.262507393042799e-12 4.063475151277356e+01
0 96 -5.255199996945028e+02 7.987205187960441e-13 3.948581980488261e+01
0 97 -5.234782538651348e+02 1.577765396170149e-12 3.894735621797145e+01
0 98 -5.170153792878574e+02 1.684076978939924e-05 3.060913621161233e-06
0 99 -5.144500005251066e+02 2.405457881195028e-16 3.490721508878616e+01
0 100 -5.136399990038992e+02 1.602220934180914e-05 6.399707330627382e-05
0 101 -5.117500004954389e+02 1.762665541314047e-16 3.411288548241890e+01
0 102 -5.100267718702878e+02 1.475976791352671e-05 7.810657990540288e-07
0 103 -5.031716978379052e+02 5.722697986325128e-13 2.959689986954508e+01
0 104 -4.998835018594035e+02 7.874511969361643e-06 4.468631573173018e+01
0 105 -4.974399999994881e+02 2.270490711100456e-12 2.752197270404356e+01
0 106 -4.947400043500964e+02 3.335605367883205e-05 -2.148896890530215e-04
0 107 -4.940440811096285e+02 6.986139928096580e-13 6.256681268258015e+01
0 108 -4.923100005217177e+02 2.996220521690736e-16 2.636713361578447e+01
0 109 -4.896094160369840e+02 2.647825239052155e-05 1.315678465560128e+01
0 110 -4.826484446266834e+02 8.971710809221847e-13 8.257061198030091e+01
0 111 -4.761100006438253e+02 1.438030941621238e-15 2.214735072231941e+01
0 112 -4.726000047597042e+02 1.295880363803238e-13 1.019855009076558e+02
0 113 -4.701977717884621e+02 1.781230177975326e-13 1.108800021749261e+02
0 114 -4.635137057599050e+02 3.525963767270250e-12 2.260835253525257e+01
0 115 -4.613620266659592e+02 3.440355089997503e-05 1.101712881478804e-06
0 116 -4.598157320621960e+02 3.476344024794799e-05 5.618675045251677e-07
0 117 -4.517795870213441e+02 7.197923581843132e-06 2.254064750610441e+01
0 118 -4.513825797555234e+02 7.605335393014348e-13 3.047885323922679e+01
0 119 -4.473112574689643e+02 1.160861360918441e-12 4.295030092700666e+01
0 120 -4.423599999926610e+02 2.114753526754680e-13 1.446408756486503e+02
0 121 -4.399300002734379e+02 3.330112940061640e-08 1.075871005707869e+03
0 122 -4.333156653044013e+02 1.001695530611779e-12 6.829878730008733e+01
0 123 -4.312927456396637e+02 3.358052598359507e-05 3.892418718945678e+00
0 124 -4.304800008426121e+02 9.083327586624719e-14 4.124209767013502e+02
0 125 -4.272399993958252e+02 2.973153908519553e-13 3.844134072427966e+01
0 126 -4.247566022897436e+02 3.885846486565717e-13 2.376992100003478e+02
0 127 -4.194099997209156e+02 9.652054255185202e-16 2.771019647874740e+01
0 128 -4.164400010955523e+02 3.548824579522784e-12 2.762046828196262e+01
0 129 -4.115799998868375e+02 2.462078324838528e-13 1.304291813234715e+02
0 130 -4.070322988665985e+02 3.591488542245574e-05 1.248391774922675e+01
0 131 -3.976955152884193e+02 7.107095436436339e-13 7.708741828911323e+01
0 132 -3.953799947733893e+02 4.367049635406213e-05 -2.347800093200316e-04
0 133 -3.937599955885026e+02 3.082123065853660e-13 7.182346063293899e+01
0 134 -3.848499999502127e+02 4.257188039711954e-16 2.632000432424316e+01
0 135 -3.806515459258017e+02 4.465175722655379e-05 5.398944523989190e-07
0 136 -3.786399972115072e+02 4.501411092204709e-05 -1.400810816988439e-04
0 137 -3.781000005837446e+02 4.388144113829675e-05 -2.835204418749990e-05
0 138 -3.735099995642995e+02 4.753141873965507e-16 2.974638737598618e+01
0 139 -3.703715024946541e+02 1.636788456225935e-12 4.051003106587556e+01
0 140 -3.673000007703016e+02 1.827195260687977e-05 4.862169987369026e-05
0 141 -3.575800041804632e+02 1.202236367074660e-12 3.760598098379037e+01
0 142 -3.467800013563817e+02 1.196126282705005e-12 4.379684394354915e+01
0 143 -3.454378880347689e+02 2.137710293389025e-05 5.616127217975780e+00
0 144 -3.359800050539366e+02 3.965291397384041e-13 5.382572809426415e+01
0 145 -3.267999981564114e+02 1.379166599886384e-05 1.302518271773049e+01
0 146 -2.501199978564323e+02 2.187356683883520e-05 -4.385700556127807e-04
0 147 -2.344599976893331e+02 1.823440473818864e-12 1.272897492712984e+01
0 148 -2.223100002171422e+02 6.499229298825314e-16 4.957533379012550e+01
0 149 -2.144800039595153e+02 2.024065757028991e-12 4.036628625239624e+01
0 150 -2.125900021256502e+02 3.801376670291910e-16 3.936275015803442e+01
0 151 -2.112956717848363e+02 1.209633471399442e-12 2.109137987394501e+01
0 152 -2.101599974053220e+02 2.630774967651316e-05 1.838437594615983e-04
0 153 -2.038125574999632e+02 9.362168888253871e-13 3.539674331459067e+01
0 154 -1.999506834053309e+02 2.519829672839819e-12 2.944682156265834e+01
0 155 -1.928800051506437e+02 9.024865107974408e-06 3.184848129701139e+01
0 156 -1.886591477408886e+02 6.880395712917247e-05 1.057844412613730e-06
0 157 -1.861389554697495e+02 3.775582614093419e-13 4.064498107830104e+01
0 158 -1.836999952486784e+02 3.278710374295795e-14 2.791619494819239e+01
0 159 -1.783000005637936e+02 1.346054889392787e-13 4.885939699656333e+01
0 160 -1.721429398036032e+02 2.503187306656024e-12 2.331544062784683e+01
0 161 -1.693856882913692e+02 3.714843669787874e-13 5.924238438510743e+01
0 162 -1.675670940141404e+02 9.434608551433069e-05 2.076890233437158e-07
0 163 -1.650700018654264e+02 1.066306014077670e-16 2.277419861463524e+01
0 164 -1.615599852545972e+02 2.897490348049248e-06 7.995578286789552e+01
0 165 -1.599399979033663e+02 7.316069312763284e-16 9.833845526262338e+01
0 166 -1.577800028190981e+02 7.976354966214780e-13 1.079275840623431e+02
0 167 -1.502200060030940e+02 7.808445932902677e-05 7.148561464599052e+00
0 168 -1.496799987142215e+02 1.318799189658942e-12 6.399877078321414e+01
0 169 -1.459252620002732e+02 9.520424551108273e-05 1.555609853279227e-07
0 170 -1.399600068543789e+02 1.222987962883139e-14 6.903734497242590e+02
0 171 -1.339036904059740e+02 4.142818600666262e-13 1.747566105987406e+02
0 172 -1.291175167900670e+02 6.854349638078318e-13 1.251375090527046e+02
0 173 -1.251119412944721e+02 7.874771171196055e-05 5.764451365921349e+00
0 174 -1.199800026924431e+02 8.892799466077879e-05 -1.121293512639893e-04
0 175 -1.183599915891859e+02 6.542389657637271e-06 2.168950032562082e+01
0 176 -1.129599969847774e+02 1.507880173453403e-12 5.785750420848242e+01
0 177 -1.059400125219660e+02 1.161702062806696e-12 2.468014202736324e+01
0 178 -1.002215838775600e+02 1.621083499795162e-12 2.540549074918501e+01
0 179 -6.868000951634426e+01 6.770437862412189e-13 4.658779516202043e+01
0 180 4.390999960115878e+01 1.373524538500173e-16 5.225871714070367e+01
0 181 5.891102902829352e+01 2.138406331231130e-12 2.285201905197765e+01
0 182 6.308000549518119e+01 8.460860078138081e-06 3.189028541942897e+01
0 183 6.494608808022242e+01 6.721787860404417e-13 2.739818212217286e+01
0 184 6.712999830188279e+01 2.110395670988732e-16 3.082151306957546e+01
0 185 7.172000043755776e+01 2.131221144659875e-05 2.381453882942036e-05
0 186 7.360999766764803e+01 3.659124686176763e-16 2.804748442281277e+01
0 187 7.684999754214874e+01 2.635104646978226e-16 2.769304290243823e+01
0 188 7.765999617512054e+01 4.682074709173393e-13 2.711779877411246e+01
0 189 8.035999972740633e+01 1.035692219845184e-12 2.623272147433242e+01
0 190 8.144000116577621e+01 1.721391659271283e-05 -5.099189542389298e-05
0 191 8.222231525835259e+01 2.794066200692598e-05 2.089399882428010e+01
0 192 8.413034832210180e+01 1.117114358535224e-12 2.542756135964402e+01
0 193 8.575999066980944e+01 1.527883516841160e-12 4.843387212799140e+01
0 194 9.088648972121970e+01 6.474092706947531e-05 7.122166429794393e+00
0 195 9.493999821705428e+01 1.148878063536981e-12 6.053333546467211e+01
0 196 1.003399973918375e+02 1.989881531695461e-13 2.509738493087815e+01
0 197 1.033099959560075e+02 2.593092744774443e-16 2.601553372442360e+01
0 198 1.119123662256005e+02 2.207872823578622e-13 1.188088710960673e+02
0 199 1.154075188291473e+02 2.245688828773684e-12 3.811127604642675e+01
0 200 1.205482675121668e+02 5.340671858975474e-05 1.221147324760410e+01
0 201 1.235600016341902e+02 2.600772454650120e-13 3.075649425116383e+02
0 202 1.268000092239103e+02 3.809892747361854e-13 1.410212041052405e+02
0 203 1.297700051351258e+02 7.142518805901304e-08 3.407919535784711e+02
0 204 1.327198039918227e+02 4.684856608805237e-14 1.860403727087516e+03
0 205 1.359800035199442e+02 1.055862531602578e-13 6.835595677040309e+02
0 206 1.375999971015626e+02 5.780282702501795e-13 1.135584488438713e+02
0 207 1.397600001731355e+02 4.868972115873896e-13 8.195769509017880e+01
0 208 1.448900005448470e+02 2.005847390205832e-15 5.237948965123941e+01
0 209 1.473199934153104e+02 3.189851011627064e-13 1.819727084480058e+02
0 210 1.494800016093175e+02 3.498288734967300e-05 1.698021710687249e+01
0 211 1.505600069283356e+02 1.438557691509695e-12 4.189036985274960e+01
0 212 1.541705797435932e+02 4.378689431566526e-06 9.855087786638218e+01
0 213 1.555096250765025e+02 1.470211035853095e-05 5.573071550912452e+01
0 214 1.577984733524454e+02 3.166441815959437e-13 1.050539230347738e+02
0 215 1.616581691701688e+02 3.786119989385605e-13 9.066991862178172e+01
0 216 1.703337771075592e+02 6.922806655680278e-13 6.454955437697751e+01
0 217 1.792100190338640e+02 7.874666760519730e-13 2.873125664133894e+01
0 218 2.029399995500567e+02 1.735096568122672e-12 3.823347857157378e+01
0 219 3.021748592727284e+02 9.606181650973105e-06 3.896756145106976e+01
0 220 3.149899997924998e+02 1.865560814279267e-16 7.975497998614247e+01
0 221 3.232129830973388e+02 1.754206495949637e-05 7.093047449289472e+00
0 222 3.382099995701570e+02 7.105688804652432e-16 5.599729152228258e+01
0 223 3.543950330970904e+02 1.192115340310507e-12 4.225383163591388e+01
0 224 3.563000000710558e+02 1.928759270218267e-13 3.120357311865668e+01
0 225 3.592699994510655e+02 7.283831608941247e-16 3.960872816779480e+01
0 226 3.746600041780396e+02 3.001965768591629e-12 3.239547256869432e+01
0 227 3.757996223657908e+02 2.108715248145388e-12 3.186883922020974e+01
0 228 3.787178229752191e+02 4.441713930561315e-05 7.358482238311901e+00
0 229 3.814276272972482e+02 7.157816342440990e-13 4.873805577617745e+01
0 230 3.835699992294254e+02 2.321385321101214e-16 2.827214944533671e+01
0 231 3.858329404655341e+02 1.247203139445039e-12 5.389358460608450e+01
0 232 3.884300023598699e+02 8.387719188873780e-16 2.695749392303085e+01
0 233 3.903200019537247e+02 3.036834955081280e-05 2.682379424091663e+01
0 234 3.929259436389676e+02 4.531279930889863e-05 9.973472930044510e-07
0 235 3.945205409227570e+02 4.804930762061751e-14 6.590485161318367e+01
0 236 3.957200021593377e+02 4.410746758163279e-13 6.775521137286565e+01
0 237 3.986899985230122e+02 3.581354551363094e-16 2.436981468521788e+01
0 238 4.089010079313514e+02 4.423398572451060e-13 8.896858166534412e+01
0 239 4.119200045307435e+02 5.493114709849479e-13 9.964651349112651e+01
0 240 4.148509121798189e+02 1.806387260965667e-05 1.956769217637864e+01
0 241 4.181299995540896e+02 7.882464923361959e-16 2.814605109927295e+01
0 242 4.197499990364690e+02 3.088021679699976e-16 6.655011136551303e+01
0 243 4.246099995884528e+02 1.763447816822709e-16 7.029881720094870e+01
0 244 4.264512748556477e+02 2.894307057828903e-05 2.321096388587744e-06
