0 0 7.299978588391054e+00 9.219810973391751e-18 4.163760005267750e-02
1 0 2.684472848918053e+01 1.758613700575525e-16 3.160589910512802e-02
0 1 2.804003029091249e+01 8.425959681092594e-18 4.163939965800188e-02
2 0 3.294339360956146e+01 2.862491055082474e-16 2.306278974546452e-02
0 2 4.878002205622929e+01 8.445294184035714e-18 4.163909717380985e-02
0 3 6.952020365128554e+01 8.725145672102049e-18 4.163613204236458e-02
1 1 7.426983671418654e+01 1.471002700672915e-17 3.160492506198427e-02
0 4 9.026049542153153e+01 8.501505219057096e-18 4.163467767307841e-02
0 5 1.110014700714394e+02 1.391694865260435e-17 4.163206678175278e-02
1 2 1.216960863989814e+02 1.462380759807342e-17 3.160323544501193e-02
0 6 1.317419259728386e+02 8.417605924559134e-18 4.163203433280503e-02
0 7 1.524828077267074e+02 8.593268864578291e-18 4.163516004689585e-02
2 1 1.550112063056308e+02 7.394947289307173e-17 2.306279535278797e-02
1 3 1.691212073181237e+02 1.464759592674195e-17 3.160502012896316e-02
0 8 1.732230462130746e+02 8.450966541511133e-18 4.163678488791078e-02
0 9 1.939631637507712e+02 8.689924941609163e-18 4.163935237716825e-02
0 10 2.147031793399370e+02 2.898210306150783e-16 4.163912595797432e-02
1 4 2.165463744191559e+02 1.460707783393185e-17 3.160661217460124e-02
0 11 2.354432967871474e+02 8.415992656920130e-18 4.163718304504192e-02
0 12 2.561838836956010e+02 1.566477114594636e-16 4.163318733017426e-02
1 5 2.639711597685036e+02 1.462930319688257e-17 3.160458506658542e-02
0 13 2.769243019223480e+02 8.538619083261163e-18 4.163248583529316e-02
2 2 2.770787713177238e+02 5.746502979164788e-17 2.306310505737874e-02
0 14 2.976653715543158e+02 8.451032555037766e-18 4.163273649010615e-02
1 6 3.113962608307542e+02 2.933027448350190e-17 3.160372179432873e-02
0 15 3.184057544069884e+02 8.593477237513365e-18 4.163392176758037e-02
0 16 3.391462641873987e+02 8.449220838158563e-18 4.163796190314438e-02
1 7 3.588226574724090e+02 1.465785206692788e-17 3.160439090114838e-02
0 17 3.598863362291144e+02 8.869986908069315e-18 4.163941286256442e-02
0 18 3.806263133847976e+02 8.765249712172111e-18 4.163902567348685e-02
2 3 3.991466304955450e+02 2.744636693569962e-17 2.306333912799535e-02
0 19 4.013665223457393e+02 8.635085354985248e-18 4.163608508204440e-02
1 8 4.062478049582655e+02 7.495274801200959e-17 3.160609717490877e-02
0 20 4.221068015425363e+02 8.593415710293104e-18 4.163431730770793e-02
0 21 4.428477546407993e+02 8.416932417416952e-18 4.163205815565865e-02
1 9 4.536722714492601e+02 1.466074814852509e-17 3.160573182844609e-02
0 22 4.635882412932576e+02 8.762627442278899e-18 4.163232346305817e-02
0 23 4.843291284770340e+02 8.426448336917728e-18 4.163519665026751e-02
1 10 5.010975611608908e+02 1.460817393597137e-17 3.160422942964015e-02
0 24 5.050693451423561e+02 8.537456406720301e-18 4.163694258420935e-02
2 4 5.212142867258017e+02 2.774878266560661e-17 2.306188205371937e-02
0 25 5.258094641313905e+02 8.607066018455913e-18 4.163944012688411e-02
0 26 5.465494560650053e+02 8.513816143862428e-18 4.163877692755193e-02
1 11 5.485232241063530e+02 1.460823239809506e-17 3.160365366942293e-02
0 27 5.672895542725779e+02 8.592886098803256e-18 4.163712268166062e-02
0 28 5.880301953376022e+02 8.457241703938959e-18 4.163332784380083e-02
1 12 5.959491940188879e+02 1.470940340560043e-17 3.160517932057500e-02
0 29 6.087706313277143e+02 8.659416002621197e-18 4.163232234308199e-02
0 30 6.295116873076075e+02 8.416787062997916e-18 4.163286729237898e-02
1 13 6.433737296425891e+02 1.478244106158098e-17 3.160635684099749e-02
2 5 6.432820213532813e+02 2.749481467119163e-17 2.306215426214177e-02
0 31 6.502520782190696e+02 8.570674465285182e-18 4.163405163329956e-02
0 32 6.709925378203762e+02 9.346412633188355e-18 4.163781083945987e-02
1 14 6.907983725554064e+02 6.035141820832386e-16 3.160533507758692e-02
0 33 6.917325834326377e+02 8.425193359885640e-18 4.163957091837298e-02
0 34 7.124726012885175e+02 5.151724494113680e-16 4.163917830299938e-02
0 35 7.332128323116183e+02 8.451942052447747e-18 4.163582039610173e-02
1 15 7.382245851820120e+02 1.461629434992326e-17 3.160376373301080e-02
0 36 7.539531116436093e+02 8.451753687116875e-18 4.163428934675846e-02
2 6 7.653497061749987e+02 2.744317386551918e-17 2.306092350322190e-02
0 37 7.746940881437296e+02 4.455793895375333e-16 4.163201810008491e-02
1 16 7.856498689475195e+02 1.461835145478434e-17 3.160336122461833e-02
0 38 7.954345377815604e+02 8.417591738602107e-18 4.163212405973579e-02
0 39 8.161753993800639e+02 8.516081400631273e-18 4.163546486772200e-02
1 17 8.330751750080118e+02 3.794210699768324e-17 3.160657595453461e-02
0 40 8.369156492568795e+02 8.814597951781357e-18 4.163725059070014e-02
0 41 8.576557583110902e+02 8.588268825015956e-18 4.163934073825816e-02
0 42 8.783957504580485e+02 8.766714554996425e-18 4.163878771062742e-02
1 18 8.805000222702031e+02 1.462160149438172e-17 3.160602762837351e-02
2 7 8.874172396805114e+02 2.746920294761232e-17 2.306193069294778e-02
0 43 8.991358656689424e+02 8.472062970974791e-18 4.163692606098378e-02
0 44 9.198764861845714e+02 8.835937014565544e-18 4.163302298112165e-02
1 19 9.279248816598725e+02 1.520056941165512e-17 3.160422662023837e-02
0 45 9.406169229879571e+02 8.747258112816382e-18 4.163245783088403e-02
0 46 9.613580178826011e+02 9.145823899746198e-18 4.163307623555029e-02
1 20 9.753511676247493e+02 1.481310761383769e-17 3.160375608741572e-02
0 47 9.820983988523044e+02 8.746113203578805e-18 4.163405002545116e-02
0 48 1.002838840646027e+03 8.425741059672403e-18 4.163803660574517e-02
2 8 1.009484960594093e+03 2.743981335785549e-17 2.306191957486861e-02
1 21 1.022776401476743e+03 1.460782804497587e-17 3.160462660413061e-02
0 49 1.023578884468220e+03 8.592531853721768e-18 4.163948893960837e-02
0 50 1.044318862017875e+03 8.415603526777998e-18 4.163894020567658e-02
0 51 1.065059113515274e+03 8.906787438812835e-18 4.163590209169134e-02
1 22 1.070201440005174e+03 1.462696846866023e-17 3.160673464543378e-02
0 52 1.085799439354066e+03 8.449490926861004e-18 4.163425743999864e-02
0 53 1.106540416953205e+03 8.528769397522962e-18 4.163191602230952e-02
1 23 1.117626222351364e+03 5.905177817878671e-17 3.160421546919208e-02
0 54 1.127280869866043e+03 8.593794987541172e-18 4.163230098237260e-02
2 9 1.131552442296846e+03 2.752092625479006e-17 2.306244588143331e-02
0 55 1.148021713978142e+03 8.442258369058078e-18 4.163541464100880e-02
1 24 1.165051341383656e+03 1.465946408678903e-17 3.160411009393984e-02
0 56 1.168761914306381e+03 8.482115045823238e-18 4.163725208224400e-02
0 57 1.189502024702192e+03 8.415479960438627e-18 4.163960793697096e-02
0 58 1.210242056557195e+03 8.545575529303381e-18 4.163871478949643e-02
1 25 1.212477991531163e+03 5.292301979465414e-17 3.160481351929335e-02
0 59 1.230982166920966e+03 3.220982132073043e-16 4.163673532226682e-02
0 60 1.251722813092321e+03 8.429720100293577e-18 4.163306355694718e-02
2 10 1.253620267648403e+03 2.746112072145420e-17 2.306339937867294e-02
1 26 1.259902817404944e+03 1.460662497508576e-17 3.160561896187705e-02
0 61 1.272463244962459e+03 1.321073884998628e-16 4.163220427137310e-02
0 62 1.293204296228002e+03 8.538505905399148e-18 4.163307105781804e-02
1 27 1.307327280523833e+03 1.461620221035785e-17 3.160614245456280e-02
0 63 1.313944691795222e+03 8.552536125704111e-18 4.163442822772918e-02
0 64 1.334685146147608e+03 8.592694508715926e-18 4.163811589737804e-02
1 28 1.354752798552988e+03 1.464923524313362e-17 3.160358659192392e-02
0 65 1.355425169597997e+03 8.447626323707317e-18 4.163948794868933e-02
0 66 1.376165160229736e+03 8.512211165720245e-18 4.163898934975287e-02
2 11 1.375687986060749e+03 2.747123486889491e-17 2.306249788842361e-02
0 67 1.396905411959673e+03 8.770045831598106e-18 4.163552973382027e-02
1 29 1.402178379840699e+03 1.482382694836358e-17 3.160373067748393e-02
0 68 1.417645709268779e+03 8.731106918234773e-18 4.163410949162501e-02
0 69 1.438386724370323e+03 8.593818531339565e-18 4.163217718065698e-02
1 30 1.449604235297996e+03 1.466717352058089e-17 3.160508141769051e-02
0 70 1.459127201393792e+03 8.416881554274737e-18 4.163228952082827e-02
