1 0 1.294724128890885e+00 5.824163390964349e-18 6.168226078109475e-02
1 1 9.077772849409138e+00 4.958804348402690e-18 6.169371059243463e-02
0 0 1.257708566392403e+01 6.880890147402087e-18 5.179796168609404e-02
1 2 1.686031475466281e+01 4.932616390049129e-18 6.169306844448215e-02
1 3 2.464288013239399e+01 5.294226027683222e-18 6.168045670731295e-02
0 1 2.571388297884434e+01 6.957877245074791e-18 5.180307839146440e-02
1 4 3.242514420839775e+01 8.890083083256743e-18 6.167748721826565e-02
0 2 3.885067149927290e+01 6.682031491464357e-18 5.180342419776558e-02
1 5 4.020744958978163e+01 6.896983201790344e-17 6.168044799501898e-02
1 6 4.799019465167620e+01 4.825317817175501e-18 6.169403069065267e-02
0 3 5.198734168889302e+01 6.865538476226359e-18 5.179764147342509e-02
1 7 5.577274340851957e+01 4.677115453978924e-18 6.169420588203710e-02
1 8 6.355562522849875e+01 4.894651924452133e-18 6.168093272216123e-02
0 4 6.512390933349090e+01 7.107386031159314e-18 5.180340078053564e-02
1 9 7.133796196779937e+01 4.959884332555029e-18 6.167804668667120e-02
0 5 7.826071179694209e+01 6.694524537818475e-18 5.180259349260114e-02
1 10 7.912019723676687e+01 5.391127688920673e-18 6.168093738375369e-02
1 11 8.690264136325365e+01 5.097946800728447e-18 6.169181359319622e-02
0 6 9.139758649602207e+01 6.892137399254415e-18 5.179843794970718e-02
1 12 9.468517425645177e+01 5.823519298309223e-18 6.169279396210692e-02
1 13 1.024683281114957e+02 4.913291910341097e-18 6.168359908081305e-02
0 7 1.045339412219797e+02 7.485052646709075e-18 5.180253503070813e-02
1 14 1.102507368175688e+02 6.068508228157481e-18 6.168105247295385e-02
0 8 1.176708136417086e+02 6.915733557484778e-18 5.180073747154974e-02
1 15 1.180329234694906e+02 5.340469830665258e-18 6.168304814110848e-02
1 16 1.258151666730441e+02 3.667644340630043e-17 6.168771055027654e-02
0 9 1.308077774013407e+02 6.877515253215886e-18 5.180004130462359e-02
1 17 1.335976620030672e+02 6.849345634608683e-18 6.168942655132581e-02
1 18 1.413809489348494e+02 5.142056904256641e-18 6.168756947912729e-02
0 10 1.439440248762275e+02 1.085138142426589e-16 5.180087720143475e-02
1 19 1.491634201080983e+02 5.582820339931238e-18 6.168555893146332e-02
0 11 1.570809806234698e+02 6.645344266209901e-18 5.179992873840312e-02
1 20 1.569456187191167e+02 5.289898001593897e-18 6.168377534807563e-02
1 21 1.647278000364109e+02 6.785730871724958e-18 6.168299981785801e-02
0 12 1.702178938596455e+02 7.324249676525585e-18 5.180183804826081e-02
1 22 1.725102394824584e+02 6.422850069474498e-17 6.168532640474932e-02
1 23 1.802934742993749e+02 4.888445564987621e-18 6.169145911216875e-02
0 13 1.833541836604797e+02 1.453972200097521e-17 5.179909114958029e-02
1 24 1.880759919068001e+02 4.898832615027680e-18 6.169013280649694e-02
1 25 1.958583275257276e+02 4.678172436845091e-18 6.168181454873833e-02
0 14 1.964911181493494e+02 6.935977359308810e-18 5.180182427455682e-02
1 26 2.036405371516273e+02 4.835938120096534e-18 6.167916089100994e-02
0 15 2.096279455223480e+02 6.802811987394616e-18 5.180313228011554e-02
1 27 2.114229078847870e+02 8.046801174130764e-18 6.168192245777001e-02
1 28 2.192059239132453e+02 7.787245838413668e-18 6.169386948203248e-02
0 16 2.227644095647034e+02 6.738476708967653e-18 5.179787164769251e-02
1 29 2.269884678328420e+02 5.077271771854657e-18 6.169332303612540e-02
1 30 2.347710696283145e+02 5.188804318171599e-18 6.168036881416124e-02
0 17 2.359011821758955e+02 6.632412119389059e-18 5.180319528331628e-02
1 31 2.425533419383036e+02 4.876539311046395e-18 6.167739975299526e-02
0 18 2.490379689994864e+02 6.833297926402992e-18 5.180338882092571e-02
1 32 2.503356384749840e+02 6.034024300728709e-18 6.168036957252565e-02
1 33 2.581183454569541e+02 1.695413811849477e-17 6.169388103631639e-02
0 19 2.621746668729940e+02 7.485483367863297e-18 5.179768760746173e-02
1 34 2.659008935664869e+02 5.146036438624303e-18 6.169415373584872e-02
1 35 2.736838122625139e+02 5.942992683092707e-18 6.168112837896952e-02
0 20 2.753112064613312e+02 6.819747870258164e-18 5.180336374911059e-02
1 36 2.814661577163563e+02 5.824447312690538e-18 6.167827506918595e-02
0 21 2.884480143962294e+02 6.818749543312558e-18 5.180241178590153e-02
1 37 2.892483854804641e+02 5.824309790508337e-18 6.168111786281610e-02
1 38 2.970307991033202e+02 5.338768668899706e-18 6.169139008175697e-02
0 22 3.015849072342377e+02 7.548733075899973e-18 5.179860407492149e-02
1 39 3.048133286171022e+02 5.908809072914197e-18 6.169246288079806e-02
1 40 3.125965070517025e+02 5.744267622377861e-18 6.168401211583786e-02
0 23 3.147212423882323e+02 6.834510523139511e-18 5.180237310252390e-02
1 41 3.203789237835264e+02 5.015426041340384e-18 6.168152168433982e-02
0 24 3.278581252985289e+02 6.632690274074378e-18 5.180049620367339e-02
1 42 3.281611073805025e+02 4.678122903425765e-18 6.168327615068615e-02
1 43 3.359433363843989e+02 4.829827530708429e-18 6.168714018542135e-02
0 25 3.409950898466793e+02 6.738024456234471e-18 5.180026586049265e-02
1 44 3.437258258871039e+02 1.449680084452993e-17 6.168893613078708e-02
1 45 3.515091165549987e+02 1.580480471718815e-17 6.168805160227391e-02
0 26 3.541313343048502e+02 6.677703641426560e-18 5.180066021408777e-02
1 46 3.592915941826894e+02 5.285284545648793e-18 6.168611602954811e-02
0 27 3.672682951713213e+02 6.752919694827291e-18 5.180009290340037e-02
1 47 3.670738016742559e+02 6.490197748615301e-18 6.168362345902502e-02
1 48 3.748559829707809e+02 5.940412616210611e-18 6.168245713833439e-02
0 28 3.804051975283892e+02 7.715358434599577e-18 5.180203686076159e-02
1 49 3.826384147566059e+02 5.148140295268231e-18 6.168484492421225e-02
1 50 3.904216312110911e+02 1.157522541038047e-16 6.169183384146939e-02
0 29 3.935415020736874e+02 6.994008319938668e-18 5.179890628281488e-02
1 51 3.982041530818377e+02 6.034290164176151e-18 6.169059617248406e-02
1 52 4.059865148060131e+02 4.942524433086056e-18 6.168152829263279e-02
0 30 4.066784236854035e+02 6.724797749521784e-18 5.180205096687735e-02
1 53 4.137687305297724e+02 4.951542109279144e-18 6.167881199519622e-02
0 31 4.198152435203953e+02 5.612806576503129e-17 5.180322801518274e-02
1 54 4.215510925127781e+02 6.714289733175018e-18 6.168160961164319e-02
1 55 4.293340746197925e+02 8.764089232697848e-18 6.169399285808079e-02
0 32 4.329517339644206e+02 6.632891678604220e-18 5.179779205532480e-02
1 56 4.371166202047677e+02 1.551236919876593e-17 6.169354303995679e-02
1 57 4.448992592419507e+02 4.678204499842550e-18 6.168031032426896e-02
0 33 4.460884806975906e+02 6.632397859828496e-18 5.180329110127251e-02
1 58 4.526815398195779e+02 5.824504754952909e-18 6.167735017100927e-02
0 34 4.592252668778924e+02 7.118113220913796e-18 5.180333685001227e-02
1 59 4.604638275302511e+02 5.009664909096224e-18 6.168032093314100e-02
1 60 4.682464968669805e+02 5.131665421959660e-18 6.169369471035486e-02
0 35 4.723619917927952e+02 7.217155678744846e-18 5.179774492151028e-02
1 61 4.760290438850914e+02 7.300835495780579e-17 6.169406483531916e-02
1 62 4.838119986407917e+02 1.477912227973068e-17 6.168135420359608e-02
0 36 4.854985036989534e+02 6.645512105067995e-18 5.180331022275891e-02
1 63 4.915943527438584e+02 5.411941138783297e-18 6.167853745108607e-02
0 37 4.986353180701028e+02 6.632532762370175e-18 5.180221277434544e-02
1 64 4.993765732341619e+02 4.739695301432300e-18 6.168131399036242e-02
1 65 5.071589581225743e+02 4.742510638456691e-18 6.169094146683244e-02
0 38 5.117722270616686e+02 7.444521025182420e-18 5.179877700057492e-02
1 66 5.149414839020218e+02 4.677262532257425e-18 6.169210516313657e-02
1 67 5.227246847495068e+02 1.057629313843042e-16 6.168444224815107e-02
0 39 5.249085443751885e+02 6.680872448781008e-18 5.180220208449699e-02
1 68 5.305071093673192e+02 5.824215090566382e-18 6.168201005595080e-02
0 40 5.380454380577072e+02 7.160945899881089e-18 5.180026120241987e-02
1 69 5.382892907580308e+02 4.936981258682431e-18 6.168347749225599e-02
1 70 5.460715076691514e+02 4.677725311524123e-18 6.168656376259078e-02
0 41 5.511824010945688e+02 7.039436010645491e-18 5.180048969062807e-02
1 71 5.538539911113338e+02 6.593092120145875e-18 6.168843747479290e-02
1 72 5.616372828126428e+02 1.041457870400952e-17 6.168853018063363e-02
0 42 5.643186449022787e+02 6.665476294118225e-18 5.180044306544604e-02
1 73 5.694197666509385e+02 8.368350021223118e-18 6.168667111432592e-02
0 43 5.774556092054189e+02 6.774988632435740e-18 5.180028879573686e-02
1 74 5.772019851057873e+02 4.872416644528673e-18 6.168342865111613e-02
1 75 5.849841673498261e+02 6.597733037341679e-18 6.168192945572024e-02
0 44 5.905925001802854e+02 6.786346249860543e-18 5.180222738419205e-02
1 76 5.927665913133460e+02 6.813587093428339e-18 6.168437534391362e-02
1 77 6.005497871852700e+02 4.677256346454373e-18 6.169218431945581e-02
0 45 6.037288215119877e+02 6.632792694049452e-18 5.179872884723621e-02
1 78 6.083323129424019e+02 5.524720002381315e-16 6.169103699210811e-02
1 79 6.161147027669940e+02 8.464360125618940e-18 6.168125141209538e-02
0 46 6.168657283892762e+02 7.485152582166906e-18 5.180224454656001e-02
1 80 6.238969247891553e+02 6.569954287032409e-18 6.167849451232587e-02
0 47 6.300025410898979e+02 6.912560634560161e-18 5.180331118343931e-02
1 81 6.316792779385194e+02 6.968204333222936e-18 6.168132318707644e-02
1 82 6.394622250745850e+02 7.111352128550987e-18 6.169408043571304e-02
0 48 6.431390588110903e+02 6.632902001063387e-18 5.179772356487159e-02
1 83 6.472447719692643e+02 5.321294090493994e-18 6.169372765399684e-02
1 84 6.550274488301160e+02 4.826873836747175e-17 6.168028635611204e-02
0 49 6.562757787135118e+02 7.060417365601461e-18 5.180335635602095e-02
1 85 6.628097377489562e+02 5.344857585761241e-18 6.167733865257856e-02
0 50 6.694125651261096e+02 6.778067019461369e-18 5.180327397547167e-02
1 86 6.705920166745065e+02 4.744943420907484e-18 6.168030107488443e-02
1 87 6.783746488247300e+02 6.589944836548537e-18 6.169347304551887e-02
0 51 6.825493163966703e+02 6.746712056199385e-18 5.179781301621130e-02
1 88 6.861571944652911e+02 5.271135886146610e-18 6.169393990293136e-02
1 89 6.939401841462130e+02 7.033429403058025e-18 6.168161605552476e-02
0 52 6.956858010294625e+02 6.786968297136820e-18 5.180323305701509e-02
1 90 7.017225469578327e+02 7.061435229416262e-18 6.167883263280712e-02
0 53 7.088226228708673e+02 6.774110072419066e-18 5.180201371866174e-02
1 91 7.095047604637299e+02 5.073705816490079e-18 6.168152213781005e-02
1 92 7.172871184004224e+02 5.823685971642446e-18 6.169046946853997e-02
0 54 7.219595459537012e+02 6.636177857800631e-18 5.179895543506696e-02
1 93 7.250696401808233e+02 5.823582159373619e-18 6.169172274916170e-02
1 94 7.328528611279954e+02 4.746780758085836e-18 6.168488980247228e-02
0 55 7.350958469821370e+02 6.632462452010881e-18 5.180202037602430e-02
1 95 7.406352935184121e+02 5.824183619146145e-18 6.168251536384206e-02
0 56 7.482327520317591e+02 6.959942487055829e-18 5.180006678882391e-02
1 96 7.484174737061356e+02 1.426824170239194e-17 6.168364715037102e-02
1 97 7.561996805303236e+02 6.042479557358493e-18 6.168598363685550e-02
0 57 7.613697111606601e+02 6.680412687829098e-18 5.180071103255572e-02
1 98 7.639821576923578e+02 4.739910108741152e-18 6.168793303005479e-02
1 99 7.717654477279829e+02 5.444561197636984e-18 6.168900258927525e-02
0 58 7.745059563423602e+02 6.795436509220745e-18 5.180023196745297e-02
1 100 7.795479375223936e+02 6.316075832437008e-18 6.168722167902933e-02
1 101 7.873301690217355e+02 2.267183548473148e-17 6.168319669419507e-02
0 59 7.876429221793768e+02 7.142549683219019e-18 5.180052047456438e-02
1 102 7.951123531288288e+02 5.824252035074855e-18 6.168141901575967e-02
0 60 8.007798018674239e+02 6.709007564991417e-18 5.180240794286720e-02
1 103 8.028947691131148e+02 5.120945850309141e-18 6.168391970987934e-02
1 104 8.106779421756412e+02 4.970054124593164e-18 6.169250952518297e-02
0 61 8.139161416338234e+02 7.000879086289936e-18 5.179857331082135e-02
1 105 8.184604715553667e+02 4.677342028844635e-18 6.169145334390347e-02
1 106 8.262428907618497e+02 5.376441034679107e-18 6.168102469616141e-02
0 62 8.270530320705504e+02 6.632507670664546e-18 5.180243757068962e-02
1 107 8.340251198427845e+02 5.261769572195163e-18 6.167820977835178e-02
0 63 8.401898382971058e+02 6.920760080989040e-18 5.180338075157954e-02
1 108 8.418074640858310e+02 5.493455218380598e-18 6.168106395489293e-02
1 109 8.495903753006476e+02 5.823445088323130e-18 6.169413190133531e-02
0 64 8.533263838871259e+02 7.003322830553269e-18 5.179768661523008e-02
1 110 8.573729232269097e+02 6.737728373349157e-18 6.169387625418300e-02
1 111 8.651556378778923e+02 5.263670699117680e-18 6.168031907196068e-02
0 65 8.664630764091810e+02 1.808673141953239e-17 5.180340987280389e-02
1 112 8.729379356227678e+02 5.363912020451796e-18 6.167736521295451e-02
0 66 8.795998637902840e+02 6.727364439311091e-18 5.180320030482077e-02
1 113 8.807202058305360e+02 1.298515225480846e-17 6.168030877825106e-02
1 114 8.885028014241910e+02 5.302116507311877e-18 6.169321676254497e-02
0 67 8.927366406830345e+02 6.632878599603668e-18 5.179791019667219e-02
1 115 8.962853454054948e+02 5.165766054270673e-18 6.169377983122486e-02
1 116 9.040683687388200e+02 4.741771511241398e-18 6.168190901302928e-02
0 68 9.058730988272374e+02 7.485009060145520e-18 5.180314215788362e-02
1 117 9.118507402691575e+02 5.824392287916108e-18 6.167915926710165e-02
0 69 9.190099287690931e+02 6.681719787725746e-18 5.180181662083642e-02
1 118 9.196329473375929e+02 3.387144919493153e-17 6.168174986175434e-02
1 119 9.274152799988439e+02 4.677458561890614e-18 6.168997600907231e-02
0 70 9.321468641089183e+02 6.632748060923513e-18 5.179915210412186e-02
1 120 9.351977975174251e+02 4.677320333579590e-18 6.169131768075880e-02
1 121 9.429810361988182e+02 5.641676640471896e-18 6.168534892444402e-02
0 71 9.452831506320837e+02 6.632480188540688e-18 5.180182937007079e-02
1 122 9.507634761925831e+02 5.824151244212069e-18 6.168303530806435e-02
0 72 9.584200669024657e+02 7.071811462049806e-18 5.179991765638354e-02
1 123 9.585456566406945e+02 5.212709088555948e-18 6.168376335848728e-02
1 124 9.663278549740237e+02 5.246356775677397e-18 6.168540226420272e-02
0 73 9.715570203827466e+02 6.832081473462276e-18 5.180093511551498e-02
1 125 9.741103256398227e+02 5.178348402734083e-18 6.168742524583174e-02
1 126 9.818936112945512e+02 4.888685915908432e-18 6.168946621713003e-02
0 74 9.846932689756848e+02 6.742858559387376e-18 5.180001958095824e-02
1 127 9.896761068136121e+02 4.905984354043687e-18 6.168776524204368e-02
1 128 9.974583527835282e+02 5.281773546579032e-18 6.168294797136020e-02
0 75 9.978302338410678e+02 7.992099877096017e-18 5.180078327124629e-02
1 129 1.005240540257264e+03 5.316042574814612e-18 6.168092798968729e-02
0 76 1.010967102973393e+03 6.817309487319757e-18 5.180257586781693e-02
1 130 1.013022948110971e+03 8.119856085009074e-18 6.168347996664001e-02
1 131 1.020806096254169e+03 7.439719221936650e-18 6.169280753016141e-02
0 77 1.024103462621690e+03 6.632824676336671e-18 5.179842447234721e-02
1 132 1.028588628992762e+03 5.160842114057145e-18 6.169184342990401e-02
1 133 1.036371078875219e+03 4.678206234525405e-18 6.168083491452894e-02
0 78 1.037240334713439e+03 6.789851442948622e-18 5.180262838275970e-02
1 134 1.044153315600361e+03 4.870517120218481e-18 6.167795898877886e-02
0 79 1.050377135458815e+03 6.632355111810709e-18 5.180342665747547e-02
1 135 1.051935650943884e+03 8.108688806128653e-18 6.168083618992112e-02
1 136 1.059718525400117e+03 5.357283658665563e-18 6.169414663000937e-02
0 80 1.063513709150374e+03 7.690921262737909e-18 5.179766107274283e-02
1 137 1.067501074079485e+03 4.745226179823707e-18 6.169398839671296e-02
1 138 1.075283826740359e+03 5.661113501635246e-18 6.168038080916681e-02
0 81 1.076650373837642e+03 6.983278630949541e-18 5.180345170548644e-02
1 139 1.083066133337317e+03 4.678432959843578e-18 6.167742970160536e-02
0 82 1.089787162995987e+03 6.827784829212486e-18 5.180309806746425e-02
1 140 1.090848395351115e+03 5.064303360455858e-18 6.168037097449215e-02
1 141 1.098630954761159e+03 5.252403644657436e-18 6.169292674379943e-02
0 83 1.102923964416093e+03 7.201056241913111e-18 5.179801959728503e-02
1 142 1.106413496801058e+03 4.995003685165721e-18 6.169358567656245e-02
1 143 1.114196552434251e+03 5.824164881053033e-18 6.168222707271119e-02
0 84 1.116060397161987e+03 7.463088167034315e-18 5.180303867740739e-02
1 144 1.121978932592418e+03 4.908224140611448e-18 6.167951586459217e-02
0 85 1.129197235526743e+03 6.959665639264117e-18 5.180159217578489e-02
1 145 1.129761134343017e+03 5.232652027322846e-18 6.168202960060890e-02
1 146 1.137543442974304e+03 4.677498772322646e-18 6.168946311328226e-02
0 86 1.142334181224607e+03 1.406330991562104e-17 5.179935641046426e-02
1 147 1.145325955969721e+03 8.359934979276577e-18 6.169089209080040e-02
1 148 1.153109209929822e+03 6.298272153335184e-18 6.168581740622309e-02
0 87 1.155470455374390e+03 7.718222309307989e-18 5.180163081520931e-02
1 149 1.160891657352064e+03 5.418405093023580e-18 6.168356752332326e-02
0 88 1.168607382194721e+03 6.822851871368001e-18 5.179982122906614e-02
1 150 1.168673839362073e+03 4.919726465566669e-18 6.168382418339022e-02
1 151 1.176456030999637e+03 6.265574807298312e-18 6.168482211025097e-02
0 89 1.181744328515015e+03 7.995258954111957e-18 5.180115843241224e-02
1 152 1.184238494947941e+03 8.299752270770222e-18 6.168691681122770e-02
1 153 1.192021773538069e+03 5.190640156825074e-18 6.168991858613548e-02
0 90 1.194880582811121e+03 6.798180153778554e-18 5.179980766034282e-02
1 154 1.199804274548024e+03 4.746145383414322e-18 6.168829935867203e-02
1 155 1.207586537098702e+03 5.906409321464319e-18 6.168268073307766e-02
0 91 1.208017544244677e+03 6.632645147031653e-18 5.180104873578204e-02
1 156 1.215368728678987e+03 5.041710518719096e-18 6.168045846484239e-02
0 92 1.221154403396739e+03 9.033839349280313e-18 5.180273345436136e-02
1 157 1.223151128327311e+03 4.696108903736410e-18 6.168306227649403e-02
1 158 1.230934249498327e+03 5.823502983759266e-18 6.169307652849412e-02
0 93 1.234290784443195e+03 7.452492929369015e-18 5.179828351601119e-02
1 159 1.238716785331364e+03 7.040000370693718e-18 6.169220558472403e-02
1 160 1.246499267399152e+03 4.886146909494203e-18 6.168066341785142e-02
0 94 1.247427636338079e+03 6.689539941600825e-18 5.180280570569099e-02
1 161 1.254281511968603e+03 4.909841798894786e-18 6.167774319373202e-02
0 95 1.260564432646685e+03 6.632356419678160e-18 5.180345407177300e-02
1 162 1.262063838583947e+03 4.941099779139644e-18 6.168065099395718e-02
1 163 1.269846675476839e+03 4.853937674840959e-18 6.169412417628108e-02
0 96 1.273701034546921e+03 8.107708236766424e-18 5.179764699588153e-02
1 164 1.277629224629437e+03 3.296488230404172e-17 6.169406381928282e-02
1 165 1.285412015334302e+03 6.127113683379479e-18 6.168047225648435e-02
0 97 1.286837671011981e+03 6.663689413943920e-18 5.180347894536957e-02
1 166 1.293194330789303e+03 4.678425099900078e-18 6.167753180207444e-02
0 98 1.299974462956727e+03 7.082252609233852e-18 5.180297123436339e-02
1 167 1.300976584844075e+03 4.678214792222573e-18 6.168047303510244e-02
1 168 1.308759108928727e+03 5.397103069609286e-18 6.169260403445397e-02
0 99 1.313111287538241e+03 8.145816692178176e-18 5.179813871427824e-02
1 169 1.316541648697146e+03 7.060308614960397e-18 6.169335834808441e-02
1 170 1.324324735160440e+03 5.367646777857640e-18 6.168256905537460e-02
0 100 1.326247696069398e+03 6.644753217731362e-18 5.180292339262939e-02
1 171 1.332107123846333e+03 4.747208876302546e-18 6.167990080007500e-02
0 101 1.339384543394683e+03 6.632619204104099e-18 5.180133759725349e-02
1 172 1.339889320584949e+03 4.995083679685471e-18 6.168230713899667e-02
1 173 1.347671607377514e+03 6.042678062437263e-18 6.168893289942808e-02
0 102 1.352521497233496e+03 7.762600430977669e-18 5.179956429219961e-02
1 174 1.355454115509220e+03 5.065303771432167e-18 6.169044757350307e-02
1 175 1.363237382295221e+03 5.823909248633476e-18 6.168629296110548e-02
0 103 1.365657761247797e+03 6.632532149231876e-18 5.180142649803771e-02
1 176 1.371019836965743e+03 9.859710386174327e-18 6.168410958994952e-02
0 104 1.378794697731653e+03 6.783660967112860e-18 5.179978978173199e-02
1 177 1.378802021850566e+03 4.884456088156271e-18 6.168383555250860e-02
1 178 1.386584208599855e+03 5.199138672281501e-18 6.168424563908623e-02
0 105 1.391931635475590e+03 7.187731927126534e-18 5.180137740287643e-02
1 179 1.394366665610263e+03 6.325049144731918e-18 6.168641081842267e-02
1 180 1.402149934491272e+03 6.497241455463836e-18 6.169035725064317e-02
0 106 1.405067897846989e+03 6.706972836535800e-18 5.179959795563405e-02
1 181 1.409932440755826e+03 8.848775701045672e-17 6.168882163279967e-02
1 182 1.417714722030633e+03 4.678155731692774e-18 6.168240015033537e-02
0 107 1.418204853997355e+03 6.787616513443241e-18 5.180127555560773e-02
1 183 1.425496918332498e+03 5.634552462515223e-18 6.168001243573815e-02
0 108 1.431341703044607e+03 7.086669556650303e-18 5.180288031572256e-02
1 184 1.433279309669946e+03 6.165658807678217e-18 6.168266683250817e-02
1 185 1.441062401990777e+03 4.677175046484210e-18 6.169331484740385e-02
0 109 1.444478107058879e+03 6.646441440992372e-18 5.179815158003778e-02
1 186 1.448844940592562e+03 2.075832963704385e-17 6.169253830191338e-02
1 187 1.456627456282531e+03 1.587237372078820e-16 6.168051311138218e-02
0 110 1.457614937204823e+03 7.036177683700092e-18 5.180294206926164e-02
