0.000295994511
0.9210
2.04987783521e-05
12.7268478228 0.03195219785697092 90 0  39.73750960059306 101.72070435958767
2.26090568449e-05
22.1679426424 0.024494979887169133 90 0  322.05326733857095 237.07994804225063
2.85987714371e-05
31.2632835492 0.047347258127724653 90 0  48.7964993687259 66.02629914922773
1.81048724223e-05
45.6171854722 0.012093880476864763 90 0  128.72463063241577 345.2654388680246
2.39203956534e-05
115.669489816 0.027612274656030104 90 0  247.95855639728774 27.91215709730818
