0 0 1.598440991238850e+00 2.364707558923592e-18 7.039018394050620e-02
1 0 2.393350415420732e+00 2.845860165464732e-18 6.435776020424476e-02
0 1 4.742218070199608e+00 2.334748184270824e-18 7.038513016664957e-02
1 1 7.240218227782508e+00 2.979083037501239e-18 6.435641753333161e-02
2 0 7.421182272891943e+00 4.404893196092557e-14 4.148512072665587e-02
0 2 7.885864889923075e+00 2.428180248830874e-18 7.039119718881466e-02
0 3 1.102991736060447e+01 2.550588806935756e-18 7.040807851076362e-02
1 2 1.208688769629150e+01 3.080774833032166e-18 6.434136550730518e-02
0 4 1.417383896493206e+01 2.425230799901767e-18 7.040549059629762e-02
1 3 1.693384708025340e+01 3.233321727784909e-18 6.433509392202467e-02
0 5 1.731754187523828e+01 2.614780452415398e-18 7.040946571411527e-02
0 6 2.046186885207499e+01 2.554173116319066e-18 7.043215031705533e-02
1 4 2.177980713885728e+01 2.683927682369558e-14 6.431963925198333e-02
2 1 2.200366215898947e+01 6.396624099214322e-18 4.148334684546398e-02
0 7 2.360628146404569e+01 2.840687900720449e-18 7.043019657729695e-02
1 5 2.662571403314117e+01 6.107012280009706e-14 6.431133485290733e-02
0 8 2.675046298093736e+01 2.421738644275421e-18 7.043095835082508e-02
0 9 2.989557705435220e+01 2.575934898911654e-18 7.044787910422734e-02
1 6 3.146997872468863e+01 2.847827328363761e-18 6.430054564360072e-02
0 10 3.304090418168520e+01 2.552004550374591e-18 7.044708263511150e-02
0 11 3.618634134131133e+01 2.893688266774218e-18 7.040757279431949e-02
1 7 3.631374928509775e+01 1.303652109986155e-17 6.433644971169211e-02
2 2 3.658605256473662e+01 3.596992933584209e-14 4.148658976388466e-02
0 12 3.933153938669084e+01 2.365755940995426e-18 7.040334869237717e-02
1 8 4.115741939863947e+01 2.952073160748842e-18 6.434139629720395e-02
0 13 4.247696972104862e+01 2.257490579745074e-18 7.040623487508837e-02
0 14 4.562293466663205e+01 2.401244005312388e-18 7.037262371587394e-02
1 9 4.600061323132407e+01 2.898510803444374e-18 6.437235206276845e-02
0 15 4.876724452629714e+01 2.367398856277280e-18 7.036745477856679e-02
1 10 5.084620922923367e+01 2.105635721366783e-14 6.437754971866631e-02
2 3 5.116839362577578e+01 8.400342904973010e-18 4.148618955039416e-02
0 16 5.191165690892633e+01 2.291968453568001e-18 7.037196693697927e-02
0 17 5.505646090799695e+01 2.291856137458089e-18 7.036972902767359e-02
1 11 5.569158334333596e+01 2.974353484258695e-18 6.437711305120208e-02
0 18 5.820033024018702e+01 2.498160850303853e-18 7.036586465196712e-02
1 12 6.053841112905376e+01 2.914456738588998e-18 6.437687286454256e-02
0 19 6.134414953786946e+01 2.496372785541374e-18 7.037045542459924e-02
0 20 6.448831651171051e+01 2.397181531835061e-18 7.038294715232757e-02
1 13 6.538506483340858e+01 3.468026667274501e-18 6.436913736046529e-02
2 4 6.575059172807900e+01 3.898383256296820e-14 4.148540795489132e-02
0 21 6.763212219371697e+01 2.437010211669272e-18 7.037856152477867e-02
1 14 7.023200415625453e+01 2.906435166365495e-18 6.436257178791432e-02
0 22 7.077574942947786e+01 2.366756935018338e-18 7.038420596387965e-02
0 23 7.391987528497822e+01 2.265897853774418e-18 7.040456962129719e-02
1 15 7.507878713481374e+01 5.806569745824496e-14 6.434827608415705e-02
0 24 7.706395050502810e+01 2.266086551709093e-18 7.040080043128658e-02
1 16 7.992541810382991e+01 1.935596005023415e-14 6.434340988254729e-02
0 25 8.020778663409435e+01 2.387888186484794e-18 7.040514026005625e-02
2 5 8.033275214926928e+01 6.464153560237655e-18 4.148843620804299e-02
0 26 8.335238541645710e+01 2.599898135366520e-18 7.042740602818556e-02
1 17 8.477076440706524e+01 3.158338139617004e-18 6.432374344545816e-02
0 27 8.649712744823202e+01 2.265407533652604e-18 7.042701968003547e-02
0 28 8.964170761064062e+01 2.648742120093452e-18 7.042044583070678e-02
1 18 8.961628818147047e+01 3.964843168661790e-18 6.432235133117607e-02
0 29 9.278709558619040e+01 2.583671145808832e-18 7.042639365005104e-02
1 19 9.445976208058912e+01 2.964695900992631e-18 6.432475662085160e-02
2 6 9.491485907636066e+01 3.745649146441287e-14 4.148667914254830e-02
0 30 9.593274066029588e+01 2.256890829315123e-18 7.042755949104335e-02
0 31 9.907875061191302e+01 2.371530338089602e-18 7.037589293496624e-02
1 20 9.930255429351794e+01 3.112085452980901e-18 6.436983932910530e-02
0 32 1.022235602501422e+02 2.373035572151328e-18 7.037223090770181e-02
1 21 1.041473352474294e+02 1.739894303323637e-14 6.437677400142901e-02
0 33 1.053685534454221e+02 2.375146734235763e-18 7.037435808399080e-02
0 34 1.085140180209268e+02 2.379571381929054e-18 7.035636527957752e-02
1 22 1.089914542421387e+02 2.900529464657884e-18 6.439478825752921e-02
2 7 1.094968520256341e+02 9.182645357321260e-18 4.148727865418630e-02
0 35 1.116580758729042e+02 2.411324249318442e-18 7.035120996838461e-02
1 23 1.138376547623848e+02 2.983316073036160e-18 6.439457518183579e-02
0 36 1.148021716933215e+02 2.377071050924184e-18 7.035632121414327e-02
0 37 1.179466465448643e+02 2.291499464636695e-18 7.036145524872414e-02
1 24 1.186839963712438e+02 3.528794334311089e-18 6.439205992470455e-02
0 38 1.210904280300290e+02 2.387827828013137e-18 7.035610980810833e-02
1 25 1.235309480043398e+02 3.127236347789142e-18 6.439128214701711e-02
2 8 1.240788500825044e+02 4.111870291721509e-14 4.148934932895590e-02
0 39 1.242341068754304e+02 2.654458593504055e-18 7.036224066582358e-02
0 40 1.273781708869871e+02 2.291445815409423e-18 7.037727415960586e-02
1 26 1.283777913478619e+02 4.962304771260122e-15 6.437739461051134e-02
0 41 1.305220287634053e+02 2.930931840420193e-18 7.037434751116604e-02
1 27 1.332249760891409e+02 1.250499739681794e-14 6.437334148590067e-02
0 42 1.336656869762376e+02 2.399330922823274e-18 7.037887839784687e-02
0 43 1.368099139276377e+02 2.364331079936971e-18 7.040071990886101e-02
1 28 1.380713166861167e+02 3.207594983988987e-18 6.435814489881407e-02
2 9 1.386607872608942e+02 6.426829743504275e-18 4.148678548984909e-02
0 44 1.399541843954442e+02 2.291355063336174e-18 7.039852626233516e-02
1 29 1.429176353205496e+02 3.212384748300009e-18 6.434950195105557e-02
0 45 1.430982121832020e+02 2.362678740857210e-18 7.040068143792766e-02
0 46 1.462431403758233e+02 2.397786146403147e-18 7.042164505995593e-02
1 30 1.477624735351135e+02 2.983814641010787e-18 6.433612392611256e-02
0 47 1.493882549156317e+02 2.366721565252872e-18 7.042036596853374e-02
0 48 1.525333371242988e+02 2.258195673976079e-18 7.039462599846341e-02
1 31 1.526069688345417e+02 3.033308217368911e-18 6.435622361082848e-02
2 10 1.532426594614010e+02 3.299872694020997e-14 4.148864861392448e-02
0 49 1.556786850416948e+02 2.503023474431249e-18 7.039215460287404e-02
1 32 1.574504760155824e+02 4.575235641780027e-15 6.436132982472446e-02
0 50 1.588242800568743e+02 2.674657693482669e-18 7.039443377966798e-02
0 51 1.619703891748335e+02 2.511943016011724e-18 7.035264900798931e-02
1 33 1.622934425906146e+02 2.973278012848019e-18 6.440195447725904e-02
0 52 1.651148498893437e+02 2.291535073902647e-18 7.034735923486386e-02
1 34 1.671387999462793e+02 2.903696473904615e-18 6.440761673444838e-02
2 11 1.678245647734583e+02 9.593183198649136e-18 4.148931104675813e-02
0 53 1.682594451886190e+02 2.792295454892715e-18 7.035160252369328e-02
0 54 1.714044563481631e+02 2.291280662726164e-18 7.034416928028789e-02
1 35 1.719838647815529e+02 4.033886789063454e-18 6.441157303715307e-02
0 55 1.745483791935032e+02 2.700466514871988e-18 7.034024857722868e-02
1 36 1.768306342302555e+02 2.902118556545372e-18 6.441397509862891e-02
0 56 1.776922885477792e+02 2.291463823098672e-18 7.034479456724706e-02
0 57 1.808365410857740e+02 2.416907013404319e-18 7.035462641182101e-02
1 37 1.816772089190096e+02 1.852746981769599e-14 6.440766748095782e-02
2 12 1.824064064477681e+02 4.845053926820876e-14 4.148677339543680e-02
0 58 1.839803348107376e+02 2.509481116919221e-18 7.035020389023985e-02
1 38 1.865242236988683e+02 1.465209396472792e-14 6.440181235131968e-02
0 59 1.871239730920844e+02 2.412100377451130e-18 7.035579487511073e-02
0 60 1.902680756371207e+02 2.291044086086055e-18 7.037489563093473e-02
1 39 1.913711686398243e+02 2.898450131483755e-18 6.439028444412016e-02
0 61 1.934120739287839e+02 2.504949884683472e-18 7.037072963099009e-02
1 40 1.962179745946058e+02 3.017067338326035e-18 6.438525113186837e-02
0 62 1.965558386165218e+02 2.373828868534548e-18 7.037561688510814e-02
2 13 1.969882415381608e+02 6.385496285988206e-18 4.148928034038435e-02
0 63 1.997003080353218e+02 2.290708030589399e-18 7.039824497533387e-02
1 41 2.010637275257130e+02 2.937856684318173e-18 6.436527449444190e-02
0 64 2.028448817633258e+02 2.257614058019543e-18 7.039731113537526e-02
0 65 2.059892595403790e+02 2.387084641308985e-18 7.039593842522592e-02
1 42 2.059096530838631e+02 2.845360902307833e-18 6.436218500963375e-02
0 66 2.091345325740082e+02 2.290350119972884e-18 7.040791176878314e-02
1 43 2.107534655983296e+02 4.634046113349021e-16 6.435706410960242e-02
2 14 2.115701198848554e+02 2.767585003907368e-14 4.148835630946031e-02
0 67 2.122800463337832e+02 2.413957595211897e-18 7.040875674795956e-02
0 68 2.154257835476272e+02 2.530851087648023e-18 7.036074642117429e-02
1 44 2.155967887823421e+02 2.973223995229261e-18 6.439761282107205e-02
0 69 2.185707863152993e+02 2.422160293528938e-18 7.035738864770318e-02
1 45 2.204411981904154e+02 2.850721082533554e-18 6.440688921749348e-02
0 70 2.217160026750991e+02 2.517237544540212e-18 7.035917291219702e-02
0 71 2.248617037641781e+02 2.398586000230485e-18 7.033333305389587e-02
1 46 2.252848355994737e+02 5.359515450026367e-18 6.443163470660604e-02
2 15 2.261519486030805e+02 1.084649827179397e-17 4.148670089516681e-02
0 72 2.280058728058616e+02 2.520890971012159e-18 7.032834341658403e-02
1 47 2.301308311044439e+02 2.867316839660196e-18 6.443236463605256e-02
0 73 2.311501118074593e+02 2.291084627193892e-18 7.033297011899614e-02
0 74 2.342947437907807e+02 2.382364845723290e-18 7.033459252814148e-02
1 48 2.349768745566799e+02 5.982135073764708e-14 6.443441297330992e-02
0 75 2.374385558830340e+02 2.427513256745522e-18 7.032903598935898e-02
1 49 2.398237318710760e+02 1.782372436874792e-14 6.443402730440539e-02
0 76 2.405822933129241e+02 2.424962447968566e-18 7.033511866015089e-02
2 16 2.407338287672516e+02 5.779275521434011e-14 4.148901867868691e-02
0 77 2.437264022580701e+02 2.383515222197969e-18 7.034813715275377e-02
1 50 2.446705465651682e+02 3.061401361296311e-18 6.442166450875805e-02
0 78 2.468702248440501e+02 2.514774550046773e-18 7.034487477874998e-02
1 51 2.495177491205467e+02 2.890629313145868e-18 6.441971589386200e-02
0 79 2.500138693770926e+02 2.939037206102547e-18 7.034988356301775e-02
0 80 2.531580358678831e+02 2.417526346763932e-18 7.037049653956727e-02
1 52 2.543642531288040e+02 3.075842002305424e-18 6.440483706607537e-02
2 17 2.553157508159830e+02 6.389735082778192e-18 4.148666498768649e-02
0 81 2.563022006145541e+02 2.692952132448141e-18 7.036808855821380e-02
1 53 2.592107688459360e+02 3.157069225318259e-18 6.439620213867590e-02
0 82 2.594461201572605e+02 2.291033621044454e-18 7.037104746322087e-02
0 83 2.625908906416411e+02 2.383308883555761e-18 7.039436797883011e-02
1 54 2.640559694938004e+02 2.836174103684152e-14 6.438205762918120e-02
0 84 2.657358177814378e+02 2.385354566893858e-18 7.039268489329334e-02
0 85 2.688806135382632e+02 2.387655524659565e-18 7.037946219607664e-02
1 55 2.689009266917221e+02 6.886421148430777e-15 6.438776731215118e-02
2 18 2.698976508539886e+02 2.315476702789385e-14 4.148639691976166e-02
0 86 2.720260326685691e+02 2.682327629260407e-18 7.038078720899117e-02
1 56 2.737443209272216e+02 2.850952844631246e-18 6.439094777323463e-02
0 87 2.751717038249383e+02 2.395848566224385e-18 7.038244360295109e-02
0 88 2.783178287142164e+02 2.381151793443690e-18 7.033460786836980e-02
1 57 2.785871565200997e+02 8.829203873806570e-18 6.443883091580363e-02
0 89 2.814624457551625e+02 2.380974333236538e-18 7.032924767621983e-02
1 58 2.834321388158339e+02 2.896653895705739e-18 6.444470385293413e-02
2 19 2.844796494683856e+02 1.199559382779538e-17 4.148786753321905e-02
0 90 2.846072267987982e+02 2.526660274306391e-18 7.033316233910908e-02
0 91 2.877524473038343e+02 2.736540048587913e-18 7.031980537952891e-02
1 59 2.882767523903397e+02 2.971278257366174e-18 6.445403509878266e-02
0 92 2.908964253699382e+02 2.260026351703855e-18 7.031581802429882e-02
1 60 2.931233147201218e+02 1.844880334792154e-14 6.445874134060187e-02
0 93 2.940404265371212e+02 2.437028768746910e-18 7.032031382168669e-02
0 94 2.971847711946672e+02 2.290592774220817e-18 7.032710957105824e-02
1 61 2.979696611353471e+02 2.872951089123358e-18 6.445400694780487e-02
2 20 2.990616823870182e+02 6.464040648114763e-14 4.148462592582190e-02
0 95 3.003285509497961e+02 2.524991449869786e-18 7.032269176869085e-02
1 62 3.028166263123295e+02 2.872750655309150e-18 6.444912683609845e-02
0 96 3.034722009981906e+02 2.522728504351668e-18 7.032816144123993e-02
0 97 3.066162860614416e+02 2.848230065052814e-18 7.034569857739308e-02
1 63 3.076635668989236e+02 3.753419261824825e-18 6.444015580741280e-02
0 98 3.097602083636267e+02 2.699583691103927e-18 7.034122163690242e-02
1 64 3.125104125899670e+02 2.878075587661762e-18 6.443483853017426e-02
0 99 3.129039068715041e+02 2.426155224153421e-18 7.034647607027572e-02
2 21 3.136437388641863e+02 6.385804327396211e-18 4.148567169439500e-02
0 100 3.160482553486001e+02 2.393558381305090e-18 7.036880498007744e-02
1 65 3.173564210047519e+02 5.446164233809057e-15 6.441544774723360e-02
0 101 3.191926673416946e+02 2.393690557412368e-18 7.036731637086309e-02
1 66 3.222025664721791e+02 1.443104160376354e-14 6.441269969947191e-02
0 102 3.223368658727687e+02 2.517270688390735e-18 7.036867399133065e-02
0 103 3.254819779186898e+02 2.426876023020013e-18 7.038579800815903e-02
1 67 3.270466860308589e+02 2.960567365252156e-18 6.440086992620075e-02
2 22 3.282259186882877e+02 2.202151630418408e-14 4.148583865846456e-02
0 104 3.286273031262359e+02 2.380567726337578e-18 7.038629371824864e-02
0 105 3.317727014392139e+02 2.403795647081804e-18 7.034838913380889e-02
1 68 3.318905337755873e+02 1.765426031745550e-17 6.443040546321610e-02
0 106 3.349179011524520e+02 2.437558010084163e-18 7.034576423751519e-02
1 69 3.367344248607940e+02 2.841892151703769e-18 6.444135237370857e-02
0 107 3.380633399726675e+02 2.259272584400488e-18 7.034724370862477e-02
0 108 3.412092608063043e+02 2.515355828099071e-18 7.031296507191291e-02
1 70 3.415774729214986e+02 3.137629699842229e-18 6.447321671369544e-02
2 23 3.428081306990344e+02 1.220835752189583e-17 4.148257310971944e-02
0 109 3.443535693452203e+02 2.378334351352782e-18 7.030818188899370e-02
1 71 3.464230775328792e+02 1.594515142889067e-14 6.447507572237006e-02
0 110 3.474979800374790e+02 2.446921730662215e-18 7.031228126028412e-02
0 111 3.506427999871195e+02 2.290312891398551e-18 7.030969065095824e-02
1 72 3.512686062888761e+02 2.970145662196532e-18 6.448191009114509e-02
0 112 3.537866624111189e+02 2.378470698411657e-18 7.030400547826013e-02
1 73 3.561152031287627e+02 2.924968757844894e-18 6.448177566541860e-02
0 113 3.569304797433376e+02 2.378823959716554e-18 7.030992744350338e-02
2 24 3.573904209082910e+02 6.342296314413972e-14 4.148436939988543e-02
0 114 3.600746594859991e+02 2.779055849805375e-18 7.032065470418231e-02
1 74 3.609618026529279e+02 3.484953397043173e-18 6.447135048138780e-02
0 115 3.632184628071140e+02 2.441454892854880e-18 7.031705255737047e-02
