0 0 1.602926876469935e+00 2.351227878106594e-18 7.227167069498305e-02
1 0 2.504815346199114e+00 3.083244344191709e-18 6.018775006835595e-02
0 1 4.746206903546347e+00 2.234126530499313e-18 7.226640775033745e-02
1 1 7.352369138572552e+00 3.419431400870733e-18 6.018701129981263e-02
2 0 7.438906367972842e+00 1.275734759699171e-15 4.290016680512707e-02
0 2 7.889386738057651e+00 2.308199701565164e-18 7.227241756579930e-02
0 3 1.103314263521575e+01 2.333893165426135e-18 7.231782114776639e-02
1 2 1.219973823540050e+01 5.189591302202027e-16 6.014356663830232e-02
0 4 1.417607554885104e+01 2.436152490914955e-18 7.231564982811350e-02
1 3 1.704845218691154e+01 1.125771288958236e-15 6.013854824047409e-02
0 5 1.731875357236135e+01 2.327843010782792e-18 7.231995186364862e-02
0 6 2.046127783276121e+01 2.364608130569963e-18 7.234760796382574e-02
1 4 2.189794270048255e+01 3.183221323174145e-18 6.011822058954248e-02
2 1 2.202151764024929e+01 6.216726298395909e-18 4.289776167304699e-02
0 7 2.360382370475699e+01 2.593174412622119e-18 7.234631111585031e-02
0 8 2.674603894546395e+01 2.685831613193665e-18 7.234565107643159e-02
1 5 2.674768570074864e+01 3.140122779270212e-18 6.011177584286356e-02
0 9 2.988813799021891e+01 3.629286250708916e-18 7.234884330215613e-02
1 6 3.159785147694558e+01 3.054137779733861e-18 6.011634542266810e-02
0 10 3.303053480104541e+01 4.247172447210603e-18 7.234869008160928e-02
0 11 3.617277466413616e+01 6.484594062252722e-18 7.233051673184832e-02
1 7 3.644782095516807e+01 3.099743037971613e-18 6.013199459572866e-02
2 2 3.660411131668703e+01 6.226634724937617e-18 4.290037849718937e-02
0 12 3.931498442210459e+01 1.010307745932741e-17 7.232543592098659e-02
1 8 4.129745435493555e+01 3.387035438160914e-18 6.013615407288107e-02
0 13 4.245747663244737e+01 1.444188369086474e-17 7.232892027015556e-02
0 14 4.560039881610800e+01 1.918124428378405e-17 7.229360062307051e-02
1 9 4.614645204159317e+01 4.645938551378920e-18 6.016814918039354e-02
0 15 4.874309696861314e+01 2.655136841297337e-17 7.228767036414321e-02
1 10 5.099502025241436e+01 3.222756346766331e-18 6.017258397716033e-02
2 3 5.118672256887154e+01 1.416612980672285e-16 4.289967075479443e-02
0 16 5.188594263256861e+01 3.588202376102657e-17 7.229247968772939e-02
0 17 5.503008279149664e+01 3.553825385577346e-17 7.227026376578895e-02
1 11 5.584172328321462e+01 3.072108045537897e-18 6.019098364957051e-02
0 18 5.817333237851115e+01 4.404216771208145e-17 7.226628662827184e-02
1 12 6.068938579113052e+01 3.050154021391355e-18 6.019085815455214e-02
0 19 6.131654219167728e+01 5.523711418228958e-17 7.227077883147602e-02
0 20 6.446073588115294e+01 5.500996123526262e-17 7.230840324700849e-02
1 13 6.553598503556357e+01 3.356571414329200e-18 6.015779058416439e-02
2 4 6.576925175400955e+01 7.645002673905310e-16 4.289829280733239e-02
0 21 6.760382017971067e+01 2.511875138550271e-18 7.230451260088820e-02
1 14 7.038420249674972e+01 3.575549361413550e-18 6.015124452383125e-02
0 22 7.074668216016502e+01 2.687401458833922e-18 7.231004270422089e-02
0 23 7.388955448920306e+01 2.865285399097357e-18 7.234805569271374e-02
1 15 7.523325241269161e+01 1.250271067173287e-17 6.012019708911558e-02
0 24 7.703220162907841e+01 2.864662881356422e-18 7.234521096296903e-02
1 16 8.008270483571322e+01 3.298884988430597e-18 6.011492422922006e-02
0 25 8.017452910833671e+01 3.119231056747600e-18 7.234846670593313e-02
2 5 8.035179292317977e+01 6.199508295879607e-18 4.290109362881548e-02
0 26 8.331668443190411e+01 2.851115707678241e-18 7.235695304406693e-02
1 17 8.493277287679597e+01 3.177344258648808e-18 6.011027434602983e-02
0 27 8.645910006736038e+01 2.610542125447712e-18 7.235789152719822e-02
0 28 8.960128144130599e+01 2.737379630385897e-18 7.234566063387972e-02
1 18 8.978290485134674e+01 3.085896183396395e-18 6.011838776273509e-02
0 29 9.274339890709287e+01 2.544185418428326e-18 7.234186987555839e-02
1 19 9.463277956333857e+01 3.093413910202455e-18 6.012598841845798e-02
2 6 9.493433043386409e+01 6.183786486155443e-18 4.289927231803935e-02
0 30 9.588583414309517e+01 2.683606485690018e-18 7.234434039187009e-02
0 31 9.902843012372674e+01 2.284688559707010e-18 7.231297273798082e-02
1 20 9.948224421100377e+01 3.081659809935184e-18 6.015072433532027e-02
0 32 1.021709432839657e+02 2.319185432062749e-18 7.230859075832814e-02
1 21 1.043313244763013e+02 9.024964745630628e-16 6.015598503382111e-02
0 33 1.053136528193015e+02 3.226721103022578e-18 7.231156110383519e-02
0 34 1.084573735333648e+02 2.504817790883366e-18 7.227901906107533e-02
1 22 1.091787977280673e+02 1.714667463550802e-15 6.018735707376940e-02
2 7 1.095167912157632e+02 2.488441834029932e-16 4.289929333371180e-02
0 35 1.116004803987705e+02 2.199509459339367e-18 7.227347711514355e-02
1 23 1.140266288371956e+02 3.261861978961225e-18 6.018582634438712e-02
0 36 1.147436020496575e+02 2.199299463242528e-18 7.227890778076267e-02
0 37 1.178880642980934e+02 2.310704068704539e-18 7.229819999631122e-02
1 24 1.188728839974629e+02 3.058120793606648e-18 6.016946668898552e-02
0 38 1.210312755929264e+02 2.540368209594171e-18 7.229317587901618e-02
1 25 1.237207237659254e+02 3.086538377535953e-18 6.016695710324863e-02
2 8 1.240992812995679e+02 4.788010540670300e-16 4.290162809826079e-02
0 39 1.241743275157495e+02 2.198738151587506e-18 7.229930695646142e-02
0 40 1.273176113969973e+02 2.568751930527979e-18 7.234329405063580e-02
1 26 1.285689785265313e+02 3.253642660253264e-18 6.012537364615519e-02
0 41 1.304603886957567e+02 2.197337282629907e-18 7.234164088402099e-02
1 27 1.334181615305894e+02 1.019374161079176e-15 6.012019236237722e-02
0 42 1.336028810353934e+02 2.606949847546282e-18 7.234544559715983e-02
0 43 1.367451779983528e+02 2.229196995863944e-18 7.236321386344134e-02
1 28 1.382680470875858e+02 2.349727399680220e-16 6.010906154285731e-02
2 9 1.386817419277375e+02 6.180516988170039e-18 4.289917146259908e-02
0 44 1.398876460022503e+02 2.692157875482241e-18 7.236282004886498e-02
0 45 1.430298036142827e+02 2.319490169477339e-18 7.235708486450175e-02
1 29 1.431180407272084e+02 3.194034560510361e-18 6.010725980148697e-02
0 46 1.461718929030362e+02 2.391254826606857e-18 7.235665134389871e-02
1 30 1.479681773799345e+02 3.131041208414875e-18 6.011473262404102e-02
0 47 1.493142981818289e+02 2.227059333107931e-18 7.235716874178461e-02
0 48 1.524566747540834e+02 2.313503318050586e-18 7.233254159807898e-02
1 31 1.528179984055441e+02 3.053726047842438e-18 6.013619300440376e-02
2 10 1.532641467901345e+02 6.183705320457397e-18 4.290061471600690e-02
0 49 1.555990157066108e+02 2.686407054108278e-18 7.232703221343477e-02
1 32 1.576673800983654e+02 3.059362849082650e-18 6.013939832722940e-02
0 50 1.587415979765059e+02 2.197553734887442e-18 7.233088240971150e-02
0 51 1.618848990080355e+02 2.635718370481665e-18 7.229436809102593e-02
1 33 1.625157449320756e+02 3.354461193474378e-18 6.017392002841120e-02
0 52 1.650278083646160e+02 2.308109491215974e-18 7.228827037561211e-02
1 34 1.673639392463726e+02 9.360306991549140e-18 6.017645555353272e-02
2 11 1.678465891664898e+02 3.785140636785140e-16 4.290200102965638e-02
0 53 1.681708051104526e+02 2.363705721830037e-18 7.229361188363061e-02
0 54 1.713152249313762e+02 3.011229103732487e-18 7.228940220944276e-02
1 35 1.722101833051962e+02 3.171615009581265e-18 6.017791541594211e-02
0 55 1.744585065876593e+02 2.412379786286536e-18 7.228575640578042e-02
1 36 1.770578887225559e+02 3.278978069605202e-18 6.017699767371297e-02
0 56 1.776016940848899e+02 2.636179221966282e-18 7.229059438601071e-02
0 57 1.807454568340787e+02 2.302113119751225e-18 7.233616619350416e-02
1 37 1.819052958907390e+02 3.058047190473513e-18 6.013622157424201e-02
2 12 1.824289748642397e+02 3.262433640367886e-16 4.289954381914906e-02
0 58 1.838883842483328e+02 2.362621934974993e-18 7.233305018774244e-02
1 38 1.867539983466908e+02 3.128101667190528e-18 6.012864583526369e-02
0 59 1.870310439279728e+02 2.430230321734592e-18 7.233804771690545e-02
0 60 1.901735894605723e+02 2.361539793949756e-18 7.236671582478087e-02
1 39 1.916036253823345e+02 3.175167284325316e-18 6.010775807649377e-02
0 61 1.933161343413546e+02 2.361614454721638e-18 7.236447788724973e-02
0 62 1.964583514979492e+02 2.291756160864572e-18 7.236460303436705e-02
1 40 1.964534157203136e+02 1.667173219095709e-16 6.010342904819750e-02
2 13 1.970113346576883e+02 6.181280381382481e-18 4.290205879848540e-02
0 63 1.996004413200727e+02 2.534629381287463e-18 7.236687842979352e-02
1 41 2.013035666532545e+02 1.270860593334184e-15 6.010498553939807e-02
0 64 2.027428344805081e+02 2.182926543526020e-14 7.236832401834382e-02
0 65 2.058850850775951e+02 4.119233589638050e-15 7.234987661637433e-02
1 42 2.061536821208885e+02 3.188762416111706e-18 6.012026015660971e-02
0 66 2.090272943445375e+02 3.606238718457802e-16 7.234478362918147e-02
1 43 2.110033585104516e+02 3.060543710850567e-18 6.012671777436822e-02
2 14 2.115937282701413e+02 6.183583912009045e-18 4.290219423994178e-02
0 67 2.121697940482261e+02 1.031993372625936e-17 7.234804708201473e-02
0 68 2.153126937795033e+02 2.280581745824651e-18 7.231215085728059e-02
1 44 2.158523461624155e+02 3.160796247438145e-18 6.015605379859415e-02
0 69 2.184554033238776e+02 3.969033301974547e-18 7.230771242149719e-02
1 45 2.207010485907260e+02 3.102973998415091e-18 6.016065042028176e-02
0 70 2.215982609946112e+02 3.116127924877907e-18 7.231129022774120e-02
0 71 2.247424004020446e+02 2.572426820753266e-18 7.228901133681974e-02
1 46 2.255477961288625e+02 6.053885563771657e-16 6.018185972751210e-02
2 15 2.261760507395699e+02 4.996684513973687e-16 4.290043230720906e-02
0 72 2.278856459177836e+02 1.606542452903593e-17 7.228394826590254e-02
1 47 2.303954392187781e+02 1.157594912003601e-15 6.017893337481709e-02
0 73 2.310288434214917e+02 2.106281214785835e-16 7.228937296528090e-02
0 74 2.341730553637695e+02 3.081718395400303e-16 7.232684663511767e-02
1 48 2.352421726426879e+02 3.083870305334474e-18 6.014659154265595e-02
0 75 2.373161327083631e+02 1.635998710800925e-15 7.232220675540182e-02
1 49 2.400904397054228e+02 3.209118423711071e-18 6.014224222393129e-02
0 76 2.404589950452305e+02 6.983428098771342e-15 7.232823938961705e-02
2 16 2.407583760367179e+02 2.421583908992873e-16 4.290340738644069e-02
0 77 2.436018580148362e+02 2.219607328341131e-14 7.236514487583832e-02
1 50 2.449394652773539e+02 3.056151065118722e-18 6.010810057031679e-02
0 78 2.467444999454379e+02 2.196625873171044e-18 7.236398863287445e-02
0 79 2.498868383567676e+02 2.361682513410471e-18 7.236650243224552e-02
1 51 2.497890555240013e+02 3.176564153013298e-18 6.010319975763374e-02
0 80 2.530289931976163e+02 2.296148655089400e-18 7.237554134457999e-02
1 52 2.546391615909073e+02 3.241137275686834e-18 6.010016861956705e-02
2 17 2.553407188160322e+02 6.315570859724969e-18 4.290228619446673e-02
0 81 2.561714114557619e+02 2.361252278635700e-18 7.237604281326261e-02
0 82 2.593135712976351e+02 2.196633790534596e-18 7.236404165223977e-02
1 53 2.594892771292558e+02 7.718789060094780e-18 6.010487170520518e-02
0 83 2.624557022844671e+02 2.799002381445758e-18 7.236160477382793e-02
1 54 2.643392819083892e+02 3.114922208221443e-18 6.011304461314723e-02
0 84 2.655981455834985e+02 2.305373323785566e-18 7.236286131081213e-02
0 85 2.687407399544101e+02 2.226021096796893e-18 7.233216510016427e-02
1 55 2.691887850534087e+02 3.249763813582448e-18 6.013971424330003e-02
2 18 2.699229911652773e+02 6.180117974456873e-18 4.290178345847778e-02
0 86 2.718832512020813e+02 2.417706969644814e-18 7.232658307472363e-02
1 56 2.740378368243944e+02 3.052821652616775e-18 6.014197277539473e-02
0 87 2.750259544703757e+02 2.411512048143633e-18 7.233072372864846e-02
0 88 2.781696925636922e+02 2.618764697433825e-18 7.229774744035782e-02
1 57 2.788854373186922e+02 3.278992296697852e-18 6.017443457538182e-02
0 89 2.813128003659676e+02 2.375913472921354e-18 7.229166723188048e-02
1 58 2.837332930033954e+02 3.276752078722593e-18 6.017486218107523e-02
0 90 2.844559315396590e+02 2.229010391727460e-18 7.229738907240883e-02
2 19 2.845052933047228e+02 6.075102938370740e-16 4.290457107918576e-02
0 91 2.876003793118413e+02 2.228478148735047e-18 7.231516909593583e-02
1 59 2.885795240535732e+02 3.917064894772187e-18 6.015586184040623e-02
0 92 2.907435854727428e+02 2.849228880927530e-18 7.231185909340376e-02
1 60 2.934275007849660e+02 3.094328188186872e-18 6.015414904762999e-02
0 93 2.938866446737368e+02 2.318594487553860e-18 7.231697281014227e-02
0 94 2.970299272589923e+02 2.355138251123540e-18 7.236117479619424e-02
1 61 2.982757868091098e+02 3.101541407979655e-18 6.011447258935282e-02
2 20 2.990875856895975e+02 1.906683459208319e-16 4.290251860671407e-02
0 95 3.001726997406290e+02 2.228516847931848e-18 7.235887915339059e-02
1 62 3.031249551974439e+02 3.054598313488746e-18 6.010625138195271e-02
0 96 3.033151689864727e+02 2.228968412196172e-18 7.236290194846094e-02
0 97 3.064574800293727e+02 2.196010162300863e-18 7.238206010004683e-02
1 63 3.079749646839529e+02 3.081961832217489e-18 6.009560650738174e-02
0 98 3.095999486757910e+02 2.639606201606435e-18 7.238053315587749e-02
0 99 3.127421049968736e+02 2.196323934312783e-18 7.237574796646375e-02
1 64 3.128249903948244e+02 3.110397883690034e-18 6.009520944405955e-02
2 21 3.136698221646194e+02 6.186956787125035e-18 4.290346282873351e-02
0 100 3.158841874848013e+02 2.308154790679594e-18 7.237415818215422e-02
1 65 3.176751024379399e+02 2.191169362881773e-15 6.009945014621879e-02
0 101 3.190265849684337e+02 2.231231895822774e-18 7.237606239830932e-02
0 102 3.221689748279329e+02 2.232603395606356e-18 7.235131106297714e-02
1 66 3.225250462518756e+02 2.602889345767686e-15 6.012174861065279e-02
0 103 3.253113169811592e+02 2.321944512478547e-18 7.234550978037252e-02
1 67 3.273744449078770e+02 3.086103949910894e-18 6.012665451084017e-02
2 22 3.282521064019514e+02 6.215294846706999e-18 4.290552476275499e-02
0 104 3.284539092780067e+02 2.701958948884398e-18 7.234946753803236e-02
0 105 3.315971955025466e+02 2.312610315110650e-18 7.231175282982354e-02
1 68 3.322227782940678e+02 3.128596600814006e-18 6.015827872200566e-02
0 106 3.347401145503471e+02 2.754949673602983e-18 7.230734061240113e-02
1 69 3.370710765229128e+02 3.053467070951924e-18 6.016202655982139e-02
0 107 3.378831282677795e+02 3.000011547481868e-18 7.231152721459420e-02
0 108 3.410275508561229e+02 2.924340284693888e-18 7.230734064118716e-02
1 70 3.419173353273162e+02 3.074971916106844e-18 6.016543322293115e-02
2 23 3.428343564066021e+02 6.985664555997416e-16 4.290309785377777e-02
0 109 3.441708294091865e+02 2.935689770875411e-18 7.230286152656450e-02
1 71 3.467650144831028e+02 5.074723492870872e-16 6.016129807884593e-02
0 110 3.473139989218799e+02 3.776410024004037e-18 7.230817634322004e-02
0 111 3.504577739513163e+02 4.065910765427458e-18 7.235430723655223e-02
1 72 3.516125390824537e+02 5.417115225169625e-16 6.012209106280255e-02
0 112 3.536006948583878e+02 4.846111398385002e-18 7.235018639657029e-02
1 73 3.564612739502643e+02 3.054107956990767e-18 6.011595891478666e-02
0 113 3.567433509171658e+02 6.564857645778507e-18 7.235575700789444e-02
2 24 3.574165737755625e+02 1.646800437505919e-16 4.290527549467902e-02
0 114 3.598858862559778e+02 9.546332316750906e-18 7.238334423882571e-02
1 74 3.613108725685896e+02 3.118209723596696e-18 6.009160613058588e-02
0 115 3.630284208165702e+02 1.409144712046809e-17 7.238266021217657e-02
