0 0 2.978531879398223e+00 3.576274279255608e-18 5.914693114432899e-02
1 0 3.294716862885979e+00 4.008101067749103e-18 5.619398447247789e-02
2 0 7.657704676108578e+00 6.298472477239342e-18 4.239305570610206e-02
0 1 8.755777555937726e+00 4.306025550066117e-18 5.916107609643595e-02
1 1 9.852582506708625e+00 3.687090273033588e-18 5.618795493839893e-02
0 2 1.453247144462159e+01 3.493927898112510e-18 5.915775265820768e-02
1 2 1.641023078371760e+01 3.668343441355812e-18 5.620709370405015e-02
0 3 2.031133389546077e+01 5.489588403206664e-18 5.914696270395687e-02
2 1 2.224005501069874e+01 6.252545909769095e-18 4.238959678223348e-02
1 3 2.296487871098496e+01 3.611975735860849e-18 5.621607902818217e-02
0 4 2.609167506544982e+01 3.488041656683154e-18 5.914264625140377e-02
1 4 2.951853288966419e+01 1.185779743392350e-17 5.621725137030808e-02
0 5 3.187185369787608e+01 3.557953528644485e-17 5.914799368836387e-02
1 5 3.607401658374826e+01 3.543866340084315e-14 5.620914838949506e-02
2 2 3.682306646169567e+01 6.252913552748628e-18 4.239168328915655e-02
0 6 3.764982405552722e+01 3.314378847356762e-18 5.915930849324050e-02
1 6 4.263189431525081e+01 3.915124595024775e-18 5.620207515643601e-02
0 7 4.342607013442226e+01 3.542081085942833e-18 5.916298770930890e-02
0 8 4.920963344346998e+01 3.378407322199912e-18 5.906002299559480e-02
1 7 4.918370570590037e+01 4.041482525796076e-18 5.627283349446980e-02
2 3 5.140650887211512e+01 6.297271299603866e-18 4.238792465624153e-02
0 9 5.499480999607658e+01 4.339255654923618e-18 5.928376241968582e-02
1 8 5.573437225890763e+01 3.691265811606895e-18 5.607965451040624e-02
0 10 6.076987403712724e+01 8.708203457351486e-18 5.928512238901438e-02
1 9 6.229464195322111e+01 3.803993583037400e-18 5.607705738373658e-02
2 4 6.598939328140857e+01 6.355433720380503e-18 4.239108153070664e-02
0 11 6.654614858147269e+01 3.714122091604030e-18 5.928000822783967e-02
1 10 6.885231843728191e+01 1.463727241337515e-14 5.608531358212672e-02
0 12 7.232428220245504e+01 2.411506122824082e-14 5.927458212491515e-02
1 11 7.540856814717596e+01 3.892214315927466e-18 5.609409646971287e-02
0 13 7.810301854911712e+01 3.599026425852381e-18 5.927152160483317e-02
2 5 8.057185810068410e+01 1.256587215451482e-14 4.238950558751391e-02
1 12 8.196496252312627e+01 3.842503060381371e-18 5.609191686517671e-02
0 14 8.388049988226609e+01 2.547153421700862e-17 5.927780888845785e-02
1 13 8.852382600587978e+01 3.621742620183976e-18 5.609414085878622e-02
0 15 8.965616657922386e+01 3.592487185440911e-18 5.928907990910701e-02
1 14 9.508332807183730e+01 4.331645441020424e-18 5.610416846717513e-02
0 16 9.543174637174828e+01 6.523815819139539e-17 5.928228707498972e-02
2 6 9.515443660529510e+01 3.001617945160491e-17 4.238931621507065e-02
0 17 1.012938346370662e+02 4.655666833329863e-16 5.935743781977351e-02
1 15 1.015529950289633e+02 1.953234091132478e-14 5.603666197399090e-02
0 18 1.070294660549072e+02 3.528199656095993e-18 5.935774566196518e-02
1 16 1.081591326224138e+02 4.675085240252793e-17 5.602938110948340e-02
2 7 1.097377312410324e+02 1.380833221320788e-14 4.238760480919255e-02
0 19 1.127652163035656e+02 3.607958608534396e-18 5.935030440121907e-02
1 17 1.147642418202123e+02 4.680713952137975e-18 5.603330739415892e-02
0 20 1.185032253458777e+02 3.705239532209843e-18 5.934988562210031e-02
1 18 1.213670843006647e+02 3.792783569596402e-18 5.602904395326842e-02
0 21 1.242417992460887e+02 4.418700173163995e-18 5.935216891354047e-02
2 8 1.243210625708214e+02 6.572322231010317e-18 4.238786424251986e-02
1 19 1.279701692668165e+02 3.733543532618300e-18 5.602268258910618e-02
0 22 1.299791733045768e+02 3.417109837791965e-18 5.935680730237922e-02
1 20 1.345762838032158e+02 3.849765087901552e-18 5.601352639637212e-02
0 23 1.357147105740870e+02 3.477753340061588e-18 5.935815884815048e-02
2 9 1.389036667634086e+02 6.310718489147670e-18 4.238872117254733e-02
1 21 1.411817519879872e+02 5.827892745127628e-17 5.603812034935606e-02
0 24 1.414517832530715e+02 3.339273522622791e-18 5.933104418828229e-02
0 25 1.471987681041039e+02 3.506458457151912e-18 5.963735273950554e-02
1 22 1.477772509787397e+02 4.225121948973406e-14 5.577818890525410e-02
0 26 1.529289219955297e+02 3.280428899311066e-18 5.963656885829213e-02
2 10 1.534853023026458e+02 6.286260113099665e-18 4.238896331507253e-02
1 23 1.543896558857557e+02 3.801732328676565e-18 5.578542371027609e-02
0 27 1.586606063986741e+02 3.257736519249367e-18 5.962544761427373e-02
1 24 1.609994366896227e+02 3.730144436071556e-18 5.579863231513577e-02
0 28 1.643943132937576e+02 3.500628736794583e-18 5.961638272917139e-02
1 25 1.676076340823690e+02 3.708902480527223e-18 5.579898143973940e-02
2 11 1.680681353009386e+02 6.260041867984169e-18 4.238605337988797e-02
0 29 1.701279330185116e+02 9.142088480838681e-18 5.962123303944269e-02
1 26 1.742170771488560e+02 6.108582060728929e-17 5.578805081852715e-02
0 30 1.758597663452910e+02 3.418410236914830e-18 5.963656695341833e-02
1 27 1.808289971672355e+02 3.713040999184376e-18 5.578098432895540e-02
0 31 1.815900338215374e+02 3.444097772643260e-18 5.963678569324870e-02
2 12 1.826514008774356e+02 6.256349401241487e-18 4.238667423932930e-02
0 32 1.873477578797343e+02 3.793753507091596e-18 5.880911093955028e-02
1 28 1.874148814955537e+02 3.671262692726924e-18 5.651340712873559e-02
0 33 1.931330981389591e+02 3.806397057674869e-18 5.884096929135513e-02
1 29 1.939644402685942e+02 4.681209152775961e-18 5.648063508721638e-02
2 13 1.972347675671019e+02 6.263856511735212e-18 4.238560662466385e-02
0 34 1.989140962734357e+02 3.310294803436767e-18 5.883996706998715e-02
1 30 2.005171495042029e+02 9.819337016748790e-18 5.648553915252516e-02
0 35 2.046968560092807e+02 3.807484280915334e-18 5.883827439427143e-02
1 31 2.070678679645389e+02 3.656070727281160e-18 5.649514084562510e-02
0 36 2.104814330420190e+02 1.274596261719358e-17 5.883186594402874e-02
2 14 2.118170708676742e+02 1.094336180457020e-14 4.238763676713520e-02
1 32 2.136164343164681e+02 3.674426269193553e-18 5.649860973389986e-02
0 37 2.162663616876500e+02 3.582874251809961e-18 5.883104636946510e-02
1 33 2.201659679309464e+02 3.613865639803851e-18 5.650438821920906e-02
0 38 2.220500441538999e+02 3.586724947628486e-18 5.883607384011380e-02
2 15 2.263997058223626e+02 2.449179597927675e-17 4.238529370874389e-02
1 34 2.267178392004995e+02 4.132680835927664e-18 5.650109613153564e-02
0 39 2.278314667818291e+02 3.555734115347509e-18 5.884500267421922e-02
1 35 2.332698495039679e+02 1.546061161396864e-17 5.651290218997997e-02
0 40 2.336134642010085e+02 3.400518689119277e-18 5.883508201538621e-02
0 41 2.394351905843495e+02 3.682780205805997e-18 5.927376918437942e-02
1 36 2.397815566598051e+02 3.694068663958714e-18 5.610877279828198e-02
2 16 2.409830597494153e+02 1.530081565470563e-14 4.238534441127383e-02
0 42 2.451880726996591e+02 3.565117067137327e-18 5.927660226202198e-02
1 37 2.463672432596055e+02 4.087935992935650e-18 5.610203286469712e-02
0 43 2.509415676368234e+02 3.711834051688660e-18 5.926848670239854e-02
1 38 2.529516773239079e+02 3.831691227220146e-18 5.610261981117281e-02
2 17 2.555665409988729e+02 6.294489383792186e-18 4.238453947474456e-02
0 44 2.566969345831936e+02 3.450574341222145e-18 5.926463001185064e-02
1 39 2.595337842977693e+02 5.351399038967758e-18 5.610422444269622e-02
0 45 2.624531163854010e+02 3.379731754281049e-18 5.926716212364745e-02
1 40 2.661163301978166e+02 3.843011659161850e-18 5.609513282636228e-02
0 46 2.682083072343631e+02 1.004242884589338e-14 5.927031222254127e-02
2 18 2.701496451238547e+02 6.299471104166345e-18 4.238498718931212e-02
1 41 2.727010308193575e+02 1.150816444392866e-17 5.608916718245983e-02
0 47 2.739615158902693e+02 3.469427439947322e-18 5.927604054659161e-02
1 42 2.792873392721263e+02 3.147955231693375e-16 5.610819468795973e-02
0 48 2.797150602247523e+02 3.322404009091420e-18 5.926539894044291e-02
2 19 2.847314325231566e+02 6.276372375199243e-18 4.238689753031154e-02
0 49 2.854859533503267e+02 3.469206044255876e-18 5.975155523118852e-02
1 43 2.858562237609149e+02 2.143866245257530e-17 5.567491842789031e-02
0 50 2.911990846280599e+02 3.562805539434684e-18 5.975325729239449e-02
1 44 2.924889462879725e+02 3.901856507106352e-18 5.568439055465948e-02
0 51 2.969132405613491e+02 3.577360172101826e-18 5.974077630117745e-02
1 45 2.991196735606264e+02 3.728050367552655e-18 5.569370303960135e-02
2 20 2.993143972904315e+02 6.253808489895339e-18 4.238169151815167e-02
0 52 3.026293991764433e+02 4.281301140863441e-18 5.973483819218207e-02
1 46 3.057483036740192e+02 6.623715035040602e-17 5.569141188416916e-02
0 53 3.083459770931967e+02 3.661592800857376e-18 5.974247265651146e-02
1 47 3.123781550874601e+02 3.857174258518664e-18 5.568034328621885e-02
0 54 3.140605973511725e+02 3.879804499864786e-18 5.975343988024949e-02
2 21 3.138977746684528e+02 6.289240257309821e-18 4.238443288199482e-02
1 48 3.190104795276010e+02 3.863250661686217e-18 5.567454824820796e-02
0 55 3.197737131083536e+02 3.409449526648346e-18 5.975242116337583e-02
0 56 3.255377570263033e+02 3.495602763528437e-18 5.804360930774202e-02
1 49 3.255934585024743e+02 3.684842241430095e-18 5.721295385978719e-02
2 22 3.284816583421246e+02 6.322239190903378e-18 4.238020460599447e-02
0 57 3.312973324409742e+02 3.416130951408254e-18 5.806847396792802e-02
1 50 3.321728533041276e+02 4.079758678960807e-18 5.719523528128641e-02
0 58 3.370526793984954e+02 1.604555578926337e-17 5.807144840133530e-02
1 51 3.387560144643530e+02 3.742613982204273e-18 5.719950406766723e-02
0 59 3.428096648604541e+02 3.349194096880896e-18 5.806533331508124e-02
2 23 3.430641836303644e+02 1.441699217272485e-14 4.238494192252750e-02
1 52 3.453360984196412e+02 2.584184792439942e-14 5.720797644347175e-02
0 60 3.485682514250049e+02 1.414070359469469e-17 5.805900210969990e-02
1 53 3.519152188760621e+02 4.165255540383216e-18 5.721944584322789e-02
0 61 3.543268231784093e+02 3.445948984047638e-18 5.805824135762994e-02
2 24 3.576470779476173e+02 3.806452017820681e-17 4.238037481786083e-02
1 54 3.584954525710576e+02 1.642411552118319e-14 5.721602452648421e-02
0 62 3.600835692467999e+02 3.960548129054269e-18 5.806705766978993e-02
1 55 3.650779490632485e+02 4.262142720954117e-18 5.721630663410843e-02
