0 0 2.888547908190234e+00 1.859899353438454e-16 5.880455402698074e-02
1 0 3.289891972008038e+00 4.124148151441139e-18 5.866050056617272e-02
2 0 7.582667569602454e+00 6.084790425849541e-18 4.368582450369916e-02
0 1 8.715708695598211e+00 2.888628293814313e-17 5.884174564300097e-02
1 1 9.797002054347784e+00 3.989817570237325e-15 5.863811807491719e-02
0 2 1.454104320256580e+01 4.120480936074365e-18 5.884489767148615e-02
1 2 1.630484318600848e+01 3.852348824778521e-18 5.865571751629846e-02
0 3 2.036826189241618e+01 3.387842317765357e-18 5.883421052802629e-02
2 1 2.216554870310813e+01 6.163124828583343e-18 4.368143626644917e-02
1 3 2.280967191623853e+01 2.033279393296405e-17 5.866731806191525e-02
0 4 2.619744486108029e+01 3.473362803723470e-18 5.882583567445605e-02
1 4 2.931250165161667e+01 3.564704478081523e-18 5.867120759645623e-02
0 5 3.202745040548364e+01 3.375990908360688e-18 5.882461752154058e-02
1 5 3.581575306864613e+01 1.732770136591037e-14 5.866380308521091e-02
2 2 3.674937587986960e+01 6.245798790022046e-18 4.368374513556193e-02
0 6 3.785621886715884e+01 9.384054604772703e-16 5.883403138053712e-02
1 6 4.232136316412504e+01 3.451459366157250e-18 5.865187448717322e-02
0 7 4.368272827332058e+01 4.678098748278457e-14 5.884797838673501e-02
1 7 4.882941264232112e+01 1.386871467914355e-17 5.864134761812590e-02
0 8 4.950769123940590e+01 3.538684971957100e-18 5.884666634087332e-02
2 3 5.133315918480771e+01 4.663683157487164e-15 4.368011365461304e-02
0 9 5.533866918670470e+01 3.538287813025769e-18 5.879192792176521e-02
1 8 5.533239391210651e+01 3.437337888642511e-18 5.867707427703080e-02
1 9 6.030703101662039e+01 7.057187943974811e-18 4.961387902642864e-02
0 10 6.552353979658446e+01 5.128696244986278e-16 6.854577735713821e-02
1 10 6.534786239482516e+01 4.423973069694874e-18 4.961053411215103e-02
2 4 6.591827468949727e+01 6.221251919689593e-18 4.368355363751805e-02
1 11 7.036169891344169e+01 3.644261669810009e-18 4.958213247195092e-02
1 12 7.537557521025079e+01 1.344173596435995e-16 4.958406374515931e-02
0 11 7.572419516104057e+01 4.151372111876193e-15 6.860671335396652e-02
1 13 8.038386581511240e+01 5.312946613045141e-15 4.957346295322321e-02
2 5 8.051206186355815e+01 9.864643723613181e-16 4.366521409592848e-02
1 14 8.539230894019344e+01 9.360440192219479e-16 4.957381646984159e-02
0 12 8.594223461602827e+01 2.978803242393678e-15 6.860737870190085e-02
1 15 9.039886381991299e+01 3.159493735028705e-17 4.956958326733848e-02
2 6 9.510666448337561e+01 5.183387848339229e-14 4.365978877527781e-02
1 16 9.540548418125630e+01 4.195518756011510e-16 4.957300784399807e-02
0 13 9.616535135541532e+01 2.666801490375241e-15 6.861672342965022e-02
1 17 1.004119163414273e+02 2.072766046892633e-14 4.956931008982291e-02
1 18 1.054183289561697e+02 9.233325577421313e-15 4.957129426504873e-02
0 14 1.063672918199692e+02 6.182686734815972e-17 6.847067681912833e-02
2 7 1.097340759794053e+02 1.064630647543635e-14 4.377768297982010e-02
1 19 1.104249779743042e+02 6.381890591947844e-18 4.957040601208745e-02
1 20 1.154319478642038e+02 3.871288230604295e-16 4.957274299474759e-02
0 15 1.165910121253780e+02 1.922183153781268e-17 6.845958372736656e-02
1 21 1.204395148259737e+02 7.588141919387941e-15 4.956990036561244e-02
2 8 1.243257900306156e+02 6.301676960955530e-18 4.377419857641456e-02
1 22 1.254470746829610e+02 4.520045072221875e-16 4.957313956108422e-02
0 16 1.268128318534029e+02 4.451625849469443e-18 6.846573340572827e-02
1 23 1.304557526570510e+02 8.950581858840007e-18 4.957199720109820e-02
1 24 1.354644126809236e+02 1.015384023650068e-14 4.957264775664783e-02
0 17 1.370347471898386e+02 1.609740247996273e-13 6.843434962703089e-02
2 9 1.389126242760603e+02 6.110052610428913e-18 4.379263673865178e-02
1 25 1.404738952080774e+02 6.275827923172090e-14 4.957183434300418e-02
1 26 1.454835699661824e+02 3.643701974519444e-18 4.957426724933953e-02
0 18 1.472556460752413e+02 8.021723000217572e-14 6.843044528318168e-02
1 27 1.504940881734511e+02 8.389890618695608e-17 4.957157056412966e-02
2 10 1.534935951966600e+02 6.080575912700843e-18 4.379284205880951e-02
1 28 1.555044078697114e+02 4.331223588403657e-15 4.957316642659697e-02
0 19 1.574753011138992e+02 3.343726010750149e-14 6.843278839429502e-02
1 29 1.605155639541480e+02 9.057498729462225e-16 4.957367741965423e-02
1 30 1.655266187964230e+02 1.826101353686840e-17 4.957252340632161e-02
0 20 1.676913289880007e+02 3.951982049419674e-14 6.843769055909835e-02
2 11 1.680752394309026e+02 6.055665437145430e-18 4.378985163599410e-02
1 31 1.705380020985752e+02 2.234923453738814e-15 4.957316386117627e-02
1 32 1.755492096508791e+02 3.814663711728401e-18 4.957461311104965e-02
0 21 1.779030133993476e+02 1.197176558868178e-15 6.848236522893694e-02
1 33 1.805608029734267e+02 3.757770202121270e-18 4.957378987326731e-02
2 12 1.826660760176630e+02 6.232135519233303e-18 4.376895179108970e-02
1 34 1.855718256234030e+02 9.378557087315522e-17 4.957368690524227e-02
0 22 1.881124004815509e+02 6.982292196536840e-17 6.848045335674552e-02
1 35 1.905829368388353e+02 5.031306755635076e-15 4.957771043248111e-02
1 36 1.955937387360803e+02 8.253191464054286e-16 4.957440357177488e-02
2 13 1.972590760273878e+02 6.059287257453695e-18 4.376918028195132e-02
0 23 1.983220031537697e+02 4.197747592762018e-18 6.849413266277798e-02
1 37 2.006041698811744e+02 1.625258592770031e-17 4.957784283118397e-02
1 38 2.056140424778638e+02 1.328033001786830e-15 4.957865718277006e-02
0 24 2.085086690085862e+02 4.693583795098565e-16 6.836453217681716e-02
1 39 2.106238256454282e+02 3.873308215910705e-18 4.958000017789741e-02
2 14 2.118915896696755e+02 6.046408559291214e-18 4.388942145896934e-02
1 40 2.156327756247614e+02 3.833920723515619e-18 4.957851396137995e-02
0 25 2.187197682409277e+02 1.648261100311588e-17 6.835801218974696e-02
1 41 2.206413362348861e+02 4.135620807852639e-17 4.958481685013147e-02
1 42 2.256494643538576e+02 2.068734814229039e-15 4.958132474806899e-02
2 15 2.264923613669671e+02 6.080342138416481e-18 4.389497745345469e-02
0 26 2.289344487755590e+02 1.324751205670658e-16 6.836715024014800e-02
1 43 2.306570199514409e+02 2.361068990842640e-15 4.958474217656152e-02
1 44 2.356640423301343e+02 9.806673778815070e-17 4.958543017183251e-02
0 27 2.391552012963783e+02 3.753036307565146e-16 6.833633687573519e-02
1 45 2.406708030060192e+02 3.845085486722437e-18 4.958774847085221e-02
2 16 2.410903516889277e+02 6.049998525047227e-18 4.392056464379613e-02
1 46 2.456772874642291e+02 1.023873668206178e-13 4.958599884305485e-02
0 28 2.493800071731332e+02 6.559173652207751e-16 6.833129660491401e-02
1 47 2.506834394368521e+02 2.038526092363738e-17 4.958818364514030e-02
1 48 2.556898985785159e+02 1.944357928147593e-14 4.958909911718963e-02
2 17 2.556836500314508e+02 6.080704481355899e-18 4.392391225220828e-02
0 29 2.596061568641442e+02 9.715735013712620e-16 6.833203675978267e-02
1 49 2.606964019102664e+02 1.122743332992691e-16 4.958476446035413e-02
1 50 2.657040929632768e+02 4.350133032266715e-15 4.958596267041198e-02
0 30 2.698263614759985e+02 2.098160596519960e-15 6.833871052100814e-02
2 18 2.702775678474362e+02 1.549928753706120e-14 4.392121173027539e-02
1 51 2.707121147889212e+02 1.135100277207172e-15 4.957282408727905e-02
1 52 2.757241487935603e+02 2.249107510308067e-17 4.957443977133658e-02
0 31 2.800283094132873e+02 3.741207750680091e-15 6.843756561698749e-02
1 53 2.807385594045447e+02 3.324079629490107e-15 4.948441035953174e-02
2 19 2.848789247916944e+02 4.210269148199593e-16 4.389740366485634e-02
1 54 2.857704238968993e+02 5.023813143290178e-15 4.948884719544360e-02
0 32 2.901656609123544e+02 2.717500798364995e-14 6.834375848056155e-02
1 55 2.907976743661599e+02 3.556368653433897e-17 4.947461923772262e-02
1 56 2.958937714288416e+02 1.096280240526664e-17 4.947718150560840e-02
2 20 2.994803889813924e+02 9.830993562706569e-18 4.388857351134325e-02
0 33 2.999709522114343e+02 7.773742169591020e-17 6.834824178542925e-02
1 57 3.009897790381991e+02 1.305320929233983e-14 4.947315407492821e-02
1 58 3.060879365586266e+02 2.948763432713378e-16 4.947630199369708e-02
0 34 3.097582694909444e+02 1.237577674178608e-14 6.853729223511518e-02
1 59 3.111857488669727e+02 2.843484482049135e-15 4.947869512649476e-02
2 21 3.141136010737171e+02 1.327012046866280e-15 4.376752046925209e-02
1 60 3.162833725010773e+02 3.687881805786418e-15 4.947999270321751e-02
0 35 3.195312837807207e+02 1.051083850974277e-15 6.853300259910591e-02
1 61 3.213807453513522e+02 2.944155605627717e-14 4.948745437932522e-02
1 62 3.264776087351222e+02 2.409466690123380e-16 4.948556485736714e-02
2 22 3.287627340674799e+02 6.234809028389378e-18 4.376327824717733e-02
0 36 3.293063332713198e+02 1.977614361833462e-16 6.854591849225751e-02
1 63 3.315741245781864e+02 4.139911368918316e-18 4.949013321728975e-02
1 64 3.366700920383798e+02 5.222105563261407e-18 4.949147742048089e-02
0 37 3.390710046485314e+02 2.904189611295596e-15 6.875741081300434e-02
1 65 3.417664747915986e+02 6.684011013905136e-17 4.948963866671367e-02
2 23 3.434473162928783e+02 6.134165185628245e-18 4.364119876208873e-02
1 66 3.468622400887005e+02 3.426769655303375e-15 4.948904624716427e-02
0 38 3.488189923193280e+02 3.287496151658511e-18 6.875468272015853e-02
1 67 3.519587447798957e+02 1.518316570223119e-15 4.948816105490126e-02
1 68 3.570552379243503e+02 2.606929327178588e-16 4.948535379861840e-02
2 24 3.581510241529891e+02 6.338963742482132e-18 4.364340513137902e-02
0 39 3.585640169048448e+02 7.221301813810213e-15 6.876316334340510e-02
1 69 3.621524258588238e+02 8.522540247021814e-16 4.948048861176043e-02
