0 0 2.993294613604632e+00 3.386326138379703e-18 5.775125889778365e-02
1 0 3.327526592163616e+00 4.502733624403205e-18 5.543886341873421e-02
2 0 7.383302207995384e+00 6.120551988853540e-18 4.451105533067048e-02
0 1 8.840764707715691e+00 3.484970847893916e-18 5.778214262786877e-02
1 1 9.809281672147536e+00 4.846642653791745e-15 5.541797427837538e-02
0 2 1.468569406737875e+01 3.566361653224726e-18 5.778337143454516e-02
1 2 1.629266316601087e+01 4.088222666202428e-18 5.542869344806727e-02
0 3 2.053237928844100e+01 3.568009226985112e-18 5.777025713123522e-02
2 1 2.196530498069929e+01 5.955971137555916e-18 4.451299346996838e-02
1 3 2.277336991943408e+01 3.781004920779612e-18 5.544048361386394e-02
0 4 2.638119104391595e+01 4.176792593377127e-18 5.776128550272581e-02
1 4 2.925202095637904e+01 3.672167275014937e-18 5.544752970300813e-02
0 5 3.223129146559697e+01 3.575912370724027e-18 5.776045535722968e-02
1 5 3.573031187019571e+01 3.649069841369460e-18 5.543943541030707e-02
2 2 3.654731579424121e+01 5.952606659681964e-18 4.451383290683758e-02
0 6 3.808073328045727e+01 3.383885021145823e-18 5.776756132283334e-02
1 6 4.221022800170324e+01 3.808157246516217e-18 5.542896801228295e-02
0 7 4.392827332027408e+01 3.500611119514297e-18 5.777997071306235e-02
1 7 4.869309963595683e+01 4.208783421689010e-15 5.541571107355847e-02
0 8 4.977360920888161e+01 4.248063362235901e-18 5.778172004499018e-02
2 3 5.112904520521537e+01 5.976712672334202e-18 4.451256164613564e-02
1 8 5.517645430443340e+01 3.670524923966352e-18 5.541728958771677e-02
0 9 5.561889061402202e+01 3.462861189592979e-18 5.777423326114277e-02
0 10 6.149235868590768e+01 4.507725208309880e-18 5.724479629695781e-02
1 9 6.163158834885796e+01 3.677412823653190e-18 5.590964660125400e-02
2 4 6.571172613967430e+01 6.013376996400859e-18 4.451218298923790e-02
0 11 6.732390639943166e+01 3.942454446615841e-18 5.734171965572570e-02
1 10 6.813248460803658e+01 3.686232915838748e-18 5.583331392595978e-02
0 12 7.314750336763842e+01 3.503886451579084e-18 5.734706020775059e-02
1 11 7.463997636721106e+01 4.112594436031790e-18 5.584164997447078e-02
0 13 7.897237630304990e+01 3.850170708881179e-18 5.733482829568640e-02
2 5 8.029378144977922e+01 6.072607772041227e-18 4.451449224961256e-02
1 12 8.114507941613523e+01 4.769131785822895e-18 5.585374078605869e-02
0 14 8.479937932735140e+01 8.207561680620499e-18 5.732535425285195e-02
1 13 8.764795877407468e+01 3.772546862031060e-18 5.586127661599955e-02
0 15 9.062776301293837e+01 5.669248681537592e-17 5.732390614063334e-02
1 14 9.415036752522101e+01 3.810417290069814e-18 5.585400209227278e-02
2 6 9.487607826475393e+01 1.699844470988378e-14 4.451478691700820e-02
0 16 9.645553846067735e+01 3.310056541427337e-17 5.733097402366586e-02
1 15 1.006545354792377e+02 3.830856505563853e-18 5.584335992415809e-02
0 17 1.022814074421231e+02 1.046516416007899e-17 5.734357613515995e-02
1 16 1.071616638870645e+02 4.022648496188153e-18 5.582931760229942e-02
0 18 1.081051822221799e+02 3.562907425521405e-18 5.734448710308814e-02
2 7 1.094576657435129e+02 7.228119832870519e-17 4.451459769967737e-02
1 17 1.136682032136428e+02 3.702832471630705e-18 5.583407626545598e-02
0 19 1.139299581470145e+02 3.835998990633261e-18 5.733308592989676e-02
0 20 1.198262708347632e+02 3.918893536817632e-18 5.689679898003996e-02
1 18 1.201001950984287e+02 3.950403099168396e-18 5.623661385384029e-02
2 8 1.240403619324294e+02 2.786627143119842e-14 4.451353257500553e-02
0 21 1.256775554794034e+02 4.877951139648487e-18 5.693435562204840e-02
1 19 1.265778687646114e+02 3.649087500544125e-18 5.621061903052355e-02
0 22 1.315256250313407e+02 5.164784306375822e-18 5.693710498801838e-02
1 20 1.330578571981627e+02 3.760453041480446e-18 5.622123751009314e-02
0 23 1.373753020901018e+02 5.404912112271744e-18 5.692466423638935e-02
2 9 1.386223999681833e+02 5.952193606414262e-18 4.451653913845556e-02
1 21 1.395352534790882e+02 4.099901622849706e-18 5.623328116886208e-02
0 24 1.432271160762650e+02 5.758425791345828e-18 5.691520104378290e-02
1 22 1.460104043058433e+02 3.993374608538656e-18 5.624132526504663e-02
0 25 1.490803573101222e+02 6.240553576236823e-17 5.691324359973864e-02
1 23 1.524849039472206e+02 4.288269665344824e-18 5.623537542689043e-02
2 10 1.532049271000598e+02 5.986073143867841e-18 4.451592470024462e-02
0 26 1.549331671008799e+02 3.122847282478001e-17 5.691940481243208e-02
1 24 1.589608729977878e+02 3.693090990635919e-18 5.622525083891049e-02
0 27 1.607842432140922e+02 1.919749483748708e-17 5.693168325070255e-02
1 25 1.654398059364104e+02 3.607979670183691e-18 5.621031728015120e-02
0 28 1.666330153835810e+02 1.469140599679411e-17 5.693415258360432e-02
2 11 1.677867571653222e+02 5.953953630119398e-18 4.451667849073083e-02
1 26 1.719198856854410e+02 3.829678645848009e-18 5.620894782392438e-02
0 29 1.724810765901931e+02 1.273359446741571e-17 5.692831356657134e-02
0 30 1.783479884390517e+02 4.909709301721931e-18 5.614535491994824e-02
1 27 1.783824682926376e+02 3.924203781790504e-18 5.695400747088173e-02
2 12 1.823695565229363e+02 6.155841534696046e-18 4.451492995809677e-02
1 28 1.845078042038862e+02 1.033637120264272e-14 7.559907865133830e-02
0 31 1.847566487204094e+02 5.344388658539284e-17 4.083317602314997e-02
1 29 1.890212523736313e+02 2.263894054403353e-18 7.559736983143694e-02
1 30 1.935348967879022e+02 1.356820131075722e-16 7.559815333993859e-02
2 13 1.969545944771576e+02 6.196458172412922e-18 4.451098937836999e-02
0 32 1.973964679653417e+02 5.602641482895926e-18 4.084025170545544e-02
1 31 1.980478305093479e+02 4.142582341482441e-18 7.560298655713003e-02
1 32 2.025609278789161e+02 1.045842498964348e-13 7.560076434793071e-02
1 33 2.070740080011851e+02 4.564334809643438e-14 7.560409763121352e-02
0 33 2.100570849161316e+02 5.629721250992554e-18 4.084389423504108e-02
1 34 2.115867951340529e+02 3.549726273910391e-14 7.561167696808596e-02
2 14 2.115194977641625e+02 4.267875993538905e-14 4.450376328083042e-02
1 35 2.160996670580485e+02 9.303343436218173e-17 7.560942034623297e-02
1 36 2.206123817929095e+02 3.051676705402684e-17 7.561265650263140e-02
0 34 2.227168076577693e+02 1.654464623877336e-15 4.079793526076601e-02
1 37 2.251257213538733e+02 7.519377781884449e-14 7.561025164808743e-02
2 15 2.260854781614804e+02 1.081141441861995e-16 4.454304834446499e-02
1 38 2.296392550754253e+02 1.321693448660385e-16 7.560894402245652e-02
1 39 2.341524000673377e+02 6.845577262940835e-16 7.562042282212716e-02
0 35 2.353731494553101e+02 6.424913906190014e-18 4.081994049423417e-02
1 40 2.386644485827730e+02 3.810593980055313e-16 7.560891776975598e-02
2 16 2.406574257761008e+02 8.977300207789170e-14 4.453506565125104e-02
1 41 2.431764125179459e+02 6.836506217058862e-15 7.560938186195755e-02
1 42 2.476793693633055e+02 6.213919418419972e-18 7.584492291048595e-02
0 36 2.480521872012413e+02 5.706633314854038e-18 4.061221559979374e-02
1 43 2.521826787852767e+02 5.750647441726620e-17 7.584261261378913e-02
2 17 2.552254291045608e+02 6.226533068722390e-18 4.454241956460043e-02
1 44 2.566855472353811e+02 2.696515125680285e-13 7.584441749827704e-02
0 37 2.607657993434420e+02 3.411018054189775e-17 4.060626877435820e-02
1 45 2.611883385117746e+02 3.273545829463818e-18 7.583845276845079e-02
1 46 2.656915214176942e+02 2.975886274362525e-14 7.584251457539705e-02
2 18 2.697927216116917e+02 5.947814282663463e-18 4.453850839558421e-02
1 47 2.701944327427763e+02 3.560076136054996e-18 7.584384747977457e-02
0 38 2.734778635400047e+02 5.707715978238630e-18 4.060466309539169e-02
1 48 2.746971214329635e+02 3.541119259106693e-16 7.584844501032935e-02
1 49 2.791996696639321e+02 1.131409097377870e-13 7.585159913430516e-02
1 50 2.837021294945177e+02 4.808953096431931e-18 7.584915269341304e-02
2 19 2.843636613563162e+02 6.004645078628500e-18 4.453136188212176e-02
0 39 2.861888862308890e+02 4.951945768829616e-17 4.061484159384156e-02
1 51 2.882052545376776e+02 8.464003794494985e-14 7.585143470060728e-02
1 52 2.927081914324912e+02 2.844255458803205e-18 7.585232893102627e-02
1 53 2.972112204771790e+02 1.429063852676916e-15 7.584489108519916e-02
0 40 2.988960749739715e+02 5.675685529261691e-18 4.059544103727912e-02
2 20 2.989370310516467e+02 6.288809380546788e-18 4.454985864420949e-02
1 54 3.017146278063515e+02 3.890516803525687e-14 7.584600044074097e-02
1 55 3.062179141154426e+02 4.003324737872530e-18 7.584441841442216e-02
0 41 3.097221374962252e+02 2.699601056333509e-13 3.731638749404902e-02
1 56 3.107205815432148e+02 2.820497997714548e-13 7.585162092997449e-02
1 57 3.152232790188099e+02 1.097494439983752e-13 7.584650611782522e-02
2 21 3.173985602760966e+02 5.993553144467290e-18 4.745771647289708e-02
1 58 3.197262973536353e+02 5.180581827939859e-15 7.579149834507153e-02
0 42 3.205737718981697e+02 1.954418027692988e-17 3.737961052002902e-02
1 59 3.242162601388070e+02 9.772536631206384e-14 7.579044770299387e-02
1 60 3.287062426464793e+02 1.204508181463020e-17 7.578965593156368e-02
0 43 3.314308325170531e+02 1.048831900162119e-15 3.738096142270435e-02
1 61 3.331960992678435e+02 1.192995136124847e-13 7.579175351708527e-02
2 22 3.358466536180272e+02 5.966923062508319e-18 4.746058889987449e-02
1 62 3.376857481748009e+02 2.048035437918370e-15 7.579333219659727e-02
0 44 3.422937049215639e+02 2.715448445330620e-16 3.734291153806066e-02
1 63 3.421736123456959e+02 2.309926952646415e-13 7.582732599916657e-02
1 64 3.466622222618498e+02 4.187010887109514e-14 7.582816622278883e-02
1 65 3.511509108850482e+02 1.994881050754400e-17 7.582368250467605e-02
0 45 3.531572501221064e+02 3.625718282654858e-17 3.734429210765149e-02
2 23 3.542936406491696e+02 5.973340808256991e-18 4.746439088954648e-02
1 66 3.556403018885055e+02 3.673228675975519e-18 7.582798383493594e-02
1 67 3.601296524004273e+02 1.251289756219365e-15 7.582585764951294e-02
0 46 3.640156952937990e+02 5.727622334490177e-18 3.731645289287050e-02
1 68 3.646195301435609e+02 1.996253936260373e-13 7.581444209853500e-02
