1 0 3.715077392687701e+00 4.618645591917320e-18 6.353612284046521e-02
0 0 8.429298109974948e+00 8.908985301652628e-16 5.087789371539467e-02
1 1 1.020501142619495e+01 4.185232531798541e-18 6.353838281086097e-02
1 2 1.669507489457557e+01 5.556660907957575e-18 6.354518914353312e-02
0 1 2.301069795419269e+01 5.660619404394605e-16 5.087625430516652e-02
1 3 2.318496317917855e+01 1.622320762875318e-15 6.354719887878589e-02
1 4 2.967480968399585e+01 7.184175384783937e-18 6.354709733522254e-02
1 5 3.616474552457097e+01 4.912989485762821e-18 6.354181393389294e-02
0 2 3.759232482981025e+01 3.605058293574161e-16 5.087771079834678e-02
1 6 4.265460067483659e+01 3.853478102775963e-17 6.353899281887386e-02
1 7 4.914461182067345e+01 4.662613506070642e-18 6.353512050959273e-02
0 3 5.217419423897008e+01 2.231482753944988e-16 5.087578113060749e-02
1 8 5.563455615871801e+01 3.839057824373295e-17 6.353463126622486e-02
1 9 6.212463974426064e+01 1.557781801908504e-14 6.353629997638352e-02
0 4 6.675597215511704e+01 1.355756538369084e-16 5.087755940440603e-02
1 10 6.861457228228586e+01 4.478638372992893e-18 6.353847588218013e-02
1 11 7.510463963149002e+01 4.177100697867703e-18 6.354519837598831e-02
0 5 8.133737897458944e+01 3.970990168692608e-15 5.087622771150593e-02
1 12 8.159452542187584e+01 5.308220682350650e-18 6.354745793569218e-02
1 13 8.808437531035024e+01 1.860613295150320e-15 6.354787083949136e-02
1 14 9.457430220377802e+01 8.305689488988414e-18 6.354276487594898e-02
0 6 9.591900152408340e+01 3.035396922841292e-15 5.087753843693279e-02
1 15 1.010641439904409e+02 6.497121749694481e-18 6.353988419562442e-02
1 16 1.075541419114914e+02 1.195708493987437e-16 6.353580972631137e-02
0 7 1.105008750008314e+02 2.209017099652998e-15 5.087560153101409e-02
1 17 1.140440731301218e+02 4.664825927060385e-18 6.353517025517041e-02
1 18 1.205341450131162e+02 2.863819894237246e-17 6.353649099350392e-02
0 8 1.250826865748572e+02 1.564220393835894e-15 5.087721726525644e-02
1 19 1.270240724612730e+02 1.418809830593094e-14 6.353857033933258e-02
1 20 1.335141409898704e+02 4.864493465778041e-18 6.354516981899348e-02
0 9 1.396641073747714e+02 1.014019871956811e-15 5.087624695953454e-02
1 21 1.400040220856280e+02 4.170522428133091e-18 6.354761198398969e-02
1 22 1.464938783567430e+02 4.643187563401786e-18 6.354861009149328e-02
1 23 1.529837984272024e+02 2.126687286416232e-15 6.354370773961775e-02
0 10 1.542457207780752e+02 7.187310023286448e-16 5.087735156281451e-02
1 24 1.594736310403634e+02 7.164825945282083e-18 6.354078795115456e-02
1 25 1.659636204485858e+02 5.421062090094321e-18 6.353649629475100e-02
0 11 1.688275891643298e+02 4.753982955118166e-16 5.087545512762833e-02
1 26 1.724535456898808e+02 2.998971485323950e-16 6.353570757825454e-02
1 27 1.789436128987986e+02 5.421078357076391e-18 6.353669025796645e-02
0 12 1.834094219947026e+02 3.123864451254873e-16 5.087688495387308e-02
1 28 1.854335419828761e+02 3.288268851513628e-17 6.353866042680117e-02
1 29 1.919236156461697e+02 1.282587633907739e-14 6.354512419550262e-02
0 13 1.979908523139243e+02 1.781046015527903e-16 5.087629780770595e-02
1 30 1.984134975275795e+02 4.245258403826576e-18 6.354771659984784e-02
1 31 2.049033657695205e+02 4.164673393011586e-18 6.354931325813190e-02
1 32 2.113932849163798e+02 4.556489602916718e-18 6.354463542951545e-02
0 14 2.125724465912504e+02 1.078179259499729e-16 5.087715729783638e-02
1 33 2.178831181183533e+02 2.411679419270527e-15 6.354169931539555e-02
1 34 2.243731091123372e+02 1.202636983009271e-17 6.353718419959983e-02
0 15 2.271542931218422e+02 6.296497799999417e-17 5.087534035351698e-02
1 35 2.308630393468608e+02 5.733660313147190e-18 6.353624880198672e-02
1 36 2.373531112276807e+02 7.079427151170301e-16 6.353692254867983e-02
0 16 2.417361302003127e+02 3.857824119275167e-17 5.087655181234989e-02
1 37 2.438430501517626e+02 5.420968696773443e-18 6.353877273431000e-02
1 38 2.503331340740737e+02 2.498198651893388e-17 6.354508666761904e-02
0 17 2.563175625715686e+02 1.793370867131229e-17 5.087634598472184e-02
1 39 2.568230227163201e+02 1.174563751355330e-14 6.354782225358720e-02
1 40 2.633129056836132e+02 5.295950341557946e-18 6.354997762829254e-02
1 41 2.698028264652240e+02 4.172533607276115e-18 6.354555769119666e-02
0 18 2.708991340425384e+02 9.595804236629630e-18 5.087693893050595e-02
1 42 2.762926630778060e+02 5.177175163833889e-18 6.354262651562165e-02
1 43 2.827826581298967e+02 2.789008384051044e-15 6.353790555939053e-02
0 19 2.854809546678584e+02 9.724110882873598e-18 5.087522796309002e-02
1 44 2.892725937909918e+02 1.012602284570684e-17 6.353682775725827e-02
1 45 2.957626694985892e+02 4.165419582041025e-18 6.353721195258319e-02
0 20 3.000627944740561e+02 7.228586490228286e-18 5.087619552791410e-02
1 46 3.022526168769949e+02 1.463095973919130e-15 6.353893323765994e-02
1 47 3.087427095658736e+02 4.671367290965653e-18 6.354506830405586e-02
0 21 3.146442316148616e+02 1.152524675292463e-17 5.087636146809611e-02
1 48 3.152326045008372e+02 2.496382449041583e-17 6.354793026830984e-02
1 49 3.217224996781916e+02 1.076848311891793e-14 6.355061561104983e-02
1 50 3.282124177941829e+02 4.652013314576295e-18 6.354655443795396e-02
0 22 3.292257855892097e+02 1.573262080733291e-17 5.087667715738248e-02
1 51 3.347022515971581e+02 4.165010722473005e-18 6.354357579187064e-02
1 52 3.411922428083728e+02 4.856247717214368e-18 6.353867802683384e-02
0 23 3.438075924899914e+02 3.301894803513362e-17 5.087509756220369e-02
1 53 3.476821730374804e+02 3.211889561859841e-15 6.353746404037437e-02
1 54 3.541722421398190e+02 8.452094682650747e-18 6.353754947294198e-02
0 24 3.583894489183567e+02 5.099102687946281e-17 5.087581474615399e-02
1 55 3.606621884781358e+02 5.420945958697001e-18 6.353913506480495e-02
