0 0 1.839988759734020e+00 1.516703420767085e-14 8.080292403034618e-02
0 1 4.764706831633235e+00 1.472554751780084e-14 8.080080309546614e-02
1 0 5.342713798502086e+00 5.476110384272591e-18 6.112577703132277e-02
0 2 7.689430612371437e+00 1.431089967505532e-14 8.079839381356936e-02
0 3 1.061417037679675e+01 1.410681259646235e-14 8.079969644148707e-02
0 4 1.353887600795567e+01 1.358161170199838e-14 8.079861062955454e-02
1 1 1.394923252445409e+01 1.664578872948130e-16 6.112690405513396e-02
0 5 1.646359186210304e+01 1.312018100881544e-14 8.079605014148551e-02
0 6 1.938833116120976e+01 1.291874750577159e-14 8.079703668430525e-02
0 7 2.231303030789300e+01 1.238553888000117e-14 8.079712337919966e-02
1 2 2.255577092406740e+01 4.627580565481553e-18 6.112725846378213e-02
0 8 2.523774347320600e+01 1.194124057346929e-14 8.079465115083775e-02
0 9 2.816248697485682e+01 1.178740379476956e-14 8.079530689283008e-02
0 10 3.108718693860482e+01 1.130456610847858e-14 8.079649551116674e-02
1 3 3.116229089856849e+01 4.607604726976851e-18 6.112692668397117e-02
0 11 3.401190316776947e+01 1.092640369979704e-14 8.079441765618013e-02
0 12 3.693665539036336e+01 1.085143806577964e-14 8.079472637939732e-02
1 4 3.976875708303800e+01 4.504750895438780e-18 6.112646943122298e-02
0 13 3.986136342360064e+01 1.046533547574173e-14 8.079675053242887e-02
0 14 4.278608796575602e+01 1.018945409700857e-14 8.079537950526162e-02
0 15 4.571085231634775e+01 1.020838910828427e-14 8.079532285158862e-02
1 5 4.837514405873148e+01 4.507819623579250e-18 6.112594047996481e-02
0 16 4.863557416284027e+01 9.943712479840941e-15 8.079782441441383e-02
0 17 5.156031078086192e+01 9.781934449528683e-15 8.079737417093549e-02
0 18 5.448508881524767e+01 9.901768167453321e-15 8.079693179900720e-02
1 6 5.698143782636438e+01 7.845647242396984e-17 6.112496011649253e-02
0 19 5.740982773029558e+01 9.765343640958769e-15 8.079957832863653e-02
0 20 6.033457802918581e+01 9.716641198135091e-15 8.080009122165333e-02
0 21 6.325936917290900e+01 9.932354424771142e-15 8.079924186463387e-02
1 7 6.558763819206172e+01 4.690417433364161e-18 6.112357618924626e-02
0 22 6.618412563442887e+01 9.924597474931544e-15 8.080178121175542e-02
0 23 6.910888893772071e+01 9.982149771271898e-15 8.080314105876461e-02
0 24 7.203369069928839e+01 1.028186890112772e-14 8.080186470837454e-02
1 8 7.419375913254119e+01 8.412314510577528e-17 6.112203825536909e-02
0 25 7.495846270506540e+01 1.039026155107059e-14 8.080412090630883e-02
0 26 7.788323648214646e+01 1.053509481632328e-14 8.080612253456070e-02
0 27 8.080804500133544e+01 1.090256755081908e-14 8.080440409364126e-02
1 9 8.279982498634796e+01 4.626286112928912e-18 6.112060463122226e-02
0 28 8.373282871875713e+01 1.110570881546588e-14 8.080625543698912e-02
0 29 8.665760932179560e+01 1.131838542546827e-14 8.080867379822147e-02
0 30 8.958242002321740e+01 1.172265617719122e-14 8.080650864995928e-02
1 10 9.140586510590668e+01 4.502992300762766e-18 6.111948958026783e-02
0 31 9.250721055218172e+01 1.199271019819528e-14 8.080787064688900e-02
0 32 9.543199396956510e+01 1.224168792658798e-14 8.081050337036567e-02
0 33 9.835680213356802e+01 1.264878883900553e-14 8.080790533655854e-02
1 11 1.000119091810710e+02 4.488100165360783e-18 6.111886857449161e-02
0 34 1.012815942078333e+02 1.294278107903741e-14 8.080872168966960e-02
0 35 1.042063766458926e+02 1.319359305578718e-14 8.081140637372142e-02
0 36 1.071311778088806e+02 1.355556955531998e-14 8.080841836085539e-02
1 12 1.086179837245949e+02 4.523473045045208e-18 6.111884629397458e-02
0 37 1.100559663563255e+02 1.382606709533595e-14 8.080865714228963e-02
0 38 1.129807446018131e+02 1.404262828882615e-14 8.081127290098686e-02
0 39 1.159055348012438e+02 1.431120746324065e-14 8.080797992548032e-02
1 13 1.172241107174692e+02 9.821440873123099e-17 6.111945212097419e-02
0 40 1.188303153700344e+02 1.450282872370773e-14 8.080763229644984e-02
0 41 1.217550869878731e+02 1.465208478282116e-14 8.081009384568225e-02
0 42 1.246798629402296e+02 1.478608910048187e-14 8.080663676402268e-02
1 14 1.258303069284674e+02 9.064386684024228e-18 6.112064511911494e-02
0 43 1.276046320471382e+02 1.485448053796609e-14 8.080571687514615e-02
0 44 1.305293955105651e+02 1.491495534992356e-14 8.080796628354632e-02
0 45 1.334541548375545e+02 1.487958216586311e-14 8.080455209023750e-02
1 15 1.344365832304651e+02 6.307553007300348e-16 6.112229505529475e-02
0 46 1.363789102957700e+02 1.479954235869926e-14 8.080309795297963e-02
0 47 1.393036651312875e+02 1.476125959662125e-14 8.080509663455218e-02
0 48 1.422284067189477e+02 1.455274396250725e-14 8.080199770002129e-02
1 16 1.430429433496435e+02 4.503768449283556e-18 6.112417764472106e-02
0 49 1.451531479565218e+02 1.432349659772442e-14 8.080007390198253e-02
0 50 1.480778949238382e+02 1.419868804268378e-14 8.080179587919099e-02
0 51 1.510026194031572e+02 1.383828740259057e-14 8.079932724657020e-02
1 17 1.516493818912413e+02 4.486686712140680e-18 6.112599122583811e-02
0 52 1.539273477063973e+02 1.348933639709665e-14 8.079703154667775e-02
0 53 1.568520889438524e+02 1.330990334715992e-14 8.079845820397076e-02
0 54 1.597767991331149e+02 1.284752133692739e-14 8.079692271527322e-02
1 18 1.602558822179523e+02 4.537553567320237e-18 6.112737719409946e-02
0 55 1.627015176816602e+02 1.243019447745370e-14 8.079439910924856e-02
0 56 1.656262566709654e+02 1.223716444295929e-14 8.079551531858550e-02
0 57 1.685509576834038e+02 1.173897282119472e-14 8.079511772497973e-02
1 19 1.688624166975715e+02 4.501496853636030e-18 6.112805245592899e-02
0 58 1.714756712418208e+02 1.131362459476423e-14 8.079257501829411e-02
0 59 1.744004124414585e+02 1.114789668731213e-14 8.079336641406813e-02
0 60 1.773251111624477e+02 1.067600085545858e-14 8.079412602148849e-02
1 20 1.774689489105955e+02 2.126890724740993e-17 6.112794558147912e-02
0 61 1.802498253901271e+02 1.029477151676009e-14 8.079184668872823e-02
0 62 1.831745734972826e+02 1.019219606444572e-14 8.079229789246374e-02
1 21 1.860754411211324e+02 7.071178109270039e-17 6.112747123433642e-02
0 63 1.860992773846944e+02 9.795286489114260e-15 8.079402045595073e-02
0 64 1.890239978723482e+02 9.498282927305714e-15 8.079232589940613e-02
0 65 1.919487568659354e+02 9.479396721174637e-15 8.079241956328909e-02
1 22 1.946818634256607e+02 4.622161852264754e-18 6.112703484956196e-02
0 66 1.948734724429201e+02 9.187203618462699e-15 8.079476889393032e-02
0 67 1.977982036826332e+02 8.992866858886682e-15 8.079392634430616e-02
0 68 2.007229759528012e+02 9.063891172102543e-15 8.079364297479474e-02
1 23 2.032881968884429e+02 4.529839238666948e-18 6.112627667935828e-02
0 69 2.036477075808607e+02 8.890172899233403e-15 8.079626516765819e-02
0 70 2.065724521283456e+02 8.800854635488066e-15 8.079639094746922e-02
0 71 2.094972379886669e+02 8.962163896352833e-15 8.079570957283716e-02
1 24 2.118944352145863e+02 4.487115565520618e-18 6.112503895838661e-02
0 72 2.124219872911956e+02 8.908620052679220e-15 8.079831765292435e-02
0 73 2.153467453963825e+02 8.921449960280264e-15 8.079935387151564e-02
0 74 2.182715431024693e+02 9.167702114829284e-15 8.079825372665214e-02
1 25 2.205005868973115e+02 4.506073922201281e-18 6.112351992858236e-02
0 75 2.211963090429793e+02 9.225781199364743e-15 8.080064295823969e-02
0 76 2.241210788674156e+02 9.328866107163173e-15 8.080241128891118e-02
0 77 2.270458850524666e+02 9.643716966354739e-15 8.080087481241742e-02
1 26 2.291066724776194e+02 2.735329354420047e-16 6.112201071842754e-02
0 78 2.299706644681446e+02 9.799039260625202e-15 8.080290380353290e-02
0 79 2.328954427315768e+02 9.971810874441809e-15 8.080518022378018e-02
0 80 2.358202530433367e+02 1.033485599450693e-14 8.080319777432979e-02
1 27 2.377127198350422e+02 4.642390438994041e-18 6.112074617165870e-02
0 81 2.387450413866787e+02 1.056215598831292e-14 8.080476828405667e-02
0 82 2.416698241450779e+02 1.078424965866363e-14 8.080733751398350e-02
0 83 2.445946338679239e+02 1.116285253297127e-14 8.080491428418522e-02
1 28 2.463187589214420e+02 4.115770857026931e-16 6.111990783712361e-02
0 84 2.475194259486541e+02 1.143210464905942e-14 8.080595914165402e-02
0 85 2.504442092608720e+02 1.166736484623751e-14 8.080864132162451e-02
0 86 2.533690137904664e+02 1.202551515684596e-14 8.080580685418125e-02
1 29 2.549248178618897e+02 4.521350269306891e-18 6.111962042302175e-02
0 87 2.562938043976121e+02 1.229096649074844e-14 8.080628439068781e-02
0 88 2.592185847767802e+02 1.251045176782662e-14 8.080894192745713e-02
0 89 2.621433799220457e+02 1.280120191215863e-14 8.080576224752023e-02
1 30 2.635309207209527e+02 4.509048160822999e-18 6.111994969934185e-02
0 90 2.650681643005777e+02 1.301509808905077e-14 8.080565421348286e-02
0 91 2.679929389692385e+02 1.318472889860360e-14 8.080818811962155e-02
0 92 2.709177211443842e+02 1.336463895344299e-14 8.080477948951370e-02
1 31 2.721370864719462e+02 4.512963259904406e-18 6.112091047593286e-02
0 93 2.738424953676238e+02 1.347905739590885e-14 8.080409056048703e-02
0 94 2.767672624036500e+02 1.357190786090096e-14 8.080643271183262e-02
0 95 2.796920288208411e+02 1.360618660897560e-14 8.080297403494065e-02
1 32 2.807433284585784e+02 4.486729430907565e-18 6.112240627634195e-02
0 96 2.826167901218627e+02 1.359063636007745e-14 8.080173224535753e-02
0 97 2.855415485901968e+02 1.359270368707149e-14 8.080383706593772e-02
0 98 2.884662975578356e+02 1.346576612676536e-14 8.080057484198803e-02
1 33 2.893496536202304e+02 3.323622457593476e-16 6.112423091870165e-02
0 99 2.913910446552200e+02 1.330647237450817e-14 8.079883336785107e-02
0 100 2.943157947764695e+02 1.322386905271538e-14 8.080067049802578e-02
0 101 2.972405261395756e+02 1.294317409223003e-14 8.079790659985045e-02
1 34 2.979560606570552e+02 5.615903036055422e-18 6.112610748265635e-02
0 102 3.001652595256658e+02 1.265985046223729e-14 8.079574844865098e-02
0 103 3.030900028505862e+02 1.251150147038822e-14 8.079729688057390e-02
0 104 3.060147184787331e+02 1.211575744326223e-14 8.079534781241396e-02
1 35 3.065625379306452e+02 3.305532714673849e-16 6.112770755392841e-02
0 105 3.089394405604586e+02 1.174741058843741e-14 8.079289598847642e-02
0 106 3.118641800308558e+02 1.156833491035154e-14 8.079413964671978e-02
0 107 3.147888841055745e+02 1.111254750519598e-14 8.079326189890799e-02
1 36 3.151690622069866e+02 4.501459251904418e-18 6.112871496276304e-02
0 108 3.177135990519595e+02 1.071514383640867e-14 8.079069645165619e-02
0 109 3.206383387863987e+02 1.054812526878853e-14 8.079162102102684e-02
0 110 3.235630375660140e+02 1.009389797037434e-14 8.079191835214601e-02
1 37 3.237756000019315e+02 4.486918102653910e-18 6.112893479595632e-02
0 111 3.264877507723880e+02 9.719847923765220e-15 8.078949250904024e-02
0 112 3.294124954762765e+02 9.598161544171330e-15 8.079008328788120e-02
0 113 3.323371963567203e+02 9.197614225809069e-15 8.079144627501221e-02
1 38 3.323821130378352e+02 4.627883091753446e-18 6.112851499557923e-02
0 114 3.352619135734894e+02 8.888648520686163e-15 8.078947397182416e-02
0 115 3.381866676422281e+02 8.835595850378545e-15 8.078971459007545e-02
1 39 3.409885673586656e+02 4.632986994158482e-18 6.112806504847995e-02
0 116 3.411113777094689e+02 8.524868895219420e-15 8.079185123660665e-02
0 117 3.440361040101215e+02 8.304458085424800e-15 8.079063565261449e-02
0 118 3.469608705815520e+02 8.336254047001935e-15 8.079050757302246e-02
1 40 3.495949394221230e+02 9.663058234930509e-17 6.112747777444132e-02
0 119 3.498855952032187e+02 8.128237555311902e-15 8.079305712402261e-02
0 120 3.528103340302725e+02 8.007242103784992e-15 8.079278476565918e-02
0 121 3.557351143098893e+02 8.120800970645289e-15 8.079226759079815e-02
1 41 3.582012172704508e+02 2.364499412738765e-17 6.112641789786956e-02
0 122 3.586598562699629e+02 8.026885224660693e-15 8.079491028634952e-02
0 123 3.615846088410275e+02 8.001017989525442e-15 8.079559154903557e-02
0 124 3.645094019092386e+02 8.196814825025404e-15 8.079466425822289e-02
