0 0 1.824067711220143e+00 3.127311841307896e-16 8.244329659677720e-02
0 1 4.748757804639945e+00 3.366665000898227e-16 8.244329801773215e-02
1 0 5.256764324309970e+00 4.891668105930470e-18 5.619700798410393e-02
0 2 7.673472639495797e+00 3.574085313628800e-16 8.244145967227451e-02
0 3 1.059821498899505e+01 3.701372845975758e-16 8.244413967728804e-02
0 4 1.352290662076537e+01 3.995003352116854e-16 8.244496104052736e-02
1 1 1.386323444544102e+01 4.902987264157816e-18 5.619714727238235e-02
0 5 1.644761850610554e+01 4.235264669867315e-16 8.244304652510563e-02
0 6 1.937236799622331e+01 4.332495060617974e-16 8.244528275719439e-02
0 7 2.229706178072887e+01 4.669537543985590e-16 8.244675901135722e-02
1 2 2.246969888381185e+01 2.738534633858721e-14 5.619691641968436e-02
0 8 2.522176974415375e+01 4.970038391678871e-16 8.244489926349764e-02
0 9 2.814652491960494e+01 5.054586371979283e-16 8.244652175377894e-02
0 10 3.107122100792275e+01 5.424372064647262e-16 8.244845236518422e-02
1 3 3.107616195126775e+01 5.215097971155373e-18 5.619651158623797e-02
0 11 3.399592435392024e+01 5.782431678657809e-16 8.244678665606428e-02
0 12 3.692068331165589e+01 5.850212318846928e-16 8.244763730724988e-02
1 4 3.968262910022429e+01 1.661265390189065e-15 5.619616225541693e-02
0 13 3.984538151988959e+01 6.266423642374957e-16 8.244981420970995e-02
0 14 4.277007992657133e+01 6.700765972165937e-16 8.244847294903161e-02
0 15 4.569484035741233e+01 6.777769691699231e-16 8.244842362901333e-02
1 5 4.828910530630592e+01 4.965406336372217e-18 5.619576456942597e-02
0 16 4.861954034107206e+01 7.251995007522379e-16 8.245065572916642e-02
0 17 5.154423393203265e+01 7.766536795847891e-16 8.244974446467074e-02
0 18 5.446899323003622e+01 7.851580697521837e-16 8.244871777850024e-02
1 6 5.689559348917245e+01 4.955937503365262e-18 5.619522373545430e-02
0 19 5.739369466446345e+01 8.380702831351186e-16 8.245084612810638e-02
0 20 6.031838404810603e+01 9.008284783987914e-16 8.245043649646099e-02
0 21 6.324313950351550e+01 9.119661480968133e-16 8.244842576832560e-02
1 7 6.550209511878241e+01 4.913334538721745e-18 5.619461987380513e-02
0 22 6.616784222423519e+01 9.729025959291082e-16 8.245032828714756e-02
0 23 6.909252849167103e+01 1.048270969931861e-15 8.245045720170358e-02
0 24 7.201727755938933e+01 1.065434733440758e-15 8.244754074753503e-02
1 8 7.410861021967503e+01 4.905478450398250e-18 5.619410578810171e-02
0 25 7.494198162640838e+01 1.136805992389986e-15 8.244912958423098e-02
0 26 7.786666629662503e+01 1.223894305888249e-15 8.244980388292425e-02
0 27 8.079140690128749e+01 1.252707078415146e-15 8.244614844819530e-02
1 9 8.271513724266734e+01 3.685047190253852e-14 5.619380093714318e-02
0 28 8.371611257385905e+01 1.331905047603044e-15 8.244736424996547e-02
0 29 8.664079748002089e+01 1.431500535991873e-15 8.244856688856986e-02
0 30 8.956552829270601e+01 1.474882590897016e-15 8.244441691794469e-02
1 10 9.132167315912248e+01 1.769789967737946e-17 5.619377176768992e-02
0 31 9.249023592733013e+01 1.563271974455658e-15 8.244522302725731e-02
0 32 9.541492305299691e+01 1.673750388714214e-15 8.244691816077530e-02
0 33 9.833964366786425e+01 1.739830056976506e-15 8.244257118730290e-02
1 11 9.992821357965822e+01 1.218935839153959e-14 5.619403744143487e-02
0 34 1.012643535740239e+02 1.834982173844290e-15 8.244294908190521e-02
0 35 1.041890448656014e+02 1.956272755777041e-15 8.244508507936571e-02
0 36 1.071137558257900e+02 2.044517937249331e-15 8.244085763377110e-02
1 12 1.085347533255519e+02 4.901090757785180e-18 5.619457572500923e-02
0 37 1.100384681238994e+02 2.149631622064947e-15 8.244080388953080e-02
0 38 1.129631653148695e+02 2.275864958720479e-15 8.244331439218550e-02
0 39 1.158878679795430e+02 2.391043128861238e-15 8.243950552256943e-02
1 13 1.171412872630715e+02 4.896881870414722e-18 5.619533189673236e-02
0 40 1.188125824998990e+02 2.502899684093642e-15 8.243903022885724e-02
0 41 1.217372869774617e+02 2.633834225423221e-15 8.244183378252734e-02
0 42 1.246619832670864e+02 2.775765581513253e-15 8.243869326400045e-02
1 14 1.257478110392016e+02 4.905731492609571e-18 5.619624419118387e-02
0 43 1.275866995112083e+02 2.895037337118885e-15 8.243781983461317e-02
0 44 1.305114122390826e+02 3.022688439528176e-15 8.244081874050359e-02
0 45 1.334361043235835e+02 3.191227806154993e-15 8.243852459551303e-02
1 15 1.343543219851625e+02 4.921568534726827e-18 5.619718786854617e-02
0 46 1.363608214887317e+02 3.323950536754374e-15 8.243729101986179e-02
0 47 1.392855429801341e+02 3.444693757731082e-15 8.244037008736284e-02
0 48 1.422102329768079e+02 3.635673319348115e-15 8.243901666871391e-02
1 16 1.429608193008415e+02 9.175624752914095e-15 5.619803875883059e-02
0 49 1.451349500296335e+02 3.783450124494087e-15 8.243747820688106e-02
0 50 1.480596803503647e+02 3.890607369368707e-15 8.244050417080799e-02
0 51 1.509843700808267e+02 4.105678788997604e-15 8.244009961175557e-02
1 17 1.515673038689562e+02 9.131429947585528e-17 5.619867654272535e-02
0 52 1.539090858608281e+02 4.263376581147303e-15 8.243833245732370e-02
0 53 1.568338246394179e+02 4.362025482086223e-15 8.244115494210416e-02
0 54 1.597585154712756e+02 4.592111140595921e-15 8.244162640607876e-02
1 18 1.601737778980554e+02 5.010579585847758e-14 5.619899490004288e-02
0 55 1.626832288079477e+02 4.774199223554152e-15 8.243973064067470e-02
0 56 1.656079752371315e+02 4.856497039223262e-15 8.244218568533559e-02
0 57 1.685326680171361e+02 5.107971276870486e-15 8.244339219920031e-02
1 19 1.687802445006065e+02 4.931623552869574e-18 5.619893660850149e-02
0 58 1.714573778502843e+02 5.314865910123666e-15 8.244149079432680e-02
0 59 1.743821306777813e+02 5.383279515628474e-15 8.244340798328258e-02
0 60 1.773068257526508e+02 5.650693873269804e-15 8.244516138460363e-02
1 20 1.773867075608527e+02 4.887594857667890e-18 5.619858496989759e-02
0 61 1.802315312488740e+02 5.890373089464381e-15 8.244339190516825e-02
0 62 1.831562887704490e+02 5.946795671974463e-15 8.244460594158723e-02
0 63 1.860809860855799e+02 6.238554440497380e-15 8.244669798562369e-02
1 21 1.859931721041605e+02 4.891703180638876e-18 5.619819054248237e-02
0 64 1.890056867432104e+02 6.518527194306863e-15 8.244519708578875e-02
0 65 1.919304468226995e+02 6.568370551530227e-15 8.244556400897636e-02
1 22 1.945996436743801e+02 4.941461594572259e-18 5.619782732689972e-02
0 66 1.948551460800535e+02 6.884141477603521e-15 8.244779340909961e-02
0 67 1.977798418133119e+02 7.207521430680419e-15 8.244667936049671e-02
0 68 2.007046019585987e+02 7.261306688344552e-15 8.244609641525689e-02
1 23 2.032061261642546e+02 1.202077753450532e-15 5.619733655500937e-02
0 69 2.036293028003838e+02 7.606703346758238e-15 8.244828864531389e-02
0 70 2.065539939945432e+02 7.980928381170478e-15 8.244764873000349e-02
0 71 2.094787515122652e+02 8.053119421704155e-15 8.244607523228628e-02
1 24 2.118126215631486e+02 8.470271648445065e-17 5.619674383816130e-02
0 72 2.124034536851919e+02 8.430381292230396e-15 8.244809170257966e-02
0 73 2.153281412147192e+02 8.859421615610713e-15 8.244797791584317e-02
0 74 2.182528934476900e+02 8.966546996013260e-15 8.244545275438850e-02
1 25 2.204191305014698e+02 2.570372376922144e-14 5.619617736351901e-02
0 75 2.211775969052089e+02 9.376876589077305e-15 8.244719091191832e-02
0 76 2.241022821043926e+02 9.864087415128969e-15 8.244762268809989e-02
0 77 2.270270267270834e+02 1.002121503849803e-14 8.244427321860963e-02
1 26 2.290256522378034e+02 4.897411790974144e-18 5.619576400301946e-02
0 78 2.299517316449783e+02 1.046859559375410e-14 8.244566171778797e-02
0 79 2.328764162211381e+02 1.100768092501141e-14 8.244663187602470e-02
0 80 2.358011515384033e+02 1.123604513237469e-14 8.244266980287508e-02
1 27 2.376321845239167e+02 4.896759430728561e-18 5.619559715971073e-02
0 81 2.387258582445079e+02 1.171771778278707e-14 8.244366248346152e-02
0 82 2.416505441348203e+02 1.230488687968898e-14 8.244514301911644e-02
0 83 2.445752693120195e+02 1.262157988301412e-14 8.244084574501050e-02
1 28 2.462387236130799e+02 4.916755960440319e-18 5.619573784378638e-02
0 84 2.474999781558919e+02 1.313453487124209e-14 8.244141644017368e-02
0 85 2.504246673465498e+02 1.375773273503462e-14 8.244336249843552e-02
0 86 2.533493825074023e+02 1.417502470622748e-14 8.243904254545587e-02
1 29 2.548452644081494e+02 4.912137425548905e-18 5.619617048436772e-02
0 87 2.562740937116989e+02 1.471654429121371e-14 8.243918136309587e-02
0 88 2.591987880523808e+02 6.338484895738808e-15 8.244153312477848e-02
0 89 2.621234942155938e+02 6.592213523859377e-15 8.243750178734557e-02
1 30 2.634518016307788e+02 6.498279652751388e-17 5.619685043793037e-02
0 90 2.650482077523788e+02 6.845495256559889e-15 8.243721288679995e-02
0 91 2.679729088005976e+02 7.118973188415178e-15 8.243989576580807e-02
0 92 2.708976076729501e+02 7.418849179231136e-15 8.243642843416725e-02
1 31 2.720583305362919e+02 1.158566956452088e-16 5.619770467298391e-02
0 93 2.738223231952395e+02 7.687192103088711e-15 8.243572921059270e-02
0 94 2.767470321130943e+02 7.953531585862164e-15 8.243865297559938e-02
0 95 2.796717257943193e+02 8.297651792912777e-15 8.243596209036451e-02
1 32 2.806648476835424e+02 4.890876804931937e-18 5.619863896073202e-02
0 96 2.825964426328237e+02 8.581791453606427e-15 8.243488376964676e-02
0 97 2.855211601388877e+02 8.828894200942109e-15 8.243794125413131e-02
0 98 2.884458508073282e+02 9.213265287107334e-15 8.243615965629988e-02
1 33 2.892713513805625e+02 4.944207883646302e-18 5.619954374756436e-02
0 99 2.913705680239206e+02 9.520037046917018e-15 8.243474935788805e-02
0 100 2.942952943854096e+02 9.741792528591213e-15 8.243781547859790e-02
0 101 2.972199840233153e+02 1.015563299932539e-14 8.243698985122078e-02
1 34 2.978778416310870e+02 4.893038786015298e-18 5.620029800311897e-02
0 102 3.001447005031705e+02 1.048964406422127e-14 8.243531393752367e-02
0 103 3.030694355453537e+02 1.068140350775713e-14 8.243824584356310e-02
0 104 3.059941257402309e+02 2.414069633441945e-18 8.243833856714522e-02
1 35 3.064843200466127e+02 4.907020972609113e-18 5.620076913467279e-02
0 105 3.089188403043101e+02 2.717989496233913e-18 8.243648623976030e-02
0 106 3.118435834170207e+02 2.578869309108620e-18 8.243912555174031e-02
0 107 3.147682752533377e+02 2.649591761683289e-18 8.244002404213682e-02
1 36 3.150907895336258e+02 9.023664797881240e-14 5.620086975604811e-02
0 108 3.176929867781132e+02 2.482771216281277e-18 8.243810860864331e-02
0 109 3.206177369106616e+02 2.666271215671215e-18 8.244028679532539e-02
0 110 3.235424309519830e+02 3.619233597421320e-18 8.244182082381600e-02
1 37 3.236972536126433e+02 5.252523664957925e-18 5.620061182470302e-02
0 111 3.264671384884077e+02 2.326283126625690e-18 8.243997495960996e-02
0 112 3.293918941392575e+02 2.326239458274171e-18 8.244152282670707e-02
0 113 3.323165904935811e+02 2.665669803954294e-18 8.244348945461547e-02
1 38 3.323037167267660e+02 3.022548475932849e-15 5.620021073645217e-02
0 114 3.352412933781753e+02 2.665532657385763e-18 8.244185252305662e-02
0 115 3.381660525993927e+02 2.394455232753388e-18 8.244261436170856e-02
1 39 3.409101844138447e+02 4.962865269695357e-18 5.619987025459782e-02
0 116 3.410907510536929e+02 2.901773128956179e-18 8.244480605189454e-02
0 117 3.440154490032407e+02 2.326183290982007e-18 8.244350656178374e-02
0 118 3.469402094479146e+02 2.665135800878308e-18 8.244335857826428e-02
1 40 3.495166614800890e+02 4.891838459045234e-18 5.619946081380103e-02
0 119 3.498649096455464e+02 2.394189845677204e-18 8.244558699651687e-02
0 120 3.527896028263968e+02 3.130461070090032e-18 8.244472708373529e-02
0 121 3.557143618660492e+02 3.052403961618891e-18 8.244359824660098e-02
1 41 3.581231507920287e+02 4.932857202740347e-18 5.619889351357422e-02
0 122 3.586390634859172e+02 2.576025386060298e-18 8.244570824531160e-02
0 123 3.615637525501742e+02 2.482579072551288e-18 8.244535559307868e-02
0 124 3.644885074761660e+02 2.482626963480537e-18 8.244324726680680e-02
