1 0 3.668921203940865e+00 4.269873273716506e-18 6.380141276702353e-02
0 0 8.763913892742266e+00 3.926536412461130e-15 4.873483864677685e-02
1 1 1.015876027142302e+01 4.436541882124221e-18 6.380351477532512e-02
1 2 1.664868173869019e+01 3.293310316941458e-14 6.381517720289794e-02
0 1 2.334545345096108e+01 4.182701770530697e-15 4.873045538280145e-02
1 3 2.313838652339865e+01 1.635210004782147e-15 6.381616132262224e-02
1 4 2.962789252339423e+01 7.544447844418772e-18 6.381419589935655e-02
1 5 3.611749807326474e+01 4.814157471181147e-18 6.381153062341291e-02
0 2 3.792758998389175e+01 4.370521269366054e-15 4.873086048912893e-02
1 6 4.260714749203787e+01 5.405659608148015e-18 6.380895429762530e-02
1 7 4.909678726644032e+01 1.564508342438266e-17 6.380453290855670e-02
0 3 5.250997298626741e+01 4.538278555441187e-15 4.872901200764870e-02
1 8 5.558645952659023e+01 1.021099653126001e-14 6.380447454209014e-02
1 9 6.207652175734092e+01 4.737400206391736e-18 6.380375586759530e-02
0 4 6.709155060454339e+01 4.781017246085863e-15 4.873302777940473e-02
1 10 6.856633532985801e+01 4.265486656182935e-18 6.380578576588136e-02
1 11 7.505628884760765e+01 4.418053721437211e-18 6.381780925749797e-02
0 5 8.167306164662899e+01 5.077284355495334e-15 4.872842158192540e-02
1 12 8.154599203093663e+01 3.141730848768278e-14 6.381901607403603e-02
1 13 8.803548206778044e+01 1.555689235884318e-15 6.381734244092198e-02
1 14 9.452507540120763e+01 6.758634450980690e-18 6.381481298137882e-02
0 6 9.625525226242361e+01 5.289820864027367e-15 4.872910779007719e-02
1 15 1.010147046864222e+02 5.997992323544577e-18 6.381213832519689e-02
1 16 1.075043234565261e+02 4.686308896727901e-18 6.380773622462844e-02
0 7 1.108376778027992e+02 5.477092271152738e-15 4.872703996587670e-02
1 17 1.139939830584279e+02 2.136673374319911e-17 6.380754814329447e-02
1 18 1.204840003436546e+02 1.065283267864512e-14 6.380629019784985e-02
0 8 1.254194015957487e+02 2.402031801401470e-15 4.873105710602184e-02
1 19 1.269737889751386e+02 4.223651826640451e-18 6.380828142821726e-02
1 20 1.334637793775680e+02 4.150194508521448e-18 6.382045338908644e-02
0 9 1.400008649889799e+02 2.190345440964203e-15 4.872636544397434e-02
1 21 1.399534875564368e+02 4.423134273221584e-18 6.382187284561250e-02
1 22 1.464429666789761e+02 2.976396137972837e-14 6.382053768105939e-02
1 23 1.529325514758766e+02 1.472161621454670e-15 6.381814281530913e-02
0 10 1.545830949965257e+02 2.058741686050336e-15 4.872727596130821e-02
1 24 1.594221647118549e+02 1.004309218097120e-17 6.381538244302606e-02
1 25 1.659117676707324e+02 4.740186104718362e-18 6.381101447522967e-02
0 11 1.691655454099639e+02 1.951962749331951e-15 4.872502432823229e-02
1 26 1.724014179515894e+02 8.082770871474138e-18 6.381069435413288e-02
1 27 1.788913917356758e+02 1.908429708203218e-17 6.380898635527732e-02
0 12 1.837474004607952e+02 1.802107026048696e-15 4.872895107834103e-02
1 28 1.853811547927223e+02 1.150090089196993e-14 6.381092029631785e-02
1 29 1.918711854577127e+02 4.222810536935898e-18 6.382307770991534e-02
0 13 1.983287981192139e+02 1.635395770754345e-15 4.872433430998840e-02
1 30 1.983609036498374e+02 4.254686905445328e-18 6.382467848311428e-02
1 31 2.048503774841379e+02 4.614846870341438e-18 6.382375979520510e-02
1 32 2.113399579692530e+02 2.816006191849198e-14 6.382149515153862e-02
0 14 2.129110482525290e+02 1.536927307507669e-15 4.872539298358671e-02
1 33 2.178295606371842e+02 1.370701285650552e-15 6.381866360275830e-02
1 34 2.243191540815982e+02 8.005552747834294e-18 6.381435066861470e-02
0 15 2.274935005179191e+02 1.455509427467366e-15 4.872298693091341e-02
1 35 2.308087987591099e+02 5.405393807840389e-18 6.381389746290823e-02
1 36 2.372987335729484e+02 6.940904038519550e-18 6.381178102609480e-02
0 16 2.420754616165821e+02 1.348012445962946e-15 4.872676997900802e-02
1 37 2.437884760681047e+02 2.025238609030497e-17 6.381364199114541e-02
1 38 2.502785473081712e+02 1.221221035095295e-14 6.382565229408019e-02
0 17 2.566567805692634e+02 1.216582109734121e-15 4.872237544707088e-02
1 39 2.567682784580336e+02 4.222724999434837e-18 6.382739002515787e-02
1 40 2.632577529764613e+02 4.252801975058143e-18 6.382697673096763e-02
1 41 2.697473339867579e+02 4.457333164633937e-18 6.382483878755851e-02
0 18 2.712390300108545e+02 1.141542793145068e-15 4.872349535838556e-02
1 42 2.762369310096710e+02 2.652875055353104e-14 6.382195160624637e-02
1 43 2.827265207832480e+02 1.277064710919458e-15 6.381770680222738e-02
0 19 2.858214610375633e+02 1.079340068196709e-15 4.872097089951029e-02
1 44 2.892161644567069e+02 9.252861668762025e-18 6.381712095712894e-02
1 45 2.957060675114180e+02 6.811250256688420e-18 6.381460790051602e-02
0 20 3.004034988621679e+02 1.000712619580465e-15 4.872457753930682e-02
1 46 3.021957984853035e+02 8.538700300881622e-18 6.381638289783517e-02
1 47 3.086859109266483e+02 2.248790430947665e-17 6.382811697327904e-02
0 21 3.149847272075760e+02 8.983684284275530e-16 4.872052868875171e-02
1 48 3.151756588623028e+02 1.323211911596559e-14 6.382998478276712e-02
1 49 3.216651416285263e+02 4.222628051925111e-18 6.383012609792847e-02
1 50 3.281547293882265e+02 4.419728033352597e-18 6.382812995603925e-02
0 22 3.295669540144627e+02 8.413642356192672e-16 4.872162629059661e-02
1 51 3.346443251290617e+02 5.010864941546362e-18 6.382519051792333e-02
1 52 3.411339167272662e+02 2.509435566137725e-14 6.382101208597712e-02
0 23 3.441493429032406e+02 7.932784410478601e-16 4.871902690470300e-02
1 53 3.476235657146937e+02 1.190496832529929e-15 6.382029570386542e-02
1 54 3.541134452759596e+02 5.626389075303054e-18 6.381741386798710e-02
0 24 3.587314297463698e+02 7.358793732965525e-16 4.872241850114605e-02
1 55 3.606031733535422e+02 6.206712942316332e-18 6.381909232312392e-02
