1 0 3.645471442662640e+00 4.120812116479054e-18 6.421114014138826e-02
0 0 8.287336478544074e+00 8.561271908462153e-18 4.949260967729721e-02
1 1 1.013533953991555e+01 4.198837067716409e-18 6.421312194085105e-02
1 2 1.662525107099307e+01 6.437509771128175e-14 6.421989896543850e-02
0 1 2.286893509821318e+01 7.432552274067403e-18 4.949144410002516e-02
1 3 2.311499797469568e+01 1.400941320088746e-15 6.422235779564733e-02
1 4 2.960466197196222e+01 4.876118914396765e-18 6.422234222740042e-02
1 5 3.609433350827804e+01 8.441106092829898e-16 6.421778714103528e-02
0 2 3.745106453334612e+01 7.431025411019510e-18 4.949210162424902e-02
1 6 4.258398379664251e+01 5.384215997550530e-18 6.421510576096692e-02
1 7 4.907383893045833e+01 2.496143383404756e-16 6.420994357062272e-02
0 3 5.203328417525972e+01 7.815418936154295e-18 4.949113367879542e-02
1 8 5.556362092906717e+01 8.244514348226629e-14 6.420923006672406e-02
1 9 6.205365164726420e+01 4.509106532904423e-18 6.421163043911203e-02
0 4 6.661506729925210e+01 7.003045334580687e-18 4.949240676169218e-02
1 10 6.854351324246936e+01 4.118093094521130e-18 6.421348314122913e-02
1 11 7.503342958767914e+01 4.198389945198676e-18 6.422035902116682e-02
0 5 8.119666015486223e+01 7.288921651472827e-18 4.949149846119198e-02
1 12 8.152317680422249e+01 6.412387138790375e-14 6.422297254635968e-02
1 13 8.801283828959828e+01 1.377442402094954e-15 6.422334660539862e-02
1 14 9.450249589337956e+01 6.482921194140153e-18 6.421912502385492e-02
0 6 9.577878836785534e+01 7.286927374621017e-18 4.949199969256708e-02
1 15 1.009921281762703e+02 5.955317092632493e-16 6.421639628166227e-02
1 16 1.074819571629387e+02 4.622440085183129e-18 6.421100753284095e-02
0 7 1.103610374752285e+02 7.141400781483827e-18 4.949104390639042e-02
1 17 1.139717182937638e+02 2.610402857929338e-16 6.421016849467794e-02
1 18 1.204617337882066e+02 8.263876718832778e-14 6.421212644347059e-02
0 8 1.249428679216024e+02 7.421351555823837e-18 4.949221345494325e-02
1 19 1.269515845998568e+02 5.140306287505866e-18 6.421388824951896e-02
1 20 1.334415030082421e+02 4.117542621857194e-18 6.422078163949910e-02
0 9 1.395244613549131e+02 8.116435310572453e-18 4.949158375165858e-02
1 21 1.399312485907467e+02 4.516902664098992e-18 6.422349525298236e-02
1 22 1.464209091522684e+02 6.390391357178382e-14 6.422430628913374e-02
1 23 1.529105544100224e+02 1.339396117147077e-15 6.422042838925981e-02
0 10 1.541065851256476e+02 7.540737048182414e-18 4.949190255723669e-02
1 24 1.594001749752269e+02 5.384087647086905e-18 6.421767087555659e-02
1 25 1.658899845865098e+02 4.340600188557867e-16 6.421205043516495e-02
0 11 1.686888517883429e+02 7.276396731676165e-18 4.949099114972128e-02
1 26 1.723797346920124e+02 4.117631998316570e-18 6.421108478819458e-02
1 27 1.788697444056960e+02 2.608486383436551e-16 6.421259668534798e-02
0 12 1.832707140628427e+02 7.815361961880082e-18 4.949204819649365e-02
1 28 1.853595940106028e+02 8.443090883279347e-14 6.421425648885264e-02
1 29 1.918495250835133e+02 4.198548036608622e-18 6.422113077771843e-02
0 13 1.978522938712334e+02 7.271912643867569e-18 4.949170547972931e-02
1 30 1.983392796264700e+02 4.123717300872173e-18 6.422390475813129e-02
1 31 2.048289525928532e+02 4.837593127336057e-18 6.422519556021523e-02
1 32 2.113185991002895e+02 6.329045829766507e-14 6.422166416176170e-02
0 14 2.124343912069621e+02 7.145690983947032e-18 4.949182242531731e-02
1 33 2.178082238602078e+02 1.291966007386796e-15 6.421889930930133e-02
1 34 2.242980295899624e+02 1.081750015022180e-17 6.421307454232124e-02
0 15 2.270166500850806e+02 8.809158052795576e-18 4.949096710473217e-02
1 35 2.307877828460693e+02 2.868912967851489e-16 6.421198240833483e-02
1 36 2.372777987169259e+02 5.689283208503403e-18 6.421307064072863e-02
0 16 2.415985240397519e+02 8.069079446158654e-18 4.949188943400486e-02
1 37 2.437676581126387e+02 2.655179697109516e-16 6.421461765417212e-02
1 38 2.502576116680766e+02 8.544803764488180e-14 6.422145369988148e-02
0 17 2.561800768517483e+02 7.263361537496706e-18 4.949182768417115e-02
1 39 2.567473858739644e+02 4.585594742009124e-18 6.422429243805607e-02
1 40 2.632370800069695e+02 4.117077276862782e-18 6.422604374512940e-02
1 41 2.697267376889382e+02 4.561303237784509e-18 6.422286033962582e-02
0 18 2.707621320952505e+02 7.815760829430594e-18 4.949173527114738e-02
1 42 2.762163730956012e+02 6.243655726493669e-14 6.422010984105994e-02
1 43 2.827061802504914e+02 1.263308654906689e-15 6.421413494797139e-02
0 19 2.853443734804770e+02 7.148133647171703e-18 4.949093828245373e-02
1 44 2.891959375714135e+02 6.987500673499189e-18 6.421291809353266e-02
1 45 2.956859580799419e+02 2.802447177790083e-16 6.421360420063563e-02
0 20 2.999262595348107e+02 7.815368582090809e-18 4.949170450309695e-02
1 46 3.021758250751398e+02 6.451518689716760e-18 6.421502858636090e-02
1 47 3.086657974918148e+02 2.702025284795625e-16 6.422180488624697e-02
0 21 3.145077932874888e+02 7.400902806639806e-18 4.949190790447055e-02
1 48 3.151555879260400e+02 8.674145121067583e-14 6.422470633031993e-02
1 49 3.216452979257889e+02 4.198229552520210e-18 6.422688737731981e-02
1 50 3.281349623342456e+02 4.117193627236772e-18 6.422407067076251e-02
0 22 3.290898143301469e+02 7.399484580620465e-18 4.949160928189163e-02
1 51 3.346245979376101e+02 4.925740987340557e-18 6.422135208683456e-02
1 52 3.411143952621804e+02 6.182970231109576e-14 6.421527145040720e-02
0 23 3.436720541341485e+02 8.448052961567819e-18 4.949088534064497e-02
1 53 3.476041430320730e+02 1.238379528410586e-15 6.421393397355366e-02
1 54 3.540941537645333e+02 5.384291017163504e-18 6.421421185337631e-02
0 24 3.582539730060568e+02 7.248388802436744e-18 4.949149186243623e-02
1 55 3.605840148621390e+02 2.384816462586706e-16 6.421550525845575e-02
