1 0 3.796303101712608e+00 1.425077634817531e-15 6.310227410295895e-02
0 0 8.416474531505372e+00 1.693894245359239e-15 4.815775088441279e-02
1 1 1.028617069659163e+01 4.916747303731533e-18 6.310431226710962e-02
1 2 1.677604201001989e+01 4.217203020815651e-18 6.310964764587010e-02
0 1 2.299811580078966e+01 1.166093357933674e-15 4.815759711207673e-02
1 3 2.326587086193772e+01 4.192420968282892e-18 6.311178378432750e-02
1 4 2.975573827200989e+01 2.938316831514813e-14 6.311097843603522e-02
1 5 3.624565736500582e+01 8.321758361640929e-17 6.310578070225081e-02
0 2 3.757952998333773e+01 7.415171826865157e-16 4.815875012841359e-02
1 6 4.273560437921654e+01 7.714989519719708e-18 6.310334292111854e-02
1 7 4.922576347482794e+01 1.474753522417995e-16 6.309796607829841e-02
0 3 5.216089745535618e+01 5.078626145845784e-16 4.815746293775401e-02
1 8 5.571568582345236e+01 4.702073624507089e-18 6.309761770193885e-02
1 9 6.220576276150195e+01 2.416860907583194e-17 6.310129684972408e-02
0 4 6.674264199158311e+01 3.445588556580847e-16 4.815789327642942e-02
1 10 6.869562429775789e+01 1.266751691032381e-15 6.310325246751212e-02
1 11 7.518549130154119e+01 5.303468952195206e-18 6.310874861268645e-02
0 5 8.132431077188623e+01 2.189701078439824e-16 4.815792328911264e-02
1 12 8.167531024512533e+01 4.193854685921636e-18 6.311103329213343e-02
1 13 8.816516368841130e+01 4.192456928696185e-18 6.311055954089065e-02
1 14 9.465506132474150e+01 3.173285558742662e-14 6.310573441074202e-02
0 6 9.590575572141641e+01 1.250969142646803e-16 4.815896820332350e-02
1 15 1.011449964963490e+02 9.435022112202213e-17 6.310325141946563e-02
1 16 1.076351376127320e+02 6.575356246887481e-18 6.309752455153032e-02
0 7 1.104871249105324e+02 7.426045885555328e-17 4.815775623989305e-02
1 17 1.141250518319253e+02 5.530151349532723e-17 6.309704843376251e-02
1 18 1.206151280080111e+02 6.532490828865831e-18 6.310036003318582e-02
0 8 1.250688766783170e+02 4.624020181892888e-17 4.815801997617885e-02
1 19 1.271049791051019e+02 2.081842282165472e-17 6.310222122903114e-02
1 20 1.335948417260795e+02 1.143402160971978e-15 6.310785388588631e-02
0 9 1.396505746243270e+02 2.345631540296178e-17 4.815824753404821e-02
1 21 1.400846508856929e+02 5.624403258100742e-18 6.311025078112478e-02
1 22 1.465744913440898e+02 4.228441964204272e-18 6.311013498283785e-02
1 23 1.530643696998489e+02 4.192785087414803e-18 6.310569319436046e-02
0 10 1.542320484388692e+02 1.448264956274120e-17 4.815915824083464e-02
1 24 1.595542955395000e+02 3.422261203723853e-14 6.310318332980708e-02
1 25 1.660444215663398e+02 1.060927500179407e-16 6.309710826381772e-02
0 11 1.688134149012244e+02 1.147600865103580e-17 4.815805620336252e-02
1 26 1.725343347366065e+02 5.442510728778665e-18 6.309650793945923e-02
1 27 1.790244200765765e+02 1.147845333891796e-16 6.309938796737063e-02
0 12 1.833951556580804e+02 9.002662674813533e-18 4.815817198948290e-02
1 28 1.855142729713664e+02 4.193002591864904e-18 6.310114536073974e-02
1 29 1.920041456814381e+02 2.092802486480290e-17 6.310689741202928e-02
0 13 1.979768610122125e+02 1.132992030525430e-17 4.815860058855041e-02
1 30 1.984939592424967e+02 1.037840025081238e-15 6.310939803215850e-02
1 31 2.049837997725101e+02 4.625030884285554e-18 6.310962774553681e-02
1 32 2.114736727123332e+02 4.234493676340745e-18 6.310559200811525e-02
0 14 2.125583426672584e+02 7.592544264060702e-18 4.815936399433209e-02
1 33 2.179636005171685e+02 4.273780090493143e-18 6.310306314761482e-02
1 34 2.244537225155155e+02 3.751342250297488e-14 6.309666424199584e-02
0 15 2.271396896442264e+02 9.004724404411400e-18 4.815838991109193e-02
1 35 2.309436468429696e+02 1.188253574538671e-16 6.309594438737701e-02
1 36 2.374337537471742e+02 6.477321253673537e-18 6.309836614153071e-02
0 16 2.417213983263309e+02 1.416884474698883e-17 4.815835980863505e-02
1 37 2.439236215045752e+02 3.501809456839441e-16 6.310001254629197e-02
1 38 2.504135154454783e+02 5.804907788732266e-18 6.310587648215965e-02
0 17 2.563030943437155e+02 1.189837015981877e-17 4.815897701978620e-02
1 39 2.569033439048767e+02 1.766208266095823e-17 6.310847161450214e-02
1 40 2.633931927497699e+02 9.372372713917866e-16 6.310903632006241e-02
1 41 2.698830680890973e+02 4.271646314949286e-18 6.310547974541403e-02
0 18 2.708845708022294e+02 1.917727039948473e-17 4.815959029325981e-02
1 42 2.763730034202874e+02 4.241876308389987e-18 6.310288301947230e-02
1 43 2.828631251859647e+02 4.616595497020097e-18 6.309621479408567e-02
0 19 2.854658929404002e+02 4.632560813122520e-17 4.815874948960668e-02
1 44 2.893530622642947e+02 4.080584849107135e-14 6.309538122237837e-02
1 45 2.958431891290214e+02 1.345451227492405e-16 6.309736144720884e-02
0 20 3.000475702121577e+02 7.900117636707502e-17 4.815855234964758e-02
1 46 3.023330690174191e+02 6.593537572335505e-18 6.309889180231464e-02
1 47 3.088229782004559e+02 9.430602732023670e-16 6.310485684284492e-02
0 21 3.146292670169378e+02 1.329397205718672e-16 4.815933255477265e-02
1 48 3.153128148372600e+02 4.925550076584416e-18 6.310752862433729e-02
1 49 3.218026649757979e+02 1.542863415526517e-17 6.310842822295633e-02
1 50 3.282925357256798e+02 8.359414379443747e-16 6.310535652476945e-02
0 22 3.292107501677592e+02 2.050421024271327e-16 4.815979539138641e-02
1 51 3.347824697837342e+02 1.803183112748699e-14 6.310270421476313e-02
1 52 3.412725820973151e+02 4.248435039397222e-18 6.309583157460297e-02
0 23 3.437920629886597e+02 3.440715401479748e-16 4.815909973889116e-02
1 53 3.477625208717055e+02 4.610280422172408e-18 6.309488819210649e-02
1 54 3.542526535364343e+02 4.536041169579993e-14 6.309643853127660e-02
0 24 3.583737279249744e+02 5.392662793199730e-16 4.815871855265984e-02
1 55 3.607425308857441e+02 1.510238416312333e-16 6.309784999568299e-02
