0 0 4.779362860325708e+00 8.950960189357450e-18 5.969471356154955e-02
1 0 6.280470733266777e+00 6.235478810766887e-18 5.543511985540258e-02
0 1 1.338019786299543e+01 1.249038256466517e-17 5.969094730510836e-02
1 1 1.748694841807608e+01 7.740611631401248e-18 5.544033807668700e-02
0 2 2.198225454501694e+01 1.569270759460970e-17 5.969016305042063e-02
1 2 2.869285654760072e+01 6.921480848242561e-18 5.543597832019126e-02
0 3 3.058336942659193e+01 2.388779086518774e-17 5.969458826971872e-02
0 4 3.918807376075405e+01 2.704534164921032e-17 5.963324107264329e-02
1 3 3.989514242334354e+01 6.431243274533268e-18 5.550221390838524e-02
0 5 4.778738512982864e+01 4.739146326622436e-17 5.963222202701728e-02
1 4 5.110484470432010e+01 5.981509279940032e-18 5.550626590668944e-02
0 6 5.638794070779110e+01 7.458936121574778e-17 5.962938287663676e-02
1 5 6.231249850177406e+01 6.678329291122093e-18 5.550482299776146e-02
0 7 6.498822831371118e+01 1.179582359397921e-16 5.963321746572393e-02
0 8 7.358786636053370e+01 1.389311364187390e-17 5.962607724886595e-02
1 6 7.352228062613158e+01 6.098445899618415e-18 5.550665989725736e-02
0 9 8.218644871898114e+01 1.716181008976726e-17 5.965625038635652e-02
1 7 8.473460281031929e+01 6.319471019860967e-18 5.548103560247492e-02
0 10 9.078480568743585e+01 1.432376362758776e-17 5.965214065516945e-02
1 8 9.594556004000960e+01 5.984578988799227e-18 5.548316431970690e-02
0 11 9.938364043159946e+01 1.154129756832425e-17 5.965433021542973e-02
1 9 1.071582495192727e+02 5.993649757931097e-18 5.547841701097302e-02
0 12 1.079811643221505e+02 8.761093513647581e-18 5.965698964172729e-02
0 13 1.165877436123130e+02 7.624059370801808e-18 5.971047563163820e-02
1 10 1.183582341741843e+02 6.020946397173268e-18 5.542022352521272e-02
0 14 1.251882693503229e+02 7.166454836401241e-18 5.970633844689623e-02
1 11 1.295651950556385e+02 6.221369149794985e-18 5.542500828529260e-02
0 15 1.337898806480829e+02 6.034711414645056e-18 5.970633028678217e-02
1 12 1.407722208802481e+02 6.411046652914101e-18 5.542008966982070e-02
0 16 1.423903794607996e+02 5.780534963926106e-18 5.971062213593627e-02
0 17 1.509962454409160e+02 6.467609778879979e-18 5.966358220050769e-02
1 13 1.519728566224581e+02 5.999020415853994e-18 5.547091521780358e-02
0 18 1.595962818543406e+02 5.493044851335342e-18 5.966129869542348e-02
1 14 1.631810423593350e+02 6.184922543813491e-18 5.547581106922101e-02
0 19 1.681976345820646e+02 5.885513184507349e-18 5.965909504752975e-02
1 15 1.743875702667540e+02 6.245528162088231e-18 5.547322748725680e-02
0 20 1.767984715474360e+02 5.752941944963094e-18 5.966327233707295e-02
0 21 1.853996161506617e+02 5.742968232072536e-18 5.962515302215234e-02
1 16 1.855951947826297e+02 6.278749797971544e-18 5.551182797014215e-02
0 22 1.939972696126804e+02 5.323768815020310e-18 5.962977759537839e-02
1 17 1.968085208186189e+02 6.452964283500823e-18 5.551220173872635e-02
0 23 2.025956022704633e+02 5.336719571712751e-18 5.962598893493661e-02
1 18 2.080196815308682e+02 6.488156976685597e-18 5.551313292396542e-02
0 24 2.111941624447167e+02 5.312612671308808e-18 5.962882691712591e-02
1 19 2.192329350801924e+02 4.900237035018744e-15 5.550904061239811e-02
0 25 2.197914935313454e+02 5.434838167506833e-18 5.963050486098971e-02
0 26 2.283961688854282e+02 5.432998350840883e-18 5.971724653169594e-02
1 20 2.304359719152289e+02 5.507841734089962e-17 5.541510049791897e-02
0 27 2.369962102865274e+02 5.089100197839377e-18 5.971295090418802e-02
1 21 2.416437848613001e+02 6.116761386392734e-18 5.541919078821426e-02
0 28 2.455971576085665e+02 5.463105451336428e-18 5.971372325255690e-02
1 22 2.528522940186160e+02 3.954501186012607e-15 5.541397287927977e-02
0 29 2.541968662926455e+02 5.625326071491542e-18 5.971767922808439e-02
0 30 2.628037091539582e+02 5.819811202480552e-18 5.969575227156494e-02
1 23 2.640515449225376e+02 6.235238823851306e-18 5.543766388680974e-02
0 31 2.714043527105359e+02 5.091073488188455e-18 5.969256302089965e-02
1 24 2.752584768406023e+02 6.492977656638525e-18 5.544294017237342e-02
0 32 2.800062964702952e+02 5.279661413018660e-18 5.969106789180911e-02
1 25 2.864642736930497e+02 5.988724545872044e-18 5.543935127692396e-02
0 33 2.886074928016618e+02 5.275283665860654e-18 5.969544747011177e-02
0 34 2.972105767297095e+02 5.096152054306104e-18 5.963498281847475e-02
1 26 2.976689664155753e+02 6.154022688163697e-18 5.550441894371986e-02
0 35 3.058090077688074e+02 6.116974897368922e-18 5.963555607925338e-02
1 27 3.088805122055934e+02 6.166867151204331e-18 5.550719083614158e-02
0 36 3.144085002810681e+02 5.849216288763558e-18 5.963220720544735e-02
1 28 3.200898174341441e+02 6.170228169383351e-18 5.550689289035515e-02
0 37 3.230079658913031e+02 5.095323759204675e-18 5.963560055105127e-02
1 29 3.313013828147088e+02 5.995125078698562e-18 5.550380197202946e-02
0 38 3.316063994773789e+02 5.820718447704436e-18 5.963583230905872e-02
0 39 3.402077531552824e+02 5.977874632203626e-14 5.971217352758715e-02
1 30 3.425095725328624e+02 6.379580763447237e-18 5.542304214910612e-02
0 40 3.488069390085180e+02 5.877915981559953e-15 5.970789989544694e-02
1 31 3.537189548827293e+02 5.994114748351557e-18 5.542620250079053e-02
0 41 3.574068237656173e+02 1.936909222058114e-16 5.970941432147436e-02
1 32 3.649296044887776e+02 6.013393078065526e-18 5.542107212407116e-02
