0 0 5.355509912698274e+00 7.356938339704594e-18 5.256023805462916e-02
0 1 1.993937296498128e+01 8.184358460083585e-18 5.256023805462919e-02
0 2 3.452323601726423e+01 8.184370151910885e-18 5.256023805462919e-02
0 3 4.910709906954725e+01 7.356935760252702e-18 5.256023805462919e-02
0 4 6.369096212183028e+01 7.356934900435412e-18 5.256023805462913e-02
0 5 7.827482517411318e+01 7.494435181175187e-18 5.256023805462918e-02
0 6 9.285868822639610e+01 7.222277831894572e-18 5.256023805462915e-02
0 7 1.074425512786790e+02 7.740223897075776e-18 5.256023805462915e-02
0 8 1.220264143309619e+02 9.616321327203687e-18 5.256023805462913e-02
0 9 1.366102773832449e+02 7.222277831894561e-18 5.256023805462919e-02
0 10 1.511941404355281e+02 7.740213975260582e-18 5.256023805462920e-02
0 11 1.657780034878112e+02 7.740210667988856e-18 5.256023805462923e-02
0 12 1.803618665400944e+02 8.319137260186846e-18 5.256023805462919e-02
0 13 1.949457295923775e+02 7.740204053445420e-18 5.256023805462922e-02
0 14 2.095295926446607e+02 7.356926302262429e-18 5.256023805462924e-02
0 15 2.241134556969438e+02 8.012387860899881e-18 5.256023805462919e-02
0 16 2.386973187492270e+02 8.184533837493343e-18 5.256023805462921e-02
0 17 2.532811818015101e+02 7.629120759351811e-18 5.256023805462927e-02
0 18 2.678650448537932e+02 8.319202252246450e-18 5.256023805462930e-02
0 19 2.824489079060763e+02 7.494481482979107e-18 5.256023805462933e-02
0 20 2.970327709583594e+02 7.356921143358711e-18 5.256023805462937e-02
0 21 3.116166340106425e+02 8.012387860899846e-18 5.256023805462937e-02
0 22 3.262004970629256e+02 7.629132996623680e-18 5.256023805462938e-02
0 23 3.407843601152086e+02 7.629135444078069e-18 5.256023805462935e-02
0 24 3.553682231674919e+02 8.595464137000482e-18 5.256023805462935e-02
