0 0 4.843476272186600e+00 5.724284376925868e-18 6.410187122570175e-02
1 0 6.428628428658505e+00 6.632651834187195e-18 5.322377405903189e-02
0 1 1.343251416076651e+01 4.973635466179556e-18 6.409721198310947e-02
1 1 1.764985831274656e+01 1.405879323448095e-17 5.322881376515168e-02
0 2 2.202277489291041e+01 4.731407671997086e-18 6.409677778861714e-02
1 2 2.887072229419445e+01 6.871930541643205e-18 5.322456947052061e-02
0 3 3.061202857508702e+01 4.799200182200438e-18 6.410145033294061e-02
0 4 3.920528571278783e+01 5.268267722386492e-18 6.403836910306965e-02
1 3 4.008674029699648e+01 6.236552166882406e-18 5.329039818368731e-02
0 5 4.779996216727260e+01 4.838933642254699e-18 6.403616955213701e-02
1 4 5.129836978877932e+01 7.420669488293385e-18 5.329363747847309e-02
0 6 5.639584567380609e+01 5.218466327343936e-18 6.403362006386754e-02
1 5 6.250825584753458e+01 6.223209108324164e-18 5.329219753612572e-02
0 7 6.499138955436965e+01 5.082084325111754e-18 6.403779699770479e-02
0 8 7.358642794363115e+01 5.061562755743254e-18 6.402754817333849e-02
1 6 7.371998402627270e+01 6.538344281323577e-18 5.329977290601164e-02
0 9 8.218051118981980e+01 4.755903276537763e-18 6.403637820621208e-02
1 7 8.493363445341886e+01 7.495170341471779e-18 5.329382527789283e-02
0 10 9.077482291343543e+01 4.755841317968073e-18 6.403209741504974e-02
1 8 9.614560851283964e+01 6.460088493184398e-18 5.329594649874524e-02
0 11 9.936955511113742e+01 4.914223383142976e-18 6.403485567194264e-02
1 9 1.073595313350246e+02 1.188006750970686e-14 5.329174049142815e-02
0 12 1.079629349501528e+02 4.878417101022200e-18 6.403740475756568e-02
0 13 1.165498817162532e+02 4.984788356000424e-18 6.415789955024409e-02
1 10 1.185885035718878e+02 4.874385371949209e-15 5.316760873210039e-02
0 14 1.251298856256060e+02 5.051463224867873e-18 6.415292626108218e-02
1 11 1.298258291105788e+02 6.317324765339773e-18 5.317215710481230e-02
0 15 1.337108770023143e+02 5.528240305410051e-18 6.415389236903331e-02
1 12 1.410638771599982e+02 6.429119576394614e-18 5.316712345593193e-02
0 16 1.422905775924695e+02 5.130754012487013e-18 6.415822313373062e-02
0 17 1.508979361324799e+02 4.943991702077404e-18 6.394521838774904e-02
1 13 1.522576514140050e+02 6.434738437243057e-18 5.338918175525290e-02
0 18 1.595044501344504e+02 5.348305421436029e-18 6.394105851918593e-02
1 14 1.634478875239795e+02 6.382411452087598e-18 5.339403094607435e-02
0 19 1.681122586867010e+02 5.148554801428692e-18 6.393978694486356e-02
1 15 1.746371358791149e+02 6.400475656223476e-18 5.339074792720456e-02
0 20 1.767193028427554e+02 4.944516358688502e-18 6.394437843757697e-02
0 21 1.853272831034409e+02 4.749380334871833e-18 6.391346516588706e-02
1 16 1.858263785253899e+02 6.204157183406871e-18 5.342207795840324e-02
0 22 1.939356165402712e+02 4.948896295686050e-18 6.391458954818134e-02
1 17 1.970141628415244e+02 6.395566386199419e-18 5.342231880701297e-02
0 23 2.025448467225029e+02 5.137856229835581e-18 6.391096174225050e-02
1 18 2.081998757116752e+02 6.386891336792843e-18 5.342300190065019e-02
0 24 2.111541905957934e+02 5.499242654680617e-18 6.391435910728642e-02
1 19 2.193878059262107e+02 6.252409248925453e-18 5.341995919812937e-02
0 25 2.197623152117133e+02 5.128051311407702e-18 6.391529525068017e-02
0 26 2.283664875632157e+02 5.129505645639804e-18 6.397207020448768e-02
1 20 2.305848485873137e+02 6.381271765680348e-18 5.336271776447545e-02
0 27 2.369679007716135e+02 5.144505282402543e-18 6.396714988039087e-02
1 21 2.417839551380042e+02 6.224949453933398e-18 5.336688425661195e-02
0 28 2.455702091767678e+02 4.743521558871168e-18 6.396845686276838e-02
1 22 2.529840420992976e+02 6.350031837592947e-18 5.336181915454613e-02
0 29 2.541711760876668e+02 5.171697895766187e-18 6.397266615535052e-02
0 30 2.628029484352585e+02 4.973143024196982e-18 6.375332405659820e-02
1 23 2.641352714374214e+02 6.924416873417194e-18 5.359086741541810e-02
0 31 2.714318833164126e+02 4.822843650806976e-18 6.374928533691794e-02
1 24 2.752859860623108e+02 6.538856365762161e-18 5.359564978537272e-02
0 32 2.800621420847289e+02 5.008384445261667e-18 6.374772976559437e-02
1 25 2.864355040066261e+02 3.920472852563299e-15 5.359282206419285e-02
0 33 2.886917371129833e+02 5.013920636462986e-18 6.375222924934952e-02
0 34 2.973214230016899e+02 4.785012670363887e-18 6.373293003085424e-02
1 26 2.975862359191156e+02 6.187249655629772e-17 5.361079288343523e-02
0 35 3.059507312546760e+02 5.496321834938942e-18 6.373825518036080e-02
1 27 3.087373795178438e+02 7.499508612599049e-18 5.360768585798772e-02
0 36 3.145805447004021e+02 9.830969180654012e-18 6.373400332449947e-02
1 28 3.198865684125691e+02 6.254099237034435e-18 5.360985090680091e-02
0 37 3.232107955083151e+02 5.108195518536363e-18 6.373663859774283e-02
1 29 3.310376583284977e+02 7.099797332705123e-18 5.360532971809859e-02
0 38 3.318396339881656e+02 4.951255887467943e-18 6.373971038232640e-02
0 39 3.404620655660117e+02 4.739683394168777e-18 6.401742451246735e-02
1 30 3.422063280032170e+02 6.858701748359603e-18 5.331412937827549e-02
0 40 3.490642031150174e+02 4.900905767705587e-18 6.401257354289545e-02
1 31 3.534041703708904e+02 6.265384800458395e-18 5.331913189879840e-02
0 41 3.576675169085683e+02 4.757698371490481e-18 6.401252447656462e-02
1 32 3.646019345366632e+02 6.474378648186270e-18 5.331458625778100e-02
