0 0 4.922813351859006e+00 6.358774262896554e-18 5.911515484890686e-02
1 0 6.338730878958272e+00 7.507718998265941e-18 5.713538312230232e-02
0 1 1.352488956761430e+01 5.746751348792839e-18 5.911129689432915e-02
1 1 1.754377494305704e+01 6.078629013692139e-18 5.714071206897456e-02
0 2 2.212813200511111e+01 6.201114985216640e-18 5.911074021208886e-02
1 2 2.874827725806547e+01 6.047307199415627e-18 5.713637254502576e-02
0 3 3.073046535268123e+01 6.196859475437465e-18 5.911483311533296e-02
0 4 3.933665688060859e+01 5.743431849627964e-18 5.906375183196364e-02
1 3 3.994921728383088e+01 6.175789195990101e-18 5.719198155637864e-02
0 5 4.793180158267138e+01 5.142298541493799e-18 5.906222868764791e-02
1 4 5.116710740364673e+01 6.147858802612312e-18 5.719633420120849e-02
0 6 5.652816823607560e+01 5.826470408788846e-18 5.905948131497887e-02
1 5 6.238294722238793e+01 5.946686053537528e-18 5.719512715489340e-02
0 7 6.512425912658684e+01 5.332797441574430e-18 5.906340391194630e-02
0 8 7.371995945279129e+01 5.519140549007349e-18 5.905530394502811e-02
1 6 7.360082349696461e+01 5.829555894728307e-18 5.719641087935370e-02
0 9 8.232490030842450e+01 5.191582462035241e-18 5.910430899392009e-02
1 7 8.480255269903816e+01 5.863532074577538e-18 5.714568498242925e-02
0 10 9.092951937912109e+01 5.453765058259289e-18 5.910014579007981e-02
1 8 9.600311217053327e+01 5.819302999692419e-18 5.714815750735850e-02
0 11 9.953458341639160e+01 5.192502650451363e-18 5.910260512199756e-02
1 9 1.072054663159699e+02 5.819676933617774e-18 5.714328785036393e-02
0 12 1.081383666023604e+02 5.193108984554917e-18 5.910407953567939e-02
0 13 1.167483120062860e+02 6.152471131033705e-18 5.913380578964222e-02
1 10 1.183992501314226e+02 5.822383717116299e-18 5.711126526191036e-02
0 14 1.253545573126553e+02 5.581053577713155e-18 5.912961542912613e-02
1 11 1.295968208668000e+02 6.756514093447285e-18 5.711631517633257e-02
0 15 1.339618637393373e+02 5.190695367147865e-18 5.912971995525935e-02
1 12 1.407943719323123e+02 5.861918300017154e-18 5.711142207063167e-02
0 16 1.425681212701458e+02 5.496013859625079e-18 5.913360435697174e-02
0 17 1.511783944173171e+02 5.891584171672185e-18 5.910523982987242e-02
1 13 1.519879575652321e+02 6.028800845387675e-18 5.714192468965308e-02
0 18 1.597799585398129e+02 6.182888301225978e-18 5.910306308828585e-02
1 14 1.631942561660051e+02 6.013468854827368e-18 5.714673040923063e-02
0 19 1.683827957817644e+02 5.638117779181165e-18 5.910074873637627e-02
1 15 1.743987500001208e+02 6.237829312323916e-18 5.714477516010745e-02
0 20 1.769852113953665e+02 6.518599332379906e-18 5.910481904121349e-02
0 21 1.855879240483162e+02 5.627763928786029e-18 5.906921095618011e-02
1 16 1.856046251527698e+02 5.845028897483116e-18 5.717430022065533e-02
0 22 1.941924381288866e+02 5.405960572013167e-18 5.908533899813845e-02
1 17 1.968067611895610e+02 6.760906338002227e-18 5.716424599124977e-02
0 23 2.027973135669107e+02 5.456454917094608e-18 5.908132350033309e-02
1 18 2.080069267842182e+02 5.802441803512379e-18 5.716618074609072e-02
0 24 2.114025241357513e+02 6.035309742669911e-18 5.908408344871942e-02
1 19 2.192090851872260e+02 6.761194062544248e-18 5.716165629899202e-02
0 25 2.200064763598160e+02 6.648391110678122e-18 5.908496981882725e-02
0 26 2.286175633245913e+02 5.613107040370041e-18 5.912298703625198e-02
1 20 2.304008319471173e+02 5.904680901415075e-18 5.712059027054946e-02
0 27 2.372252894286217e+02 5.454828751537259e-18 5.911868182861187e-02
1 21 2.415957531754915e+02 6.380120028639165e-18 5.712542855758107e-02
0 28 2.458340069399030e+02 5.458936276367596e-18 5.911914931287251e-02
1 22 2.527909460143058e+02 3.191559134091748e-14 5.712029660183714e-02
0 29 2.544416090572693e+02 5.405633202766558e-18 5.912285955805520e-02
0 30 2.630533371894100e+02 5.599647185349645e-18 5.910410707405555e-02
1 23 2.639818743687955e+02 1.908798348372374e-14 5.714026299744750e-02
0 31 2.716575723512332e+02 6.495891730376137e-18 5.910158535425016e-02
1 24 2.751833462487342e+02 2.759662520943541e-14 5.714529352901730e-02
0 32 2.802630879058287e+02 6.022477331982474e-18 5.909954365153806e-02
1 25 2.863831910688158e+02 2.402449393329672e-15 5.714291252925995e-02
0 33 2.888680981496286e+02 5.458389936837333e-18 5.910367217874791e-02
0 34 2.974741994467654e+02 5.203438753933739e-18 5.903450372633100e-02
1 26 2.975834393740440e+02 4.374448176959950e-17 5.721349853049825e-02
0 35 3.060747726024011e+02 5.446864651975684e-18 5.903868945067264e-02
1 27 3.087923661541305e+02 4.631045470335519e-15 5.721493561657165e-02
0 36 3.146759804623094e+02 5.203272205669342e-18 5.903481467081409e-02
1 28 3.199991096179203e+02 9.612084381094803e-15 5.721641581971751e-02
0 37 3.232774318580282e+02 5.146070656262878e-18 5.903780889946011e-02
1 29 3.312079812515966e+02 6.689714552080723e-18 5.721228336950256e-02
0 38 3.318776707025536e+02 5.146562856941995e-18 5.903810270999830e-02
0 39 3.404861701193118e+02 5.819029064841672e-18 5.908488922988292e-02
1 30 3.424042866444233e+02 6.302729430905336e-18 5.716153227265756e-02
0 40 3.490916516570991e+02 5.202292720414781e-18 5.908051305198935e-02
1 31 3.536031816250396e+02 6.447544552249589e-18 5.716606417984074e-02
0 41 3.576980365695048e+02 5.202249775833692e-18 5.908138625873577e-02
1 32 3.648026740890568e+02 6.781762537569880e-18 5.716073985862787e-02
