0 0 4.942728014396507e+00 9.341342729075446e-16 5.994434938652993e-02
1 0 6.384431195062122e+00 6.340299389586605e-18 5.360506016953018e-02
0 1 1.353920001112407e+01 6.399263322913991e-14 5.993996044709211e-02
1 1 1.759801971857152e+01 6.190132140673202e-18 5.361000382952528e-02
0 2 2.213690657442393e+01 5.701114929965059e-18 5.993959235683576e-02
1 2 2.881117094558894e+01 6.280601016938676e-18 5.360591881777242e-02
0 3 3.073360384570951e+01 6.702196653081400e-18 5.994382175946544e-02
0 4 3.933604272810960e+01 5.510588844323462e-18 5.984899820097059e-02
1 3 4.001761783585235e+01 7.099336646708643e-18 5.370743314814523e-02
0 5 4.793541539777119e+01 5.668164698630673e-18 5.984642207075318e-02
1 4 5.122648575591815e+01 6.380752976023192e-18 5.371135562478709e-02
0 6 5.653605502116836e+01 6.572473483294193e-18 5.984400994017986e-02
1 5 6.243346477458086e+01 6.451526325535763e-18 5.371032225525588e-02
0 7 6.513638137628220e+01 5.075150733134988e-18 5.984779552204320e-02
0 8 7.373614803877530e+01 6.887164183935193e-18 5.983993821110933e-02
1 6 7.364246771073573e+01 6.302752229389531e-18 5.371261927104791e-02
0 9 8.233673988647297e+01 5.425756046114747e-18 5.985658794375792e-02
1 7 8.485015596806792e+01 6.381773244366670e-18 5.369873971153001e-02
0 10 9.093752047817154e+01 8.310452025808270e-18 5.985258356714684e-02
1 8 9.605620547028964e+01 6.178606548937661e-18 5.370113424922876e-02
0 11 9.953877828291452e+01 5.836414089108100e-18 5.985494395358446e-02
1 9 1.072640436035451e+02 6.452986937116454e-18 5.369635088776895e-02
0 12 1.081386727027872e+02 5.281386777990067e-18 5.985731230475731e-02
0 13 1.167422640888125e+02 5.417107990466967e-18 5.993571847415675e-02
1 10 1.184681831670392e+02 6.449809264913253e-18 5.361170377612288e-02
0 14 1.253396452941939e+02 5.067943504708967e-18 5.993116378003736e-02
1 11 1.296800952672573e+02 7.843785126023466e-18 5.361635414752926e-02
0 15 1.339381229309551e+02 5.375894472539618e-18 5.993155632871917e-02
1 12 1.408922121801648e+02 7.413869954348451e-18 5.361156272705996e-02
0 16 1.425354099682132e+02 5.563105425458393e-18 5.993562454234244e-02
0 17 1.511422102991376e+02 5.528481783763685e-18 5.985883346167667e-02
1 13 1.520918689357023e+02 3.580898708597263e-14 5.369481565355302e-02
0 18 1.597407254070035e+02 6.384329879520674e-18 5.985535265973530e-02
1 14 1.633020570401114e+02 5.157219414617043e-15 5.369949294589257e-02
0 19 1.683405681328607e+02 7.102446787950124e-18 5.985363744266518e-02
1 15 1.745107765249474e+02 1.044221007371259e-14 5.369723530942509e-02
0 20 1.769398269534466e+02 9.573156315351378e-18 5.985771605879391e-02
0 21 1.855395852289068e+02 1.360164695646742e-17 5.982465305368743e-02
1 16 1.857204092393874e+02 7.292349043580215e-15 5.372789292781190e-02
0 22 1.941401138784900e+02 1.857507302669455e-17 5.982684026329344e-02
1 17 1.969277611550908e+02 2.470823102992549e-14 5.372893075489329e-02
0 23 2.027414663557798e+02 2.454615157121469e-17 5.982330556240320e-02
1 18 2.081329836305726e+02 6.500246214027028e-18 5.373017833236052e-02
0 24 2.113430235982813e+02 3.457996328514773e-17 5.982625611945732e-02
1 19 2.193403288754996e+02 6.176008504586757e-18 5.372629162808450e-02
0 25 2.199433309206151e+02 4.780184466888189e-17 5.982730140315800e-02
0 26 2.285453913610168e+02 6.164002513305229e-17 5.989238880338699e-02
1 20 2.305464223451391e+02 6.434219766794678e-18 5.365642329618686e-02
0 27 2.371444831465567e+02 8.797596057074767e-17 5.988787124532691e-02
1 21 2.417552948213628e+02 6.367587088666893e-18 5.366049895436405e-02
0 28 2.457444894595229e+02 1.196347880663292e-16 5.988898316474464e-02
1 22 2.529649836136330e+02 6.544366510604169e-18 5.365535014628670e-02
0 29 2.543431809660719e+02 1.630256168962842e-16 5.989269174100612e-02
0 30 2.629515930490531e+02 1.877832647635803e-16 5.989244068844223e-02
1 23 2.641619689949591e+02 6.345472977615905e-18 5.365600485455537e-02
0 31 2.715486774806773e+02 2.614363114402874e-16 5.988837420531595e-02
1 24 2.753745552760731e+02 6.834325699893165e-18 5.366095750147620e-02
0 32 2.801470672260073e+02 3.561627507437214e-16 5.988737495780064e-02
1 25 2.865861983484214e+02 6.249217093451593e-18 5.365763575507403e-02
0 33 2.887446294499124e+02 1.888791365542766e-16 5.989160595041100e-02
0 34 2.973449343595842e+02 1.140049805472206e-16 5.981982801590730e-02
1 26 2.977956444910811e+02 7.248841397307895e-18 5.373275462779412e-02
0 35 3.059448441591803e+02 6.754027702823000e-17 5.981852169634810e-02
1 27 3.090037705262992e+02 6.318745855562637e-18 5.373577934186919e-02
0 36 3.145458887625618e+02 4.507782256651893e-17 5.981556055509202e-02
1 28 3.202097864010469e+02 6.262276994087565e-18 5.373579444724637e-02
0 37 3.231468556102623e+02 2.821621334058202e-17 5.981901231659496e-02
1 29 3.314180294347295e+02 6.298794688174533e-18 5.373354894944878e-02
0 38 3.317468399312040e+02 1.662516323829235e-17 5.981764492049661e-02
0 39 3.403478304408844e+02 1.085924313292716e-17 5.985692007330778e-02
1 30 3.426254276357360e+02 6.704868239013801e-18 5.369255508267058e-02
0 40 3.489479752834395e+02 7.107996814101707e-18 5.985261853586449e-02
1 31 3.538324984264420e+02 6.179380583204354e-18 5.369579558789203e-02
0 41 3.575488091262994e+02 8.453227682644007e-18 5.985443041434806e-02
1 32 3.650409553352816e+02 7.009679419812895e-18 5.369065374678310e-02
