0 0 3.627181309968899e+00 3.586626112126272e-16 5.227095990328771e-02
1 0 6.617379500038344e+00 1.035525275316380e-17 4.119461999429871e-02
0 1 1.571329059820133e+01 7.135984096391439e-16 5.226889138727433e-02
0 2 2.779943676047598e+01 6.711643312746524e-16 5.226020661146946e-02
1 1 2.981546178818569e+01 1.018624543374417e-17 4.120091490048831e-02
0 3 3.988565057103781e+01 6.366420013766502e-16 5.225769218773244e-02
0 4 5.197166683534387e+01 5.937829067526125e-16 5.225395399596386e-02
1 2 5.301299434340708e+01 1.039561603864326e-17 4.120173510095530e-02
0 5 6.405802475264933e+01 5.659068968792367e-16 5.225140101278405e-02
0 6 7.614422153515495e+01 5.331416217975591e-16 5.225189642990830e-02
1 3 7.620913836125963e+01 9.999627410025674e-18 4.119955809915044e-02
0 7 8.823073126352776e+01 5.106059420305729e-16 5.225036006110101e-02
1 4 9.940390076586007e+01 2.307994101247610e-17 4.119996272111733e-02
0 8 1.003172584474147e+02 4.898892756513049e-16 5.225269663586447e-02
0 9 1.124039550974426e+02 4.730606198874390e-16 5.225371089174977e-02
1 5 1.225976283522340e+02 1.010889618915225e-17 4.120041810418707e-02
0 10 1.244908390372542e+02 4.625865742039254e-16 5.225635771381357e-02
0 11 1.365777775733975e+02 4.522809771899611e-16 5.226034939148912e-02
1 6 1.457906067035387e+02 1.060275505301043e-17 4.119948138661381e-02
0 12 1.486649584997653e+02 4.489411617184302e-16 5.226272951214302e-02
0 13 1.607521762914301e+02 4.456964186277189e-16 5.226908221071076e-02
1 7 1.689831423129428e+02 2.575237477737842e-15 4.119658075304867e-02
0 14 1.728395158392433e+02 4.464469236232279e-16 5.227092707634452e-02
0 15 1.849270094876594e+02 4.509652490785130e-16 5.227836459268880e-02
1 8 1.921755337163648e+02 1.000526709647014e-17 4.119138601956011e-02
0 16 1.970143011262387e+02 4.505970434756694e-16 5.227951890308588e-02
0 17 2.091020096188068e+02 4.617604628309082e-16 5.228584215132995e-02
1 9 2.153680803464440e+02 1.556337309186110e-14 4.118528078762323e-02
0 18 2.211890261537785e+02 4.558223052313319e-16 5.228622230287414e-02
0 19 2.332767899123547e+02 4.700676832624056e-16 5.228821509222208e-02
1 10 2.385612082418766e+02 1.010341116123549e-17 4.118203991281622e-02
0 20 2.453633875466342e+02 4.542622245351378e-16 5.228779750039313e-02
0 21 2.574508910883968e+02 4.620331141752749e-16 5.228287653168816e-02
1 11 2.617556794421141e+02 1.005675165362000e-17 4.118563913810507e-02
0 22 2.695371264582249e+02 4.389093127539410e-16 5.228169252881193e-02
0 23 2.816240242783463e+02 4.308621811411742e-16 5.227148202604767e-02
1 12 2.849521630712932e+02 1.036458663925682e-17 4.119469978974151e-02
0 24 2.937101254260809e+02 4.066360050203395e-16 5.226961751132154e-02
0 25 3.057964103998871e+02 3.848802845708639e-16 5.225967234475444e-02
1 13 3.081500988937572e+02 1.002347855074734e-17 4.120264936386095e-02
0 26 3.178825772437261e+02 3.638620114034646e-16 5.225728177651734e-02
0 27 3.299685943343015e+02 3.387391131739611e-16 5.225174536062413e-02
1 14 3.313479693231986e+02 1.057493983432290e-17 4.120532211754351e-02
0 28 3.420548999357036e+02 3.215786858557759e-16 5.224913057146691e-02
0 29 3.541410075938747e+02 3.008460868994506e-16 5.224839919648488e-02
1 15 3.545446436471273e+02 1.057558458711764e-17 4.120356465565608e-02
