0 0 5.498691250675580e+00 3.334342108737139e-18 5.555744552063320e-02
0 1 1.134482172830052e+01 3.444849859579176e-18 5.555744552063323e-02
0 2 1.719095220592546e+01 3.263474318390480e-18 5.555744552063321e-02
0 3 2.303708268355044e+01 3.444949827419855e-18 5.555744552063315e-02
0 4 2.888321316117542e+01 3.539947298305156e-18 5.555744552063312e-02
0 5 3.472934363880041e+01 3.263514949518122e-18 5.555744552063312e-02
0 6 4.057547411642540e+01 3.334406292075204e-18 5.555744552063314e-02
0 7 4.642160459405038e+01 3.469210859213907e-18 5.555744552063310e-02
0 8 5.226773507167537e+01 3.469259876790286e-18 5.555744552063312e-02
0 9 5.811386554930035e+01 3.334438383744223e-18 5.555744552063303e-02
0 10 6.395999602692533e+01 3.469357911943057e-18 5.555744552063301e-02
0 11 6.980612650455018e+01 3.709255840851382e-18 5.555744552063303e-02
0 12 7.565225698217503e+01 3.469455947095722e-18 5.555744552063299e-02
0 13 8.149838745979989e+01 3.469504964672018e-18 5.555744552063299e-02
0 14 8.734451793742475e+01 3.364328155136398e-18 5.555744552063305e-02
0 15 9.319064841504961e+01 3.469602999824571e-18 5.555744552063310e-02
0 16 9.903677889267446e+01 3.804634929896637e-18 5.555744552063305e-02
0 17 1.048829093702993e+02 3.155355194920927e-18 5.555744552063309e-02
0 18 1.107290398479242e+02 3.263691017737695e-18 5.555744552063309e-02
0 19 1.165751703255490e+02 3.155355194920928e-18 5.555744552063308e-02
0 20 1.224213008031739e+02 3.263718105156076e-18 5.555744552063310e-02
0 21 1.282674312807988e+02 4.025180542079588e-18 5.555744552063312e-02
0 22 1.341135617584236e+02 3.239698591619951e-18 5.555744552063309e-02
0 23 1.399596922360485e+02 3.263758736283637e-18 5.555744552063310e-02
0 24 1.458058227136733e+02 3.734541634826016e-18 5.555744552063312e-02
0 25 1.516519531912982e+02 3.179398896843708e-18 5.555744552063316e-02
0 26 1.574980836689230e+02 3.470142193163896e-18 5.555744552063316e-02
0 27 1.633442141465479e+02 3.805643172056943e-18 5.555744552063317e-02
0 28 1.691903446241727e+02 4.002151676283054e-18 5.555744552063321e-02
0 29 1.750364751017975e+02 3.655096442296829e-18 5.555744552063319e-02
0 30 1.808826055794224e+02 3.250203548303236e-18 5.555744552063324e-02
0 31 1.867287360570473e+02 3.334673722650057e-18 5.555744552063323e-02
0 32 1.925748665346721e+02 3.364177042419097e-18 5.555744552063327e-02
0 33 1.984209970122969e+02 3.263894173375594e-18 5.555744552063327e-02
0 34 2.042671274899218e+02 3.364160252117202e-18 5.555744552063328e-02
0 35 2.101132579675467e+02 3.239887222310176e-18 5.555744552063334e-02
0 36 2.159593884451716e+02 3.541424773188803e-18 5.555744552063339e-02
0 37 2.218055189227964e+02 3.334737905987933e-18 5.555744552063349e-02
0 38 2.276516494004213e+02 3.541517115368905e-18 5.555744552063346e-02
0 39 2.334977798780461e+02 3.263975435630657e-18 5.555744552063348e-02
0 40 2.393439103556710e+02 3.263988979339854e-18 5.555744552063343e-02
0 41 2.451900408332959e+02 3.179383435341260e-18 5.555744552063342e-02
0 42 2.510361713109207e+02 3.736242722385063e-18 5.555744552063339e-02
0 43 2.568823017885456e+02 3.446949184228306e-18 5.555744552063343e-02
0 44 2.627284322661704e+02 3.712406390725264e-18 5.555744552063348e-02
0 45 2.685745627437953e+02 3.155355194920907e-18 5.555744552063351e-02
0 46 2.744206932214201e+02 3.448751148278944e-18 5.555744552063355e-02
0 47 2.802668236990449e+02 3.179377637277829e-18 5.555744552063359e-02
0 48 2.861129541766698e+02 3.334855575440871e-18 5.555744552063354e-02
0 49 2.919590846542947e+02 4.213886910719105e-18 5.555744552063357e-02
0 50 2.978052151319195e+02 3.736998761301458e-18 5.555744552063360e-02
0 51 3.036513456095443e+02 3.713074689184672e-18 5.555744552063364e-02
0 52 3.094974760871692e+02 3.264151503850270e-18 5.555744552063364e-02
0 53 3.153436065647940e+02 3.737282275895397e-18 5.555744552063364e-02
0 54 3.211897370424188e+02 3.179370872870497e-18 5.555744552063362e-02
0 55 3.270358675200436e+02 3.179369906526594e-18 5.555744552063357e-02
0 56 3.328819979976684e+02 3.334941153224998e-18 5.555744552063355e-02
0 57 3.387281284752933e+02 3.600768243614046e-18 5.555744552063360e-02
0 58 3.445742589529181e+02 3.334962547670980e-18 5.555744552063355e-02
0 59 3.504203894305430e+02 3.179366041150982e-18 5.555744552063354e-02
0 60 3.562665199081678e+02 3.264259853524061e-18 5.555744552063351e-02
0 61 3.621126503857927e+02 3.447848894793601e-18 5.555744552063349e-02
