0 0 5.468416384347878e+00 3.486097076816291e-18 5.794470450830509e-02
0 1 1.131454686197282e+01 3.707140889530377e-18 5.794470450830511e-02
0 2 1.716067733959776e+01 3.245247158791499e-18 5.794470450830512e-02
0 3 2.300680781722273e+01 3.110134367509796e-18 5.794470450830506e-02
0 4 2.885293829484771e+01 3.158978762084987e-18 5.794470450830511e-02
0 5 3.469906877247268e+01 3.158993820865364e-18 5.794470450830510e-02
0 6 4.054519925009765e+01 3.159008879645734e-18 5.794470450830506e-02
0 7 4.639132972772263e+01 3.023839825599573e-18 5.794470450830507e-02
0 8 5.223746020534762e+01 3.023839825599574e-18 5.794470450830506e-02
0 9 5.808359068297260e+01 3.159054055986815e-18 5.794470450830502e-02
0 10 6.392972116059758e+01 3.023839825599579e-18 5.794470450830506e-02
0 11 6.977585163822242e+01 3.571902876060809e-18 5.794470450830507e-02
0 12 7.562198211584725e+01 3.486097076816297e-18 5.794470450830505e-02
0 13 8.146811259347209e+01 3.159114291108267e-18 5.794470450830507e-02
0 14 8.731424307109690e+01 3.159129349888658e-18 5.794470450830513e-02
0 15 9.316037354872174e+01 3.159144408669047e-18 5.794470450830508e-02
0 16 9.900650402634653e+01 3.572140110014426e-18 5.794470450830507e-02
0 17 1.048526345039713e+02 3.110078754511464e-18 5.794470450830511e-02
0 18 1.106987649815962e+02 3.572235003595895e-18 5.794470450830510e-02
0 19 1.165448954592210e+02 3.706574768136114e-18 5.794470450830507e-02
0 20 1.223910259368458e+02 3.987217118175881e-18 5.794470450830499e-02
0 21 1.282371564144707e+02 3.350702141064514e-18 5.794470450830511e-02
0 22 1.340832868920955e+02 3.110058892726337e-18 5.794470450830511e-02
0 23 1.399294173697203e+02 3.572472237549497e-18 5.794470450830509e-02
0 24 1.457755478473451e+02 3.486308561927549e-18 5.794470450830509e-02
0 25 1.516216783249699e+02 3.245502146528582e-18 5.794470450830510e-02
0 26 1.574678088025948e+02 4.139674555615815e-18 5.794470450830507e-02
0 27 1.633139392802196e+02 3.706323158627399e-18 5.794470450830508e-02
0 28 1.691600697578444e+02 3.486097076816293e-18 5.794470450830506e-02
0 29 1.750062002354692e+02 3.350581670821386e-18 5.794470450830502e-02
0 30 1.808523307130940e+02 3.486097076816297e-18 5.794470450830502e-02
0 31 1.866984611907189e+02 3.245568665068777e-18 5.794470450830504e-02
0 32 1.925445916683437e+02 3.245579751492137e-18 5.794470450830493e-02
0 33 1.983907221459685e+02 3.572946705456793e-18 5.794470450830488e-02
0 34 2.042368526235934e+02 3.245601924338814e-18 5.794470450830487e-02
0 35 2.100829831012182e+02 3.159445584276729e-18 5.794470450830489e-02
0 36 2.159291135788430e+02 3.573089045828638e-18 5.794470450830488e-02
0 37 2.217752440564679e+02 3.486097076816302e-18 5.794470450830490e-02
0 38 2.276213745340928e+02 3.159490760617780e-18 5.794470450830490e-02
0 39 2.334675050117176e+02 3.109991362656934e-18 5.794470450830490e-02
0 40 2.393136354893424e+02 3.109987390299921e-18 5.794470450830488e-02
0 41 2.451597659669673e+02 3.245679529302109e-18 5.794470450830489e-02
0 42 2.510058964445921e+02 3.486097076816305e-18 5.794470450830493e-02
0 43 2.568520269222170e+02 3.159566054519506e-18 5.794470450830490e-02
0 44 2.626981573998418e+02 3.245712788572111e-18 5.794470450830489e-02
0 45 2.685442878774667e+02 3.245723874995434e-18 5.794470450830486e-02
0 46 2.743904183550915e+02 3.841496991306101e-18 5.794470450830484e-02
0 47 2.802365488327164e+02 3.573610960525192e-18 5.794470450830474e-02
0 48 2.860826793103412e+02 3.487542621471549e-18 5.794470450830472e-02
0 49 2.919288097879661e+02 3.814034710233705e-18 5.794470450830468e-02
0 50 2.977749402655910e+02 3.023839825599603e-18 5.794470450830465e-02
0 51 3.036210707432159e+02 3.109943694372825e-18 5.794470450830458e-02
0 52 3.094672012208408e+02 3.023839825599608e-18 5.794470450830459e-02
0 53 3.153133316984657e+02 3.023839825599611e-18 5.794470450830452e-02
0 54 3.211594621760906e+02 3.350205201313081e-18 5.794470450830454e-02
0 55 3.270055926537155e+02 3.109927804944844e-18 5.794470450830450e-02
0 56 3.328517231313403e+02 3.245845825651655e-18 5.794470450830454e-02
0 57 3.386978536089653e+02 3.159776877443681e-18 5.794470450830456e-02
0 58 3.445439840865902e+02 3.814361953537633e-18 5.794470450830456e-02
0 59 3.503901145642150e+02 3.574180322010043e-18 5.794470450830456e-02
0 60 3.562362450418399e+02 3.245890171344741e-18 5.794470450830462e-02
0 61 3.620823755194648e+02 3.109903970802853e-18 5.794470450830461e-02
