0 0 3.401413316612102e+00 6.825112659298820e-18 5.092007167599273e-02
1 0 6.551230509948199e+00 9.981367634275006e-18 4.295203102338831e-02
0 1 1.548771723131658e+01 6.969329317531441e-18 5.091786166254600e-02
0 2 2.757413344981345e+01 6.829044612424635e-18 5.091038125698716e-02
1 1 2.974875702104993e+01 9.618273884132224e-18 4.295727366458450e-02
0 3 3.965994965131450e+01 7.780944383648937e-18 5.090778921750223e-02
0 4 5.174572612985668e+01 7.647819645767902e-18 5.090268361068827e-02
1 2 5.294852902313763e+01 6.860221849981650e-14 4.296113011030653e-02
0 5 6.383109833435277e+01 8.690657659096564e-18 5.090009503638455e-02
0 6 7.591637640518583e+01 6.504936301118373e-18 5.089972829231484e-02
1 3 7.615020970544410e+01 9.587288483134664e-18 4.296048933890578e-02
0 7 8.800154906080139e+01 6.643400731742069e-18 5.089854466621557e-02
1 4 9.935257462390700e+01 3.196234993586367e-14 4.296089797189237e-02
0 8 1.000866942752433e+02 6.642430773325031e-18 5.090092274823300e-02
0 9 1.121720443965449e+02 6.985960113845373e-18 5.090401000180601e-02
1 5 1.225542885957450e+02 9.618552642789910e-18 4.295865345552771e-02
0 10 1.242573992924941e+02 6.503864937297781e-18 5.090678088123582e-02
0 11 1.363432237851277e+02 6.988602615250795e-18 5.091357797266338e-02
1 6 1.457543275075609e+02 9.723838599763921e-18 4.295345395839176e-02
0 12 1.484289789204778e+02 7.370357381766791e-18 5.091605857071509e-02
0 13 1.605153379010110e+02 7.369622684212335e-18 5.092344487827366e-02
1 7 1.689526051267183e+02 2.683644289283860e-15 4.294889113371443e-02
0 14 1.726015289084503e+02 7.935483278579392e-18 5.092535612011369e-02
0 15 1.846883320332186e+02 7.934127058665397e-18 5.093106926024471e-02
1 8 1.921495190757181e+02 9.737247235986990e-18 4.294633571416578e-02
0 16 1.967748927878193e+02 8.249351372783274e-18 5.093223657721842e-02
0 17 2.088620070199773e+02 6.500514000235977e-18 5.093522420023208e-02
1 9 2.153454895748461e+02 9.781205003842373e-18 4.294551607449060e-02
0 18 2.209488129827797e+02 7.368395153984915e-18 5.093555220830775e-02
0 19 2.330360943947612e+02 8.252004276991454e-18 5.093544613640509e-02
1 10 2.385408572307776e+02 9.882558802008861e-18 4.294582440818134e-02
0 20 2.451229824346893e+02 6.993019736862463e-18 5.093491874037950e-02
0 21 2.572102655084041e+02 6.993424341971630e-18 5.093170491398005e-02
1 11 2.617360116876821e+02 9.591197300389549e-18 4.294723359181334e-02
0 22 2.692970455758856e+02 7.369016688252235e-18 5.093038224058896e-02
0 23 2.813841277985467e+02 7.009368341495423e-18 5.092443739095535e-02
1 12 2.849315471768135e+02 2.268376147829943e-17 4.295028111025876e-02
0 24 2.934706047564218e+02 6.996287170551913e-18 5.092244768364160e-02
0 25 3.055572564036154e+02 6.635400403283745e-18 5.091495724145378e-02
1 13 3.081283113803515e+02 9.720411525987506e-18 4.295512767888882e-02
0 26 3.176432779520069e+02 7.926844011512746e-18 5.091248877930030e-02
0 27 3.297293163990487e+02 6.870202130736527e-18 5.090600346909159e-02
1 14 3.313271325475551e+02 9.617936712997802e-18 4.296003560958654e-02
0 28 3.418148521278410e+02 3.394609224715857e-14 5.090333799518975e-02
0 29 3.539002976866861e+02 2.526278203023514e-14 5.090101960501122e-02
1 15 3.545281516002445e+02 7.048501152450927e-14 4.296121528596845e-02
