0 0 3.546910240924634e+00 7.241127363295906e-18 5.175810284447462e-02
1 0 6.735801020483979e+00 9.439489176721388e-18 4.377770863297399e-02
0 1 1.563329408420988e+01 6.600927691210606e-18 5.175581096709289e-02
0 2 2.771989811191311e+01 6.959948198973210e-18 5.174784720319058e-02
1 1 2.993273082143655e+01 1.811950268381026e-17 4.378360288778575e-02
0 3 3.980587338615620e+01 7.633930016896245e-18 5.174511571837106e-02
0 4 5.189194409269183e+01 6.574828039591947e-18 5.173897941440854e-02
1 2 5.313145213250360e+01 9.403597196922836e-18 4.378895999592618e-02
0 5 6.397760877861140e+01 6.725375533043903e-18 5.173621507817444e-02
0 6 7.606328662794330e+01 6.453425062360368e-18 5.173512399098273e-02
1 3 7.633152108910079e+01 9.589052814135372e-18 4.378923259244057e-02
0 7 8.814894023434398e+01 7.902797778793616e-18 5.173365774775776e-02
1 4 9.953143340139485e+01 9.706059055032973e-18 4.378990184387114e-02
0 8 1.002346335003464e+02 6.453019581472128e-18 5.173583818150775e-02
0 9 1.123206670330539e+02 6.536102692316250e-18 5.173881715711344e-02
1 5 1.227297811069139e+02 9.405913656224661e-18 4.378767324082965e-02
0 10 1.244067285177796e+02 6.537693199861781e-18 5.174154497969331e-02
0 11 1.364933572939629e+02 6.921761238032900e-18 5.174837524892359e-02
1 6 1.459259184434110e+02 1.626591074422825e-15 4.378227293970288e-02
0 12 1.485798943096577e+02 6.596209992214846e-18 5.175092153659046e-02
0 13 1.606670317142794e+02 6.733048769320952e-18 5.175821258380760e-02
1 7 1.691204295891179e+02 9.438036681251541e-18 4.377776159711872e-02
0 14 1.727539518109762e+02 6.400266314679355e-18 5.176027110416188e-02
0 15 1.848413829446541e+02 6.594319983918898e-18 5.176586223648631e-02
1 8 1.923142836753833e+02 1.000505316701991e-17 4.377520283871018e-02
0 16 1.969285161136446e+02 6.399431096008358e-18 5.176721322958511e-02
0 17 2.090160496751454e+02 6.537316145024430e-18 5.177022209158405e-02
1 9 2.155081718415047e+02 8.420306423086816e-15 4.377398363528029e-02
0 18 2.211032273098464e+02 6.586775860324606e-18 5.177071801186010e-02
0 19 2.331907317681348e+02 7.312981071810022e-18 5.177083071009245e-02
1 10 2.387023997136069e+02 9.414941700011553e-18 4.377348062080871e-02
0 20 2.452778109463621e+02 7.364843716153965e-18 5.177040983686752e-02
0 21 2.573651903201520e+02 6.927206705886881e-18 5.176752156504708e-02
1 11 2.618970718650909e+02 1.028866366540006e-17 4.377401576340800e-02
0 22 2.694520489916629e+02 6.593893591572543e-18 5.176621694304440e-02
0 23 2.815392000026757e+02 6.931264270433687e-18 5.176047208346796e-02
1 12 2.850923668680936e+02 9.519739939624756e-18 4.377653538753055e-02
0 24 2.936257301065921e+02 6.735068467589722e-18 5.175841096584654e-02
0 25 3.057125121917614e+02 7.083770439557373e-18 5.175067912259001e-02
1 13 3.082887327017408e+02 9.413786369851969e-18 4.378169588673352e-02
0 26 3.177986397201122e+02 7.397814881546829e-18 5.174807548110302e-02
0 27 3.298849116732778e+02 6.740111562966896e-18 5.174079828262782e-02
1 14 3.314867589770955e+02 2.873681121503526e-17 4.378778883978822e-02
0 28 3.419706686378701e+02 6.598563550307734e-18 5.173797316516400e-02
0 29 3.540564554910515e+02 6.601213585127504e-18 5.173487312088693e-02
1 15 3.546864624764718e+02 9.516903047410527e-18 4.379018827007967e-02
