0 0 1.733466082301745e+00 7.790329562415125e-17 6.624989797734061e-02
1 0 4.277281927053108e+00 1.086492431010107e-14 4.524984190603430e-02
0 1 7.579447506007827e+00 7.635141981469136e-17 6.624944942666368e-02
0 2 1.342549602313041e+01 7.629791986183666e-17 6.625595480314285e-02
1 1 1.886079869430839e+01 2.270939439363741e-17 4.525016670172628e-02
0 3 1.927127738944533e+01 7.385825323277080e-17 6.625846034699079e-02
0 4 2.511705079723325e+01 7.038636119997889e-17 6.625679509565485e-02
0 5 3.096296330128770e+01 6.911068879098674e-17 6.625073705555058e-02
1 2 3.344434412475055e+01 1.897551551348398e-14 4.524913976994373e-02
0 6 3.680892912903607e+01 6.757221287290259e-17 6.625018404137833e-02
0 7 4.265497723705801e+01 6.786478959601174e-17 6.625650579453547e-02
1 3 4.802790150061515e+01 6.918452733932196e-18 4.524943146682243e-02
0 8 4.850074588290794e+01 6.544978903735681e-17 6.625905105820547e-02
0 9 5.434649925130950e+01 6.235472468977510e-17 6.625755064040149e-02
0 10 6.019238554198925e+01 6.051944964038385e-17 6.625164816120330e-02
1 4 6.261152456435077e+01 7.209431314873252e-18 4.524839129188923e-02
0 11 6.603833469146389e+01 5.899928757513528e-17 6.625099124423763e-02
0 12 7.188438139767140e+01 5.942897658940902e-17 6.625709811693367e-02
1 5 7.719512508165901e+01 6.926232977878068e-18 4.524866476234905e-02
0 13 7.773013689947615e+01 5.781686419474144e-17 6.625967427786777e-02
0 14 8.357586987541421e+01 5.408294377819547e-17 6.625834836039073e-02
0 15 8.942172981112502e+01 5.353272050924415e-17 6.625261319786678e-02
1 6 9.177882765803501e+01 6.856241368471800e-18 4.524761187614172e-02
0 16 9.526766149288038e+01 5.261260486520987e-17 6.625185306480813e-02
0 17 1.011137060017356e+02 5.131301457008712e-17 6.625771432624233e-02
1 7 1.063624729992481e+02 7.075901437463902e-18 4.524785860339417e-02
0 18 1.069594482220543e+02 5.012876316991244e-17 6.626031296380248e-02
0 19 1.128051607615792e+02 4.756097949278325e-17 6.625917074440447e-02
0 20 1.186509944967663e+02 4.578515045675283e-17 6.625361340919518e-02
1 8 1.209462555275278e+02 7.057604731688733e-18 4.524683601001315e-02
0 21 1.244969082220449e+02 4.453587918615315e-17 6.625275086806028e-02
0 22 1.303429499418043e+02 4.487884879151114e-17 6.625833658184596e-02
1 9 1.355299464289641e+02 3.892669605270125e-14 4.524703166395919e-02
0 23 1.361886790328093e+02 4.274840706625248e-17 6.626094969584685e-02
0 24 1.420343714039402e+02 4.121303889008181e-17 6.625999988250386e-02
0 25 1.478801793885675e+02 3.927323020465813e-17 6.625462971213178e-02
1 10 1.501138085176336e+02 4.254305910531216e-17 4.524605467915621e-02
0 26 1.537260749716845e+02 3.882646814183743e-17 6.625366568792128e-02
0 27 1.595721135167807e+02 3.770970680441915e-17 6.625894697364121e-02
1 11 1.646975443928595e+02 4.097661309950908e-15 4.524621195488137e-02
0 28 1.654178299184273e+02 3.696324829548370e-17 6.626156699290985e-02
0 29 1.712635026986821e+02 3.470319413024457e-17 6.626081779243399e-02
0 30 1.771092856728995e+02 3.288983451763721e-17 6.625564302721321e-02
1 12 1.792814845546949e+02 7.164489095491452e-18 4.524528171585441e-02
0 31 1.829551632282708e+02 3.266480400437621e-17 6.625457855815534e-02
0 32 1.888011984175275e+02 3.267235557589189e-17 6.625952784219834e-02
1 13 1.938652638477520e+02 6.943809706493059e-18 4.524541305747418e-02
0 33 1.946469028505896e+02 3.063742484159447e-17 6.626214762432300e-02
0 34 2.004925569194093e+02 2.866181005417846e-17 6.626160673887591e-02
0 35 2.063383159035774e+02 2.841310436924897e-17 6.625663459957322e-02
1 14 2.084492794431926e+02 7.193596978204628e-18 4.524453068049029e-02
0 36 2.121841758375950e+02 2.669143428996034e-17 6.625547083416850e-02
0 37 2.180302076884315e+02 2.746176995582999e-17 6.626006208637943e-02
1 15 2.230330996634919e+02 6.852940869074598e-18 4.524464818175628e-02
0 38 2.238759011426772e+02 2.689939874926811e-17 6.626267490998992e-02
0 39 2.297215376690479e+02 2.406431232189350e-17 6.626234953984760e-02
0 40 2.355672739493807e+02 2.306608308664745e-17 6.625758630519300e-02
1 16 2.376171867795723e+02 7.162175038805364e-18 4.524382488646934e-02
0 41 2.414131169474389e+02 2.240220697483213e-17 6.625632450028002e-02
0 42 2.472591456662796e+02 2.280684588294924e-17 6.626053345379672e-02
1 17 2.522010450345918e+02 6.863945899919539e-18 4.524390669623295e-02
0 43 2.531048293841139e+02 2.144325597817520e-17 6.626313300479120e-02
0 44 2.589504498097518e+02 2.113772612871605e-17 6.626302985560618e-02
0 45 2.647961649198975e+02 2.018283455219713e-17 6.625848093801026e-02
1 18 2.667851984215087e+02 1.684977315629566e-14 4.524317909013695e-02
0 46 2.706419919289300e+02 1.909180725019876e-17 6.625712245806090e-02
0 47 2.764880178980719e+02 1.830419913698357e-17 6.626092681040276e-02
1 19 2.813690906244062e+02 8.416872604276396e-17 4.524322218294269e-02
0 48 2.823336933540170e+02 1.733434252574672e-17 6.626350716351062e-02
0 49 2.881792993725160e+02 1.633398274495922e-17 6.626363245631568e-02
0 50 2.940249950714248e+02 1.550678348044502e-17 6.625930247440552e-02
1 20 2.959533046699349e+02 2.171855744489652e-16 4.524259242714366e-02
0 51 2.998708072783510e+02 1.634755597612701e-17 6.625784879224964e-02
0 52 3.057168310395787e+02 1.575369581751233e-17 6.626122838617055e-02
1 21 3.105372257563624e+02 2.393972856552850e-14 4.524260657356805e-02
0 53 3.115624999160015e+02 1.541673831469506e-17 6.626378398315788e-02
0 54 3.174080934483751e+02 1.474191819651857e-17 6.626414346540026e-02
0 55 3.232537716948410e+02 1.359749229241541e-17 6.626003631223625e-02
1 22 3.251214940078478e+02 7.078720409846812e-18 4.524207524770643e-02
0 56 3.290995705013543e+02 1.287175221033014e-17 6.625848901139704e-02
0 57 3.349455927366434e+02 1.400861509919488e-17 6.626142599436044e-02
1 23 3.397054382679160e+02 6.899605798862093e-18 4.524206950827724e-02
0 58 3.407912568961869e+02 1.263916598469321e-17 6.626395162005388e-02
0 59 3.466368400632766e+02 1.147949826442356e-17 6.626455057605891e-02
0 60 3.524825029875795e+02 1.185939814933030e-17 6.626066948211691e-02
1 24 3.542897535247222e+02 6.863138645933281e-18 4.524163665222593e-02
0 61 3.583282899817556e+02 1.022308160241606e-17 6.625903026092594e-02
0 62 3.641743114914503e+02 1.034722328237543e-17 6.626150922246242e-02
