0 0 3.286117740348022e+00 4.616827804290628e-18 7.203344445230518e-02
0 1 8.575583157630289e+00 3.433435330070712e-18 7.202118240951731e-02
1 0 1.153078876236845e+01 1.699365632849395e-16 4.380548085006736e-02
0 2 1.386535339869354e+01 4.451065935518113e-18 7.202491517927305e-02
0 3 1.915472884663817e+01 3.666640298451896e-18 7.202883831245187e-02
0 4 2.444508634497927e+01 3.497462115380805e-18 7.201130698479188e-02
0 5 2.973463584839084e+01 4.022500586309651e-18 7.202097328296553e-02
1 1 3.014926507173309e+01 8.594387398678573e-18 4.380846791429328e-02
0 6 3.502444339750213e+01 4.812049345152528e-18 7.200859748904713e-02
0 7 4.031442895292533e+01 3.497368891678910e-18 7.203319365177106e-02
0 8 4.560392849216006e+01 3.662977970075827e-18 7.201888272195814e-02
1 2 4.876789412195199e+01 6.177151842808836e-14 4.380569593855876e-02
0 9 5.089368643158247e+01 3.683357977634063e-18 7.202405221345345e-02
0 10 5.618308143273482e+01 3.685144648092291e-18 7.202532515741884e-02
0 11 6.147350046976474e+01 3.595219544775103e-18 7.201046873952743e-02
0 12 6.676302521880467e+01 4.321884494609642e-18 7.201908238050860e-02
1 3 6.738634738707613e+01 8.132539309052204e-14 4.380815579705042e-02
0 13 7.205284790679136e+01 3.659108743323359e-18 7.200736301798022e-02
0 14 7.734273315463994e+01 3.846287497512632e-18 7.203260200649733e-02
0 15 8.263227584802220e+01 5.035471548023265e-18 7.201634784644935e-02
1 4 8.600499654710343e+01 8.592234927703155e-18 4.380598142173901e-02
0 16 8.792202199082513e+01 3.691929820867404e-18 7.202286249412106e-02
0 17 9.321144449940026e+01 3.501390474553557e-18 7.202162510081003e-02
0 18 9.850191393254156e+01 4.037456631631250e-18 7.200990706915977e-02
0 19 1.037914147887892e+02 3.585023840465003e-18 7.201726306349945e-02
1 5 1.046234320306558e+02 1.294491031113521e-17 4.380776045215753e-02
0 20 1.090812482936658e+02 3.652926478756561e-18 7.200641230634580e-02
0 21 1.143710371995790e+02 3.650959264288783e-18 7.203166736620445e-02
0 22 1.196606318227635e+02 3.433770177876219e-18 7.201361646190285e-02
1 6 1.232420946381856e+02 8.610330600668085e-18 4.380632852236246e-02
0 23 1.249503664833636e+02 3.700502271631427e-18 7.202136310266699e-02
0 24 1.302398229044720e+02 3.846966618824472e-18 7.201779410806759e-02
0 25 1.355303292096162e+02 3.578478069313617e-18 7.200961194904969e-02
0 26 1.408198076852679e+02 3.576670359540279e-18 7.201552194298011e-02
1 7 1.418605188770941e+02 8.669906336922282e-18 4.380730266270066e-02
0 27 1.461096478582190e+02 4.526834570802803e-18 7.200572487190227e-02
0 28 1.513993470227481e+02 4.456327939646022e-18 7.203040792822402e-02
0 29 1.566890017444258e+02 3.505456805439159e-18 7.201075090163489e-02
1 8 1.604791874057716e+02 2.215329248827110e-15 4.380671176393133e-02
0 30 1.619787248346231e+02 3.643261241340728e-18 7.201959498218601e-02
0 31 1.672682198533884e+02 3.910768458323159e-18 7.201390620318049e-02
0 32 1.725587473671644e+02 4.187955294854879e-18 7.200956850894938e-02
0 33 1.778482056035355e+02 3.847158218414973e-18 7.201386308841222e-02
1 9 1.790976077559507e+02 8.625205411793344e-18 4.380680792476788e-02
0 34 1.831380484994110e+02 3.567489639615533e-18 7.200527650660070e-02
0 35 1.884276665852493e+02 3.895238562700957e-18 7.202885506836851e-02
0 36 1.937173886552262e+02 3.564685837009437e-18 7.200782959327540e-02
1 10 1.977162740535487e+02 2.365199310259166e-15 4.380710171646728e-02
0 37 1.990070995475603e+02 4.310414770526074e-18 7.201761567421347e-02
0 38 2.042966360494273e+02 3.508493750901952e-18 7.201004646592969e-02
0 39 2.095871674263003e+02 3.508432894422423e-18 7.200975278237631e-02
0 40 2.148766082016122e+02 3.508864532386286e-18 7.201228315408290e-02
1 11 2.163346980663380e+02 8.657310392680368e-18 4.380631943435991e-02
0 41 2.201664501299582e+02 3.947045293390994e-18 7.200503532702471e-02
0 42 2.254559973009462e+02 4.478973051122570e-18 7.202704450914590e-02
0 43 2.307457927975086e+02 3.862344289104183e-18 7.200493746952506e-02
1 12 2.349533548715183e+02 8.725950024496422e-18 4.380747792410244e-02
0 44 2.360354902880511e+02 3.631005259646747e-18 7.201549018602461e-02
0 45 2.413250693877285e+02 3.630268895323371e-18 7.200630206955395e-02
0 46 2.466155862679144e+02 3.928798941993922e-18 7.201012753545474e-02
0 47 2.519050130430259e+02 3.847255263044197e-18 7.201076674749424e-02
1 13 2.535717905118099e+02 1.725861903357299e-16 4.380587748434803e-02
0 48 2.571948506487034e+02 3.847395032163379e-18 7.200495788553785e-02
0 49 2.624843380690724e+02 3.626067954479002e-18 7.202500774017090e-02
0 50 2.677742117103592e+02 3.626287479720193e-18 7.200215618975332e-02
1 14 2.721904310295570e+02 8.595236314256055e-18 4.380781862696442e-02
0 51 2.730638940869449e+02 3.624906850464532e-18 7.201328179905948e-02
0 52 2.783535152677138e+02 3.624259647227774e-18 7.200275315624996e-02
0 53 2.836439991158952e+02 3.901588983233738e-18 7.201063968064746e-02
0 54 2.889334161114910e+02 3.816694772812735e-18 7.200928360600935e-02
1 15 2.908088855942884e+02 7.192916023666538e-14 4.380549897690155e-02
0 55 2.942232464797094e+02 3.847388420321760e-18 7.200498685164923e-02
0 56 2.995126858961774e+02 4.234855890776572e-18 7.202276555328536e-02
0 57 3.048026409034109e+02 3.884258948750826e-18 7.199955596773833e-02
1 16 3.094275044503069e+02 7.136386614307461e-14 4.380808028328975e-02
0 58 3.100923061052761e+02 3.847286047189956e-18 7.201104457210387e-02
0 59 3.153819674517734e+02 3.875424180186369e-18 7.199946531292806e-02
0 60 3.206724004923776e+02 3.514913044685718e-18 7.201122046341263e-02
0 61 3.259618127755859e+02 3.616442571852328e-18 7.200778878232908e-02
1 17 3.280459835585971e+02 8.592293237710802e-18 4.380519935916678e-02
0 62 3.312516335416396e+02 3.783385157148398e-18 7.200505145589896e-02
0 63 3.365410369467318e+02 3.515775299395539e-18 7.202032507372369e-02
0 64 3.418310749356294e+02 3.857283880059547e-18 7.199719034105458e-02
1 18 3.466645764446044e+02 1.020613156696954e-17 4.380825661368141e-02
0 65 3.471207207747053e+02 3.529874536666372e-18 7.200881883112663e-02
0 66 3.524104192681995e+02 4.737886792879967e-18 7.199648496213525e-02
0 67 3.577007854213552e+02 4.082813234020206e-18 7.201178895738979e-02
0 68 3.629901989706748e+02 3.526542730986301e-18 7.200622634592622e-02
