0 0 1.691187450701352e+00 3.980120454771649e-18 6.243575007442004e-02
1 0 4.128108061800336e+00 6.730181104248809e-18 4.879974765506037e-02
0 1 7.537147511252938e+00 3.747660200828898e-18 6.243487559376649e-02
0 2 1.338314157708218e+01 4.040941119540804e-18 6.243746223528581e-02
1 1 1.871160090719293e+01 6.364902357603907e-18 4.880181620411419e-02
0 3 1.922898304836032e+01 4.327617306284640e-18 6.244038999099490e-02
0 4 2.507487309765011e+01 3.963915923979960e-18 6.244091577365365e-02
0 5 3.092091661228504e+01 4.053691784863400e-18 6.243632096168191e-02
1 2 3.329478500773289e+01 6.545562970697825e-18 4.879933404867475e-02
0 6 3.676688773882584e+01 4.881550117536227e-18 6.243532383399375e-02
0 7 4.261289619418926e+01 3.828095274624870e-18 6.243778664262125e-02
1 3 4.787822959435282e+01 6.352923035088836e-18 4.880135693046420e-02
0 8 4.845875303879986e+01 4.311290011784085e-18 6.244077961396103e-02
0 9 5.430465817570076e+01 3.828417429027323e-18 6.244160632128368e-02
0 10 6.015071135253136e+01 3.828729265700978e-18 6.243689570564272e-02
1 4 6.246135360644910e+01 6.393108097300398e-18 4.879894017037634e-02
0 11 6.599669281444440e+01 3.828948614353461e-18 6.243577706566675e-02
0 12 7.184271511962012e+01 3.663677471753184e-18 6.243811324430838e-02
1 5 7.704475184591588e+01 1.369262575851166e-15 4.880089564287965e-02
0 13 7.768858706052993e+01 4.049972463121690e-18 6.244115456927239e-02
0 14 8.353450682063412e+01 3.663460399743802e-18 6.244227836132046e-02
0 15 8.938056863213404e+01 3.750910645006627e-18 6.243746101875865e-02
1 6 9.162781913894246e+01 3.017897090383863e-17 4.879856158052687e-02
0 16 9.522655948258650e+01 3.973570165069133e-18 6.243622220562717e-02
0 17 1.010725948738787e+02 3.751208384746782e-18 6.243842906027415e-02
1 7 1.062111736774625e+02 5.004210338842473e-15 4.880044454807508e-02
0 18 1.069184813864060e+02 3.741979490628607e-18 6.244150322394498e-02
0 19 1.127644150670046e+02 3.663426145604449e-18 6.244291776737314e-02
0 20 1.186104842629552e+02 4.053613140911474e-18 6.243800382125420e-02
1 8 1.207941886071211e+02 6.409716061086708e-18 4.879820847532654e-02
0 21 1.244564833528796e+02 3.830496328752435e-18 6.243664638655880e-02
0 22 1.303025308555847e+02 3.741917684302263e-18 6.243872132350292e-02
1 9 1.353775029394535e+02 6.815443734991419e-18 4.880001324600598e-02
0 23 1.361484311809820e+02 4.279155507361379e-18 6.244181411692688e-02
0 24 1.419943778547286e+02 3.752543951940739e-18 6.244351082379894e-02
0 25 1.478404529801462e+02 3.964358718980398e-18 6.243851149140637e-02
1 10 1.499604707863212e+02 6.353185670833458e-18 4.879789059651889e-02
0 26 1.536864589763554e+02 4.282983348766591e-18 6.243703720683107e-02
0 27 1.595325174218650e+02 4.058941101220963e-18 6.243897773065247e-02
1 11 1.645437492605163e+02 6.376463957844633e-18 4.879959795842800e-02
0 28 1.653784305850596e+02 4.053446776296556e-18 6.244207618304578e-02
0 29 1.712243891180611e+02 4.391798141261036e-18 6.244404447966251e-02
0 30 1.770704685353329e+02 4.053567914297952e-18 6.243897211013733e-02
1 12 1.791266757027138e+02 6.364884198983818e-18 4.879763447783834e-02
0 31 1.829164799424885e+02 3.663717282403861e-18 6.243738297464711e-02
0 32 1.887625479892573e+02 3.663622067509945e-18 6.243918668683716e-02
1 13 1.937099237044497e+02 6.624670444468538e-18 4.879920049897886e-02
0 33 1.946084728204642e+02 3.741197537463532e-18 6.244227898105525e-02
0 34 2.004544418944754e+02 3.985633202004478e-18 6.244450659353350e-02
0 35 2.063005238093463e+02 4.063794304498194e-18 6.243937469430213e-02
1 14 2.082928155515132e+02 2.082841331419087e-15 4.879743359578004e-02
0 36 2.121465389953755e+02 3.754871852082592e-18 6.243767294094647e-02
0 37 2.179926151533676e+02 3.663614120484893e-18 6.243933753900707e-02
1 15 2.228760385344965e+02 1.285363268948645e-17 4.879885026000392e-02
0 38 2.238385503131788e+02 3.961890949623585e-18 6.244241291848484e-02
0 39 2.296845284514408e+02 4.389861496468190e-18 6.244488616355223e-02
0 40 2.355306109423710e+02 4.287160830273125e-18 6.243970941302825e-02
1 16 2.374589034231092e+02 3.526575648984296e-15 4.879729311999579e-02
0 41 2.413766281668222e+02 4.067097667448986e-18 6.243789751549519e-02
0 42 2.472227108249406e+02 3.961491622733996e-18 6.243942079234699e-02
1 17 2.520421072695037e+02 6.455792235954377e-18 4.879855494798881e-02
0 43 2.530686548323985e+02 4.067994862205765e-18 6.244246946585933e-02
0 44 2.589146404285741e+02 4.304202076632644e-18 6.244517353733380e-02
0 45 2.647607214789071e+02 3.740797766401072e-18 6.243996778169863e-02
1 18 2.666249533372116e+02 6.613725461606957e-18 4.879721914672987e-02
0 46 2.706067389236680e+02 3.663684352996659e-18 6.243804846083135e-02
0 47 2.764528263796067e+02 3.960711525045431e-18 6.243942830437497e-02
1 19 2.812081442834663e+02 6.360462766197155e-18 4.879832126176098e-02
0 48 2.822987776427071e+02 3.663456941435165e-18 6.244244135320593e-02
0 49 2.881447689923226e+02 3.959968017373264e-18 6.244536059666688e-02
0 50 2.939908465246688e+02 4.291095000396966e-18 6.244014282866642e-02
1 20 2.957909798397633e+02 6.424950335020376e-18 4.879721972132696e-02
0 51 2.998368623264415e+02 4.311546452337568e-18 6.243811905924851e-02
0 52 3.056829528183685e+02 4.608279494983571e-18 6.243935345196109e-02
1 21 3.103741648524936e+02 6.397688540086922e-18 4.879813549039521e-02
0 53 3.115289096664074e+02 3.834217967977948e-18 6.244232274252826e-02
0 54 3.173749050001845e+02 3.663287690052051e-18 6.244544091257606e-02
0 55 3.232209769124003e+02 3.740389889382872e-18 6.244022923050960e-02
1 22 3.249569979857508e+02 6.394258122133969e-18 4.879730103862721e-02
0 56 3.290669891963065e+02 4.053620301081788e-18 6.243810424871037e-02
0 57 3.349130809357569e+02 4.293673379320370e-18 6.243919126720510e-02
1 23 3.395401839319420e+02 2.804639157888813e-15 4.879801817010904e-02
0 58 3.407590416529098e+02 3.663468390105085e-18 6.244210937092691e-02
0 59 3.466050391713283e+02 3.999310698239019e-18 6.244540986708593e-02
0 60 3.524511033734296e+02 3.663564703671367e-18 6.244022341246647e-02
1 24 3.541230234516210e+02 9.976951884713227e-18 4.879745965481239e-02
0 61 3.582971102870813e+02 3.835344989662872e-18 6.243800072443511e-02
0 62 3.641432014924031e+02 3.740198777672365e-18 6.243893853895708e-02
