0 0 1.723928488328668e+00 1.121425599985931e-17 6.182807477852334e-02
1 0 4.018264116918091e+00 6.585982976539979e-18 4.750417088862688e-02
0 1 7.569780171930622e+00 1.086262994603163e-17 6.182716661719428e-02
0 2 1.341564508490576e+01 1.032996498865708e-17 6.183017383879448e-02
1 1 1.860202970414040e+01 6.647270190482698e-18 4.750628189682023e-02
0 3 1.926139885753231e+01 9.583164378212380e-18 6.183316318721041e-02
0 4 2.510722113739095e+01 9.461664710046845e-18 6.183344355893067e-02
0 5 3.095322176101162e+01 1.067691447487318e-17 6.182766551058735e-02
1 2 3.318530306665229e+01 2.076257187828630e-16 4.750446585385948e-02
0 6 3.679906118402990e+01 9.960894432081100e-18 6.182665037818198e-02
0 7 4.264491794706315e+01 8.900468308543685e-18 6.182958654148068e-02
1 3 4.776911791877626e+01 4.359883352558351e-17 4.750648604872609e-02
0 8 4.849066362526931e+01 8.593754060132362e-18 6.183260386023481e-02
0 9 5.433647307663649e+01 9.075781526795961e-18 6.183308980570604e-02
0 10 6.018245537993205e+01 8.907793417928160e-18 6.182715464319290e-02
1 4 6.235243965918140e+01 8.314209160463525e-14 4.750485055170818e-02
0 11 6.602828125927351e+01 7.862638181720508e-18 6.182603430991307e-02
0 12 7.187412876509451e+01 8.818284457150554e-18 6.182889460103108e-02
1 5 7.693630808370335e+01 6.586333705545817e-18 4.750677356969454e-02
0 13 7.771986525352625e+01 7.766354494250286e-18 6.183192727707438e-02
0 14 8.356566074027251e+01 8.286023202928408e-18 6.183261417506365e-02
0 15 8.941162297110840e+01 6.869553574959314e-18 6.182654119601116e-02
1 6 9.151968451775963e+01 6.528504970097679e-18 4.750532487710774e-02
0 16 9.525743425909980e+01 7.713397667792645e-18 6.182531757390511e-02
0 17 1.011032716265562e+02 6.699376933082467e-18 6.182809716115521e-02
1 7 1.061036098840990e+02 6.552520852200483e-18 4.750714255842478e-02
0 18 1.069489980324739e+02 7.199950651366734e-18 6.183113374629256e-02
0 19 1.127947786524784e+02 6.102818596492612e-18 6.183201605532397e-02
0 20 1.186407193178775e+02 6.078572082271574e-18 6.182582611554101e-02
1 8 1.206870461327475e+02 6.568780114988649e-18 4.750589925547527e-02
0 21 1.244865152185756e+02 5.168307609756996e-18 6.182450125277145e-02
0 22 1.303323418087426e+02 6.882440863830387e-18 6.182719528250743e-02
1 9 1.352710311918518e+02 6.990736674065712e-18 4.750756542655609e-02
0 23 1.361780574601261e+02 6.530511868087489e-18 6.183022540174311e-02
0 24 1.420238225602876e+02 5.786592424121116e-18 6.183129683246528e-02
0 25 1.478697404462811e+02 5.911627653356792e-18 6.182501223816581e-02
1 10 1.498545313146808e+02 6.605075845403230e-18 4.750656809459112e-02
0 26 1.537155204271641e+02 5.241179037283260e-18 6.182358831413909e-02
0 27 1.595613358549055e+02 5.788884648133982e-18 6.182619190595454e-02
1 11 1.644385774057215e+02 2.654575459222065e-15 4.750806755499504e-02
0 28 1.654070403139860e+02 4.888516465631266e-18 6.182920616298571e-02
0 29 1.712527895008098e+02 5.431214011023998e-18 6.183045983925995e-02
0 30 1.770986836875379e+02 4.885730922617597e-18 6.182410421831940e-02
1 12 1.790221448432093e+02 9.671642972220108e-17 4.750731742186310e-02
0 31 1.829444474864484e+02 4.636669658327374e-18 6.182258354003847e-02
0 32 1.887902516272875e+02 4.574153234230677e-18 6.182509178133341e-02
1 13 1.936062520107671e+02 4.564645996137560e-14 4.750864479040514e-02
0 33 1.946359446993400e+02 4.880127584677339e-18 6.182808166506602e-02
0 34 2.004816778449600e+02 6.001968393864189e-18 6.182951027049760e-02
0 35 2.063275477168351e+02 4.631224602202222e-18 6.182310842450154e-02
1 14 2.081898890945352e+02 6.727305196843141e-18 4.750814110806482e-02
0 36 2.121732953441439e+02 4.224888777188333e-18 6.182149342451462e-02
0 37 2.180190883363995e+02 4.458858067018942e-18 6.182390136448801e-02
1 15 2.227740562835918e+02 6.765922852802575e-18 4.750929169417338e-02
0 38 2.238647700737372e+02 4.590742738082736e-18 6.182685915925196e-02
0 39 2.297104873173328e+02 4.084262789164761e-18 6.182845506731340e-02
0 40 2.355563325681873e+02 4.400168302213261e-18 6.182203280641669e-02
1 16 2.373577642167937e+02 6.556239412218755e-18 4.750903175208841e-02
0 41 2.414020643042556e+02 4.603460091264151e-18 6.182032604274668e-02
0 42 2.472478465465050e+02 4.232550753087031e-18 6.182262868590729e-02
1 17 2.519419894371170e+02 6.610328796112974e-18 4.750999307133883e-02
0 43 2.530935172477238e+02 4.234002697541469e-18 6.182554738708176e-02
0 44 2.589392189923986e+02 3.945035927668489e-18 6.182730277412830e-02
0 45 2.647850396256548e+02 4.197329774327674e-18 6.182088673695091e-02
1 18 2.665257676441838e+02 6.584653800081573e-18 4.750998992849483e-02
0 46 2.706307560137644e+02 4.238296872892086e-18 6.181909089539037e-02
0 47 2.764765281577868e+02 3.885247946527925e-18 6.182128319469302e-02
1 19 2.811100483593457e+02 6.637175237463513e-18 4.751073817864255e-02
0 48 2.823221883624095e+02 4.254598877074150e-18 6.182415643071169e-02
0 49 2.881678752676928e+02 4.314652831832952e-18 6.182606337204832e-02
0 50 2.940136715916935e+02 4.413391679891373e-18 6.181968083295750e-02
1 20 2.956938956225394e+02 2.281492675407443e-14 4.751099839916374e-02
0 51 2.998593734266880e+02 3.782148264979519e-18 6.181779873212614e-02
0 52 3.057051363661141e+02 4.084676966651551e-18 6.181987558184814e-02
1 21 3.102782275800151e+02 1.588108408819812e-17 4.751152998288880e-02
0 53 3.115507868448593e+02 3.781584634542734e-18 6.182269754300870e-02
0 54 3.173964598150591e+02 3.882764705646607e-18 6.182474809278380e-02
0 55 3.232422324337753e+02 4.484093497199534e-18 6.181842675890747e-02
1 22 3.248621418705446e+02 5.507134492897967e-15 4.751204617259659e-02
0 56 3.290879207467031e+02 4.447505925872568e-18 6.181646135846733e-02
0 57 3.349336756016502e+02 4.084751107059117e-18 6.181841758695442e-02
1 23 3.394465198313928e+02 6.569927979750971e-18 4.751235906673987e-02
0 58 3.407793173426085e+02 3.847914323369043e-18 6.182118296108654e-02
0 59 3.466249775112937e+02 3.958849068702479e-18 6.182336921718801e-02
0 60 3.524707273106789e+02 4.453030454841122e-18 6.181713701735079e-02
1 24 3.540304981012024e+02 6.539743753832259e-18 4.751312229121262e-02
0 61 3.583164033497744e+02 4.258452207403494e-18 6.181509142977905e-02
0 62 3.641621514477861e+02 3.964916387999540e-18 6.181692179221702e-02
