0 0 1.625595473910087e+00 1.837046185830720e-14 6.196372236588251e-02
1 0 4.351654322565201e+00 6.720271625990524e-18 4.632295201952660e-02
0 1 7.471610456240771e+00 1.751204061783833e-14 6.196321309891948e-02
0 2 1.331783156135411e+01 1.793951735790933e-14 6.196617639514479e-02
1 1 1.893465965609232e+01 6.703247984613918e-18 4.632555445351767e-02
0 3 1.916383692007872e+01 1.720000962171897e-14 6.196832059871596e-02
0 4 2.500974733517993e+01 1.594902092533778e-14 6.196732618588254e-02
0 5 3.085574496632323e+01 1.510752708392186e-14 6.196374481270323e-02
1 2 3.351791039653921e+01 1.694923016510164e-14 4.632324134708836e-02
0 6 3.670176469747162e+01 1.440399305220904e-14 6.196312503612096e-02
0 7 4.254798855056566e+01 1.477614925510695e-14 6.196576141279347e-02
1 3 4.810091362004319e+01 8.783567220321521e-16 4.632589199063904e-02
0 8 4.839399903464108e+01 1.416954111815787e-14 6.196798769842554e-02
0 9 5.423991238419482e+01 1.312107355117494e-14 6.196728169675546e-02
0 10 6.008591094711072e+01 1.241472599185980e-14 6.196374076003326e-02
1 4 6.268414478591801e+01 5.130700944634159e-15 4.632356204823698e-02
0 11 6.593193352782390e+01 1.182601052803688e-14 6.196301055124288e-02
0 12 7.177815764462713e+01 1.214132476738202e-14 6.196532102243026e-02
1 5 7.726715402346350e+01 6.803665869218927e-18 4.632626059228947e-02
0 13 7.762417135590535e+01 1.163620624588505e-14 6.196761760869695e-02
0 14 8.347008633280957e+01 1.075805192016560e-14 6.196721923425638e-02
0 15 8.931608410259886e+01 1.015717360945992e-14 6.196372416103529e-02
1 6 9.185037276882838e+01 6.702981371712081e-18 4.632390243758727e-02
0 16 9.516210756889666e+01 9.664139028160975e-15 6.196288377483317e-02
0 17 1.010083294617408e+02 9.919929497794173e-15 6.196487095756099e-02
1 7 1.064333962303425e+02 6.817473449988190e-18 4.632664616292909e-02
0 18 1.068543444565594e+02 9.490646460110825e-15 6.196722605626474e-02
0 19 1.127002597645002e+02 8.756295589282299e-15 6.196715313939106e-02
0 20 1.185462549896641e+02 8.242391695378155e-15 6.196370928710346e-02
1 8 1.210166097405239e+02 6.693272272038386e-18 4.632425046621762e-02
0 21 1.243922773482864e+02 7.824414120503418e-15 6.196275916105288e-02
0 22 1.302384945635740e+02 8.020476118864923e-15 6.196442713838473e-02
1 9 1.355996555672474e+02 6.715436254439156e-18 4.632701405977906e-02
0 23 1.360845088883020e+02 7.659965662717372e-15 6.196682911646643e-02
0 24 1.419304232735020e+02 7.043748090103540e-15 6.196709778404556e-02
0 25 1.477764142114016e+02 6.602681031608151e-15 6.196371044242079e-02
1 10 1.501828706329536e+02 6.885154884631477e-18 4.632461716657096e-02
0 26 1.536224334757525e+02 6.246348920956915e-15 6.196265120136188e-02
0 27 1.594686436308579e+02 6.390131107380230e-15 6.196400537802733e-02
1 11 1.647659469330218e+02 2.936116519105618e-14 4.632734669120932e-02
0 28 1.653146553576324e+02 6.080490946436711e-15 6.196644290228961e-02
0 29 1.711605676396115e+02 5.566284604085131e-15 6.196706728457456e-02
0 30 1.770065525916881e+02 5.194601679038494e-15 6.196374167755039e-02
1 12 1.793491705757793e+02 1.206962503853174e-15 4.632496814393121e-02
0 31 1.828525668175648e+02 4.887914635425527e-15 6.196257413726302e-02
0 32 1.886987676365223e+02 4.987932364133193e-15 6.196362109088889e-02
1 13 1.939322847031645e+02 2.538613640855030e-15 4.632765281084174e-02
0 33 1.945447748984946e+02 4.724121750109812e-15 6.196608325036546e-02
0 34 2.003906839992134e+02 4.302384251464312e-15 6.196707522084054e-02
0 35 2.062366613452778e+02 3.988088139767646e-15 6.196381650852114e-02
1 14 2.085155236334517e+02 6.691973575203871e-18 4.632529112209970e-02
0 36 2.120826686656839e+02 3.732164771771656e-15 6.196254167860893e-02
0 37 2.179288580130347e+02 3.788242145161934e-15 6.196328900973130e-02
1 15 2.230986824333951e+02 7.110033411577595e-18 4.632792023194227e-02
0 38 2.237748590384359e+02 3.567452236998015e-15 6.196576541258651e-02
0 39 2.296207640092156e+02 3.229234946522737e-15 6.196713436724749e-02
0 40 2.354667322401174e+02 2.966672926626934e-15 6.196394764794610e-02
1 16 2.376819428829801e+02 6.800225509796407e-18 4.632557494384165e-02
0 41 2.413127308984589e+02 2.755378760062219e-15 6.196256673405478e-02
0 42 2.471589068106366e+02 2.783549094710218e-15 6.196302291800766e-02
1 17 2.522651525749212e+02 6.695147910094700e-18 4.632813763296610e-02
0 43 2.530048999549579e+02 2.598860953453311e-15 6.196550376194117e-02
0 44 2.588508000006007e+02 3.751137652582067e-14 6.196725644209582e-02
0 45 2.646967577485978e+02 3.539515353780785e-14 6.196414675448333e-02
1 18 2.668484399885996e+02 6.862051345131972e-18 4.632581582444634e-02
0 46 2.705427461295704e+02 3.352984566453516e-14 6.196266116000998e-02
0 47 2.763889068432283e+02 3.350667728246600e-14 6.196283540340018e-02
1 19 2.814317064342472e+02 6.836897183401331e-18 4.632825991781727e-02
0 48 2.822348906188367e+02 3.168834876755548e-14 6.196531152039150e-02
0 49 2.880807851184264e+02 2.927777477536295e-14 6.196745188093403e-02
0 50 2.939267311846237e+02 2.745179706944302e-14 6.196442420628812e-02
1 20 2.960150253481242e+02 5.835907096998507e-14 4.632600667619972e-02
0 51 2.997727078421476e+02 2.584251472434428e-14 6.196283553378393e-02
0 52 3.056188518189071e+02 2.568290577479799e-14 6.196273763767324e-02
1 21 3.105983533252458e+02 1.593002248271074e-15 4.632831031284344e-02
0 53 3.114648249214918e+02 2.412837402160886e-14 6.196520051535882e-02
0 54 3.173107134454668e+02 2.215633690190910e-14 6.196772963859919e-02
0 55 3.231566468237822e+02 2.061892016822565e-14 6.196478890311408e-02
1 22 3.251817080392262e+02 6.764093839575925e-16 4.632613076102629e-02
0 56 3.290026105054343e+02 1.926719073649106e-14 6.196309895561924e-02
0 57 3.348487364526412e+02 1.902153645440195e-14 6.196273918696316e-02
1 23 3.397651011264081e+02 6.770889295601320e-18 4.632828374272251e-02
0 58 3.406946977840047e+02 1.773067985978183e-14 6.196518096990723e-02
0 59 3.465405801071918e+02 1.616167281128427e-14 6.196809702353332e-02
0 60 3.523865000044211e+02 1.491170265045681e-14 6.196524810060791e-02
1 24 3.543484951033009e+02 6.913139773058749e-18 4.632618110908681e-02
0 61 3.582324496719346e+02 1.380769693378715e-14 6.196345888319955e-02
0 62 3.640785565591254e+02 1.352950321403593e-14 6.196284785569236e-02
