0 0 3.181569366980375e+00 8.430825716321704e-17 7.055966810571078e-02
0 1 8.471573713173237e+00 9.101249955122094e-17 7.053567896322778e-02
1 0 1.083311259289681e+01 7.893778382174611e-18 4.771046546703232e-02
0 2 1.376185299902699e+01 9.198647133377957e-17 7.053139220240853e-02
0 3 1.905191920201742e+01 9.794203742823955e-17 7.054207267714313e-02
0 4 2.434249201713736e+01 9.547963664163801e-17 7.053673490285720e-02
1 1 2.945174385421073e+01 1.653754321514581e-13 4.771338853046072e-02
0 5 2.963250333495417e+01 1.019432865981978e-16 7.055552951608747e-02
0 6 3.492239222946219e+01 1.110770846433020e-16 7.054598466026138e-02
0 7 4.021266953585030e+01 1.137112268587649e-16 7.055749651286282e-02
0 8 4.550274531842456e+01 1.206037562609118e-16 7.053187464742801e-02
1 2 4.807039170490276e+01 7.919675714343409e-18 4.771058319570005e-02
0 9 5.079304971478975e+01 1.215058902223727e-16 7.052985805452038e-02
0 10 5.608309420244886e+01 1.296992984493115e-16 7.053981200517620e-02
0 11 6.137365483644869e+01 1.267511573558680e-16 7.053663991545922e-02
0 12 6.666359266196848e+01 1.371560545545732e-16 7.055427642129788e-02
1 3 6.668901402918974e+01 7.288495809441913e-14 4.771360868259664e-02
0 13 7.195348395821462e+01 1.488211803111059e-16 7.054311826994637e-02
0 14 7.724373057792323e+01 1.527174347470781e-16 7.055504591471441e-02
0 15 8.253387706905961e+01 1.602735096800236e-16 7.052861550564522e-02
1 4 8.530767880161378e+01 4.667531575038662e-16 4.771077752861200e-02
0 16 8.782420046243318e+01 1.608202772965293e-16 7.052897922127477e-02
0 17 9.311422213994675e+01 1.722321093280148e-16 7.053807509291676e-02
0 18 9.840476568993174e+01 1.687344028342994e-16 7.053691489472995e-02
0 19 1.036946339319577e+02 1.844261045797673e-16 7.055260371227251e-02
1 5 1.039262936143605e+02 7.869059297947243e-18 4.771378030209169e-02
0 20 1.089845339832963e+02 1.882991671606712e-17 7.054013591863663e-02
0 21 1.142747520023158e+02 1.861551431856955e-17 7.055239391484837e-02
0 22 1.195649670009419e+02 1.873109568379188e-17 7.052593544668723e-02
1 6 1.225449737306418e+02 2.853040156454434e-13 4.771104982817564e-02
0 23 1.248553035945916e+02 1.775099326084305e-17 7.052875174968944e-02
0 24 1.301453028456949e+02 1.844798491085977e-17 7.053684695403065e-02
0 25 1.354358264960443e+02 1.748142165756273e-17 7.053753822360757e-02
0 26 1.407256340279761e+02 1.857832826560326e-17 7.055048784388829e-02
1 7 1.411635817716731e+02 2.395164445959861e-13 4.771388720866920e-02
0 27 1.460155505774568e+02 1.888395314533384e-17 7.053708526896812e-02
0 28 1.513057435613889e+02 1.861913622006818e-17 7.054959044932468e-02
0 29 1.565960238723492e+02 1.836336316825725e-17 7.052380264502377e-02
1 8 1.597822743422763e+02 7.864068981670822e-18 4.771140223229822e-02
0 30 1.618863679816717e+02 1.750074872147102e-17 7.052910227629443e-02
0 31 1.671763465337017e+02 1.801928436388526e-17 7.053604600272217e-02
0 32 1.724668492052240e+02 1.714020297727369e-17 7.053842682588847e-02
0 33 1.777566094437127e+02 1.819838675179925e-17 7.054791143956836e-02
1 9 1.784008762076701e+02 3.118663637929845e-14 4.771392171681051e-02
0 34 1.830465508846955e+02 1.794231048838988e-17 7.053398441219617e-02
0 35 1.883367233265421e+02 1.806270320725496e-17 7.054665586491621e-02
0 36 1.936270649583113e+02 1.737425598414685e-17 7.052213025007759e-02
1 10 1.970195773615563e+02 7.905846224449024e-18 4.771185785927258e-02
0 37 1.989174105861175e+02 1.653811011528929e-17 7.052989704878487e-02
0 38 2.042073710929937e+02 1.686505741338659e-17 7.053553403350020e-02
0 39 2.094978528726410e+02 1.606588956000282e-17 7.053944525361788e-02
0 40 2.147875827442095e+02 1.702275899091117e-17 7.054485927739693e-02
1 11 2.156381735408866e+02 1.362560987587715e-13 4.771387798941059e-02
0 41 2.200775571852160e+02 1.675554098334836e-17 7.053083179137162e-02
0 42 2.253677137485026e+02 1.657695036321666e-17 7.054358910971160e-02
0 43 2.306581118645464e+02 1.616873172644677e-17 7.052079933679800e-02
1 12 2.342568782713723e+02 5.785236127370818e-14 4.771238211078314e-02
0 44 2.359484522260216e+02 1.554145995611101e-17 7.053096413559642e-02
0 45 2.412383976710995e+02 1.590828047184748e-17 7.053513673628566e-02
0 46 2.465288591041058e+02 1.478903577960631e-17 7.054042492149991e-02
0 47 2.518185776033590e+02 1.552183308854608e-17 7.054133454886145e-02
1 13 2.528754698157799e+02 7.867934528783507e-18 4.771376422248128e-02
0 48 2.571085919087585e+02 1.505129980918611e-17 7.052762101020738e-02
0 49 2.623987366047870e+02 1.489013885005585e-17 7.054038307197527e-02
0 50 2.676891853491623e+02 1.445568826108601e-17 7.051968320350963e-02
1 14 2.714941727173455e+02 1.635605667621005e-13 4.771295835376003e-02
0 51 2.729795124496912e+02 1.371535035285507e-17 7.053211695551541e-02
0 52 2.782694455809005e+02 1.387536359931243e-17 7.053467065190505e-02
0 53 2.835598869765591e+02 1.362690305392770e-17 7.054118995777224e-02
0 54 2.888496135343378e+02 1.425966625234819e-17 7.053737062557000e-02
1 15 2.901127612284213e+02 8.061282104408579e-18 4.771360638455539e-02
0 55 2.941396725197712e+02 1.301815681125008e-17 7.052435911876735e-02
0 56 2.994298080094722e+02 1.347340574982739e-17 7.053704285490320e-02
0 57 3.047203003345661e+02 1.271001293421801e-17 7.051867400139412e-02
1 16 3.087314576448782e+02 6.680171606405386e-14 4.771357038364418e-02
0 58 3.100106047886840e+02 1.198014718764981e-17 7.053317999014702e-02
0 59 3.153005277209932e+02 1.226953690170282e-17 7.053397120364095e-02
0 60 3.205909486385025e+02 1.168581406730961e-17 7.054158441888683e-02
0 61 3.258807015363643e+02 1.200874986784754e-17 7.053303989691372e-02
1 17 3.273500461111166e+02 4.469769754270422e-16 4.771344502591842e-02
0 62 3.311708074687937e+02 1.226218701914307e-17 7.052108250969544e-02
0 63 3.364609346432435e+02 1.175849616385919e-17 7.053360166178459e-02
0 64 3.417514622767733e+02 1.116005314796750e-17 7.051770428812225e-02
1 18 3.459687323294933e+02 8.074887137605344e-18 4.771418921789593e-02
0 65 3.470417334877831e+02 1.142825331500319e-17 7.053400962511520e-02
0 66 3.523316475829196e+02 1.043627819717070e-17 7.053291617379012e-02
0 67 3.576220466121599e+02 1.057030264737770e-17 7.054149511547185e-02
0 68 3.629118416706646e+02 1.035467072350495e-17 7.052845683049130e-02
1 19 3.645873242153809e+02 2.842451110805699e-13 4.771329861157782e-02
