0 0 3.206744052111324e+00 7.951062095654120e-18 7.696141597821692e-02
0 1 8.495976703914248e+00 9.389745073642117e-18 7.694948733570668e-02
1 0 1.152845935791349e+01 2.141712102630795e-16 4.633000899261612e-02
0 2 1.378578320473501e+01 1.023934976306702e-17 7.695316088744573e-02
0 3 1.907481200854310e+01 1.280384340565401e-17 7.696594122346438e-02
0 4 2.436477897729042e+01 1.150375035164035e-17 7.694590614635856e-02
0 5 2.965411167922844e+01 1.328426446281013e-17 7.695837488623297e-02
1 1 3.014716675149041e+01 8.127204853309389e-18 4.633322667700987e-02
0 6 3.494363424670196e+01 1.525359822303434e-17 7.694072129649013e-02
0 7 4.023383634791968e+01 1.413452768092309e-17 7.696569562735094e-02
0 8 4.552308583994809e+01 1.645068264815758e-17 7.695172929851227e-02
1 2 4.876585391082745e+01 8.078124772822499e-14 4.633005118266544e-02
0 9 5.081286370427473e+01 1.712410658896858e-17 7.695747412399646e-02
0 10 5.610186051258785e+01 2.020825266284020e-17 7.696639283839855e-02
0 11 6.139191307565085e+01 2.010274565706857e-17 7.694824150838268e-02
0 12 6.668122121083174e+01 2.281713432098851e-17 7.695934637312749e-02
1 3 6.738453179713875e+01 6.753899903896486e-14 4.633281860930214e-02
0 13 7.197081049537758e+01 2.374759183934870e-17 7.694226654656791e-02
0 14 7.726091848129394e+01 2.465713010751764e-17 7.696981246763968e-02
0 15 8.255019068472836e+01 2.779607807950921e-17 7.695393238060898e-02
1 4 8.600324857565070e+01 8.172009871387376e-18 4.633017582413291e-02
0 16 8.783993469298782e+01 2.808010123181698e-17 7.696162129508789e-02
0 17 9.312891543288755e+01 3.352866158530975e-17 7.696666610905506e-02
0 18 9.841904992562664e+01 3.301533072708761e-17 7.695084869914326e-02
0 19 1.037083361236975e+02 3.740882071078977e-17 7.696035496345183e-02
1 5 1.046218980718022e+02 8.217554747119089e-18 4.633233469132698e-02
0 20 1.089979866195093e+02 3.907077921784528e-17 7.694422237706773e-02
0 21 1.142879884900097e+02 3.988575185855277e-17 7.697369669573684e-02
0 22 1.195772898809942e+02 4.347269519978285e-17 7.695605480319136e-02
1 6 1.232406430268646e+02 8.147090360730203e-18 4.633038897471896e-02
0 23 1.248669960049183e+02 4.471211319978854e-17 7.696552797413209e-02
0 24 1.301559761379520e+02 5.140809512488711e-17 7.696678138671854e-02
0 25 1.354461865170899e+02 4.946395794530938e-17 7.695373555667383e-02
0 26 1.407354533601388e+02 5.443517976998362e-17 7.696144419036149e-02
1 7 1.418592669761851e+02 8.210870142363768e-18 4.633180103032736e-02
0 27 1.460251582456813e+02 5.464941112259568e-17 7.694658457474665e-02
0 28 1.513150453464617e+02 5.568460648492064e-17 7.697728522186628e-02
0 29 1.566043829637173e+02 5.808162447825491e-17 7.695806272197293e-02
1 8 1.604780367975664e+02 1.240876444706369e-15 4.633067862649019e-02
0 30 1.618940484244521e+02 5.779482898604177e-17 7.696912829454199e-02
0 31 1.671830426139080e+02 6.067577125048716e-17 7.696676033687493e-02
0 32 1.724733204361252e+02 5.714016156004419e-17 7.695689668826754e-02
0 33 1.777625705202321e+02 5.688138222636614e-17 7.696264497354409e-02
1 9 1.790966393894401e+02 8.135942379441149e-18 4.633124630028369e-02
0 34 1.830523219597474e+02 6.497552748412542e-18 7.694933460120607e-02
0 35 1.883420893212165e+02 7.134990738996198e-18 7.698052719404952e-02
0 36 1.936314706518068e+02 7.598289450727352e-18 7.695993753448957e-02
1 10 1.977154288189442e+02 2.273720769454285e-15 4.633101635015160e-02
0 37 1.989210939653955e+02 7.731726286656531e-18 7.697237298286327e-02
0 38 2.042101156927690e+02 7.532738386897735e-18 7.696663098536077e-02
0 39 2.095004502127218e+02 7.770141421539323e-18 7.696031678932369e-02
0 40 2.147896860983793e+02 7.603309060220174e-18 7.696398313132766e-02
1 11 2.163340153072640e+02 8.127053218890987e-18 4.633071137033572e-02
0 41 2.200794756309504e+02 7.566152039281649e-18 7.695244784793821e-02
0 42 2.253691220857894e+02 7.222646153468799e-18 7.698338840871109e-02
0 43 2.306585548892135e+02 7.027411432361091e-18 7.696167737321344e-02
1 12 2.349528181626669e+02 8.172982378515939e-18 4.633138073311183e-02
0 44 2.359481357223789e+02 6.647958965420532e-18 7.697522403513637e-02
0 45 2.412371971077683e+02 6.063904496055678e-18 7.696643084574369e-02
0 46 2.465275753074118e+02 6.109830676372823e-18 7.696397214288886e-02
0 47 2.518167998098247e+02 5.587245759929676e-18 7.696546616039221e-02
1 13 2.535713952179245e+02 2.171214321630704e-16 4.633021592250776e-02
0 48 2.571066184502552e+02 5.371390955289693e-18 7.695588306103417e-02
0 49 2.623961465292157e+02 5.530828518318090e-18 7.698585371239353e-02
0 50 2.676856385815960e+02 5.076116718809576e-18 7.696329575845740e-02
1 14 2.721902041355944e+02 8.149559031915514e-18 4.633174514331828e-02
0 51 2.729751775501366e+02 4.387393024643821e-18 7.697766515229566e-02
0 52 2.782642891601329e+02 4.249603811645138e-18 7.696620927538222e-02
0 53 2.835546959639998e+02 4.202694666697913e-18 7.696783388635227e-02
0 54 2.888439121233476e+02 3.775474314593881e-18 7.696709431422398e-02
1 15 2.908087789111270e+02 7.369267434628024e-14 4.632977038060142e-02
0 55 2.941337506693768e+02 4.333740778274695e-18 7.695959744714057e-02
0 56 2.994231663466164e+02 3.198797084962075e-18 7.698792680119358e-02
0 57 3.047127251079797e+02 3.206532097146594e-18 7.696482920563030e-02
1 16 3.094275865353461e+02 7.583931520047330e-14 4.633204353629805e-02
0 58 3.100022236540369e+02 3.333832578055741e-18 7.697970884311810e-02
0 59 3.152913942034976e+02 3.348868380103837e-18 7.696602732781854e-02
0 60 3.205818128092153e+02 3.401988018733286e-18 7.697186846203434e-02
0 61 3.258710239186764e+02 3.666597656748092e-18 7.696886152996134e-02
1 17 3.280461658051211e+02 8.129638634076973e-18 4.632938564932503e-02
0 62 3.311608731779901e+02 3.380896845747187e-18 7.696354384346733e-02
0 63 3.364501854456875e+02 3.224869709271166e-18 7.698962754369215e-02
0 64 3.417398177062746e+02 3.199751322196444e-18 7.696632997062230e-02
1 18 3.466649644763446e+02 8.475766713337532e-18 4.633224529235066e-02
0 65 3.470292778860043e+02 3.372416142869238e-18 7.698139127032078e-02
0 66 3.523185140516372e+02 3.199783492563088e-18 7.696595472985029e-02
0 67 3.576089263576491e+02 3.755339090315832e-18 7.697603695230348e-02
0 68 3.628981360076826e+02 3.388671429621130e-18 7.697075520408041e-02
