0 0 3.271578609804294e+00 3.726493157163634e-18 6.756860635137488e-02
0 1 8.561529272053406e+00 4.232470849087602e-18 6.755476806415625e-02
1 0 1.150005738473062e+01 1.950971495419610e-17 4.520853888865193e-02
0 2 1.385150660918153e+01 4.413414103764529e-18 6.755828514241696e-02
0 3 1.914134443129130e+01 4.052559300240170e-18 6.756783273587098e-02
0 4 2.443166110749009e+01 3.727709482354154e-18 6.755872352906274e-02
0 5 2.972142373424538e+01 4.052731101058564e-18 6.756659154467831e-02
1 1 3.011853846668349e+01 8.365842227203663e-18 4.521108738267689e-02
0 6 3.501136932496148e+01 4.218639237758783e-18 6.755392386394798e-02
0 7 4.030153733467271e+01 4.216273244100958e-18 6.756803620425313e-02
0 8 4.559152086194594e+01 4.148463526037729e-18 6.755327228408733e-02
1 2 4.873710170897215e+01 8.382506176756575e-18 4.520875409708210e-02
0 9 5.088148419016640e+01 4.052937489893231e-18 6.755841547781589e-02
0 10 5.617131065584370e+01 3.797651551749230e-18 6.756589398628925e-02
0 11 6.146163706034947e+01 3.863910871773562e-18 6.755839033278899e-02
0 12 6.675139494879600e+01 3.862969381307768e-18 6.756460109116623e-02
1 3 6.735557393187520e+01 9.288894664593573e-17 4.521090476285684e-02
0 13 7.204135693137231e+01 3.862719184395935e-18 6.755217497276199e-02
0 14 7.733149515308902e+01 3.729501942445348e-18 6.756740364921437e-02
0 15 8.262151232851693e+01 3.730398125202656e-18 6.755193151932450e-02
1 4 8.597414410722047e+01 8.332766200578766e-18 4.520903482321882e-02
0 16 8.791145991334950e+01 4.345855540706052e-18 6.755859987840276e-02
0 17 9.320127891231834e+01 3.730397599653078e-18 6.756386178033764e-02
0 18 9.849161138664064e+01 3.859782020708508e-18 6.755807053470608e-02
0 19 1.037813682187663e+02 4.220709361825858e-18 6.756243633323727e-02
1 5 1.045926103499954e+02 9.398639891964783e-15 4.521064404340785e-02
0 20 1.090713448297232e+02 3.790384510521224e-18 6.755057455620887e-02
0 21 1.143614522442242e+02 3.789056847984529e-18 6.756669950997883e-02
0 22 1.196515033728359e+02 4.534219547388728e-18 6.755073990717765e-02
1 6 1.232111849715722e+02 8.378914135509681e-18 4.520936810160932e-02
0 23 1.249414337656143e+02 4.052968330897026e-18 6.755880175540459e-02
0 24 1.302312492628315e+02 4.052838782559153e-18 6.756174882543860e-02
0 25 1.355215841081840e+02 4.367140691543715e-18 6.755775775491907e-02
0 26 1.408113437307737e+02 3.785339504486875e-18 6.756014604639116e-02
1 7 1.418296482474034e+02 8.362295563921161e-18 4.521030817417799e-02
0 27 1.461013328017393e+02 3.663345902205906e-18 6.754913507534398e-02
0 28 1.513914088151858e+02 3.662611778141833e-18 6.756591453638439e-02
0 29 1.566814937255877e+02 3.663334314629546e-18 6.754968885889104e-02
1 8 1.604482238288083e+02 3.347077817358360e-17 4.520970981113476e-02
0 30 1.619714057944523e+02 3.852550034788491e-18 6.755898031879909e-02
0 31 1.672612217266783e+02 3.733525641913690e-18 6.755957004811189e-02
0 32 1.725515552503818e+02 4.151423039635018e-18 6.755744645806590e-02
0 33 1.778413215771160e+02 3.734075345039766e-18 6.755778073839230e-02
1 9 1.790666877940831e+02 8.343629243434935e-18 4.520990610958208e-02
0 34 1.831313206332029e+02 4.053374140889649e-18 6.754786634846421e-02
0 35 1.884213650983487e+02 3.849257715014035e-18 6.756503971472159e-02
0 36 1.937114831510688e+02 4.069463915166174e-18 6.754876769716625e-02
1 10 1.976852607226903e+02 1.608741897490892e-13 4.521004101424669e-02
0 37 1.990013761154087e+02 3.776636208616046e-18 6.755909143803905e-02
0 38 2.042911962802403e+02 4.514705614510200e-18 6.755734233214881e-02
0 39 2.095815248399167e+02 4.132995513117135e-18 6.755713171654153e-02
0 40 2.148713017576374e+02 4.505277366327383e-18 6.755538927584917e-02
1 11 2.163037288141902e+02 1.971138308740413e-14 4.520947233725532e-02
0 41 2.201613081127158e+02 3.846423878697763e-18 6.754677523769842e-02
0 42 2.254513213460266e+02 3.772300415664221e-18 6.756406660292838e-02
0 43 2.307414714489495e+02 3.845381549731854e-18 6.754796425889420e-02
1 12 2.349222959527584e+02 8.348415162332721e-18 4.521034449689651e-02
0 44 2.360313449176309e+02 4.327839020302730e-18 6.755908907529931e-02
0 45 2.413211728591665e+02 4.115741766241361e-18 6.755508419405443e-02
0 46 2.466114929049398e+02 4.475150483776729e-18 6.755680893990612e-02
0 47 2.519012841877225e+02 3.842716462710816e-18 6.755301637696014e-02
1 13 2.535407718271783e+02 3.959264605057756e-17 4.520904880578359e-02
0 48 2.571912950323821e+02 5.072300571475955e-18 6.754586534874336e-02
0 49 2.624812778254772e+02 3.737088593333557e-18 6.756298768218050e-02
0 50 2.677714584557799e+02 3.841278883871805e-18 6.754726545998065e-02
1 14 2.721593302675142e+02 8.471313854010638e-18 4.521058983047866e-02
0 51 2.730613124670857e+02 3.765460236665902e-18 6.755892740286955e-02
0 52 2.783511513625486e+02 3.663259322962488e-18 6.755281541560372e-02
0 53 2.836414594767276e+02 3.663049601461331e-18 6.755647359476750e-02
0 54 2.889312687090680e+02 4.380714415357341e-18 6.755070102556551e-02
1 15 2.907778166651098e+02 8.692619785817208e-18 4.520865979267710e-02
0 55 2.942212811882802e+02 3.739087228844748e-18 6.754513674977197e-02
0 56 2.995112348118175e+02 4.052871460048754e-18 6.756179671044382e-02
0 57 3.048014440435705e+02 4.010116002898709e-18 6.754665781391153e-02
1 16 3.093963638729757e+02 3.682585282702583e-17 4.521075887435397e-02
0 58 3.100912791028690e+02 3.739270761826656e-18 6.755856360141708e-02
0 59 3.153811316562666e+02 3.835529580166968e-18 6.755055664922617e-02
0 60 3.206714245905496e+02 4.053074690391998e-18 6.755612093622050e-02
0 61 3.259612551004177e+02 3.834626091055898e-18 6.754847567687285e-02
1 17 3.280148628588717e+02 8.330734982162719e-18 4.520832882499178e-02
0 62 3.312512663800445e+02 3.740576082361546e-18 6.754458571150480e-02
0 63 3.365411925791111e+02 3.662927066087441e-18 6.756048905588820e-02
0 64 3.418314281166582e+02 4.067643797366406e-18 6.754612788884774e-02
1 18 3.466333971263198e+02 1.198217420820418e-14 4.521085535436316e-02
0 65 3.471212452270313e+02 3.740782151213218e-18 6.755796116482328e-02
0 66 3.524111135779585e+02 3.831487943758728e-18 6.754832900292569e-02
0 67 3.577013882888468e+02 4.281478301945101e-18 6.755574577196799e-02
0 68 3.629912430908877e+02 4.279339830552570e-18 6.754636605311508e-02
