0 0 3.274104324827681e+00 4.060310980529584e-18 6.740253160109751e-02
0 1 8.564215325679868e+00 4.253076835555060e-18 6.738864150840097e-02
1 0 1.160875481887369e+01 8.050032085165164e-18 4.721271224094301e-02
0 2 1.385429856190848e+01 4.060633579282382e-18 6.739390711334756e-02
0 3 1.914430113877380e+01 3.734313926042586e-18 6.740827427449955e-02
0 4 2.443464696410468e+01 3.734628320005171e-18 6.740153886510211e-02
0 5 2.972452803302255e+01 4.337733303315553e-18 6.740711104010721e-02
1 1 3.022723444945578e+01 8.051679463618618e-18 4.721509395559463e-02
0 6 3.501459161196635e+01 3.878322786422829e-18 6.739162384189701e-02
0 7 4.030486070052565e+01 4.060344195423447e-18 6.740200380974663e-02
0 8 4.559499072520024e+01 3.813495906952548e-18 6.738793554961911e-02
1 2 4.884581826958917e+01 1.968177612576156e-15 4.721293901455115e-02
0 9 5.088504809272445e+01 3.812453050399481e-18 6.739511362036137e-02
0 10 5.617502792108082e+01 3.919868695685978e-18 6.740758212343857e-02
0 11 6.146538349667264e+01 3.920325872820699e-18 6.740190410795741e-02
0 12 6.675527667614377e+01 3.810135104483125e-18 6.740511340328446e-02
1 3 6.746428417808374e+01 7.974212393405398e-18 4.721486132606280e-02
0 13 7.204536828801947e+01 4.060833299451842e-18 6.738993028349737e-02
0 14 7.733562100959519e+01 3.671147451472797e-18 6.740166970115569e-02
0 15 8.262577046096852e+01 4.060931286315410e-18 6.738759293968730e-02
1 4 8.608287849934700e+01 1.261226888645789e-14 4.721320816977635e-02
0 16 8.791580140243968e+01 3.807963685907945e-18 6.739652208785818e-02
0 17 9.320576109605256e+01 4.405725576143424e-18 6.740668116262100e-02
0 18 9.849612414819958e+01 3.872440100457725e-18 6.740210558780678e-02
0 19 1.037860329899168e+02 3.737353496961359e-18 6.740290632972060e-02
1 5 1.047013340252171e+02 2.260006257346352e-13 4.721450673235794e-02
0 20 1.090761503509767e+02 3.871927373360012e-18 6.738848778517832e-02
0 21 1.143663863806710e+02 3.871058602772686e-18 6.740152934915719e-02
0 22 1.196565556093108e+02 4.350233200369754e-18 6.738759591781515e-02
1 6 1.233199349519081e+02 7.976518438431169e-18 4.721349980270279e-02
0 23 1.249465602999306e+02 3.870230517923595e-18 6.739807331073734e-02
0 24 1.302365033271836e+02 3.869239938386396e-18 6.740555921357803e-02
0 25 1.355268712300301e+02 3.869148860427677e-18 6.740212951699857e-02
0 26 1.408167983686635e+02 3.930412549182298e-18 6.740056707433317e-02
1 7 1.419383846236655e+02 1.272136756601843e-15 4.721407469064288e-02
0 27 1.461069378011070e+02 3.671785631985214e-18 6.738730345618545e-02
0 28 1.513971565654421e+02 3.931331152901894e-18 6.740156208572075e-02
0 29 1.566873457569772e+02 3.932395916886672e-18 6.738790703499263e-02
1 8 1.605569877294116e+02 8.074070254593819e-18 4.721379338975879e-02
0 30 1.619773250053461e+02 3.671290101724831e-18 6.739968486866518e-02
0 31 1.672672556412151e+02 3.866010872430412e-18 6.740420818272508e-02
0 32 1.725576254713208e+02 4.060322431711931e-18 6.740196648115714e-02
0 33 1.778475725775267e+02 3.797116332333931e-18 6.739816157496378e-02
1 9 1.791754367798460e+02 9.509868121462174e-14 4.721359410308058e-02
0 34 1.831377292362469e+02 3.865507734797000e-18 6.738637199076156e-02
0 35 1.884279298412307e+02 4.377661048871163e-18 6.740173009816088e-02
0 36 1.937181389427870e+02 3.864684876676411e-18 6.738847307326780e-02
1 10 1.977940376396922e+02 1.709926042861756e-14 4.721405513938225e-02
0 37 1.990080941310668e+02 3.937179144688503e-18 6.740125526503166e-02
0 38 2.042980173586791e+02 4.174336232069271e-18 6.740262770524044e-02
0 39 2.095883860088807e+02 3.740487545620228e-18 6.740161484304974e-02
0 40 2.148783538611730e+02 4.671915359794466e-18 6.739574524333897e-02
1 11 2.164124911490308e+02 7.977506221119811e-18 4.721309159223454e-02
0 41 2.201685220410353e+02 3.862286040455368e-18 6.738568120368556e-02
0 42 2.254587032766873e+02 3.861232469024539e-18 6.740198408812831e-02
0 43 2.307489319704049e+02 3.741663313349081e-18 6.738923088550254e-02
1 12 2.350310850028623e+02 2.834741899383674e-17 4.721426679382793e-02
0 44 2.360388650400541e+02 3.741428618435183e-18 6.740267154232263e-02
0 45 2.413287863931262e+02 3.942487890565357e-18 6.740082902408236e-02
0 46 2.466191507337969e+02 4.158966270277746e-18 6.740108435014856e-02
0 47 2.519091393899294e+02 4.086005600375407e-18 6.739336677508106e-02
1 13 2.536495478682472e+02 7.969612502321975e-18 4.721260672911361e-02
0 48 2.571993128893117e+02 3.859053279236845e-18 6.738521809988889e-02
0 49 2.624894733090713e+02 3.671160327056192e-18 6.740226982759230e-02
0 50 2.677797210287467e+02 4.151721728784210e-18 6.739011402625793e-02
1 14 2.722681309035146e+02 8.157922061674300e-18 4.721441661094131e-02
0 51 2.730696345025543e+02 4.351713519225824e-18 6.740381981264665e-02
0 52 2.783595598434063e+02 3.742912046834944e-18 6.739883799780368e-02
0 53 2.836499169072714e+02 4.371989993038865e-18 6.740039883417707e-02
0 54 2.889399259400903e+02 4.060898395029523e-18 6.739107284139219e-02
1 15 2.908866073354938e+02 2.216133866696470e-15 4.721218925713219e-02
0 55 2.942300984477531e+02 3.671902177875741e-18 6.738497409055651e-02
0 56 2.995202365084804e+02 4.138094289324758e-18 6.740253434349000e-02
0 57 3.048105024836530e+02 3.854801890917001e-18 6.739105893446552e-02
1 16 3.095051765427845e+02 7.973378115471957e-18 4.721449760814117e-02
0 58 3.101003994984372e+02 3.671200983972704e-18 6.740459759373060e-02
0 59 3.153903347346243e+02 4.058251914113148e-18 6.739669625383558e-02
0 60 3.206806818936964e+02 3.852900397842018e-18 6.739959701356590e-02
0 61 3.259707106479385e+02 4.054946913530643e-18 6.738891173220046e-02
1 17 3.281236697932122e+02 1.641189906243996e-14 4.721185666444455e-02
0 62 3.312608761151920e+02 3.745047105471368e-18 6.738494815149752e-02
0 63 3.365509903552227e+02 3.778043843661866e-18 6.740273064134077e-02
0 64 3.418412736606315e+02 3.851487502080299e-18 6.739200960055114e-02
1 18 3.467422230310971e+02 1.902254852958013e-13 4.721448284432861e-02
0 65 3.471311579744153e+02 3.954880828192517e-18 6.740492617418535e-02
0 66 3.524211087295378e+02 3.850095037009273e-18 6.739445987125682e-02
0 67 3.577114438318426e+02 3.775703323506188e-18 6.739873078182541e-02
0 68 3.630014916582447e+02 3.957429350553535e-18 6.738693466211604e-02
