0 0 3.134176843483545e+00 2.124300476094863e-17 6.856343284914891e-02
0 1 8.423793395045942e+00 2.038303589015915e-17 6.855537297859933e-02
1 0 1.134507506084175e+01 8.470716570998442e-18 4.457037491845547e-02
0 2 1.371362981654409e+01 1.693122848347660e-17 6.855575149070386e-02
0 3 1.900326661659296e+01 1.583839049378406e-17 6.856959074281885e-02
0 4 2.429320661823356e+01 1.559013706876588e-17 6.855563921623209e-02
0 5 2.958293121887929e+01 1.327193247270580e-17 6.856565676629263e-02
1 1 2.996369540619827e+01 4.310383796061155e-16 4.457324395470461e-02
0 6 3.487248130121242e+01 1.056990600077525e-17 6.855330952903686e-02
0 7 4.016276485370964e+01 1.178011423881266e-17 6.856862703482394e-02
0 8 4.545238405562885e+01 9.929313994029473e-18 6.855909808907078e-02
1 2 4.858227333785299e+01 2.571988686716688e-16 4.457038707377881e-02
0 9 5.074222659256441e+01 1.019789809812949e-17 6.856109526281984e-02
0 10 5.603181585379449e+01 8.384964748537801e-18 6.857253352664744e-02
0 11 6.132180370308845e+01 8.708282161874245e-18 6.855977815820069e-02
0 12 6.661151320482166e+01 7.195956039833005e-18 6.856891532539008e-02
1 3 6.720088096414131e+01 8.480365543409972e-18 4.457309759869323e-02
0 13 7.190109218580182e+01 6.628967051749118e-18 6.855643089752637e-02
0 14 7.719134884431999e+01 6.331641559221206e-18 6.857376519671023e-02
0 15 8.248097355670173e+01 5.801714294709776e-18 6.856286940659087e-02
1 4 8.581947192964904e+01 9.647999315480687e-18 4.457050028622401e-02
0 16 8.777081882453285e+01 5.514845176271292e-18 6.856644092140522e-02
0 17 9.306036695652412e+01 5.778995435914472e-18 6.857532058644385e-02
0 18 9.835040336732082e+01 5.894482594667944e-18 6.856403072708646e-02
0 19 1.036400983421712e+02 4.952013613855903e-18 6.857207648156748e-02
1 5 1.044380656668109e+02 8.739315868110793e-18 4.457285867179715e-02
0 20 1.089297075275439e+02 4.258912002496929e-18 6.855977297817241e-02
0 21 1.142199284400461e+02 4.843835747361965e-18 6.857881459750251e-02
0 22 1.195095618350119e+02 4.163948725047784e-18 6.856667193751920e-02
1 6 1.230566701515062e+02 8.485481016900183e-18 4.457070597259182e-02
0 23 1.247994065940647e+02 4.567817434676198e-18 6.857174576503236e-02
0 24 1.300889205784227e+02 4.535604003555876e-18 6.857797336727990e-02
0 25 1.353790051795766e+02 4.212353953970105e-18 6.856840921869113e-02
0 26 1.406686863801622e+02 4.257230238334756e-18 6.857518326628508e-02
1 7 1.416752501110402e+02 9.964637201930612e-18 4.457255120589364e-02
0 27 1.459583262390872e+02 3.911495721934326e-18 6.856335055622768e-02
0 28 1.512485033652627e+02 3.696807680776030e-18 6.858374367949208e-02
0 29 1.565381489223497e+02 4.322059382214990e-18 6.857049190940873e-02
1 8 1.602938675500696e+02 8.541789834055854e-18 4.457099393650153e-02
0 30 1.618279901428771e+02 3.684572248506577e-18 6.857696717620680e-02
0 31 1.671174773249874e+02 3.605707689999289e-18 6.858051519794411e-02
0 32 1.724076085629152e+02 4.022331771496038e-18 6.857292111112809e-02
0 33 1.776972768928679e+02 4.337581995023454e-18 6.857827575134372e-02
1 9 1.789124350115465e+02 2.284186847854334e-16 4.457218852208292e-02
0 34 1.829869471192982e+02 3.606369933968360e-18 6.856717162479892e-02
0 35 1.882770734919891e+02 3.682559902421310e-18 6.858852339432760e-02
0 36 1.935667349752797e+02 4.037031462923022e-18 6.857431815749879e-02
1 10 1.975310643113739e+02 4.659735633447446e-16 4.457133434237631e-02
0 37 1.988565698945546e+02 3.783599504403215e-18 6.858206414334354e-02
0 38 2.041460377810071e+02 4.390627536422163e-18 6.858297130301325e-02
0 39 2.094362128561148e+02 3.681889180190849e-18 6.857756854492221e-02
0 40 2.147258693501501e+02 3.786146486446066e-18 6.858138874886817e-02
1 11 2.161496209302690e+02 8.531509427594814e-18 4.457178265339660e-02
0 41 2.200155689383570e+02 4.001713037829399e-18 6.857123719792027e-02
0 42 2.253056388807390e+02 3.787030189509404e-18 6.859312849651693e-02
0 43 2.305953202944667e+02 3.605796500632954e-18 6.857814336519820e-02
1 12 2.347682595714120e+02 8.473502151151903e-18 4.457167317070378e-02
0 44 2.358851464641034e+02 4.277586594370221e-18 6.858699907166868e-02
0 45 2.411746025292444e+02 3.790219246794370e-18 6.858536894304518e-02
0 46 2.464648173722894e+02 3.679644868306531e-18 6.858234815356511e-02
0 47 2.517544631879914e+02 4.076868435490443e-18 6.858455037253278e-02
1 13 2.533868079996858e+02 8.481010972797967e-18 4.457134947518678e-02
0 48 2.570441905172482e+02 4.001520443085669e-18 6.857554144441048e-02
0 49 2.623341998054697e+02 4.290887940278573e-18 6.859753866438352e-02
0 50 2.676239053264924e+02 3.794135530140479e-18 6.858196501989085e-02
1 14 2.720054531875045e+02 3.658865077872916e-16 4.457198363516042e-02
0 51 2.729137206484079e+02 4.000945660697234e-18 6.859173983204073e-02
0 52 2.782031721526945e+02 4.493769017277058e-18 6.858773754171105e-02
0 53 2.834934214458663e+02 3.677393172812288e-18 6.858725117862080e-02
0 54 2.887830578670441e+02 3.797271068866043e-18 6.858778137783327e-02
1 15 2.906239965353698e+02 2.634176602669877e-16 4.457091712080078e-02
0 55 2.940728107906876e+02 3.677006788651805e-18 6.858007206578080e-02
0 56 2.993627567550618e+02 3.878029626593207e-18 6.860173932826602e-02
0 57 3.046524906414278e+02 3.605405232272136e-18 6.858578595654118e-02
1 16 3.092426453169540e+02 8.459834050388699e-18 4.457224129018293e-02
0 58 3.099422933913992e+02 4.000742992165149e-18 6.859626191811989e-02
0 59 3.152317472140486e+02 4.051496623710960e-18 6.859010865505022e-02
0 60 3.205220244603853e+02 4.321871866045968e-18 6.859226378116887e-02
0 61 3.258116529106870e+02 3.674784401911156e-18 6.859109512479965e-02
1 17 3.278611870526228e+02 9.595425237941686e-18 4.457050451595303e-02
0 62 3.311014288458904e+02 3.605495731467339e-18 6.858481081940764e-02
0 63 3.363913104080329e+02 3.604493520787638e-18 6.860572211085672e-02
0 64 3.416810768842884e+02 3.736540524590473e-18 6.858961439460967e-02
1 18 3.464798364724620e+02 8.520883774159916e-18 4.457239277907398e-02
0 65 3.469708657226716e+02 3.673311682194617e-18 6.860055046716984e-02
0 66 3.522603282115530e+02 4.000699743504503e-18 6.859251566168872e-02
0 67 3.575506258549049e+02 4.635310845471582e-18 6.859736746410146e-02
0 68 3.628402479202106e+02 4.152531271751571e-18 6.859449798658279e-02
1 19 3.650983795698961e+02 8.771765283641251e-18 4.457012816845730e-02
