0 0 3.244953820186189e+00 4.024327336106204e-18 6.931455356088274e-02
0 1 8.534604589849073e+00 3.572978227582263e-18 6.930327685662738e-02
1 0 1.150258189944527e+01 2.048722304999375e-17 4.418682668077277e-02
0 2 1.382443607431267e+01 3.676935790442377e-18 6.930625547387854e-02
0 3 1.911399692665601e+01 3.752197674626143e-18 6.931427961857664e-02
0 4 2.440418432679168e+01 3.752386374185857e-18 6.930048098494061e-02
0 5 2.969380687204661e+01 3.751118235136156e-18 6.930927789955015e-02
1 1 3.012109343781560e+01 8.521965471952134e-18 4.418956105255557e-02
0 6 3.498356393201782e+01 4.223684574442829e-18 6.929697635633078e-02
0 7 4.027367706544910e+01 3.749341282301174e-18 6.931584057619908e-02
0 8 4.556335357396367e+01 3.572979894029959e-18 6.930304909576344e-02
1 2 4.873967682747564e+01 8.766649032618996e-18 4.418699191795089e-02
0 9 5.085317517441971e+01 3.651471203891132e-18 6.930750698763806e-02
0 10 5.614272754218518e+01 4.211651018078522e-18 6.931299292774054e-02
0 11 6.143295373259406e+01 3.667597033564944e-18 6.930102710170578e-02
0 12 6.672256241965916e+01 3.745532639686484e-18 6.930867776325124e-02
1 3 6.735817510658187e+01 5.049441289863445e-16 4.418931564250189e-02
0 13 7.201233942919988e+01 4.549008990316484e-18 6.929677964202295e-02
0 14 7.730239545926780e+01 3.743643946046103e-18 6.931696885555867e-02
0 15 8.259210146101914e+01 3.890473005093742e-18 6.930279840660632e-02
1 4 8.597677026752476e+01 8.523090612572720e-18 4.418723047416485e-02
0 16 8.788191129726773e+01 3.742295896482177e-18 6.930864802024785e-02
0 17 9.317146156286542e+01 3.660008942366000e-18 6.931159296572512e-02
0 18 9.846172172535407e+01 3.654187062434772e-18 6.930174803487063e-02
0 19 1.037513185531392e+02 3.739945720052798e-18 6.930806331555535e-02
1 5 1.045952581701191e+02 6.736036280137166e-15 4.418899219196506e-02
0 20 1.090411133703645e+02 3.739474182318036e-18 6.929682768374680e-02
0 21 1.143311096898919e+02 3.676645436742553e-18 6.931790880231961e-02
0 22 1.196208488132754e+02 3.946040476445703e-18 6.930251860830780e-02
1 6 1.232138624034109e+02 3.714961544955286e-14 4.418753732766580e-02
0 23 1.249106452108271e+02 4.042252782578909e-18 6.930964790349139e-02
0 24 1.302001992396388e+02 3.673451114145692e-18 6.931010427223468e-02
0 25 1.354904875250196e+02 3.836220911483966e-18 6.930263959379823e-02
0 26 1.407800748331161e+02 3.848008445805909e-18 6.930745896519243e-02
1 7 1.418323431898056e+02 8.782495965839011e-18 4.418860011222694e-02
0 27 1.460698850831241e+02 3.928215719180837e-18 6.929711395647369e-02
0 28 1.513598207529757e+02 3.924338908611894e-18 6.931863751457318e-02
0 29 1.566495964288289e+02 3.647806601209541e-18 6.930221028332015e-02
1 8 1.604509525938381e+02 4.882431880991724e-17 4.418786886213275e-02
0 30 1.619393779338390e+02 3.667751496761235e-18 6.931048247694871e-02
0 31 1.672289409653498e+02 3.594228730208114e-18 6.930855525511266e-02
0 32 1.725192505542717e+02 3.594453518759058e-18 6.930369177053512e-02
0 33 1.778088309959288e+02 3.643305717296447e-18 6.930688513686628e-02
1 9 1.790694303006773e+02 8.535533176251130e-18 4.418815476690566e-02
0 34 1.830986541468925e+02 3.817765488957362e-18 6.929762574898908e-02
0 35 1.883885298683718e+02 3.662304916373010e-18 6.931913964111944e-02
0 36 1.936783452462705e+02 3.831992256425276e-18 6.930188146264454e-02
1 10 1.976880405618870e+02 1.224090140857423e-13 4.418820406567120e-02
0 37 1.989681106385158e+02 3.892350358789560e-18 6.931113504697031e-02
0 38 2.042576872006112e+02 3.822734808297547e-18 6.930697841677418e-02
0 39 2.095480104086689e+02 3.886728813004023e-18 6.930488917988291e-02
0 40 2.148375869170550e+02 3.723168373258769e-18 6.930635728369221e-02
1 11 2.163065192063444e+02 3.107215624489458e-14 4.418769247350193e-02
0 41 2.201274203427546e+02 3.997341387374332e-18 6.929834486300461e-02
0 42 2.254172383562418e+02 3.660238311187933e-18 6.931940752657569e-02
0 43 2.307070962106024e+02 3.654966346303475e-18 6.930154745073068e-02
1 12 2.349251263184969e+02 8.522067810868779e-18 4.418852378363523e-02
0 44 2.359968445161022e+02 3.653512045165937e-18 6.931159677224787e-02
0 45 2.412864383626318e+02 3.774069907822356e-18 6.930540995507545e-02
0 46 2.465767667939488e+02 3.652031241872916e-18 6.930621142646382e-02
0 47 2.518663425441077e+02 3.974981051956474e-18 6.930588521136331e-02
1 13 2.535436103579494e+02 3.065820669753268e-17 4.418724886661494e-02
0 48 2.571561835737858e+02 3.945343368049596e-18 6.929924819593193e-02
0 49 2.624459474955931e+02 3.849328668746862e-18 6.931944065855410e-02
0 50 2.677358501246527e+02 3.756722212380587e-18 6.930122979602818e-02
1 14 2.721622104026261e+02 8.521983370581054e-18 4.418879536191207e-02
0 51 2.730255806292161e+02 3.572683832504725e-18 6.931186649885718e-02
0 52 2.783151947018179e+02 3.948465359341636e-18 6.930388870254921e-02
0 53 2.836055194522369e+02 3.644883501183244e-18 6.930763340067152e-02
0 54 2.888950978212345e+02 3.643686118664516e-18 6.930547276114803e-02
1 15 2.907807035034397e+02 8.687813656309659e-18 4.418684461215459e-02
0 55 2.941849437791264e+02 3.664720360840555e-18 6.930030820608431e-02
0 56 2.994746583924986e+02 3.755615840714782e-18 6.931924455461803e-02
0 57 3.047646075143908e+02 3.753312817444472e-18 6.930095454129070e-02
1 16 3.093992929125069e+02 3.538095693133865e-16 4.418899141751501e-02
0 58 3.100543197791674e+02 3.615933167495943e-18 6.931195017179562e-02
0 59 3.153439561948747e+02 3.596490421138741e-18 6.930245449564007e-02
0 60 3.206342681019286e+02 3.742738008294792e-18 6.930912557339138e-02
0 61 3.259238526300844e+02 3.618933525118610e-18 6.930511787460482e-02
1 17 3.280177981683661e+02 8.519559064402908e-18 4.418649913545642e-02
0 62 3.312137008683968e+02 3.763784182262520e-18 6.930149332763121e-02
0 63 3.365033718860533e+02 3.711385786027169e-18 6.931882932606054e-02
0 64 3.417933685363163e+02 3.849305969441831e-18 6.930074999399934e-02
1 18 3.466363741099029e+02 8.149135291139677e-15 4.418911161712620e-02
0 65 3.470830624155059e+02 3.578694150646434e-18 6.931186001480470e-02
0 66 3.523727224810893e+02 3.579084802238746e-18 6.930114617601181e-02
0 67 3.576630124122860e+02 3.932722295075971e-18 6.931065442634271e-02
0 68 3.629526067667739e+02 3.578967244226089e-18 6.930481308095700e-02
