0 0 1.606981760862386e+00 3.815608757868236e-18 6.321982242646439e-02
1 0 4.348960978021159e+00 6.937951790849641e-18 4.483587444044405e-02
0 1 7.453007951784650e+00 4.509287365103796e-18 6.321933610605297e-02
0 2 1.329933387822500e+01 3.815322370246550e-18 6.322397058370655e-02
0 3 1.914536588097927e+01 6.411436031954947e-18 6.322607414329835e-02
1 1 1.893173953476568e+01 6.959114135966198e-18 4.483770263015623e-02
0 4 2.499130325654788e+01 4.515116069423031e-18 6.322459876358497e-02
0 5 3.083729281460075e+01 3.617383125014940e-18 6.322090736802304e-02
1 2 3.351492834849275e+01 1.424486252223093e-14 4.483535276761776e-02
0 6 3.668333900504746e+01 3.813027658740966e-18 6.322031967642486e-02
0 7 4.252969192797342e+01 3.813127758075410e-18 6.322448168896760e-02
0 8 4.837575097086095e+01 3.812937389209965e-18 6.322663616890332e-02
1 3 4.809761722608669e+01 5.533996283851490e-16 4.483732323569713e-02
0 9 5.422170970474826e+01 3.812722343544414e-18 6.322537580542738e-02
0 10 6.006771996430934e+01 3.816409270604636e-18 6.322179815281653e-02
1 4 6.268070488655435e+01 1.866817582393946e-14 4.483499144589403e-02
0 11 6.591378895773668e+01 4.321673933680791e-18 6.322110868659127e-02
0 12 7.176016998027004e+01 4.507786424996246e-18 6.322478331569628e-02
1 5 7.726329622670195e+01 7.210974047620746e-18 4.483711018535959e-02
0 13 7.760625850002619e+01 4.011586993096545e-18 6.322698066360949e-02
0 14 8.345224126670527e+01 3.816270213941370e-18 6.322595395083538e-02
0 15 8.929827487872168e+01 3.812490433347872e-18 6.322249462056967e-02
1 6 9.184627308822292e+01 7.083022425530522e-18 4.483479099247670e-02
0 16 9.514436900695931e+01 3.816676775607032e-18 6.322170304002066e-02
0 17 1.009907787416468e+02 4.308507640446898e-18 6.322487931412833e-02
1 7 1.064287610034795e+02 7.081901470574917e-18 4.483706029516150e-02
0 18 1.068368986603014e+02 4.308335004294836e-18 6.322711137446070e-02
0 19 1.126829076705303e+02 4.011591838259843e-18 6.322633716251026e-02
0 20 1.185289667619764e+02 4.011738803586286e-18 6.322300051823952e-02
1 8 1.210116194551851e+02 6.911593544843490e-18 4.483474998877648e-02
0 21 1.243750878348125e+02 4.506719186754510e-18 6.322210656651429e-02
0 22 1.302215263739201e+02 4.507651476001445e-18 6.322477752031484e-02
1 9 1.355940002136753e+02 7.129124578925187e-18 4.483714381253217e-02
0 23 1.360676790555304e+02 3.617135379743623e-18 6.322703608347530e-02
0 24 1.419137160181754e+02 5.012050701177002e-18 6.322653329210109e-02
0 25 1.477598021513319e+02 4.011730572785268e-18 6.322332348911429e-02
1 10 1.501767345636601e+02 6.970026007175946e-18 4.483488271370148e-02
0 26 1.536059514151016e+02 4.321337715730600e-18 6.322232701344618e-02
0 27 1.594524183103645e+02 4.011704270784734e-18 6.322448969571633e-02
1 11 1.647590067765488e+02 9.300911693763615e-15 4.483735417886160e-02
0 28 1.652986045275007e+02 3.813035562445960e-18 6.322676655123237e-02
0 29 1.711446706211291e+02 4.319738381132061e-18 6.322655399843291e-02
0 30 1.769907847628595e+02 3.617281033494835e-18 6.322347498670466e-02
1 12 1.793416141448376e+02 4.198658906555406e-16 4.483515954544023e-02
0 31 1.828369628691784e+02 3.813122474663465e-18 6.322237596151552e-02
0 32 1.886834571217835e+02 4.509516602726110e-18 6.322403138672267e-02
1 13 1.939237782736975e+02 3.139320854565633e-14 4.483769777880356e-02
0 33 1.945296770328439e+02 4.011651947770187e-18 6.322631837902044e-02
0 34 2.003757728880130e+02 4.509528490294418e-18 6.322641458440209e-02
0 35 2.062219153901264e+02 4.011739905805546e-18 6.322347010788562e-02
1 14 2.085062582624187e+02 6.975909943844999e-18 4.483556870486301e-02
0 36 2.120681223758654e+02 3.815392451110987e-18 6.322226865942909e-02
0 37 2.179146424373174e+02 4.011774339681823e-18 6.322342170026234e-02
1 15 2.230883170388632e+02 6.994947652531680e-18 4.483816023864916e-02
0 38 2.237608955756390e+02 4.011690146794272e-18 6.322571078543635e-02
0 39 2.296070212686594e+02 4.011635162939874e-18 6.322613374917976e-02
0 40 2.354531918603189e+02 4.314284270555432e-18 6.322332734192646e-02
1 16 2.376706716988067e+02 7.070596420817938e-18 4.483609561244046e-02
0 41 2.412994271397909e+02 3.814597685254236e-18 6.322202377410950e-02
0 42 2.471459709240841e+02 3.617378692337322e-18 6.322268299481454e-02
1 17 2.522526301357823e+02 6.932357745556052e-18 4.483872004302397e-02
0 43 2.529922561995573e+02 4.317339323371055e-18 6.322496629659177e-02
0 44 2.588384112582262e+02 3.813674916326433e-18 6.322573325565452e-02
0 45 2.646846090510899e+02 3.813716594214983e-18 6.322306823532543e-02
1 18 2.668348636151549e+02 6.985656443593076e-18 4.483673268811424e-02
0 46 2.705308714211453e+02 3.813620560699324e-18 6.322166305631043e-02
0 47 2.763774363283449e+02 5.184187077985492e-18 6.322184048932446e-02
1 19 2.814167293513910e+02 6.948990178392978e-18 4.483932973857102e-02
0 48 2.822237520418963e+02 6.431621051730299e-18 6.322411035241005e-02
0 49 2.880699354633234e+02 5.681262222837561e-18 6.322523751640639e-02
0 50 2.939161589697438e+02 7.227025972747415e-18 6.322271697572197e-02
1 20 2.959988481109439e+02 1.511475877671036e-15 4.483745712460717e-02
0 51 2.997624466281017e+02 1.027464908140478e-17 6.322121092489300e-02
0 52 3.056090295791157e+02 1.962436048433151e-17 6.322092179511350e-02
1 21 3.105806303550733e+02 9.006607476255137e-17 4.484000124044758e-02
0 53 3.114553734500870e+02 2.994180978238169e-17 6.322317083422954e-02
0 54 3.173015837303971e+02 2.994757982481999e-17 6.322467310425700e-02
0 55 3.231478308946557e+02 3.595289213296514e-17 6.322229990090060e-02
1 22 3.251626435771298e+02 1.003671591020729e-13 4.483824195866645e-02
0 56 3.289941414714498e+02 4.900041452693375e-17 6.322069397576131e-02
0 57 3.348407389535140e+02 8.220515401694652e-17 6.321995637828089e-02
1 23 3.397443532413392e+02 6.918100286270801e-18 4.484071256672004e-02
0 58 3.406871081596954e+02 1.144110815928377e-16 6.322217752145994e-02
0 59 3.465333433351227e+02 1.292707588146497e-16 6.322406819599365e-02
0 60 3.523796115773927e+02 1.502370358820313e-16 6.322184494145440e-02
1 24 3.543262721329663e+02 6.953318308924305e-18 4.483906450815297e-02
0 61 3.582259421796135e+02 1.851971512050137e-16 6.322014042403419e-02
0 62 3.640725503018095e+02 3.004802482343557e-16 6.321897496314144e-02
