2 0 2.397368519734521e+00 5.474330562768553e-15 6.804501768843557e-02
1 0 2.577453115779338e+00 5.397775611641471e-18 6.659301793303261e-02
0 0 5.735270246154593e+00 7.651741706557012e-18 5.074565510010980e-02
2 1 8.193660802692092e+00 3.500725310630430e-14 6.804935435188342e-02
1 1 9.121593178193500e+00 1.371912118848423e-15 6.659041231506396e-02
2 2 1.398920614594557e+01 6.751469009707947e-14 6.804860783743433e-02
1 2 1.566609360159979e+01 2.323536943198238e-15 6.659917853635805e-02
2 3 1.978600429140452e+01 3.979021409941917e-14 6.804205205548386e-02
0 1 2.031540018750058e+01 8.719234809975868e-18 5.074841586599481e-02
1 3 2.220871535742425e+01 7.974268372543170e-18 6.660618800829905e-02
2 4 2.558395345296262e+01 3.973080184951581e-18 6.803764864832809e-02
1 4 2.875048888590436e+01 4.675012118002563e-18 6.661264574789785e-02
2 5 3.138205592075174e+01 4.040453400948977e-18 6.803877332353249e-02
0 2 3.489546876134988e+01 7.268628701671495e-18 5.074557548416769e-02
1 5 3.529290718678728e+01 6.500902248028482e-18 6.661036970452305e-02
2 6 3.717896106043757e+01 4.034193582146828e-18 6.804562414611412e-02
1 6 4.183698532257988e+01 6.602189960913065e-18 6.660567032212074e-02
2 7 4.297454437301225e+01 3.906764635649987e-18 6.805238558024111e-02
1 7 4.838096114648954e+01 4.134176922113005e-18 6.661699081132116e-02
2 8 4.877096759091825e+01 3.971331911541129e-18 6.802956818926637e-02
0 3 4.947589542532677e+01 7.558612883843719e-18 5.074867449609610e-02
1 8 5.491238341296923e+01 1.106494508649208e-17 6.644996012561398e-02
2 9 5.457953407243342e+01 4.388900907009143e-18 6.820569490689556e-02
2 10 6.036715489812328e+01 1.180142463139554e-13 6.820784335146267e-02
1 9 6.146672200325408e+01 2.011022520294014e-17 6.644224983017555e-02
0 4 6.405588413279544e+01 7.213943759500332e-18 5.074635168157668e-02
2 11 6.615480945995371e+01 4.709072277603091e-15 6.820395366709846e-02
1 10 6.802022173112347e+01 5.288162419113457e-17 6.644650605162962e-02
2 12 7.194378987796823e+01 4.648590664622330e-17 6.820194383266379e-02
1 11 7.457234821553313e+01 1.245119366005024e-16 6.645115860515995e-02
2 13 7.773356036508427e+01 4.673040435775140e-18 6.819837654444388e-02
0 5 7.863592214640768e+01 7.218115417895597e-18 5.074835806171180e-02
1 12 8.112387875667160e+01 3.437442083068462e-16 6.645101020552369e-02
2 14 8.352305660600926e+01 7.203259494724680e-14 6.820026420949053e-02
1 13 8.767666866605126e+01 7.936177713927375e-16 6.645171740751435e-02
2 15 8.931142215493071e+01 4.509907162116628e-18 6.820608697536534e-02
0 6 9.321589745186765e+01 8.045581565104885e-18 5.074723272990233e-02
1 14 9.423083514899228e+01 1.601599172176967e-15 6.645253106772836e-02
2 16 9.509866830801136e+01 5.199989652835988e-18 6.820742140336725e-02
1 15 1.007799098064147e+02 3.361960697553037e-15 6.655125253812971e-02
2 17 1.008921588069011e+02 6.086670985226229e-17 6.809469446745506e-02
2 18 1.067202833090566e+02 9.624897963955668e-17 6.830992753648886e-02
1 16 1.072883996773055e+02 4.748014657127377e-18 6.634441799618514e-02
0 7 1.077961964111055e+02 7.270571449759889e-18 5.074821515006023e-02
2 19 1.125409386371472e+02 3.246452228722043e-16 6.830783723954967e-02
1 17 1.138043606797129e+02 4.229938251818194e-18 6.634284321295859e-02
2 20 1.183624221450574e+02 8.904556360784441e-16 6.830253254688533e-02
1 18 1.203192760409058e+02 4.159264129936623e-18 6.634114688844696e-02
0 8 1.223762659241505e+02 7.630435464951439e-18 5.074750515492823e-02
2 21 1.241851459969139e+02 1.998220661891297e-15 6.829927521925265e-02
1 19 1.268325926920071e+02 4.420574317176535e-18 6.634304805588263e-02
2 22 1.300086423945758e+02 3.927604276882372e-15 6.830109166126359e-02
1 20 1.333457405048153e+02 4.745274324851975e-18 6.634037068371113e-02
2 23 1.358318659356026e+02 7.269060050319204e-15 6.830102314615291e-02
0 9 1.369562765986241e+02 8.670246279285385e-18 5.074833301516272e-02
1 21 1.398597462910482e+02 2.033501430701336e-15 6.633564871754909e-02
2 24 1.416539551367993e+02 1.334235874998156e-14 6.830494256186435e-02
1 22 1.463755188829151e+02 1.655546189675862e-17 6.633660435273186e-02
2 25 1.474748968292176e+02 2.342621569199209e-14 6.830846265020249e-02
0 10 1.515362747305776e+02 7.409357474731209e-18 5.074808315486560e-02
1 23 1.528908521114500e+02 4.792996417161490e-18 6.635422396062259e-02
2 26 1.532966436662395e+02 3.435911069301432e-14 6.829050805645806e-02
2 27 1.591300106895771e+02 7.070502475664421e-14 6.857814882314420e-02
1 24 1.593943637804032e+02 6.517536578620540e-18 6.609882175615107e-02
2 28 1.649253320042976e+02 6.221383274385278e-18 6.857776686877552e-02
0 11 1.661164717199594e+02 8.757766089712229e-18 5.074820942173332e-02
1 25 1.659391032544777e+02 4.168093775098422e-18 6.609703589608415e-02
2 29 1.707205234134666e+02 4.681770577750018e-18 6.857099588865503e-02
1 26 1.724835271578982e+02 4.744457879244689e-18 6.610024738642112e-02
2 30 1.765171672888412e+02 4.238346696255465e-18 6.856638228504806e-02
1 27 1.790264031594668e+02 2.406512830381205e-15 6.609816961064834e-02
0 12 1.806966180379489e+02 7.131845823211795e-18 5.074865964149104e-02
2 31 1.823146284484112e+02 5.689019191330845e-18 6.856644311618776e-02
1 28 1.855686221850210e+02 4.116865724925960e-16 6.609536373224849e-02
2 32 1.881119095198493e+02 4.350667875176470e-18 6.857212622274406e-02
1 29 1.921120332509499e+02 5.423357785041497e-18 6.608602079666992e-02
2 33 1.939080843516809e+02 3.854484085433141e-18 6.857341120524443e-02
0 13 1.952766077791392e+02 7.418074341047184e-18 5.074894980744551e-02
1 30 1.986569449478493e+02 5.423800330740442e-18 6.608168943976520e-02
2 34 1.997030955244752e+02 4.177800236204220e-18 6.857423298666607e-02
1 31 2.052009846367215e+02 7.002069928995329e-18 6.611141926989850e-02
2 35 2.055000222979019e+02 4.404192332238542e-18 6.854286387591559e-02
0 14 2.098565999087063e+02 7.675381501808931e-18 5.074912766718001e-02
1 32 2.117328067668840e+02 7.123811826362069e-18 6.592078240760602e-02
2 36 2.113078498346440e+02 9.239552423348715e-14 6.875507493760363e-02
2 37 2.171013142568747e+02 7.368716095980000e-15 6.875834105182657e-02
1 33 2.182798119138325e+02 4.610460333978122e-18 6.592685430890224e-02
2 38 2.228953014965937e+02 1.560653939808136e-16 6.874764969278924e-02
0 15 2.244365851230356e+02 7.722214423901299e-18 5.074912931611292e-02
1 34 2.248257012923049e+02 5.430941284062684e-18 6.593481157664198e-02
2 39 2.286906792698180e+02 5.391885242474626e-18 6.874112741493178e-02
1 35 2.313700265163364e+02 1.722079049132997e-17 6.593872837102849e-02
2 40 2.344868665630101e+02 4.605793374823098e-18 6.874251034995996e-02
1 36 2.379141018149103e+02 9.348951228802576e-17 6.593262849909731e-02
0 16 2.390168049014561e+02 7.718203818971653e-18 5.074994959571315e-02
2 41 2.402824950738813e+02 1.392385575340013e-14 6.874884462245992e-02
1 37 2.444594541240465e+02 4.260770926232939e-16 6.592409598139955e-02
2 42 2.460768333612408e+02 4.463646099845357e-18 6.875632763994299e-02
1 38 2.510065262586723e+02 1.564966446555351e-15 6.591603935489630e-02
2 43 2.518703106527037e+02 4.390665175438392e-18 6.875062872065350e-02
0 17 2.535967405649835e+02 7.251442609750350e-18 5.074974002134997e-02
1 39 2.575486612250143e+02 6.458826595019793e-15 6.599813466904954e-02
2 44 2.576697014183916e+02 7.427938730764319e-17 6.864951427420134e-02
2 45 2.634903973915619e+02 2.653265398285810e-16 6.882792564231581e-02
1 40 2.640657109793916e+02 4.783315085945397e-18 6.583429897952582e-02
0 18 2.681768082199425e+02 9.186841863262062e-18 5.075004595179611e-02
2 46 2.693040792856543e+02 1.456319173509640e-15 6.882957712938841e-02
1 41 2.705893704974428e+02 5.031769509697112e-18 6.583681178301679e-02
2 47 2.751185003057527e+02 5.544106301787481e-15 6.882510446837325e-02
1 42 2.771118366640057e+02 4.300155676834200e-18 6.584833101164152e-02
2 48 2.809343969437164e+02 1.515901205926614e-14 6.881462666953035e-02
0 19 2.827567095395390e+02 7.749719905040284e-18 5.075077034118705e-02
1 43 2.836326442340288e+02 4.304226141165078e-18 6.585461274751266e-02
2 49 2.867510117453335e+02 3.268025925267660e-14 6.881269916111392e-02
1 44 2.901531506189157e+02 4.259287846650191e-18 6.585589041953425e-02
2 50 2.925672941689508e+02 5.738482829441303e-14 6.881918377543909e-02
1 45 2.966748022234655e+02 4.255138892495137e-18 6.584836871075746e-02
0 20 2.973369182591404e+02 7.764153152682416e-18 5.075090072410013e-02
2 51 2.983821907139301e+02 1.801476836938953e-14 6.882744692778284e-02
1 46 3.031981072753761e+02 1.854406067573044e-15 6.584220198097740e-02
2 52 3.041959293786105e+02 2.229285355009388e-14 6.883064444252740e-02
1 47 3.097202607364181e+02 2.163075841971927e-17 6.586201320575924e-02
2 53 3.100118486590101e+02 4.755385774202965e-18 6.879187661393464e-02
0 21 3.119168294503110e+02 7.284624339293959e-18 5.075098581765550e-02
2 54 3.158360221724468e+02 4.088993974718163e-18 6.907145385031033e-02
1 48 3.162333892344327e+02 5.445086901734685e-18 6.560351058845361e-02
2 55 3.216413563263990e+02 4.292248657787165e-18 6.907640445624069e-02
1 49 3.227667868459869e+02 4.197065648530450e-18 6.560117886195398e-02
0 22 3.264969465829494e+02 7.446029678919083e-18 5.075097080381425e-02
2 56 3.274468130254119e+02 4.488390815671356e-18 6.907320725601256e-02
1 50 3.292992322870325e+02 7.027548449357069e-18 6.560719162107174e-02
2 57 3.332536479859423e+02 7.719573015075675e-18 6.906885068480312e-02
1 51 3.358301612083851e+02 8.108615625323712e-18 6.561672020272519e-02
2 58 3.390615000861453e+02 4.306963345323229e-18 6.906142876152116e-02
0 23 3.410768327029626e+02 7.687913084511802e-18 5.075184167631925e-02
1 52 3.423603920826843e+02 2.036875470235525e-17 6.561877149680939e-02
2 59 3.448691099541027e+02 4.049902006480312e-18 6.906381499755376e-02
1 53 3.488916195104630e+02 5.444404094199337e-18 6.561797894766505e-02
2 60 3.506755751203780e+02 3.917250050627513e-18 6.907284588208491e-02
1 54 3.554244315304074e+02 5.444861255198191e-18 6.561424439266547e-02
0 24 3.556570045904498e+02 7.297769574590486e-18 5.075134045556712e-02
2 61 3.564806917167070e+02 5.200876514891108e-18 6.907799495606624e-02
1 55 3.619564817717824e+02 5.442910578917001e-18 6.563291042527583e-02
2 62 3.622873268809852e+02 4.366620113013755e-18 6.905269315685603e-02
