1 0 2.507784745024744e+00 8.028851638766445e-18 6.798842458196734e-02
2 0 2.248906481680720e+00 4.089071664737063e-18 6.612770978589914e-02
0 0 5.732325096682350e+00 7.568735107067749e-18 5.010924191665875e-02
2 1 8.071657811105649e+00 4.723374721947778e-18 6.615221918720661e-02
1 1 9.023390591393634e+00 4.845983255188822e-18 6.797192382483469e-02
2 2 1.389308073942289e+01 4.298847627130628e-18 6.615513349930846e-02
1 2 1.554001022640615e+01 2.091739328840785e-16 6.798137463264597e-02
2 3 1.971560692077611e+01 4.156465051617061e-18 6.614955930117944e-02
0 1 2.031147405856525e+01 7.339722484998716e-18 5.011122420280709e-02
1 3 2.205471149939275e+01 1.167104157226117e-14 6.798898960624865e-02
2 4 2.553933723178373e+01 4.120226984366953e-18 6.614360370953590e-02
1 4 2.856816466716242e+01 9.012204353185251e-14 6.799689730377988e-02
2 5 3.136355214874901e+01 4.071338897953893e-18 6.614119555339064e-02
0 2 3.489147428164406e+01 7.343963602906343e-18 5.010830942203733e-02
1 5 3.508172757400118e+01 4.040478667037034e-18 6.799552615024533e-02
2 6 3.718702960114874e+01 5.554630547409337e-18 6.614646694702929e-02
1 6 4.159667518456762e+01 4.219928344326926e-18 6.798923364869140e-02
2 7 4.300921081583120e+01 4.123443973679852e-18 6.615685395960641e-02
1 7 4.811301628836270e+01 4.118071453855785e-18 6.798396337655097e-02
2 8 4.883042207326712e+01 4.139841301611264e-18 6.615605915229920e-02
0 3 4.947157364430041e+01 7.347814319910303e-18 5.011046971548986e-02
1 8 5.462627493799737e+01 5.822340018313111e-18 6.741626048200208e-02
2 9 5.465511921320179e+01 4.125628172093154e-18 6.676305499963144e-02
1 9 6.064723477380582e+01 4.659248948317465e-18 6.735933718624408e-02
2 10 6.098032781857650e+01 3.838341639102899e-17 6.679699584817336e-02
0 4 6.405172174650740e+01 8.014127281272912e-18 5.010814982132691e-02
1 10 6.665228035093133e+01 5.273477563319084e-18 6.737657400538954e-02
2 11 6.732269321755906e+01 6.904436642982381e-17 6.678079257711049e-02
1 11 7.265462029209098e+01 8.598420700667374e-18 6.738465477145829e-02
2 12 7.366811947668806e+01 4.362252480378350e-18 6.678330849372986e-02
0 5 7.863114210627873e+01 7.484551234255361e-18 5.011083821841446e-02
1 12 7.865680485598867e+01 5.273052033400125e-18 6.738411107305262e-02
2 13 8.001306871233389e+01 1.659382446277756e-14 6.678976375737423e-02
1 13 8.465999318421504e+01 4.297199012969446e-18 6.737836804758768e-02
2 14 8.635655041663055e+01 7.842974797395820e-18 6.680134156196711e-02
1 14 9.066470899143583e+01 2.119229950688683e-17 6.736812452864840e-02
2 15 9.269817915775721e+01 4.384497599807154e-18 6.680764781828216e-02
0 6 9.321102902111002e+01 7.706616592643030e-18 5.010863682050533e-02
1 15 9.667082755294477e+01 4.529593641615426e-18 6.736240489041459e-02
2 16 9.903813252981597e+01 6.544066069346315e-16 6.681006014112986e-02
1 16 1.026782272624809e+02 2.713741453610142e-14 6.736165368900189e-02
2 17 1.053769900224649e+02 2.894391379663840e-14 6.680717193789602e-02
0 7 1.077910729099829e+02 7.349738554395419e-18 5.010978806628887e-02
1 17 1.086861634846140e+02 4.174162318981016e-18 6.736175850465317e-02
2 18 1.117153163784646e+02 1.216384962076407e-13 6.680580003341863e-02
1 18 1.146941873439453e+02 5.696120969602036e-16 6.736372635594007e-02
2 19 1.180540781490978e+02 3.510310672792036e-14 6.680313081278767e-02
1 19 1.207018036750622e+02 4.587559268183728e-18 6.736203241249802e-02
0 8 1.223708231196824e+02 7.973963132330160e-18 5.010985912079519e-02
2 20 1.243935436527500e+02 8.793059249712665e-18 6.680017410339907e-02
1 20 1.267085176357111e+02 2.806085027362817e-15 6.736444029301399e-02
2 21 1.307344756711733e+02 1.090268683388854e-15 6.680136497671769e-02
1 21 1.327141178244564e+02 3.984250391205651e-18 6.736975852806114e-02
0 9 1.369504203282308e+02 7.372479420607528e-18 5.010926135711068e-02
2 22 1.370769662060128e+02 4.075809418450595e-18 6.679758882181425e-02
1 22 1.387181511336432e+02 1.665305412148697e-14 6.737723394485272e-02
2 23 1.434210098390781e+02 1.894361867619505e-15 6.679246092724993e-02
1 23 1.447208935375097e+02 4.068964056222261e-14 6.738627522712388e-02
2 24 1.497660747342599e+02 4.569534104761505e-18 6.678778281140577e-02
1 24 1.507229415929228e+02 2.998578708197039e-16 6.738559286820872e-02
0 10 1.515304705130139e+02 7.725034938110656e-18 5.010970794387325e-02
2 25 1.561103750985469e+02 4.075682368727143e-18 6.679672589431677e-02
1 25 1.567260406681627e+02 3.993978175789971e-18 6.737284345746364e-02
1 26 1.627359165828349e+02 4.502736083240373e-18 6.730867270808279e-02
2 26 1.624480908020325e+02 6.164092651012370e-15 6.685562329081078e-02
0 11 1.661104682817279e+02 7.344886692697450e-18 5.010801761384486e-02
2 27 1.686058965084347e+02 8.971169061743870e-15 7.427440018650810e-02
1 27 1.689374375482173e+02 2.554988969333255e-15 6.080261658667292e-02
2 28 1.739513805742855e+02 2.665423637715972e-15 7.427234186035711e-02
1 28 1.761006878370204e+02 2.326847641439343e-14 6.080986862347290e-02
2 29 1.792977915934617e+02 3.989531980793932e-18 7.426802929817861e-02
0 12 1.806892524521049e+02 7.384482918021664e-18 5.011180345932118e-02
1 29 1.832631504884365e+02 3.372394658644536e-17 6.080562133858243e-02
2 30 1.846435933543983e+02 1.932780984827740e-14 7.427330255504444e-02
1 30 1.904335818175650e+02 3.170268142085162e-13 6.050638783380004e-02
2 31 1.899853309032006e+02 2.679497351331246e-15 7.464484853917586e-02
0 13 1.952663264542120e+02 8.520494093252419e-18 5.011356121325335e-02
2 32 1.952818745166015e+02 4.046974849845625e-18 7.464013519743667e-02
1 31 1.976734207369606e+02 5.520232483337835e-18 6.051275423680729e-02
2 33 2.005792318245568e+02 4.073366335839761e-16 7.463876964452987e-02
1 32 2.049138906828848e+02 4.691233098389027e-18 6.051217479094814e-02
2 34 2.058760271339416e+02 7.831472061946110e-15 7.464233343887644e-02
0 14 2.098416203699186e+02 7.359129094244258e-18 5.011388759459845e-02
2 35 2.111723074422967e+02 1.054509762231054e-17 7.467571615587010e-02
1 33 2.121554638795569e+02 1.382429045997824e-13 6.048718109813452e-02
2 36 2.164672863867328e+02 3.727739326073891e-18 7.467147939455800e-02
1 34 2.193991884742038e+02 5.188596742215841e-18 6.049411970904318e-02
2 37 2.217626393114847e+02 3.950349959425720e-18 7.466895559918482e-02
0 15 2.244154073368009e+02 7.369497353437567e-18 5.011447759818356e-02
1 35 2.266431799359824e+02 2.944972102289897e-13 6.049840732395097e-02
2 38 2.270576990506476e+02 4.012238748916041e-16 7.466383690601333e-02
2 39 2.323534753185566e+02 4.758981568669609e-16 7.467712956071473e-02
1 36 2.338865296413310e+02 7.352858248966822e-14 6.049780259927690e-02
2 40 2.376498561316411e+02 7.055046526765971e-18 7.467077650106180e-02
0 16 2.389876419655229e+02 7.535455535853387e-18 5.011555060019707e-02
1 37 2.411286182693448e+02 2.920210920752135e-15 6.049694846608469e-02
2 41 2.429460106191104e+02 5.919035267539380e-18 7.467516439188060e-02
2 42 2.482470116534345e+02 4.077578283404441e-18 7.453262780431272e-02
1 38 2.483676421227157e+02 3.077778952243693e-17 6.061720988372651e-02
0 17 2.535581564413629e+02 7.327354786500832e-18 5.011480814747889e-02
2 43 2.535567937302784e+02 2.362992457685381e-15 7.453045613571463e-02
1 39 2.555889282437024e+02 2.650652555339931e-17 6.062530100923186e-02
2 44 2.588675598041814e+02 7.735605514157800e-16 7.452723940837641e-02
1 40 2.628102498847455e+02 6.860794095183076e-18 6.062848629385679e-02
2 45 2.641778280769540e+02 3.582122525179793e-14 7.453220110738079e-02
0 18 2.681270658650013e+02 7.736810550295008e-18 5.011237527161588e-02
1 41 2.700351119113063e+02 2.916211992938767e-17 6.051086910047667e-02
2 46 2.694862476599500e+02 5.877318986835628e-18 7.467530615162367e-02
2 47 2.747799047333826e+02 4.516369410229551e-18 7.467038126253223e-02
1 42 2.772829799129470e+02 1.910106760292342e-15 6.052517819529085e-02
2 48 2.800743635111850e+02 6.650799274137738e-17 7.466543039825102e-02
0 19 2.826946501483696e+02 7.971999712742921e-18 5.010982189460170e-02
1 43 2.845305320179125e+02 4.614650296736760e-14 6.052314124096063e-02
2 49 2.853681178469864e+02 3.974195930622585e-15 7.466949556353372e-02
2 50 2.906616895100366e+02 1.800789605153496e-17 7.469704791164607e-02
1 44 2.917797191338441e+02 2.008905349265124e-14 6.051368714717097e-02
2 51 2.959547334347866e+02 4.437092426673083e-18 7.468978828348984e-02
0 20 2.972609356254306e+02 7.449948667525689e-18 5.010771487895700e-02
1 45 2.990288453821343e+02 5.508205597441607e-18 6.051656315570897e-02
2 52 3.012479760939285e+02 3.523296084293379e-18 7.469220081618325e-02
1 46 3.062792293674267e+02 4.939762758035646e-18 6.053629528075683e-02
2 53 3.065413471598560e+02 3.515134486635150e-16 7.468177446648609e-02
0 21 3.118258116002873e+02 8.212549742707905e-18 5.010377774676290e-02
2 54 3.118361394792660e+02 5.165762572823688e-16 7.468950842435351e-02
1 47 3.135262269696283e+02 2.591830582554541e-13 6.053549745239764e-02
2 55 3.171317780879163e+02 6.962268350269260e-18 7.468493940484289e-02
1 48 3.207729586475777e+02 5.655216001898189e-18 6.054340819672144e-02
2 56 3.224271243152905e+02 3.675391858117082e-18 7.468963705418427e-02
0 22 3.263894029972150e+02 7.303456520131579e-18 5.009866044429336e-02
2 57 3.277646787587346e+02 4.444220605254756e-16 7.321138590327038e-02
1 49 3.279724237807401e+02 2.395500405483021e-13 6.176382270044824e-02
2 58 3.331798038754959e+02 4.252782426525458e-18 7.320741682621004e-02
1 50 3.350340113339052e+02 1.115607361195106e-13 6.178183008741778e-02
2 59 3.385960583305535e+02 6.697087488372418e-16 7.319893478417058e-02
0 23 3.409527121984844e+02 8.487622485525467e-18 5.009424783566638e-02
1 51 3.420941179636105e+02 4.758419234277700e-14 6.178176197547957e-02
2 60 3.440119377738287e+02 4.394361692254181e-14 7.320400293975060e-02
1 52 3.491550209584855e+02 2.909607279698985e-13 6.180622120835621e-02
2 61 3.494281226736063e+02 5.333393099260063e-18 7.318893267326257e-02
2 62 3.548464294800128e+02 3.196155949773897e-17 7.320283501726398e-02
0 24 3.555163541209080e+02 4.887832742471267e-14 5.009050979814117e-02
1 53 3.562119474567908e+02 1.228415456655779e-15 6.179888165037267e-02
2 63 3.602653259629234e+02 3.376062699355509e-17 7.319633947948757e-02
1 54 3.632676372454791e+02 1.639676595033300e-13 6.180681114085487e-02
2 64 3.656845382578093e+02 6.449012438946606e-16 7.319986115047901e-02
