0 0 2.595473591042010e+00 4.294167744330034e-18 6.932096484541360e-02
0 1 7.639137971681820e+00 3.393925036328853e-18 6.932056662487525e-02
1 0 9.995184508555784e+00 5.064994777574760e-14 4.252269891453069e-02
0 2 1.268281482950985e+01 3.896936031684691e-18 6.932056015108788e-02
0 3 1.772648401117336e+01 4.141020726741604e-18 6.932058934250404e-02
0 4 2.277016966147592e+01 3.515657880766551e-18 6.932098099536510e-02
0 5 2.781383717410076e+01 3.689866914429572e-18 6.932041782744920e-02
1 1 3.046574857654303e+01 9.103366656803428e-18 4.252280770946026e-02
0 6 3.285751478180519e+01 4.511150610959316e-18 6.932050169987897e-02
0 7 3.790118513089444e+01 3.592858598871272e-18 6.932046983947494e-02
0 8 4.294486954424418e+01 3.896143546754388e-18 6.932092895363923e-02
0 9 4.798854092181707e+01 3.690034997941591e-18 6.932021637870921e-02
1 2 5.093629860834297e+01 8.821113953231501e-18 4.252309605597578e-02
0 10 5.303221913080593e+01 3.515438053816970e-18 6.932039151900883e-02
0 11 5.807589078510240e+01 3.471294248144244e-18 6.932029916608415e-02
0 12 6.311957409379274e+01 3.592708866786136e-18 6.932080716887558e-02
0 13 6.816324982931660e+01 3.515341457266198e-18 6.931996955951282e-02
1 3 7.140683216736215e+01 2.801321123362806e-13 4.252353396814784e-02
0 14 7.320692834564116e+01 3.592680096658641e-18 6.932023359754570e-02
0 15 7.825060130285604e+01 3.393948049062814e-18 6.932008227754850e-02
0 16 8.329428355590207e+01 4.114114882993903e-18 6.932062187358556e-02
0 17 8.833796385281116e+01 3.515211883812606e-18 6.931969127728158e-02
1 4 9.187734872046727e+01 2.222622963790636e-15 4.252405501436805e-02
0 18 9.338164225331245e+01 3.592584879168389e-18 6.932003833251520e-02
0 19 9.842531638018777e+01 3.690424475941398e-18 6.931983079025208e-02
0 20 1.034689975362360e+02 3.811570595998344e-18 6.932038630993714e-02
0 21 1.085126822859786e+02 3.471426027817768e-18 6.931940055328564e-02
1 5 1.123478501276473e+02 8.904829188027015e-18 4.252459907796770e-02
0 22 1.135563600535483e+02 3.592495307272564e-18 6.931982101562235e-02
0 23 1.186000351116085e+02 3.471439975184768e-18 6.931956150107624e-02
0 24 1.236437150514059e+02 3.514949873694861e-18 6.932011906907858e-02
0 25 1.286874038433560e+02 4.113430012031086e-18 6.931911924701846e-02
1 6 1.328183403573780e+02 1.558322599957727e-13 4.252510553048512e-02
0 26 1.337310804184248e+02 3.894121885068146e-18 6.931959960053970e-02
0 27 1.387747561031796e+02 3.893999784893424e-18 6.931929415036955e-02
0 28 1.438184346587718e+02 3.471474069374939e-18 6.931984171663767e-02
0 29 1.488621268233142e+02 4.113121606091957e-18 6.931886930997118e-02
1 7 1.532888249361945e+02 8.933135293099555e-18 4.252551769477331e-02
0 30 1.539058016662265e+02 3.811616153279757e-18 6.931939206938367e-02
0 31 1.589494776543769e+02 3.816055785157470e-18 6.931904873000312e-02
0 32 1.639931546496057e+02 3.811606367715006e-18 6.931957600253534e-02
0 33 1.690368493299202e+02 3.893453042535568e-18 6.931866995483971e-02
1 8 1.737593101817562e+02 8.820880606894831e-18 4.252579278545883e-02
0 34 1.740805219869999e+02 3.393996590387083e-18 6.931921380253868e-02
0 35 1.791241979846918e+02 4.208352199169214e-18 6.931884272838594e-02
0 36 1.841678732797781e+02 4.021786351732358e-18 6.931934104133632e-02
0 37 1.892115695227356e+02 3.592191753961451e-18 6.931853515145045e-02
0 38 1.942552396880488e+02 3.592139212223689e-18 6.931907536522280e-02
1 9 1.942298022035589e+02 9.640062492928514e-14 4.252590477431120e-02
0 39 1.992989154729111e+02 3.514515819787388e-18 6.931868872663240e-02
0 40 2.043425890053612e+02 3.892578867112225e-18 6.931915087113344e-02
0 41 2.093862858584590e+02 3.514475267049748e-18 6.931847180724374e-02
0 42 2.144299534237225e+02 3.592037691840321e-18 6.931898104681321e-02
1 10 2.147003057547984e+02 2.833401416326597e-15 4.252587135195496e-02
0 43 2.194736288744179e+02 3.394018209811272e-18 6.931859270352077e-02
0 44 2.245173006893274e+02 3.591968565375881e-18 6.931901274264317e-02
0 45 2.295609972897203e+02 3.691341159092193e-18 6.931847887056683e-02
0 46 2.346046623763992e+02 3.811635624167673e-18 6.931892834275527e-02
1 11 2.351708242100615e+02 1.454495808056427e-16 4.252567401543587e-02
0 47 2.396483374855127e+02 3.514226415215055e-18 6.931855328353455e-02
0 48 2.446920077503701e+02 3.691474688579335e-18 6.931892636773547e-02
0 49 2.497357033940239e+02 4.205069039115371e-18 6.931854744186872e-02
0 50 2.547793663639613e+02 3.891398383369410e-18 6.931890839819034e-02
1 12 2.556413592748595e+02 8.351983193428189e-14 4.252531281038260e-02
0 51 2.598230412327421e+02 4.143022471946165e-18 6.931856200419127e-02
0 52 2.648667102345547e+02 3.514003999983521e-18 6.931888419974562e-02
0 53 2.699104044176980e+02 3.591738289725495e-18 6.931866182897732e-02
0 54 2.749540658610956e+02 4.442325619542024e-18 6.931890728783811e-02
1 13 2.761119106009173e+02 8.850556829526467e-18 4.252483713000440e-02
0 55 2.799977406772524e+02 4.023325129736169e-18 6.931860452353200e-02
0 56 2.850414088026353e+02 3.591616036087766e-18 6.931887266368592e-02
0 57 2.900851012328286e+02 3.811632982177778e-18 6.931880136771001e-02
0 58 2.951287619345625e+02 3.591559120586888e-18 6.931890791897936e-02
1 14 2.965824754733765e+02 8.821267816080178e-18 4.252433201951004e-02
0 59 3.001724369365364e+02 3.890173575286677e-18 6.931866256611471e-02
0 60 3.052161046378008e+02 3.591488080800784e-18 6.931887413294702e-02
0 61 3.102597952168391e+02 3.513640746860785e-18 6.931894276038886e-02
0 62 3.153034561037516e+02 4.441845092256055e-18 6.931889230898923e-02
1 15 3.170530491913254e+02 2.224469078183778e-14 4.252390077078491e-02
0 63 3.203471315364189e+02 3.811637561241933e-18 6.931871632924178e-02
0 64 3.253907992883707e+02 3.692151784218186e-18 6.931886937337718e-02
0 65 3.304344880729913e+02 3.513458352477010e-18 6.931906265868480e-02
0 66 3.354781501459942e+02 3.591301436074886e-18 6.931884398043515e-02
1 16 3.375236261361609e+02 1.801674430758313e-15 4.252361565814454e-02
0 67 3.405218262135448e+02 4.143781253908702e-18 6.931874703860384e-02
0 68 3.455654944666003e+02 4.441475619791780e-18 6.931884014363530e-02
0 69 3.506091816151985e+02 4.109205970777008e-18 6.931914021968089e-02
0 70 3.556528458709991e+02 3.811639122864506e-18 6.931875021467829e-02
1 17 3.579941999039168e+02 2.723807796003615e-15 4.252351822822566e-02
0 71 3.606965226929303e+02 3.394012134123729e-18 6.931873934327867e-02
