2 0 2.415910588617464e+00 4.426225631244640e-15 6.809086853157036e-02
1 0 2.595545010471373e+00 4.155215778281343e-18 6.629427862909433e-02
0 0 5.525382798892676e+00 8.631794748570507e-18 5.144755697471761e-02
2 1 8.207450337814484e+00 6.407859472970396e-14 6.809429538875109e-02
1 1 9.144859231795563e+00 6.641786943523343e-18 6.629164010066931e-02
2 2 1.399828400769268e+01 2.948749790521436e-15 6.809235131168088e-02
1 2 1.569437377626114e+01 2.733809711893804e-15 6.630033710092731e-02
2 3 1.979036225257116e+01 4.065421543018022e-18 6.808611510670534e-02
0 1 2.010574082117813e+01 7.794008724090386e-18 5.144999438188407e-02
1 3 2.224213593776718e+01 5.413195042026225e-18 6.630717845336564e-02
2 4 2.558363272157313e+01 4.225456586510196e-18 6.808232332706986e-02
1 4 2.878909012474879e+01 1.302172561600558e-15 6.631192050383140e-02
2 5 3.137698767274120e+01 4.946933845870714e-18 6.808517688117342e-02
0 2 3.468565349287005e+01 7.794278333599635e-18 5.144758051232382e-02
1 5 3.533677488899002e+01 4.834579984863093e-18 6.631002541939804e-02
2 6 3.716909566982653e+01 4.082507448842693e-18 6.809191600695749e-02
1 6 4.188618870506921e+01 5.893396200591229e-18 6.630656572501274e-02
2 7 4.295990590491807e+01 4.315095449175331e-18 6.809706453343363e-02
1 7 4.843487852641476e+01 4.153326747597022e-18 6.632393191657855e-02
2 8 4.875218950759570e+01 5.380342697145046e-18 6.806526115518881e-02
0 3 4.926591729639055e+01 7.336010567287098e-18 5.145092621230692e-02
1 8 5.497120939228120e+01 4.937027341053654e-18 6.613944300965130e-02
2 9 5.455591677919210e+01 4.415599091672296e-18 6.826181371848071e-02
2 10 6.034496378663410e+01 4.553844219919309e-14 6.826372092552389e-02
1 9 6.152350993751626e+01 4.955500142562650e-18 6.613253650559221e-02
0 4 6.384517922385666e+01 8.932209543932160e-18 5.144856005525515e-02
2 11 6.613433141871388e+01 9.208171472524726e-16 6.825935635925444e-02
1 10 6.807452007231245e+01 4.975132923330891e-18 6.613651098715705e-02
2 12 7.192499869448275e+01 5.197173753984298e-18 6.825686362163721e-02
1 11 7.462415453474405e+01 4.166050701823170e-18 6.614216516302726e-02
2 13 7.771635687815133e+01 8.615132116846416e-18 6.825321498986778e-02
0 5 7.842509991067355e+01 1.628021248140017e-13 5.144990984134683e-02
1 12 8.117342620032679e+01 5.421167741144391e-18 6.614143699302912e-02
2 14 8.350740702827699e+01 3.657510899847572e-14 6.825549798610313e-02
1 13 8.772398110530135e+01 4.166731190286298e-18 6.614039464146963e-02
2 15 8.929726411762657e+01 5.196611142469990e-18 6.826236555952898e-02
0 6 9.300468887705786e+01 7.869056948967154e-14 5.144924061985120e-02
1 14 9.427589427734245e+01 5.946743500681515e-18 6.614223719278829e-02
2 16 9.508614172828526e+01 7.554603503329323e-18 6.826254392759777e-02
1 15 1.008197279297941e+02 1.659352792431480e-17 6.630063169878002e-02
2 17 1.008845321858347e+02 2.450787007010352e-16 6.807451567052979e-02
2 18 1.067348608067960e+02 3.630569771858304e-17 6.828674688548135e-02
1 16 1.073031684284068e+02 4.789166035628503e-18 6.609831434903636e-02
0 7 1.075845104806943e+02 3.520881640063245e-14 5.145060581521802e-02
2 19 1.125780256950028e+02 1.007230688199173e-17 6.828525700996339e-02
1 17 1.137937994058775e+02 4.391882193651190e-18 6.609621106093128e-02
2 20 1.184218591987033e+02 4.413038650446404e-18 6.828095406876050e-02
1 18 1.202836657345529e+02 4.241781746452582e-18 6.609244756149416e-02
0 8 1.221634319806886e+02 1.090075215044238e-14 5.145088509085158e-02
2 21 1.242669874412182e+02 5.206464959051999e-18 6.827709073382918e-02
1 19 1.267716509264604e+02 4.814197736740197e-18 6.609503785432178e-02
2 22 1.301130700423654e+02 5.206554474942536e-18 6.827739513113754e-02
1 20 1.332590766077585e+02 2.680632052985002e-16 6.609653205566959e-02
2 23 1.359591756127176e+02 6.445898334132399e-18 6.827595066074257e-02
0 9 1.367428884232505e+02 1.576662600665088e-13 5.145117601734928e-02
1 21 1.397469597454059e+02 6.360604292098740e-18 6.609310432680454e-02
2 24 1.418044618301496e+02 6.047843428074335e-18 6.827923384204881e-02
1 22 1.462364320931121e+02 5.414383499508315e-18 6.609163520141687e-02
2 25 1.476484493594077e+02 5.205745824295951e-18 6.828548930576267e-02
0 10 1.513221593147835e+02 7.175346947687530e-14 5.145067097154800e-02
1 23 1.527270291219837e+02 8.620032543507663e-18 6.609452109468518e-02
2 26 1.534916359552874e+02 1.290655979185999e-14 6.828465969496156e-02
1 24 1.592124285999016e+02 4.574896898929160e-18 6.616857580732187e-02
2 27 1.593408573455877e+02 8.151772053989844e-15 6.820279179717501e-02
1 25 1.656685526894145e+02 3.933784367764239e-15 6.584437327818590e-02
2 28 1.652166569813239e+02 5.604091850764090e-18 6.854905043248638e-02
0 11 1.659016452878635e+02 2.993971174204829e-14 5.145177062633358e-02
2 29 1.710773930496861e+02 5.197729227901084e-18 6.855096352509553e-02
1 26 1.721401930639452e+02 4.524449810607648e-18 6.583902458852656e-02
2 30 1.769382302385838e+02 1.378228409151757e-17 6.854681288895745e-02
1 27 1.786116731997183e+02 4.827737920686128e-18 6.583464793970530e-02
0 12 1.804801176073397e+02 7.750863752622132e-15 5.145164742500277e-02
2 31 1.828002745386150e+02 3.936383370190246e-16 6.854204103834051e-02
1 28 1.850812289345569e+02 2.250856482231183e-14 6.583797323500835e-02
2 32 1.886635167668591e+02 6.278763272001330e-15 6.854108205773360e-02
1 29 1.915497776725669e+02 5.030316777641544e-18 6.584144686878279e-02
2 33 1.945271838262982e+02 7.136574195765029e-14 6.853956625685882e-02
0 13 1.950593365663330e+02 1.733931336406033e-15 5.145146868740480e-02
1 30 1.980181937560884e+02 4.722591875480170e-18 6.584013244213194e-02
2 34 2.003904781915471e+02 6.313005713472911e-18 6.854173911622871e-02
1 31 2.044878095438779e+02 6.945161230269339e-18 6.583895661918282e-02
2 35 2.062526416448184e+02 3.952282317842945e-18 6.854762645925028e-02
0 14 2.096382368507322e+02 1.083258393331852e-15 5.145077453144204e-02
1 32 2.109590090294599e+02 5.606214882938319e-18 6.583715637512801e-02
2 36 2.121133262355997e+02 5.812128104788212e-18 6.855228660070524e-02
1 33 2.174305440791403e+02 1.107321278552458e-14 6.584668436752157e-02
2 37 2.179741707999860e+02 4.198335757656346e-18 6.854576189228585e-02
0 15 2.242174534926839e+02 2.929019023969258e-15 5.145163988166709e-02
1 34 2.238709836300225e+02 4.757611716441959e-18 6.679183245641204e-02
2 38 2.238683526938483e+02 1.937471017953701e-16 6.752535594080035e-02
2 39 2.281341606843380e+02 1.304111283403062e-16 5.289499542009280e-02
2 40 2.325051665134247e+02 8.602861508948320e-17 5.289949062500213e-02
1 35 2.360012673278007e+02 3.730408911931649e-14 8.068006641115050e-02
2 41 2.368743906487091e+02 4.488060373125284e-17 5.291941147350977e-02
0 16 2.387990441238334e+02 4.316287100072872e-15 5.143050899793436e-02
2 42 2.412440240841709e+02 2.564190610735337e-17 5.290788019945936e-02
2 43 2.456150394338972e+02 1.703112708938815e-17 5.290558057138560e-02
1 36 2.480624737371081e+02 3.857549001600172e-18 8.067295619003295e-02
2 44 2.499853795916243e+02 1.146074785583994e-17 5.291791651811742e-02
2 45 2.519894746854148e+02 4.051939867166617e-10 1.073082114802737e-01
0 17 2.533829556583553e+02 4.321954216341979e-15 5.143570308460188e-02
2 46 2.543551048207803e+02 7.650755417709742e-18 5.291893976722822e-02
2 47 2.563592799561843e+02 6.948154417200311e-10 1.073041785042013e-01
2 48 2.587254767239598e+02 5.867243242693118e-18 5.291585814754586e-02
1 37 2.601266068866435e+02 4.950952393994587e-18 8.066965692493726e-02
2 49 2.607294614576621e+02 3.988773381993154e-10 1.073074421311965e-01
2 50 2.630965627276502e+02 4.784716341004381e-18 5.290908657120855e-02
2 51 2.651004365644364e+02 3.442764202109757e-10 1.073049702996546e-01
0 18 2.679647141820836e+02 5.914640838365526e-15 5.143400575680932e-02
2 52 2.674676850048383e+02 5.319350162590014e-18 5.291540144498747e-02
2 53 2.694711575548347e+02 6.625087161906688e-10 1.073058575723592e-01
1 38 2.721885250826705e+02 3.047610537971813e-14 8.068123465180102e-02
2 54 2.718380437214886e+02 5.247854130398461e-18 5.291285118600896e-02
2 55 2.738401960080953e+02 2.953920369516006e-10 1.074207714894889e-01
2 56 2.762053532536231e+02 4.805430051533776e-18 5.287689232544916e-02
2 57 2.782079053157172e+02 3.746368846453500e-10 1.074248957686189e-01
2 58 2.805736077966006e+02 4.813162421844064e-18 5.288542703265189e-02
0 19 2.825491449335027e+02 5.506333339237118e-15 5.143487126725401e-02
2 59 2.825751274287149e+02 5.069627546952551e-10 1.074154552971910e-01
1 39 2.842756596901958e+02 1.567956925503984e-17 8.069263485648979e-02
2 60 2.849400494350777e+02 5.456443051994615e-18 5.289542900696151e-02
2 61 2.869427332801407e+02 5.283215556219892e-10 1.073912919392826e-01
2 62 2.893095103976289e+02 4.577644135289263e-18 5.287131076189772e-02
2 63 2.913127729279194e+02 6.790199906784329e-10 1.074049415816110e-01
2 64 2.936806201409721e+02 4.584326175029195e-18 5.287341637451280e-02
1 40 2.963435010153243e+02 3.901166197297290e-14 8.072364960526485e-02
0 20 2.971486009365150e+02 3.282986733458759e-15 5.141636873236007e-02
2 65 2.980499458218660e+02 4.271906074328768e-18 5.289191942474453e-02
2 66 3.024198936587906e+02 3.598020612564507e-14 5.286975582463836e-02
2 67 3.067917882389066e+02 4.609323224263226e-18 5.286422838808962e-02
1 41 3.084183838083193e+02 5.841927659352538e-16 8.073114675935296e-02
2 68 3.111629954262688e+02 4.860069099207133e-18 5.287147534985887e-02
0 21 3.117391528623086e+02 2.093885092104849e-14 5.141250926932032e-02
2 69 3.155342152659526e+02 6.386989376476032e-18 5.285619523946600e-02
2 70 3.199070015842187e+02 4.869505603683237e-18 5.284622185916890e-02
1 42 3.204925906917426e+02 9.020304212578514e-16 8.072488264379975e-02
2 71 3.242788354057847e+02 4.633371544275560e-18 5.284158628516349e-02
0 22 3.263283859183862e+02 6.405660550561551e-14 5.141587612717152e-02
2 72 3.286506125171082e+02 8.150506322989919e-18 5.283821242574556e-02
1 43 3.325739465670046e+02 1.106448689244395e-15 8.068821704121878e-02
2 73 3.330223916109549e+02 4.278432624470115e-18 5.286181344348145e-02
2 74 3.374038196419803e+02 6.552012921077616e-18 5.285106817290502e-02
0 23 3.409180250740486e+02 1.737180770538171e-13 5.141436016712853e-02
2 75 3.417854557493984e+02 6.255855507663744e-18 5.285853314980235e-02
1 44 3.445968386427256e+02 8.783698310162190e-15 8.069584744799857e-02
2 76 3.461665794168890e+02 4.862023075668584e-18 5.285756757287845e-02
2 77 3.505493358679509e+02 1.190130132482462e-15 5.283839121910540e-02
2 78 3.549323328326252e+02 6.298442943733012e-18 5.285013125088254e-02
0 24 3.555075526955249e+02 1.914374098927537e-14 5.142696351133365e-02
1 45 3.566217084012960e+02 4.424725037206341e-15 8.068765030226552e-02
2 79 3.593142320359470e+02 4.536113135664904e-18 5.284112134580490e-02
2 80 3.613221790854424e+02 6.018057975132281e-10 1.072767352543355e-01
2 81 3.636983416466155e+02 4.826628958805292e-18 5.282208598053249e-02
