1 0 2.513776887302063e+00 5.492168356622704e-18 6.511003192245879e-02
2 0 2.435659719083238e+00 2.731490655129819e-16 6.683237521323897e-02
0 0 5.792901557962680e+00 7.739896658484428e-18 4.690581861175128e-02
2 1 8.106559168652032e+00 4.617137272537981e-18 6.682390929080714e-02
1 1 9.196508285114161e+00 5.014535562329416e-18 6.512103092120990e-02
2 2 1.377735774350854e+01 4.438876300076782e-18 6.682154969479796e-02
1 2 1.587909022334783e+01 2.098502409440022e-16 6.513195417238017e-02
2 3 1.944938856000261e+01 1.736107238180826e-16 6.681728213001567e-02
0 1 2.037239550732049e+01 7.744404954644372e-18 4.690672874736649e-02
1 3 2.255995044071600e+01 4.257989069680967e-18 6.513418137131223e-02
2 4 2.512162154579485e+01 4.518115547971428e-18 6.681828587934893e-02
1 4 2.924160531937417e+01 4.563548458069208e-18 6.513728179317080e-02
2 5 3.079289980921087e+01 3.371558742459505e-14 6.682396859876501e-02
0 2 3.495255837896069e+01 7.652712975475164e-18 4.690493617719761e-02
1 5 3.592449800968586e+01 2.948890199946016e-16 6.514222842501585e-02
2 6 3.646348917569990e+01 1.300253884670547e-17 6.681881571552503e-02
1 6 4.260077034941806e+01 4.976878377006303e-18 6.506497100450657e-02
2 7 4.214027201050737e+01 3.903984403875164e-14 6.690684521219166e-02
2 8 4.780678558797608e+01 6.312631322656453e-14 6.690118271835417e-02
0 3 4.953284646527244e+01 7.717792886511115e-18 4.690481827735951e-02
1 7 4.928844661419312e+01 5.496741049119380e-18 6.507009069875823e-02
2 9 5.347431644685700e+01 4.406785442400925e-16 6.689485437742117e-02
1 8 5.597456709649541e+01 2.069087126305783e-16 6.507237712777501e-02
2 10 5.914283377332984e+01 4.247244068361862e-18 6.689712454010695e-02
1 9 6.266012127087765e+01 4.283908101162039e-18 6.506681218613125e-02
0 4 6.411349690509689e+01 7.901841984776290e-18 4.690499949942053e-02
2 11 6.481076672521577e+01 4.727592699058475e-18 6.690336892448051e-02
1 10 6.934726290861860e+01 4.736154863417720e-18 6.505912877775930e-02
2 12 7.047749588041231e+01 3.336635911921443e-17 6.690685001806318e-02
1 11 7.603267501475719e+01 2.246926276061429e-16 6.510073148057122e-02
2 13 7.614742432331126e+01 5.242166244216533e-18 6.683512398777663e-02
0 5 7.869394812164414e+01 7.879689774482316e-18 4.690412704572782e-02
2 14 8.184065771781029e+01 2.232698606776769e-14 6.694104260995493e-02
1 12 8.268841590822366e+01 4.752022611084631e-18 6.500001962277496e-02
2 15 8.753155510357480e+01 3.929231943123094e-18 6.694076564356354e-02
1 13 8.934654611508067e+01 6.893198794416131e-18 6.500369265538623e-02
0 6 9.327370433957752e+01 7.696845316303846e-18 4.690709674160646e-02
2 16 9.322367510153354e+01 5.119942377497839e-18 6.693722701450974e-02
1 14 9.600265414342353e+01 5.070441945584461e-18 6.500740290983076e-02
2 17 9.891644519993010e+01 3.003732717930621e-17 6.693624117400818e-02
1 15 1.026589823003787e+02 3.018071606936862e-16 6.501296233246458e-02
2 18 1.046086067644572e+02 4.525477740062077e-18 6.693696312083906e-02
0 7 1.078535973902919e+02 7.909501194272116e-18 4.690418093152957e-02
1 16 1.093167134009581e+02 4.261439576306103e-18 6.501056686833545e-02
2 19 1.102994351122902e+02 8.902892101040809e-15 6.694016199156780e-02
1 17 1.159686009769740e+02 4.383400812693482e-18 6.516417281515872e-02
2 20 1.159975347641906e+02 4.524385866567720e-18 6.675010969993002e-02
2 21 1.217476814244117e+02 4.147520237740160e-18 6.684445901397697e-02
0 8 1.224339680498232e+02 8.543693006153183e-18 4.690650182227132e-02
1 18 1.225562653262844e+02 4.263113901562972e-18 6.508474546804668e-02
2 22 1.274951714322673e+02 4.251852010121655e-18 6.683929419313706e-02
1 19 1.291460362762278e+02 4.967003246454032e-18 6.508768682422106e-02
2 23 1.332440560962635e+02 3.630698297905368e-15 6.683148677049131e-02
1 20 1.357341149584418e+02 4.241563187492631e-18 6.508935276114224e-02
0 9 1.370142322453962e+02 8.528819872575036e-18 4.690493160019129e-02
2 24 1.389937347809351e+02 4.451167575988543e-18 6.683071500772610e-02
1 21 1.423216050789705e+02 1.673831845247207e-14 6.508641196489216e-02
2 25 1.447431933128605e+02 4.887625414152361e-14 6.683660052483618e-02
1 22 1.489103238724232e+02 2.233110946633447e-15 6.507274033879647e-02
2 26 1.504914515462792e+02 7.491114688475139e-18 6.684094387506924e-02
0 10 1.515945580810418e+02 8.223360703998415e-18 4.690684817221372e-02
1 23 1.555004891307476e+02 2.173280019041883e-16 6.507026582997905e-02
2 27 1.562388989505551e+02 1.934146114653941e-15 6.683866597641179e-02
1 24 1.620545553773791e+02 3.989357299237715e-16 6.648954240404963e-02
2 28 1.620250471490115e+02 8.095659202043817e-14 6.531587174442099e-02
0 11 1.661742027458459e+02 8.669018176092537e-18 4.690590916731666e-02
2 29 1.676355519045905e+02 3.999759280538821e-18 6.529644307178004e-02
1 25 1.688130701194112e+02 1.022783488110269e-15 6.651783243208051e-02
2 30 1.732456039907869e+02 9.087850562385012e-18 6.529276436920509e-02
1 26 1.755711388965375e+02 2.025654119270179e-16 6.653374220028573e-02
2 31 1.788567626105293e+02 1.951236005351353e-16 6.528689901727637e-02
0 12 1.807546522710179e+02 7.740392652780609e-18 4.690301340987587e-02
1 27 1.823280826802167e+02 4.183919163224025e-18 6.653496149268845e-02
2 32 1.844677096069240e+02 4.151099321837759e-18 6.529014580740995e-02
1 28 1.890862481818542e+02 6.259572757120655e-18 6.653408214597417e-02
2 33 1.900775683662878e+02 9.296420834429154e-17 6.529657126307412e-02
0 13 1.953357785367191e+02 8.019023651813457e-18 4.690511078547821e-02
2 34 1.956932855315796e+02 1.847603926146338e-17 6.516071914496580e-02
1 29 1.958394263411391e+02 5.433490004048020e-18 6.666645242725451e-02
2 35 2.012717237752738e+02 4.140637793509153e-18 6.515206900630875e-02
1 30 2.026387186719788e+02 4.596764851554825e-18 6.667547859585965e-02
2 36 2.068506002956263e+02 1.432913096800059e-16 6.514278599722687e-02
1 31 2.094368262043813e+02 1.201812869697126e-15 6.668088155379347e-02
0 14 2.099166790473051e+02 8.309471753514542e-18 4.690271100974052e-02
2 37 2.124302329700476e+02 9.816262882742326e-17 6.514241339340236e-02
1 32 2.162346742377318e+02 6.298330783159919e-18 6.667505162830521e-02
2 38 2.180092753621034e+02 4.005816352177091e-18 6.515065869544950e-02
1 33 2.230339889405837e+02 6.665856420793965e-18 6.666852518229369e-02
2 39 2.235874621862759e+02 5.295564945679456e-18 6.514761572607257e-02
0 15 2.244977477050853e+02 8.748577660284243e-18 4.690464115027405e-02
2 40 2.291715467585128e+02 2.866493862150745e-16 6.517079333546999e-02
1 34 2.298270299320253e+02 1.094999980098125e-14 6.664385487465148e-02
2 41 2.347512014028678e+02 4.290369017525619e-18 6.516829853209317e-02
1 35 2.366248116418325e+02 9.206469138672427e-16 6.663913465182579e-02
0 16 2.390786017517669e+02 7.652295729828954e-18 4.690571289878787e-02
2 42 2.403318203345147e+02 5.294835107638188e-18 6.516541704968494e-02
1 36 2.434211582113437e+02 6.448922250990365e-15 6.663960883117252e-02
2 43 2.459127373742422e+02 3.966082461339290e-15 6.516856369150223e-02
1 37 2.502189536907171e+02 4.821271207464000e-18 6.662636181361424e-02
2 44 2.514926587772136e+02 4.320276453867212e-18 6.516936562001653e-02
0 17 2.536577905034814e+02 8.021965771734285e-18 4.690782421204591e-02
1 38 2.570156457874098e+02 8.660904752110001e-16 6.662047318538526e-02
2 45 2.570745123441789e+02 1.522603795663450e-16 6.516353845878808e-02
2 46 2.627435788161717e+02 2.134893599481190e-17 6.547376335660171e-02
1 39 2.637025295754133e+02 6.676202062221900e-18 6.633674014597790e-02
0 18 2.682374084416618e+02 7.802775512159419e-18 4.690681747454591e-02
2 47 2.684081025464708e+02 5.344410573564718e-18 6.547107626025520e-02
1 40 2.703925685661135e+02 1.270626150439390e-15 6.634383153342385e-02
2 48 2.740738735260022e+02 4.266596346597490e-18 6.546567729085589e-02
1 41 2.770809916689889e+02 4.249288858826385e-18 6.635354335314313e-02
2 49 2.797401520207865e+02 7.007169369909891e-18 6.546275975795360e-02
0 19 2.828178774700700e+02 8.481420622919174e-18 4.690481349225462e-02
1 42 2.837698820647380e+02 3.570582804168962e-15 6.635158171508818e-02
2 50 2.854054010509950e+02 6.380616863597450e-18 6.546841743339331e-02
1 43 2.904602238137201e+02 8.101751340024251e-18 6.635041312896867e-02
2 51 2.910697614881807e+02 1.143396210113979e-15 6.547068041046643e-02
1 44 2.971435464826405e+02 5.434751633451272e-18 6.634832132893476e-02
2 52 2.967410698416078e+02 4.025247671673775e-18 6.547442538848942e-02
0 20 2.973983583615374e+02 7.816795998243429e-18 4.690742323263562e-02
2 53 3.024006745325332e+02 7.284725060113993e-16 6.547447857037905e-02
1 45 3.038398522095753e+02 4.819205405718065e-18 6.634780814873924e-02
2 54 3.080611255983977e+02 6.447803969347715e-16 6.546739830336534e-02
1 46 3.105346735225963e+02 5.806095406022368e-18 6.634889182161796e-02
0 21 3.119789062305697e+02 8.077275115802147e-18 4.690560701796447e-02
2 55 3.137224334087238e+02 5.524053834889748e-15 6.546670430915755e-02
1 47 3.172289500461344e+02 4.344597128423837e-18 6.634532419596782e-02
2 56 3.193834398101098e+02 4.040178216114846e-18 6.547289689236253e-02
1 48 3.239248152508146e+02 1.763741726998521e-17 6.632962459168414e-02
2 57 3.250432383814071e+02 1.789403741857405e-14 6.547458421177556e-02
0 22 3.265589925197865e+02 9.156856489813120e-18 4.690804083034688e-02
1 49 3.306199670806565e+02 4.921129192928668e-18 6.633022200746078e-02
2 58 3.307048215000316e+02 4.761697804331484e-17 6.546419960823528e-02
2 59 3.364301941260919e+02 5.294298669697748e-18 6.578695757273857e-02
1 50 3.372391242752100e+02 2.966853703238701e-15 6.602717482322172e-02
0 23 3.411383103623086e+02 7.820003803947913e-18 4.690831510713978e-02
2 60 3.421484110181087e+02 1.633202530132588e-14 6.578589473184601e-02
1 51 3.438641020940058e+02 8.722538249691304e-18 6.603248031185238e-02
2 61 3.478677929548992e+02 3.999727026761833e-18 6.578106775549100e-02
1 52 3.504874526459724e+02 5.438115897676912e-18 6.604574825386796e-02
2 62 3.535881179826322e+02 5.009524494065976e-18 6.577569477686054e-02
0 24 3.557183961495157e+02 9.674326107503412e-18 4.690577386391529e-02
1 53 3.571101607784763e+02 2.792957843400800e-17 6.604651700819744e-02
2 63 3.593080855554210e+02 5.872567348863652e-15 6.577905213138149e-02
1 54 3.637340948463614e+02 4.960323461560803e-15 6.604391582428637e-02
2 64 3.650268680012647e+02 6.406628314407575e-18 6.578767113824506e-02
