2 0 2.338112484055048e+00 1.099876771614452e-14 6.553707679473662e-02
1 0 2.662438737620851e+00 9.214219286834088e-18 6.526163086445443e-02
0 0 5.943637721044308e+00 8.469134442033274e-18 4.858181972873608e-02
2 1 8.164084550860567e+00 6.161080705511521e-16 6.555986869142513e-02
1 1 9.173400518432326e+00 4.934691479675374e-18 6.524432635046555e-02
2 2 1.398865623170747e+01 1.459783624824887e-15 6.556186562725473e-02
1 2 1.568529139527055e+01 1.102700375905375e-15 6.525333034354856e-02
2 3 1.981436115887253e+01 2.937477883953376e-15 6.555569277650912e-02
0 1 2.052361142321494e+01 8.404664250277267e-18 4.858350905047311e-02
1 3 2.219526918993362e+01 4.756255880603641e-18 6.526074577209107e-02
2 4 2.564134268458987e+01 5.156444025269182e-15 6.555023698157611e-02
1 4 2.870402945577032e+01 5.455460629059057e-18 6.526811795891202e-02
2 5 3.146884087532734e+01 4.240009363880598e-18 6.554797069280087e-02
0 2 3.510397794231903e+01 8.449698760535485e-18 4.858128419080048e-02
1 5 3.521298762537940e+01 6.335231349344274e-16 6.526724411447801e-02
2 6 3.729558544341596e+01 4.227501935650372e-18 6.555313246380996e-02
1 6 4.172340492336772e+01 8.462491224753011e-15 6.526019537242746e-02
2 7 4.312099672968996e+01 4.212343458348622e-18 6.556331233598114e-02
1 7 4.823532143199051e+01 8.247000114387288e-14 6.525236745427995e-02
2 8 4.894537176299598e+01 4.277053009137292e-18 6.556410425607413e-02
0 3 4.968385085685243e+01 1.089938165012521e-17 4.858377518951656e-02
1 8 5.474430319638857e+01 4.577533926000174e-18 6.521609513095324e-02
2 9 5.477343251184874e+01 4.509138487549494e-18 6.561374811770286e-02
1 9 6.046601287812202e+01 4.285153760021870e-18 6.615948839326302e-02
2 10 6.148852498674818e+01 7.239028528178219e-16 6.467501373394610e-02
0 4 6.426364377058766e+01 1.041973369655570e-17 4.858238659702398e-02
1 10 6.615564821908228e+01 7.952762026005542e-17 6.615754997635431e-02
2 11 6.823516359031737e+01 7.952050038544872e-18 6.467915177126446e-02
1 11 7.184636746030574e+01 1.289747822354234e-15 6.615764881291410e-02
2 12 7.498040031099892e+01 2.292107581691819e-13 6.468338137577012e-02
1 12 7.753760095754717e+01 2.503515959287942e-17 6.615728159762353e-02
0 5 7.884355471391127e+01 1.277007795853113e-17 4.858208146136249e-02
2 13 8.172554024452256e+01 4.610471796249492e-18 6.468036024105511e-02
1 13 8.322805230408808e+01 4.051352989021490e-18 6.616029135701515e-02
2 14 8.847243899596771e+01 5.464283359666650e-16 6.468221865253865e-02
1 14 8.891762359809620e+01 4.402629931279374e-18 6.616183033999413e-02
0 6 9.342449605031381e+01 1.215766889909679e-17 4.858167873106606e-02
1 15 9.461571723043953e+01 1.415010788139812e-15 6.609200018602764e-02
2 15 9.520814673287502e+01 1.275718641434638e-13 6.475757313411672e-02
1 16 1.003096041043944e+02 5.276197515261596e-18 6.609996091786716e-02
2 16 1.019488807756383e+02 1.080965707007560e-13 6.476062995047410e-02
1 17 1.060039712949690e+02 6.986196660304103e-18 6.609185313948528e-02
0 7 1.080054320240978e+02 1.215499161403094e-17 4.857990472463189e-02
2 17 1.086881839130546e+02 4.511303347439884e-18 6.476880822300085e-02
1 18 1.116993323818843e+02 5.281078634634339e-18 6.608919828815710e-02
2 18 1.154268112389754e+02 3.883895598792301e-15 6.476844664469078e-02
1 19 1.173946065050882e+02 3.998967870457199e-18 6.609405367781564e-02
0 8 1.225860021031824e+02 1.311265230936542e-17 4.858225313176950e-02
2 19 1.221670131852690e+02 1.767804784778949e-13 6.476167489226757e-02
1 20 1.230885650637537e+02 1.477171925068778e-16 6.610009636515835e-02
1 21 1.287838007369559e+02 4.484821646683874e-18 6.601992741743150e-02
2 20 1.289063978189071e+02 2.323131958060733e-14 6.484519026959584e-02
1 22 1.344507330746998e+02 4.771028025867124e-18 6.610792798058374e-02
2 21 1.356882166028134e+02 4.625559443145999e-18 6.475821029176340e-02
0 9 1.371660552506452e+02 1.572697372036746e-17 4.858080832812039e-02
1 23 1.401140426327703e+02 4.470559283712589e-18 6.610313568917296e-02
2 22 1.424725414625828e+02 1.418322937770951e-17 6.476171997084786e-02
1 24 1.457785617369251e+02 3.967495033519963e-18 6.610372800312128e-02
2 23 1.492557439823064e+02 6.575660865753278e-17 6.475420875639291e-02
0 10 1.517455769045906e+02 1.691172265793504e-17 4.858413997667368e-02
1 25 1.514431178499115e+02 2.658670368966382e-17 6.610708332641209e-02
2 24 1.560398562632153e+02 4.402811038841937e-18 6.474742051082820e-02
1 26 1.571065686916788e+02 5.482242334636334e-15 6.611006028305447e-02
1 27 1.627704070462810e+02 5.628798158114875e-14 6.605459101385629e-02
2 25 1.628246481644913e+02 6.015948337260217e-15 6.479905383893791e-02
0 11 1.663254987350480e+02 1.979927673509637e-17 4.858174964488994e-02
1 28 1.683683075811250e+02 4.681251519814368e-18 6.631253867877700e-02
2 26 1.697106087583038e+02 2.135061770195795e-15 6.457021027389891e-02
1 29 1.739585066967310e+02 4.509415767082907e-18 6.631236336598219e-02
2 27 1.766030075455756e+02 4.797840467337268e-14 6.458229428381985e-02
1 30 1.795495989682711e+02 5.983488139999814e-14 6.630941993376346e-02
0 12 1.809060059364822e+02 2.068872395909376e-17 4.858041635548355e-02
2 28 1.834942250828913e+02 5.713022236766988e-18 6.458235582174369e-02
1 31 1.851404035713597e+02 4.264514659846414e-18 6.631194660842350e-02
2 29 1.903870868706201e+02 2.262477214219930e-13 6.458376343150787e-02
1 32 1.907303073956736e+02 5.247475825066256e-18 6.631579734720290e-02
0 13 1.954875587327973e+02 2.180963750982097e-17 4.858042814868989e-02
1 33 1.963317560026434e+02 2.330290288805821e-14 6.626873198443854e-02
2 30 1.972635712604923e+02 9.124401253845003e-14 6.463460778367562e-02
1 34 2.019310880107116e+02 4.063011339674384e-18 6.626799893671415e-02
2 31 2.041417832177877e+02 4.772492862467169e-18 6.464485173028446e-02
1 35 2.075313816963649e+02 6.900313652454416e-18 6.626121413125781e-02
0 14 2.100691375553496e+02 2.443967493021052e-17 4.857756928471847e-02
2 32 2.110185404084266e+02 2.109886477771308e-17 6.464959001584247e-02
1 36 2.131319383416949e+02 2.048089407892851e-15 6.626344237840448e-02
2 33 2.178964570718356e+02 1.544618205540346e-13 6.464525539802313e-02
1 37 2.187315726901608e+02 4.092945079438446e-18 6.627143480096512e-02
0 15 2.246501304538037e+02 2.581899303456281e-17 4.857972535004908e-02
1 38 2.243328791303343e+02 1.553695739685331e-17 6.622485382665325e-02
2 34 2.247727115586751e+02 6.392628252257388e-14 6.469442096619986e-02
1 39 2.299296833287102e+02 1.846587882685846e-16 6.623486062941231e-02
2 35 2.316558442002287e+02 7.135487892009033e-17 6.468504314487658e-02
1 40 2.355266850115988e+02 6.763391102740377e-18 6.622663393581482e-02
2 36 2.385377426982751e+02 6.612476068392229e-15 6.468748360763688e-02
0 16 2.392307688339186e+02 2.770141819845515e-17 4.857917817654156e-02
1 41 2.411243959715359e+02 7.193172801502908e-17 6.622788610947075e-02
2 37 2.454199347200578e+02 3.987211452643971e-14 6.468046947384604e-02
1 42 2.467214368355431e+02 2.328335643832193e-17 6.623722528558611e-02
1 43 2.523179290706827e+02 4.131677190912814e-18 6.622831141457861e-02
2 38 2.523035444759064e+02 4.318831092457425e-18 6.467407968519635e-02
0 17 2.538105129569423e+02 3.037050741351345e-17 4.858084935093458e-02
1 44 2.577947006673170e+02 6.025595635314871e-18 6.735286250633610e-02
2 39 2.594112937346716e+02 3.623321797872719e-15 6.350188886727169e-02
1 45 2.632446688256139e+02 2.552283905069614e-17 6.734706277034155e-02
2 40 2.665474430196844e+02 4.994132528983561e-18 6.349473207643022e-02
0 18 2.683898344976330e+02 3.436953717313708e-17 4.858653149323527e-02
1 46 2.686951689706092e+02 4.577925180956495e-14 6.734998606874348e-02
2 41 2.736841617083936e+02 4.075163406096888e-15 6.348570414900520e-02
1 47 2.741446941521412e+02 5.175536687333472e-18 6.735476103979136e-02
1 48 2.796000316480987e+02 2.369965064510469e-15 6.731691061572209e-02
2 42 2.808125793729978e+02 4.515163828716558e-18 6.350920606843026e-02
0 19 2.829691168031961e+02 3.946522377909327e-17 4.858759725244156e-02
1 49 2.850550134970942e+02 4.266158947451812e-18 6.731281709452087e-02
2 43 2.879400683852296e+02 5.199834701488398e-18 6.351353198303417e-02
1 50 2.905108408683142e+02 5.481238328627631e-18 6.731749192504984e-02
2 44 2.950677850221621e+02 4.858618165074598e-18 6.349953264035496e-02
1 51 2.959659871957882e+02 1.949748530416543e-16 6.732115336750927e-02
0 20 2.975482895754481e+02 4.425918621886846e-17 4.859036033722476e-02
1 52 3.014220410419828e+02 2.408976424871124e-17 6.729551331446873e-02
2 45 3.021941504089701e+02 6.734229365076084e-18 6.352144564125607e-02
1 53 3.068770473369692e+02 4.561216753425425e-18 6.729597759902196e-02
2 46 3.093224374146392e+02 1.350022664412670e-13 6.351819337705077e-02
0 21 3.121281866622362e+02 4.713216892739053e-17 4.859327592289953e-02
1 54 3.123326132960887e+02 4.714358203821582e-16 6.729444138761263e-02
2 47 3.164489893638417e+02 4.567478164711454e-18 6.351662249035492e-02
1 55 3.177879690266466e+02 6.222084245078229e-18 6.729800002310242e-02
1 56 3.232429575975552e+02 6.496219745069538e-15 6.727401167442518e-02
2 48 3.235769441145083e+02 2.785916046033955e-15 6.353473271935572e-02
0 22 3.267093277725043e+02 5.003277544841541e-17 4.858999058950201e-02
1 57 3.286930252846149e+02 2.798388094404506e-15 6.729688699442374e-02
2 49 3.307131544585504e+02 5.634776844391348e-18 6.351878476018678e-02
1 58 3.341428058336411e+02 1.402417872472697e-14 6.729714131361492e-02
2 50 3.378488170845570e+02 6.084417398844851e-15 6.352314616121457e-02
1 59 3.395928115117055e+02 1.293988674760762e-14 6.729898207167144e-02
0 23 3.412915129842247e+02 5.120033520801906e-17 4.858729898224168e-02
1 60 3.450419203643740e+02 7.485216177608179e-18 6.730281903104704e-02
2 51 3.449851036720487e+02 6.138822154457525e-18 6.351476671388928e-02
1 61 3.505017753374652e+02 3.166311412433740e-15 6.762146242888141e-02
2 52 3.521325286599434e+02 4.894047375551909e-18 6.314234405075413e-02
0 24 3.558752036114525e+02 4.995603088016876e-17 4.858614815009375e-02
1 62 3.559517306522935e+02 3.824770063840659e-18 6.761705513350497e-02
2 53 3.592894673986832e+02 5.391712785724434e-16 6.314845268026249e-02
1 63 3.614022462220697e+02 9.428538828208108e-17 6.761771196637671e-02
