2 0 2.303987229212664e+00 4.277213538003193e-18 6.637015250889571e-02
1 0 2.602433848578229e+00 6.403796552280291e-18 6.593446696297599e-02
0 0 5.895906627461940e+00 9.293877643041754e-18 5.063419403465707e-02
2 1 8.126102556120278e+00 4.837828384283603e-18 6.639176060282623e-02
1 1 9.117619553707742e+00 6.752172053388729e-18 6.591875412797656e-02
2 2 1.394694754438714e+01 5.209717585791635e-18 6.639385581355349e-02
1 2 1.563366411771694e+01 9.467123808143984e-18 6.592655109511628e-02
2 3 1.976890883320564e+01 5.466790527446596e-18 6.638734501267783e-02
0 1 2.047557884555403e+01 8.703348014142905e-18 5.063706965978584e-02
1 3 2.214782632037600e+01 4.639460309582467e-18 6.593419097827258e-02
2 4 2.559209874031523e+01 4.461306338154725e-18 6.638155414866855e-02
1 4 2.866085348512716e+01 5.608415590091325e-18 6.594237523258266e-02
2 5 3.141576344275102e+01 4.075358564860208e-18 6.637979826725794e-02
0 2 3.505562871948425e+01 8.443786495722786e-18 5.063379530942475e-02
1 5 3.517404114059708e+01 1.147943246023141e-16 6.594097075372138e-02
2 6 3.723865784786072e+01 4.350425424816281e-18 6.638529572237739e-02
1 6 4.168868820951061e+01 1.535757479480204e-14 6.593438973838328e-02
2 7 4.306023694208444e+01 4.219180201648750e-18 6.639568517854010e-02
1 7 4.820477695676816e+01 5.356584780656766e-18 6.592754905156684e-02
2 8 4.888086025258755e+01 4.131640136259417e-18 6.639504951810150e-02
0 3 4.963541918275108e+01 9.943637243044506e-18 5.063685437499699e-02
1 8 5.471564998844252e+01 4.528491879803892e-18 6.610839695400560e-02
2 9 5.470740586382241e+01 4.010738335625782e-18 6.618604377550948e-02
2 10 6.081182841900793e+01 1.058050147196108e-17 7.274666422676494e-02
1 9 6.115085153950293e+01 1.394554391528453e-14 5.993487866116708e-02
0 4 6.421549955039671e+01 9.485777255149425e-18 5.063224484225472e-02
2 11 6.681356509418193e+01 1.414455345095252e-14 7.154922207931051e-02
1 10 6.769529242911661e+01 1.090073207222528e-14 6.101462076096943e-02
2 12 7.293818109688308e+01 1.340145806783434e-17 7.160106269958384e-02
1 11 7.413870303936152e+01 1.647577470375867e-16 6.097309668446079e-02
0 5 7.879550753067885e+01 9.578933952466474e-18 5.063377052275134e-02
2 13 7.905769695827482e+01 6.151025873444213e-18 7.160869426771133e-02
1 12 8.058569900519954e+01 5.654791361735843e-18 6.096784537803341e-02
2 14 8.517679525084515e+01 1.803578883722546e-13 7.160534286389657e-02
1 13 8.703259770175933e+01 5.461954518341599e-16 6.097303572318360e-02
2 15 9.129696542818223e+01 1.573894198509179e-13 7.159598691983116e-02
0 6 9.337585902332958e+01 9.764244221020177e-18 5.063238924351691e-02
1 14 9.347814511365412e+01 1.224391034262306e-13 6.097855546412071e-02
2 16 9.741876075166235e+01 1.725595491528465e-15 7.158726108812877e-02
1 15 9.992225162723321e+01 4.825519627556492e-18 6.098297064569722e-02
2 17 1.035423704015971e+02 1.562749496554598e-17 7.157777424587311e-02
1 16 1.063650174179565e+02 4.045945522964059e-14 6.098085927694914e-02
0 7 1.079544114678834e+02 1.024140330621533e-17 5.063672795663322e-02
2 18 1.096671683299741e+02 4.281196367861515e-18 7.157535999943503e-02
1 17 1.128063672494008e+02 1.016547504012032e-15 6.098193264681113e-02
2 19 1.157927172400502e+02 1.485521428399257e-13 7.158292255284146e-02
1 18 1.192472259425825e+02 1.142073447889471e-13 6.098192417858505e-02
2 20 1.219182868132874e+02 2.266834029653391e-13 7.158390156186813e-02
0 8 1.225343828827559e+02 1.111540375428246e-17 5.063127436829622e-02
1 19 1.256880198480682e+02 2.923471568047533e-16 6.098102021713493e-02
2 21 1.280434140196771e+02 1.461969183967444e-15 7.158368752580897e-02
1 20 1.321295691186718e+02 2.217222979008219e-13 6.098074353235194e-02
2 22 1.341676782044092e+02 1.411672521936997e-17 7.158298448622007e-02
0 9 1.371154253980995e+02 1.128069936756833e-17 5.063245222464253e-02
1 21 1.385723491436009e+02 4.468768598350425e-18 6.097891302859652e-02
2 23 1.402907021559358e+02 8.734543400221166e-18 7.158754124941098e-02
1 22 1.450169011369761e+02 5.201682880400201e-14 6.097801260140167e-02
2 24 1.464125577432783e+02 1.238299697197027e-13 7.159577593488912e-02
0 10 1.516943795767314e+02 1.121456881694065e-17 5.063479913380926e-02
1 23 1.514630098465103e+02 2.156632248097292e-15 6.097267042727907e-02
2 25 1.525326587316375e+02 5.969371388687063e-18 7.160428694706014e-02
1 24 1.579102659251068e+02 7.872338733873858e-15 6.096774581609942e-02
2 26 1.586516627837201e+02 1.694037344666299e-16 7.161367386031345e-02
1 25 1.643571991705362e+02 4.794794905554707e-17 6.096120466181282e-02
2 27 1.647713152683723e+02 5.846847303510030e-16 7.161550854345163e-02
0 11 1.662736064041966e+02 1.119138790301682e-17 5.063384763128803e-02
1 26 1.707974039177778e+02 1.000812338534422e-13 6.096190447188016e-02
2 28 1.708976090737589e+02 6.713710009239471e-17 7.161505520733530e-02
1 27 1.773866612279847e+02 4.695224915864543e-14 6.128130125996126e-02
2 29 1.768836226996935e+02 3.284024997774857e-16 7.129439944441701e-02
0 12 1.808539105625822e+02 1.081788269638395e-17 5.063142458203959e-02
2 30 1.825482872878840e+02 1.724558829693523e-14 7.824466119654523e-02
1 28 1.847325806584814e+02 6.480657625059204e-15 5.520077071451646e-02
2 31 1.882228623205470e+02 3.314285335845169e-17 7.824810895622999e-02
1 29 1.921800773948949e+02 5.576679038701648e-18 5.520730800828491e-02
2 32 1.938979333339973e+02 1.325953356046441e-17 7.825027124260200e-02
0 13 1.954360980039628e+02 1.124968460980843e-17 5.062549191034059e-02
1 30 1.996284525893952e+02 9.913869237442580e-15 5.520417070252226e-02
2 33 1.995719674972025e+02 1.473792441266871e-14 7.825178846286643e-02
2 34 2.052444699787193e+02 4.092089366737829e-18 7.818057304203788e-02
1 31 2.070788778131758e+02 1.259187187176555e-14 5.526619293073184e-02
0 14 2.100188209379716e+02 1.056730870882091e-17 5.062526642585489e-02
2 35 2.109204906449771e+02 6.906137910912989e-15 7.817513061638237e-02
1 32 2.145236417558845e+02 1.354540657031825e-13 5.527115599405049e-02
2 36 2.165971803649419e+02 7.300973696424058e-15 7.817974165720917e-02
1 33 2.219688209606001e+02 2.332516511653294e-16 5.526792820657739e-02
2 37 2.222727804343752e+02 9.482223506547491e-16 7.818360804092278e-02
0 15 2.246035675966902e+02 1.111542498391054e-17 5.061885423849092e-02
2 38 2.279326088975839e+02 5.997780858844605e-18 7.814444753786419e-02
1 34 2.294379982580834e+02 7.741931515752738e-18 5.531305348635732e-02
2 39 2.335950754656090e+02 9.887432754376407e-15 7.813878908524009e-02
1 35 2.369030375463427e+02 8.652369428145638e-16 5.531731161141285e-02
0 16 2.391884778420844e+02 1.069121882287704e-17 5.061784627522475e-02
2 40 2.392581524552333e+02 6.057624500390279e-17 7.813982411135613e-02
1 36 2.443673767931892e+02 5.578572182478711e-18 5.531249469102525e-02
2 41 2.449202600271536e+02 4.624575341047868e-18 7.814453171861449e-02
2 42 2.505898421379045e+02 9.143329454961265e-16 7.811489447994549e-02
1 37 2.518209391901893e+02 5.820680855711620e-15 5.533415618178709e-02
0 17 2.537762174909989e+02 1.055890738446428e-17 5.061382921939805e-02
2 43 2.562602734852291e+02 3.931632415495885e-13 7.811272853013683e-02
1 38 2.592720246218089e+02 1.662996167455507e-14 5.533341217126003e-02
2 44 2.619315520096770e+02 2.649847929076381e-13 7.812085148611089e-02
1 39 2.667229643890794e+02 1.747581173044006e-14 5.532572641582077e-02
2 45 2.676020342915101e+02 5.485688745826973e-12 7.812661801094999e-02
0 18 2.683657130246093e+02 1.008846635665106e-17 5.061153290763055e-02
2 46 2.732734777517440e+02 4.479771572794394e-16 7.811901183293772e-02
1 40 2.741713526770160e+02 5.112181451410956e-18 5.532975107445196e-02
2 47 2.789447342139131e+02 4.398840374828463e-14 7.812531146532924e-02
1 41 2.816212941591457e+02 7.840316810677342e-14 5.530914540710601e-02
0 19 2.829587988633801e+02 9.267547598312835e-18 5.061651191430350e-02
2 48 2.846156702920433e+02 1.135550084702690e-13 7.812231342782862e-02
1 42 2.890691458806622e+02 7.172600098336873e-17 5.530675067513744e-02
2 49 2.902865247930263e+02 2.504158630771951e-16 7.813576255436439e-02
2 50 2.959566756755425e+02 1.243465296250635e-13 7.813510154764132e-02
1 43 2.965183016417066e+02 6.541737270027988e-18 5.529301010883845e-02
0 20 2.975558919840314e+02 8.472388627480163e-18 5.062298879540192e-02
2 51 3.016241824246645e+02 2.552856777563094e-16 7.821289912107725e-02
1 44 3.039733752510339e+02 2.740446267743829e-16 5.522414439525208e-02
2 52 3.072868119625786e+02 1.280714576881144e-17 7.820237705265776e-02
1 45 3.114322966277163e+02 5.212671016065727e-18 5.520777482742116e-02
0 21 3.121560898735355e+02 8.740253624207444e-18 5.063985864137842e-02
2 53 3.129498947804734e+02 4.528211502206182e-18 7.820691849977765e-02
1 46 3.188908677411476e+02 1.513506099388835e-14 5.520309474537178e-02
2 54 3.186117510322955e+02 9.669229236840491e-18 7.821226460266120e-02
2 55 3.242746781075795e+02 4.633719291686653e-14 7.803165985482215e-02
0 22 3.267595926529875e+02 7.831122024962141e-18 5.064764487181410e-02
1 47 3.263441535828459e+02 5.574247213606983e-18 5.534070697108193e-02
2 56 3.299475427657168e+02 5.255414576346501e-17 7.802366301230704e-02
1 48 3.337856690933845e+02 3.528660409785445e-15 5.534207714755962e-02
2 57 3.356216711094385e+02 2.020534876365104e-15 7.802742886592738e-02
0 23 3.413610979186022e+02 7.286062367621003e-18 5.065305397744278e-02
1 49 3.412282729792552e+02 1.050682415852214e-14 5.533033205404045e-02
2 58 3.412943570340261e+02 4.389552743454685e-15 7.803329233768010e-02
2 59 3.469630633539168e+02 1.585269125535746e-15 7.798692575686872e-02
1 50 3.486777507624458e+02 5.738368037136886e-18 5.537226225448619e-02
2 60 3.526341856650357e+02 6.515695452433161e-18 7.797604946805509e-02
0 24 3.559603273665234e+02 8.009790998908794e-18 5.065111756170682e-02
1 51 3.561232117860387e+02 9.091449904987201e-16 5.537600640632737e-02
2 61 3.583063966761920e+02 6.300506992669255e-16 7.797646760607974e-02
1 52 3.635703878266536e+02 1.813472002072500e-13 5.537165566608990e-02
2 62 3.639778232199572e+02 5.330768744949117e-18 7.799327236603577e-02
