0 0 4.054705163342240e+00 4.879775142974128e-18 6.686159100136997e-02
0 1 9.900512973935747e+00 4.325414428443302e-18 6.686296229942673e-02
1 0 1.019825039195702e+01 7.114244708527955e-18 4.801566616378471e-02
0 2 1.574631553344753e+01 4.657461420095215e-18 6.686050099783594e-02
0 3 2.159230308567015e+01 4.553754809035759e-18 6.685571734390593e-02
1 1 2.478181186982279e+01 6.808885790396330e-18 4.801448286475275e-02
0 4 2.743825724146799e+01 4.661850720837128e-18 6.685606219998189e-02
0 5 3.328424927501159e+01 5.473677809271407e-18 6.686174655533683e-02
0 6 3.913005980925506e+01 4.667482213618431e-18 6.686329597159568e-02
1 2 3.936526091270260e+01 6.798295489190107e-18 4.801553340038781e-02
0 7 4.497585900131243e+01 5.681731028798702e-18 6.686092863130630e-02
0 8 5.082183789785418e+01 4.112324961697874e-18 6.685604345122942e-02
1 3 5.394883333170265e+01 2.068410340278344e-16 4.801436458612300e-02
0 9 5.666779123918692e+01 4.932287394560466e-18 6.685627717702759e-02
0 10 6.251379173609303e+01 4.680867838825462e-18 6.686190344545132e-02
0 11 6.835960519846701e+01 3.968356883793135e-18 6.686362012931821e-02
1 4 6.853227352418453e+01 1.231944928181675e-17 4.801540789229013e-02
0 12 7.420540120956707e+01 4.507442108378131e-18 6.686136022376625e-02
0 13 8.005137139346951e+01 4.955843292498894e-18 6.685638786729828e-02
1 5 8.311585675336254e+01 2.492776755973102e-14 4.801424021185128e-02
0 14 8.589732370152697e+01 3.971498274215863e-18 6.685651026120069e-02
0 15 9.174333250015258e+01 4.260461840139172e-18 6.686206098362094e-02
0 16 9.758914908556889e+01 3.865179721594457e-18 6.686393344405336e-02
1 6 9.769928832637130e+01 6.812657482147451e-18 4.801529239590360e-02
0 17 1.034349421236307e+02 3.866797768090428e-18 6.686179464370828e-02
0 18 1.092809035687108e+02 4.380268514758050e-18 6.685674950621678e-02
1 7 1.122828821146970e+02 6.869895181208793e-18 4.801411063672775e-02
0 19 1.151268546331511e+02 4.669861684148640e-18 6.685676049812367e-02
0 20 1.209728715474056e+02 4.276840922777694e-18 6.686221838564516e-02
0 21 1.268186914407903e+02 4.998821928106295e-18 6.686423460633641e-02
1 8 1.268663053911031e+02 6.764959647895828e-18 4.801518956428796e-02
0 22 1.326644817352519e+02 4.537803044172565e-18 6.686223065528489e-02
0 23 1.385104344456620e+02 3.980114668750894e-18 6.685712713705284e-02
1 9 1.414499093546182e+02 6.760789445568094e-18 4.801398698833726e-02
0 24 1.443563840650723e+02 4.872478384268695e-18 6.685702678727569e-02
0 25 1.502024088847978e+02 4.544267338013851e-18 6.686237478994761e-02
0 26 1.560482322606554e+02 3.875474786533488e-18 6.686452235481513e-02
1 10 1.560333247127075e+02 6.761177890817064e-18 4.801508281380534e-02
0 27 1.618940200623506e+02 3.665161526166730e-18 6.686266693677179e-02
0 28 1.677399640719659e+02 4.305668702857444e-18 6.685751940414211e-02
1 11 1.706169384229239e+02 6.799092605815659e-18 4.801387424190480e-02
0 29 1.735859120542100e+02 4.308394501836139e-18 6.685730790254277e-02
0 30 1.794319445456202e+02 3.985784510355771e-18 6.686252927792202e-02
0 31 1.852777715676141e+02 5.054593885451540e-18 6.686479550290346e-02
1 12 1.852003462094573e+02 9.494231299977076e-16 4.801499135750047e-02
0 32 1.911235571484382e+02 4.253573951094587e-18 6.686310210063014e-02
0 33 1.969694925200968e+02 4.132383944741886e-18 6.685792484899736e-02
1 13 1.997839692150174e+02 6.989548154274974e-18 4.801375937783272e-02
0 34 2.028154386825689e+02 3.664875194507368e-18 6.685760251437388e-02
0 35 2.086614785887709e+02 4.238679544896485e-18 6.686268089545058e-02
1 14 2.143673698523227e+02 1.085234785949372e-14 4.801491681550979e-02
0 36 2.145073094093451e+02 4.330394970773185e-18 6.686505296207891e-02
0 37 2.203530930617194e+02 3.822256367295872e-18 6.686353471472202e-02
0 38 2.261990198863316e+02 3.727995745023733e-18 6.685834193341407e-02
1 15 2.289510015697723e+02 6.985185423386571e-18 4.801364347931489e-02
0 39 2.320449640561226e+02 4.102716325350521e-18 6.685790921314166e-02
0 40 2.378910110977241e+02 4.016297313611609e-18 6.686282867522253e-02
1 16 2.435343955734608e+02 6.793173546122927e-18 4.801485872113422e-02
0 41 2.437368458577688e+02 3.804049288716678e-18 6.686529376128440e-02
0 42 2.495826278938997e+02 3.827735361641922e-18 6.686396332433658e-02
0 43 2.554285462894302e+02 4.268549545438848e-18 6.685876906344602e-02
1 17 2.581180352956786e+02 6.761709444525906e-18 4.801352762762338e-02
0 44 2.612744883033898e+02 3.808115421897273e-18 6.685822653338584e-02
0 45 2.671205421791699e+02 4.359085642443789e-18 6.686297165954881e-02
1 18 2.727014232543585e+02 6.901387116270278e-18 4.801480443656162e-02
0 46 2.729663810077068e+02 3.831501861347098e-18 6.686551706235214e-02
0 47 2.788121617586274e+02 4.836961977767094e-18 6.686438647475464e-02
0 48 2.846580718689376e+02 3.834561798648944e-18 6.685920461393480e-02
1 19 2.872850700562407e+02 6.760894567244998e-18 4.801343123625524e-02
0 49 2.905040115736110e+02 3.666126216853981e-18 6.685855297863109e-02
0 50 2.963500719612240e+02 3.767768087088565e-18 6.686310892335039e-02
1 20 3.018684526349622e+02 6.864021063935602e-18 4.801473749328186e-02
0 51 3.021959149750761e+02 3.666266360626748e-18 6.686572217171845e-02
0 52 3.080416947894607e+02 5.721673805659545e-18 6.686480273405786e-02
0 53 3.138875967830035e+02 3.663163736477680e-18 6.685964695322721e-02
1 21 3.164521057546224e+02 3.323379971146842e-15 4.801334098120501e-02
0 54 3.197335340344277e+02 4.495254408290976e-18 6.685888704641689e-02
0 55 3.255796005911217e+02 4.134941416495788e-18 6.686323959692088e-02
1 22 3.310354834953926e+02 6.872369820803510e-18 4.801467942955671e-02
0 56 3.314254478945477e+02 3.646090519338109e-18 6.686590854890215e-02
0 57 3.372712271373080e+02 4.011803344160075e-18 6.686521071579687e-02
0 58 3.431171212056840e+02 4.341084829122301e-18 6.686009446761737e-02
1 23 3.456191421582988e+02 3.924987682265112e-15 4.801325404637211e-02
0 59 3.489630558690548e+02 3.662702213919211e-18 6.685922725308503e-02
0 60 3.548091282324153e+02 4.153326778837127e-18 6.686336288798778e-02
1 24 3.602025156144223e+02 6.831464549830247e-18 4.801462951876059e-02
0 61 3.606549799167154e+02 4.692161598629964e-18 6.686607581231226e-02
