0 0 2.773066237097956e-01 3.750574906456387e-18 6.827769933433109e-02
1 0 5.163985251958576e-01 5.094538075759893e-18 5.599207259264107e-02
0 1 5.320254399997046e+00 4.113578934108871e-18 6.827459476376321e-02
1 1 9.414984608975043e+00 5.175553374440476e-18 5.599507708339116e-02
0 2 1.036332956311144e+01 4.152528181720375e-18 6.827875381613749e-02
0 3 1.540663375336536e+01 3.795704469922716e-18 6.829653868390506e-02
1 2 1.831347269926571e+01 1.194245319984240e-16 5.598510673754855e-02
0 4 2.044982355139147e+01 3.699745300624605e-18 6.829775968256233e-02
0 5 2.549359417397035e+01 3.700185141246366e-18 6.828974909975687e-02
1 3 2.721138935296366e+01 5.111941779755815e-18 5.599020749910764e-02
0 6 3.053681494375267e+01 3.738113285301379e-18 6.828710803431425e-02
0 7 3.557987607433459e+01 3.670537731851416e-18 6.827743083376490e-02
1 4 3.611000282304270e+01 5.212641626843026e-18 5.599390064806860e-02
0 8 4.062288070784843e+01 4.369229550993061e-18 6.827326530159392e-02
1 5 4.500850816303366e+01 6.218232702996255e-18 5.599459227548378e-02
0 9 4.566591542178573e+01 4.052515894370364e-18 6.827758778992511e-02
0 10 5.070900980091595e+01 4.242798080283265e-18 6.829152461368314e-02
1 6 5.390720435662848e+01 5.162906240444865e-18 5.598782886038903e-02
0 11 5.575217847614798e+01 4.245063462941147e-18 6.829366965016104e-02
0 12 6.079601583445769e+01 4.406885274202242e-18 6.829487996084806e-02
1 7 6.280503172339517e+01 5.130915360261907e-18 5.598727262538714e-02
0 13 6.583925126045368e+01 4.025136552491037e-18 6.829310518547339e-02
0 14 7.088245000660530e+01 4.027017350352013e-18 6.827854282810444e-02
1 8 7.170355885038407e+01 5.481651248491351e-18 5.599460302723373e-02
0 15 7.592552112286278e+01 4.241866903114532e-18 6.827427184604112e-02
1 9 8.060204918686719e+01 2.336871572731033e-16 5.599277868684845e-02
0 16 8.096851813224306e+01 4.808020402787189e-18 6.827815801457546e-02
0 17 8.601148348111585e+01 4.518830790788091e-18 6.828550387813619e-02
1 10 8.950081498190785e+01 5.112237864754578e-18 5.599093982459410e-02
0 18 9.105462905427204e+01 4.975609390365144e-18 6.828847334321958e-02
0 19 9.609839308109063e+01 4.994752180011584e-18 6.829899762938831e-02
1 11 9.839873598064347e+01 5.193231920495355e-18 5.598458804374263e-02
0 20 1.011416241069164e+02 5.211898070904160e-18 6.829817216571857e-02
0 21 1.061850089535099e+02 5.255200711086509e-18 6.828160705604415e-02
1 12 1.072970953109619e+02 5.367553912522508e-18 5.599388779554835e-02
0 22 1.112281423417148e+02 5.635775127855690e-18 6.827763220701175e-02
0 23 1.162711148998274e+02 5.341751457350688e-18 6.827949736824240e-02
1 13 1.161956369495033e+02 5.274093823324958e-18 5.599039580024908e-02
0 24 1.213140376215916e+02 5.948819185102774e-18 6.828030445420236e-02
1 14 1.250943457910908e+02 5.080654471145468e-18 5.599318346618694e-02
0 25 1.263571532844862e+02 6.210705090377437e-18 6.828395272492137e-02
0 26 1.314007218784454e+02 6.156191677277666e-18 6.830066468338844e-02
1 15 1.339925178915465e+02 5.174186210303387e-18 5.598321746989014e-02
0 27 1.364439352250058e+02 7.246571312694845e-18 6.830082691876722e-02
0 28 1.414875239394704e+02 6.768447748616338e-18 6.828614025913825e-02
1 16 1.428906565898191e+02 1.848909904895649e-16 5.599203303382570e-02
0 29 1.465307077696367e+02 6.641435030007686e-18 6.828270921063706e-02
0 30 1.515736911825372e+02 7.951261191609836e-18 6.827973510272969e-02
1 17 1.517892661594725e+02 5.448271050418751e-18 5.599095111092062e-02
0 31 1.566166354993219e+02 8.564620829820752e-18 6.827679873004046e-02
1 18 1.606878604352105e+02 5.275094058860410e-18 5.599410878296043e-02
0 32 1.616597139832177e+02 8.792872884524516e-18 6.828092680280037e-02
0 33 1.667030372801033e+02 9.584721554806080e-18 6.829883790674793e-02
1 19 1.695863272823633e+02 5.414107698835402e-18 5.598399951330511e-02
0 34 1.717462287777880e+02 1.029233634724511e-17 6.829998151676388e-02
0 35 1.767899891576815e+02 9.778144138554203e-18 6.829132565565484e-02
1 20 1.784842570011033e+02 5.562708750285000e-18 5.598948412237564e-02
0 36 1.818332077885510e+02 9.984382343297315e-18 6.828861971768917e-02
0 37 1.868762604100745e+02 1.125953661947314e-17 6.827941366760097e-02
1 21 1.873828739525857e+02 5.162685229788922e-18 5.599284698186668e-02
0 38 1.919192599823006e+02 1.220949740779661e-17 6.827529203682814e-02
1 22 1.962813832059208e+02 5.079600330453448e-18 5.599373040247603e-02
0 39 1.969622979887826e+02 1.342762094797766e-17 6.827961077235888e-02
0 40 2.020054065651927e+02 1.469797510149979e-17 6.829399190939435e-02
1 23 2.051800676156252e+02 7.970266084792709e-17 5.598662844314568e-02
0 41 2.070485770256950e+02 1.555280948847213e-17 6.829606566576447e-02
0 42 2.120924141571507e+02 1.444202159200017e-17 6.829649138666825e-02
1 24 2.140778955017893e+02 5.211901500814143e-18 5.598656069280279e-02
0 43 2.171356489761316e+02 1.518665598264858e-17 6.829464287465083e-02
0 44 2.221788344593103e+02 1.648399852183715e-17 6.828037580353963e-02
1 25 2.229764332012781e+02 5.214371218320403e-18 5.599365447372185e-02
0 45 2.272219003135712e+02 1.795753263152573e-17 6.827609948775051e-02
1 26 2.318749218336538e+02 6.967842036981001e-18 5.599201839273124e-02
0 46 2.322649000388856e+02 1.975911183039459e-17 6.828005436086355e-02
0 47 2.373078725977844e+02 2.229356829259274e-17 6.828797391788259e-02
1 27 2.407736870276117e+02 6.014059738937453e-18 5.598976307377202e-02
0 48 2.423510203935581e+02 2.376237757213752e-17 6.829088156338382e-02
0 49 2.473947954618594e+02 2.264891183855922e-17 6.830074168287237e-02
1 28 2.496715936903089e+02 5.090085931886976e-18 5.598381195723335e-02
0 50 2.524380272530074e+02 2.380378635716958e-17 6.829983744264802e-02
0 51 2.574813959239410e+02 2.467045709119268e-17 6.828329122986776e-02
1 29 2.585699692676325e+02 5.221451577394840e-18 5.599304674784875e-02
0 52 2.625245246890258e+02 3.714946356979817e-18 6.827928423727997e-02
0 53 2.675674982290356e+02 3.630055458263670e-18 6.828141705908793e-02
1 30 2.674685049423760e+02 1.369705407153524e-16 5.598958014840753e-02
0 54 2.726104217660967e+02 3.550851407450965e-18 6.828266468097942e-02
1 31 2.763672215223142e+02 5.111090244161513e-18 5.599210093619467e-02
0 55 2.776535403031766e+02 3.541261367384040e-18 6.828626414667077e-02
0 56 2.826971273799494e+02 3.528153749978956e-18 6.830265624111487e-02
1 32 2.852653703778998e+02 5.080294443223538e-18 5.598229774495049e-02
0 57 2.877403422491295e+02 3.511582178266359e-18 6.830273835722524e-02
0 58 2.927839150933443e+02 3.523655909807298e-18 6.828773662946169e-02
1 33 2.941635274478389e+02 9.512503150693662e-18 5.599126673412273e-02
0 59 2.978270953564823e+02 3.497788847458853e-18 6.828425474053415e-02
0 60 3.028700758871313e+02 3.521380874397469e-18 6.828176019400216e-02
1 34 3.030621333522826e+02 5.093653251720163e-18 5.598983481471088e-02
0 61 3.079130169923914e+02 3.462544464526129e-18 6.827900869565592e-02
1 35 3.119607360240648e+02 5.084091530888861e-18 5.599313926223354e-02
0 62 3.129560988034688e+02 3.489119215169958e-18 6.828310633535942e-02
0 63 3.179994413902828e+02 3.456789667867191e-18 6.830111028816833e-02
1 36 3.208591811285406e+02 5.171470191338377e-18 5.598290673272138e-02
0 64 3.230426345622145e+02 3.489331799979639e-18 6.830217597436040e-02
0 65 3.280863840736612e+02 3.497813551980543e-18 6.829289480900050e-02
1 37 3.297571246819944e+02 7.640554415308860e-16 5.598876265275896e-02
0 66 3.331296004455514e+02 3.450713884067287e-18 6.829012487884206e-02
0 67 3.381726449148267e+02 3.491711128624075e-18 6.828140544266351e-02
1 38 3.386557445591404e+02 5.096147004177154e-18 5.599176828450136e-02
0 68 3.432156395765486e+02 3.500839531288726e-18 6.827732742043088e-02
1 39 3.475542580791964e+02 5.190051855308359e-18 5.599286842486012e-02
0 69 3.482586809677086e+02 3.499455765685932e-18 6.828164643423228e-02
0 70 3.533018041853628e+02 3.468515876603068e-18 6.829644473785765e-02
1 40 3.564529298125819e+02 8.890977392561198e-18 5.598543418635814e-02
0 71 3.583449763872578e+02 3.448146733247335e-18 6.829844634946125e-02
0 72 3.633888123957695e+02 3.504138279854778e-18 6.829808924563431e-02
