0 0 4.160410456181477e+00 4.074844809446956e-18 6.363413126433801e-02
0 1 1.000631075945001e+01 4.149619391423450e-18 6.363435252464480e-02
1 0 1.032573934871804e+01 6.849963314918737e-18 4.896395232940958e-02
0 2 1.585224622452156e+01 4.383539665957125e-18 6.363175710534662e-02
0 3 2.169833545178559e+01 3.834987820200147e-18 6.362877571333155e-02
1 1 2.490893910773275e+01 6.637642008481363e-18 4.896176559667014e-02
0 4 2.754432631991873e+01 3.846947916294477e-18 6.362944431661070e-02
0 5 3.339033826924741e+01 4.665016990223453e-18 6.363352623299851e-02
0 6 3.923623320892618e+01 5.141979616423115e-18 6.363401650754839e-02
1 2 3.949229478536584e+01 6.629827985203319e-18 4.896402583861371e-02
0 7 4.508216394410474e+01 3.922287712921762e-18 6.363152302714092e-02
0 8 5.092825032727511e+01 4.145390198442144e-18 6.362839708215541e-02
1 3 5.407549470528930e+01 6.627497584396448e-18 4.896186300574374e-02
0 9 5.677424129337456e+01 4.144708295085406e-18 6.362895413113799e-02
0 10 6.262025373344148e+01 4.143969932014588e-18 6.363294881370425e-02
0 11 6.846614403120277e+01 4.142917588507612e-18 6.363369795988000e-02
1 4 6.865886945830462e+01 6.664628060297241e-18 4.896406687620106e-02
0 12 7.431207057072764e+01 4.360477404204520e-18 6.363132479272766e-02
0 13 8.015815429029921e+01 3.835565076032271e-18 6.362805861450892e-02
1 5 8.324206857640765e+01 6.626469992648105e-18 4.896196078362230e-02
0 14 8.600414556943377e+01 3.921449369474092e-18 6.362850315482496e-02
0 15 9.185015884208720e+01 3.844580562831460e-18 6.363240299997047e-02
0 16 9.769604526144482e+01 3.920899437179237e-18 6.363339886191345e-02
1 6 9.782545986087271e+01 3.259309500448408e-14 4.896408294423839e-02
0 17 1.035419681939832e+02 3.920770174617012e-18 6.363116480408015e-02
0 18 1.093880494594427e+02 4.055071286368180e-18 6.362776305078950e-02
1 7 1.124086569839105e+02 1.382852298437223e-17 4.896203193237937e-02
0 19 1.152340412948104e+02 3.920697039446376e-18 6.362809425636735e-02
0 20 1.210800557773346e+02 3.758900335612365e-18 6.363189212750454e-02
0 21 1.269259391133112e+02 3.920138008783277e-18 6.363312076031638e-02
1 8 1.269920622764645e+02 1.681082534987783e-15 4.896409136524906e-02
0 22 1.327718590739871e+02 3.758974117803782e-18 6.363104475714199e-02
0 23 1.386179381164554e+02 3.920102104793796e-18 6.362751244176591e-02
1 9 1.415752560898964e+02 6.626442313995205e-18 4.896207488009924e-02
0 24 1.444639307722239e+02 4.354548867500413e-18 6.362772961493258e-02
0 25 1.503099468696675e+02 3.919632524915950e-18 6.363141882234924e-02
0 26 1.561558279381216e+02 4.132570928159451e-18 6.363286476658635e-02
1 10 1.561586728354587e+02 6.865064368466443e-18 4.896409366963683e-02
0 27 1.620017455997771e+02 3.836238535433456e-18 6.363096560199864e-02
0 28 1.678478226642464e+02 4.140112937228258e-18 6.362730810955583e-02
1 11 1.707418618608196e+02 6.730492739272317e-18 4.896208860328025e-02
0 29 1.736938164179618e+02 4.130921978693907e-18 6.362741068161913e-02
0 30 1.795398345549780e+02 4.731787272812049e-18 6.363098496209928e-02
0 31 1.853857141817884e+02 3.836388278339705e-18 6.363263155622377e-02
1 12 1.853252875238429e+02 6.628713311385955e-18 4.896409101136763e-02
0 32 1.912316302455650e+02 4.050636747745942e-18 6.363092751646383e-02
0 33 1.970777055828558e+02 3.918549589861681e-18 6.362715062192001e-02
1 13 1.999084701653256e+02 6.661727228625023e-18 4.896208627916415e-02
0 34 2.029237007175387e+02 4.049828291450240e-18 6.362713815423547e-02
0 35 2.087697213298503e+02 4.139948719407125e-18 6.363059165084906e-02
0 36 2.146156003401190e+02 3.917824408495345e-18 6.363242136630856e-02
1 14 2.144919021365428e+02 6.637836362464973e-18 4.896406790305528e-02
0 37 2.204615155254508e+02 3.917650005607732e-18 6.363092989364534e-02
0 38 2.263075893840075e+02 4.140130499075781e-18 6.362703978038475e-02
1 15 2.290750768628048e+02 6.021750529530779e-14 4.896207032936960e-02
0 39 2.321535861800509e+02 3.839752034050752e-18 6.362691196591365e-02
0 40 2.379996097056587e+02 3.836916998375263e-18 6.363023920824427e-02
0 41 2.438454889130832e+02 4.122111755194336e-18 6.363223399045242e-02
1 16 2.436585125222463e+02 6.521499586595659e-17 4.896403481860823e-02
0 42 2.496914039472317e+02 4.775290177723445e-18 6.363097134376836e-02
0 43 2.555374765648961e+02 4.215968470773016e-18 6.362697462240600e-02
1 17 2.582416777784276e+02 5.441199090515456e-16 4.896202548019266e-02
0 44 2.613834752919013e+02 4.120462048815044e-18 6.362673128777102e-02
0 45 2.672295021621864e+02 3.916585679702201e-18 6.362992717272377e-02
1 18 2.728251146334000e+02 6.963074387939160e-18 4.896399010582515e-02
0 46 2.730753823587654e+02 3.916281410968408e-18 6.363206877152715e-02
0 47 2.789212979660792e+02 4.039348980240542e-18 6.363104971020668e-02
0 48 2.847673695620150e+02 4.482137640085291e-18 6.362695343746060e-02
1 19 2.874082688540337e+02 6.691056283098920e-18 4.896195299840050e-02
0 49 2.906133704707396e+02 3.837617851382019e-18 6.362659454550303e-02
0 50 2.964594011016486e+02 4.211726482333938e-18 6.362965431877317e-02
1 20 3.019917045506713e+02 6.656134089581732e-18 4.896393169826237e-02
0 51 3.023052830479032e+02 3.856796743159190e-18 6.363192459385025e-02
0 52 3.081511999390234e+02 4.010847638988469e-18 6.363116209936087e-02
0 53 3.139972707059827e+02 4.939103419123167e-18 6.362697379666106e-02
1 21 3.165748462159028e+02 6.631545080440372e-18 4.896185468103114e-02
0 54 3.198432740205893e+02 3.836638985131468e-18 6.362649944950527e-02
0 55 3.256893088041017e+02 4.473322978376615e-18 6.362941868779837e-02
1 22 3.311582785097005e+02 6.714210124798810e-18 4.896384320904509e-02
0 56 3.315351932199839e+02 4.681563756746690e-18 6.363179987743697e-02
0 57 3.373811120812247e+02 4.110871080513687e-18 6.363130492380804e-02
0 58 3.432271821783364e+02 3.933981934986453e-18 6.362703259528132e-02
1 23 3.457414061452317e+02 6.626483280360618e-18 4.896176019795663e-02
0 59 3.490731880891192e+02 3.914576030331770e-18 6.362644303790976e-02
0 60 3.549192273851745e+02 4.680655237826901e-18 6.362921763205576e-02
1 24 3.603248329400271e+02 6.665878081571469e-18 4.896371317026175e-02
0 61 3.607651149417932e+02 3.854897259833107e-18 6.363169257741913e-02
