0 0 4.091810376551843e+00 4.619757777864068e-18 6.582204892447283e-02
0 1 9.937616284610826e+00 4.536457568385664e-18 6.582333708217665e-02
1 0 1.033013004168293e+01 3.118500818339368e-14 4.544891276516436e-02
0 2 1.578344033781441e+01 4.489139519586957e-18 6.582083719301804e-02
0 3 2.162939862835715e+01 4.455456555491810e-18 6.581521138089520e-02
1 1 2.491366185430918e+01 7.142022228723609e-18 4.544758230585628e-02
0 4 2.747532018051353e+01 4.367400361809061e-18 6.581569508287835e-02
0 5 3.332124825781267e+01 4.351660253424087e-18 6.582249370978896e-02
0 6 3.916704433333027e+01 4.287027113748234e-18 6.582390190894490e-02
1 2 3.949720798213912e+01 7.157753453604823e-18 4.544854653480777e-02
0 7 4.501285342403329e+01 4.240084058569484e-18 6.582143626979188e-02
0 8 5.085878859535355e+01 4.252468488657435e-18 6.581581070926758e-02
1 3 5.408079663523772e+01 7.132012283732214e-18 4.544712605370711e-02
0 9 5.670469739730746e+01 4.201869501716825e-18 6.581620606732504e-02
0 10 6.255062558534899e+01 4.147053510935124e-18 6.582307612420593e-02
0 11 6.839640979237087e+01 4.108389411110826e-18 6.582459708385875e-02
1 4 6.866438605773538e+01 7.220201681504227e-18 4.544805812099729e-02
0 12 7.424220180195820e+01 4.142316973688464e-18 6.582217512657398e-02
0 13 8.008811212378170e+01 4.046806751678664e-18 6.581656811068580e-02
1 5 8.324803935135853e+01 7.132046975802945e-18 4.544658211324581e-02
0 14 8.593400597214318e+01 3.998542627195299e-18 6.581687476999748e-02
0 15 9.177993259069801e+01 4.020363850240098e-18 6.582378831600760e-02
0 16 9.762570313422214e+01 4.025200714081954e-18 6.582541450820055e-02
1 6 9.783167889789713e+01 1.075636875701892e-14 4.544745301585176e-02
0 17 1.034714762018126e+02 3.989135216470674e-18 6.582304592844493e-02
0 18 1.093173602226775e+02 3.940410604943845e-18 6.581747448396438e-02
1 7 1.124154036010928e+02 4.420353177571665e-16 4.544593511855999e-02
0 19 1.151632371773742e+02 3.884745154468545e-18 6.581769220800274e-02
0 20 1.210091607382496e+02 3.850796852397720e-18 6.582462006633717e-02
0 21 1.268549160965167e+02 3.852310623385764e-18 6.582634377093680e-02
1 8 1.269990992379364e+02 4.323614418360713e-16 4.544675826191546e-02
0 22 1.327006686514365e+02 3.837827541206531e-18 6.582403847447341e-02
0 23 1.385465252236143e+02 3.872268117531000e-18 6.581851836142660e-02
1 9 1.415829009607375e+02 1.207412034230192e-14 4.544519200580383e-02
0 24 1.443923836380503e+02 3.747150791350027e-18 6.581864702519967e-02
0 25 1.502383028679259e+02 3.747770987383681e-18 6.582555900225767e-02
0 26 1.560840418192867e+02 3.760898198066275e-18 6.582737236485806e-02
1 10 1.561666576097742e+02 7.132737744175053e-18 4.544598434432438e-02
0 27 1.619297726080180e+02 3.774419619550461e-18 6.582514041105607e-02
0 28 1.677756009074191e+02 3.801926164319449e-18 6.581968614016392e-02
1 11 1.707505407110866e+02 7.163171501342732e-18 4.544436288211309e-02
0 29 1.736214394531006e+02 3.754463395754997e-18 6.581972572301131e-02
0 30 1.794673533117049e+02 3.711632601754284e-18 6.582659084789755e-02
0 31 1.853130749556290e+02 3.711446302843984e-18 6.582848593899129e-02
1 12 1.853343621712837e+02 7.133666436559978e-18 4.544514311456366e-02
0 32 1.911587830628054e+02 3.739017971406146e-18 6.582633748336450e-02
0 33 1.970045826035196e+02 3.760749994983066e-18 6.582096234881823e-02
1 13 1.999183296839237e+02 7.135625271319844e-18 4.544346734150104e-02
0 34 2.028504002887621e+02 3.660854947831963e-18 6.582091292691299e-02
0 35 2.086963079821493e+02 3.847636429036617e-18 6.582769970665714e-02
0 36 2.145420117540873e+02 3.799788845456884e-18 6.582966858017947e-02
1 14 2.145022185412893e+02 7.429742385184330e-18 4.544423050816696e-02
0 37 2.203876966172594e+02 3.880068814197945e-18 6.582761381783377e-02
0 38 2.262334672605047e+02 3.718410571794828e-18 6.582232994272287e-02
1 15 2.290862722050404e+02 3.396567505132782e-14 4.544252770434354e-02
0 39 2.320792634429837e+02 3.642130273446538e-18 6.582219168144228e-02
0 40 2.379251644318013e+02 3.641758341647109e-18 6.582886836687704e-02
0 41 2.437708501117808e+02 3.722813752423262e-18 6.583090311629435e-02
1 16 2.436702297168470e+02 4.933406381505962e-15 4.544327289349942e-02
0 42 2.496165115298482e+02 3.649421427327777e-18 6.582895222806665e-02
0 43 2.554622534872479e+02 3.642006120435914e-18 6.582377061978592e-02
1 17 2.582543699582733e+02 1.268929325143292e-17 4.544153975362791e-02
0 44 2.613080278803228e+02 3.642007095233737e-18 6.582354376612429e-02
0 45 2.671539218830874e+02 3.884460286039829e-18 6.583007862331171e-02
1 18 2.728383961552232e+02 4.283151621573569e-14 4.544228768599948e-02
0 46 2.729995895980861e+02 3.713574709546973e-18 6.583217143361401e-02
0 47 2.788452277334562e+02 3.884661922873577e-18 6.583033453645531e-02
0 48 2.846909415647076e+02 3.718308283070212e-18 6.582526514953230e-02
1 19 2.874226219905607e+02 7.142393176827469e-18 4.544051778925653e-02
0 49 2.905366942376032e+02 3.732064048895748e-18 6.582495002472960e-02
0 50 2.963825812290970e+02 3.739218917465529e-18 6.583131160711343e-02
1 20 3.020067157080040e+02 7.279967258862759e-18 4.544128880532988e-02
0 51 3.022282314493582e+02 3.659604548163882e-18 6.583345480136307e-02
0 52 3.080738468240227e+02 3.725792936123385e-18 6.583174190418654e-02
0 53 3.139195334291248e+02 3.641737957497162e-18 6.582679370816567e-02
1 21 3.165910247641793e+02 7.149253855578688e-18 4.543947655594539e-02
0 54 3.197652648011698e+02 3.635696955548363e-18 6.582639070073118e-02
0 55 3.256111450061331e+02 3.659473342943054e-18 6.583254811764151e-02
1 22 3.311751836754994e+02 7.133668052216974e-18 4.544028601482147e-02
0 56 3.314567785356798e+02 3.733355198804887e-18 6.583473419709568e-02
0 57 3.373023720214883e+02 3.729983430233603e-18 6.583315516290084e-02
0 58 3.431480326277710e+02 3.732513390399738e-18 6.582833621316737e-02
1 23 3.457595721448019e+02 7.172952124202235e-18 4.543844653140695e-02
0 59 3.489937434569691e+02 3.740576341876350e-18 6.582784577246963e-02
0 60 3.548396173393111e+02 3.659204897440731e-18 6.583376895004291e-02
1 24 3.603437928364474e+02 7.223960898200292e-18 4.543926905099041e-02
0 61 3.606852353009796e+02 3.951447136615235e-18 6.583599062725849e-02
