0 0 2.502642216595247e-01 2.296143930939178e-17 6.753721503025108e-02
1 0 6.003319612417494e-01 5.312194755449869e-18 5.789551511930344e-02
0 1 5.293014929823876e+00 2.266214638097899e-17 6.753394589024148e-02
1 1 9.499349894482686e+00 5.060798686395756e-18 5.789874759630645e-02
0 2 1.033589994321798e+01 2.208058470326106e-17 6.753811094704433e-02
0 3 1.537960481940189e+01 2.187096165559969e-17 6.755920672274687e-02
1 2 1.839718486480421e+01 4.913211946952483e-18 5.788574200082753e-02
0 4 2.042295811391837e+01 2.123629808354241e-17 6.756061646432372e-02
0 5 2.546658216994682e+01 2.062021178564590e-17 6.755344738284406e-02
1 3 2.729517090780598e+01 4.981533218382018e-18 5.789001281561230e-02
0 6 3.050999811691008e+01 2.039427059895281e-17 6.755071220299998e-02
0 7 3.555329985097045e+01 2.039862100937047e-17 6.754092209792291e-02
1 4 3.619324923335127e+01 2.140477349788947e-17 5.789405973349536e-02
0 8 4.059626423729780e+01 1.985378918326164e-17 6.753671191054245e-02
1 5 4.509179664700255e+01 4.985145331963158e-18 5.789495559995485e-02
0 9 4.563929584774934e+01 1.952549230987579e-17 6.754098463591619e-02
0 10 5.068269297761076e+01 1.964681079889702e-17 6.756245604824299e-02
1 6 5.399005166592473e+01 4.943299600565122e-18 5.788212309229598e-02
0 11 5.572593626059214e+01 1.912054486402667e-17 6.756478194860095e-02
0 12 6.076966737039453e+01 1.869463901198625e-17 6.756179798997261e-02
1 7 6.288790438199819e+01 5.369785628100134e-18 5.788474077255366e-02
0 13 6.581313563241228e+01 1.826510575081149e-17 6.756000508777972e-02
0 14 7.085652156894550e+01 1.840546678947801e-17 6.754872834966806e-02
1 8 7.178594449659082e+01 4.912042905929149e-18 5.788945505949499e-02
0 15 7.589964444564070e+01 1.785196040396567e-17 6.754435243665974e-02
1 9 8.068424018744481e+01 4.934271457944282e-18 5.788781147281912e-02
0 16 8.094275356667272e+01 1.765414275913865e-17 6.754794925715280e-02
0 17 8.598570545530751e+01 1.747629937186621e-17 6.755942674011631e-02
1 10 8.958317659774750e+01 4.971148006191138e-18 5.788338603488111e-02
0 18 9.102872297286672e+01 1.691964633149664e-17 6.756253420461644e-02
0 19 9.607246953171838e+01 1.647661511757403e-17 6.756592538363380e-02
1 11 9.848105975370194e+01 8.953056721280255e-18 5.788248752471069e-02
0 20 1.011158761571819e+02 1.612858687210804e-17 6.756516436615266e-02
0 21 1.061592654928755e+02 1.543194121656300e-17 6.755396270652034e-02
1 12 1.073792586704766e+02 5.046914546892601e-18 5.788737915885601e-02
0 22 1.112024454606298e+02 1.481131798764713e-17 6.754982856756685e-02
0 23 1.162455419398434e+02 1.492448557951355e-17 6.755007236371721e-02
1 13 1.162775933393223e+02 4.916701475423272e-18 5.788517819233480e-02
0 24 1.212882388862029e+02 1.452570009993428e-17 6.755105138189778e-02
1 14 1.251768566883190e+02 5.429826120690340e-18 5.788876756536325e-02
0 25 1.263310925876450e+02 1.366902332537154e-17 6.755477485939866e-02
0 26 1.313748537603095e+02 1.298189480722728e-17 6.756686075983397e-02
1 15 1.340747036383153e+02 5.345086806323683e-18 5.788214037407206e-02
0 27 1.364182147912291e+02 1.299191628634280e-17 6.756715826052356e-02
0 28 1.414616676298552e+02 1.270522407554966e-17 6.755720992727175e-02
1 16 1.429729217993809e+02 4.981890957404811e-18 5.788699404881939e-02
0 29 1.465049322993543e+02 1.224551068667774e-17 6.755362033935683e-02
0 30 1.515480794503543e+02 1.176549139346486e-17 6.754812798918733e-02
1 17 1.518712178871709e+02 5.037153781497795e-18 5.788862676695887e-02
0 31 1.565908162327261e+02 1.151230513470988e-17 6.754502469314672e-02
1 18 1.607702717922276e+02 7.027572467825480e-18 5.789203258738832e-02
0 32 1.616336921653174e+02 1.066167617806085e-17 6.754916587085620e-02
0 33 1.666774122043427e+02 1.073752303066052e-17 6.756974613315142e-02
1 19 1.696680923637922e+02 5.201747039523256e-18 5.787939113889450e-02
0 34 1.717207682787080e+02 9.946969949660444e-18 6.757106370626409e-02
0 35 1.767643779811678e+02 1.083612467578553e-17 6.756356975618913e-02
1 20 1.785660990711386e+02 5.000222766525616e-18 5.788375886773168e-02
0 36 1.818077831912373e+02 1.018635292884610e-17 6.756075297383003e-02
0 37 1.868510720369688e+02 1.006467083870110e-17 6.755123258650074e-02
1 21 1.874641927677744e+02 5.019219287772019e-18 5.788767951701226e-02
0 38 1.918940178476648e+02 1.009478911005998e-17 6.754706067400766e-02
1 22 1.963627766435469e+02 5.066541767344080e-18 5.788880148217015e-02
0 39 1.969370382526025e+02 8.735213514232427e-18 6.755134944681757e-02
0 40 2.019804735805119e+02 8.735575401192180e-18 6.757329281064067e-02
1 23 2.052609756735500e+02 4.917454484729811e-18 5.787555957079013e-02
0 41 2.070237323992793e+02 9.325250056756675e-18 6.757553736156531e-02
0 42 2.120674584922197e+02 8.914780924987925e-18 6.757205671256702e-02
1 24 2.141588318219956e+02 4.976043512965849e-18 5.787841265552688e-02
0 43 2.171109276970260e+02 8.156578075679480e-18 6.757017076665016e-02
0 44 2.221543097450562e+02 8.085239055747186e-18 6.755897023479369e-02
1 25 2.230568648246382e+02 5.098544825936720e-18 5.788308742404622e-02
0 45 2.271974239484797e+02 8.105364943471775e-18 6.755458683875415e-02
1 26 2.319551666099626e+02 5.212460742028219e-18 5.788165052904792e-02
0 46 2.322405320842382e+02 7.632800586564327e-18 6.755832778523545e-02
0 47 2.372835193764429e+02 7.464763759628393e-18 6.757094173878973e-02
1 27 2.408540511323859e+02 4.917528070255582e-18 5.787629180631291e-02
0 48 2.423265565985789e+02 7.179470382914079e-18 6.757398209908200e-02
0 49 2.473703030579455e+02 6.876281395254695e-18 6.757666447689541e-02
1 28 2.497519319633022e+02 5.017521583498194e-18 5.787582184416167e-02
0 50 2.524137158423416e+02 7.388759598371694e-18 6.757580454115564e-02
0 51 2.574571031720829e+02 6.544102895980743e-18 6.756454146938684e-02
1 29 2.586501190975894e+02 6.385011678224268e-14 5.788070690822752e-02
0 52 2.625002786148322e+02 6.875899633873600e-18 6.756036911545317e-02
0 53 2.675433757781650e+02 6.410269802832117e-18 6.756108473676142e-02
1 30 2.675484476212611e+02 5.003933013073019e-18 5.787830390005553e-02
0 54 2.725860827394509e+02 6.417942783599674e-18 6.756276568265274e-02
1 31 2.764477063036991e+02 5.159121338999588e-18 5.788153706800418e-02
0 55 2.776289440126882e+02 6.270902891905923e-18 6.756643982569631e-02
0 56 2.826727048763625e+02 5.493027588316434e-18 6.757767151863962e-02
1 32 2.853455597870581e+02 9.497681846399692e-18 5.787549554444914e-02
0 57 2.877160670184051e+02 5.196493005622147e-18 6.757787021069232e-02
0 58 2.927595086511856e+02 5.342538813314716e-18 6.756774194325366e-02
1 33 2.942437882953235e+02 5.216838789316100e-18 5.788037443007064e-02
0 59 2.978027625085510e+02 6.441534798263374e-18 6.756408998173144e-02
0 60 3.028459000056877e+02 5.235269057899834e-18 6.755912126220502e-02
1 34 3.031420966059158e+02 4.935751503327777e-18 5.788168116781602e-02
0 61 3.078886241545642e+02 5.072023358543665e-18 6.755620850226261e-02
1 35 3.120411845936409e+02 5.016624212329543e-18 5.788524411084268e-02
0 62 3.129314919325594e+02 4.994981106969499e-18 6.756032267989451e-02
0 63 3.179752250783534e+02 4.574656581113531e-18 6.758032531098769e-02
1 36 3.209389941818377e+02 5.223498116616747e-14 5.787300791806210e-02
0 64 3.230185831824336e+02 4.414889510492379e-18 6.758155000768082e-02
0 65 3.280621781165896e+02 5.355136156193111e-18 6.757374523790192e-02
1 37 3.298370220779096e+02 5.008750940006016e-18 5.787746752877676e-02
0 66 3.331055719654120e+02 5.263397017814448e-18 6.757084820329780e-02
0 67 3.381488475644981e+02 4.584353106893389e-18 6.756161916509040e-02
1 38 3.387351323451127e+02 5.033240630114854e-18 5.788125178548281e-02
0 68 3.431917744339988e+02 4.289361210816903e-18 6.755749230883645e-02
1 39 3.476337543292735e+02 3.728162371691543e-17 5.788259836647058e-02
0 69 3.482347831358736e+02 5.232782001628693e-18 6.756179049805772e-02
0 70 3.532782553906933e+02 4.207564301973492e-18 6.758410949936931e-02
1 40 3.565318998965727e+02 4.972136576066052e-18 5.786902150381126e-02
0 71 3.583215286978548e+02 4.826590470939313e-18 6.758627161117557e-02
0 72 3.633652488721499e+02 3.835644483628173e-18 6.758231169883976e-02
