0 0 4.095778750166934e+00 3.931657293538933e-18 6.319194526266603e-02
0 1 9.941670167017964e+00 3.951941661358664e-18 6.319332259360289e-02
1 0 1.019539983615548e+01 7.194548688807020e-18 4.538491279982374e-02
0 2 1.578757737069898e+01 3.968114861680798e-18 6.319120623000059e-02
0 3 2.163362811830600e+01 4.001451763235244e-18 6.318620318897628e-02
1 1 2.477874507909711e+01 7.153334174106484e-18 4.538308849301539e-02
0 4 2.747957443118058e+01 3.950154849958294e-18 6.318651373360873e-02
0 5 3.332555210418104e+01 3.964360911500096e-18 6.319158720838078e-02
0 6 3.917144835021591e+01 3.976645708953235e-18 6.319310115925103e-02
1 2 3.936208335261978e+01 4.167238660914067e-15 4.538510567258652e-02
0 7 4.501735698543987e+01 4.029776978637330e-18 6.319104649579997e-02
0 8 5.086340214836174e+01 4.061006183385785e-18 6.318593256547668e-02
1 3 5.394541652577718e+01 2.725856569186736e-16 4.538328544751449e-02
0 9 5.670935135656200e+01 4.010920602836793e-18 6.318615475705522e-02
0 10 6.255533903219324e+01 4.014660618735921e-18 6.319125928669349e-02
0 11 6.840123983873896e+01 4.050362051772013e-18 6.319289967510991e-02
1 4 6.852874641468027e+01 1.972237922174899e-16 4.538528182136433e-02
0 12 7.424714957894726e+01 4.063473203664912e-18 6.319091661564223e-02
0 13 8.009318874821943e+01 4.074030053691972e-18 6.318571185733747e-02
1 5 8.311206874188930e+01 3.346948670030863e-15 4.538345393036859e-02
0 14 8.593914046228751e+01 4.061884617254323e-18 6.318584552589859e-02
0 15 9.178513798557006e+01 4.055140571571500e-18 6.319096550994155e-02
0 16 9.763104302215824e+01 4.094012270060291e-18 6.319272188510974e-02
1 6 9.769539147712857e+01 7.230261735536932e-18 4.538543929394750e-02
0 17 1.034769534981981e+02 4.134188282510292e-18 6.319082046188403e-02
0 18 1.093229862622156e+02 4.121962329395732e-18 6.318554487871489e-02
1 7 1.122787043018265e+02 7.146043134302085e-18 4.538359112085082e-02
0 19 1.151689400471662e+02 3.963181741375092e-18 6.318558994028391e-02
0 20 1.210149471955115e+02 3.953720041119769e-18 6.319070919263843e-02
0 21 1.268608560770251e+02 3.952651337634765e-18 6.319257082684089e-02
1 8 1.268620213273196e+02 7.143910324255558e-18 4.538557648302171e-02
0 22 1.327067668838729e+02 3.953729504552751e-18 6.319076122027029e-02
0 23 1.385527928342803e+02 3.949588960156611e-18 6.318543469172007e-02
1 9 1.414453260919321e+02 7.231386170531118e-18 4.538370998266901e-02
0 24 1.443987482175907e+02 3.944087568103761e-18 6.318539115524749e-02
0 25 1.502447647056333e+02 3.918099451155934e-18 6.319049289433044e-02
0 26 1.560906770004568e+02 3.936580056128110e-18 6.319244892867475e-02
1 10 1.560286389737053e+02 7.198599543208917e-18 4.538567545137702e-02
0 27 1.619365877059535e+02 3.903089754187233e-18 6.319074130304395e-02
0 28 1.677826064429774e+02 3.926026868245485e-18 6.318538340387891e-02
1 11 1.706119373054206e+02 6.971811814400045e-15 4.538380963455212e-02
0 29 1.736285629209056e+02 3.914836253350374e-18 6.318525131792424e-02
0 30 1.794745884054791e+02 3.887137261468578e-18 6.319031833896285e-02
0 31 1.853205036454643e+02 3.893808016609811e-18 6.319235805361315e-02
1 12 1.851952476437681e+02 6.963112399469391e-16 4.538575058768846e-02
0 32 1.911664137992413e+02 3.955248573109665e-18 6.319076231495666e-02
0 33 1.970124249379803e+02 3.890261711573627e-18 6.318539223919044e-02
1 13 1.997785412771031e+02 6.393201591104780e-17 4.538387309188292e-02
0 34 2.028583819846822e+02 3.921823149850534e-18 6.318517175033649e-02
0 35 2.087044160710132e+02 3.866644791504766e-18 6.319018642513068e-02
1 14 2.143618507873567e+02 1.859189702646431e-15 4.538580038659162e-02
0 36 2.145503337598330e+02 3.964887517247904e-18 6.319229919292907e-02
0 37 2.203962429023866e+02 3.872024390827105e-18 6.319082502524946e-02
0 38 2.262422460794979e+02 3.861377767198634e-18 6.318546150395316e-02
1 15 2.289451414622914e+02 7.201983098762901e-18 4.538390000084129e-02
0 39 2.320882031559633e+02 3.877752125429466e-18 6.318515284541085e-02
0 40 2.379342454042389e+02 3.872746522592153e-18 6.319009719434701e-02
1 16 2.435284519497471e+02 7.146192409975742e-18 4.538582361347614e-02
0 41 2.437801650271888e+02 3.901252640278553e-18 6.319227256094931e-02
0 42 2.496260726993943e+02 3.908595210443889e-18 6.319092934664466e-02
0 43 2.554720675796506e+02 3.870624383586452e-18 6.318559056678302e-02
1 17 2.581117413865386e+02 7.143293110587541e-18 4.538389066996580e-02
0 44 2.613180241428528e+02 3.871450078735143e-18 6.318519405925550e-02
0 45 2.671640740752048e+02 3.924571393414961e-18 6.319004983165243e-02
1 18 2.726950546909259e+02 7.155239203295784e-18 4.538580705990165e-02
0 46 2.730099951092695e+02 3.817400612751823e-18 6.319227758850945e-02
0 47 2.788559008620636e+02 3.864139842822621e-18 6.319107433515862e-02
0 48 2.847018871449109e+02 3.841421688153382e-18 6.318577786771469e-02
1 19 2.872783444327938e+02 7.184901685368230e-18 4.538387297428992e-02
0 49 2.905478426570619e+02 3.857296026767259e-18 6.318529392044686e-02
0 50 2.963938997648115e+02 3.917194286961297e-18 6.319004268302568e-02
1 20 3.018616624529435e+02 7.244343539375999e-18 4.538574383068837e-02
0 51 3.022398216887765e+02 3.832372042906933e-18 6.319231293149633e-02
0 52 3.080857250928013e+02 3.906925794373669e-18 6.319125820672720e-02
0 53 3.139317025187568e+02 3.832616001575578e-18 6.318602094429770e-02
1 21 3.164449542878253e+02 1.558311255699572e-15 4.538382390599952e-02
0 54 3.197776564564683e+02 3.817578360264532e-18 6.318545005633493e-02
0 55 3.256237202074506e+02 3.839886793952337e-18 6.319007328938610e-02
1 22 3.310282786556317e+02 1.836181625106221e-17 4.538565046927928e-02
0 56 3.314696425118282e+02 3.854326219706094e-18 6.319237649478771e-02
0 57 3.373155431668133e+02 3.800241684530297e-18 6.319147837041088e-02
0 58 3.431615115235288e+02 3.824589986140306e-18 6.318631647419745e-02
1 23 3.456115743162038e+02 1.850286807654388e-14 4.538374357154787e-02
0 59 3.490074633866745e+02 3.843823360851355e-18 6.318565923588609e-02
0 60 3.548535332324882e+02 3.832207180094629e-18 6.319013843638883e-02
1 24 3.601949065743551e+02 7.153239891340299e-18 4.538552852561371e-02
0 61 3.606994554290453e+02 3.832077740970666e-18 6.319246547135295e-02
