0 0 2.778230997289660e-01 3.539377856763546e-18 6.837740069623820e-02
1 0 5.749747872970602e-01 5.116953689316006e-18 5.647930707261380e-02
0 1 5.320738633477418e+00 3.633699979848281e-18 6.837405043232718e-02
1 1 9.473626018839754e+00 5.659289586638376e-16 5.648245425386328e-02
0 2 1.036379854339406e+01 3.697014975298078e-18 6.837819201883107e-02
0 3 1.540720983616908e+01 3.947282970043492e-18 6.839850192076909e-02
1 2 1.837199060489752e+01 5.142490229874179e-18 5.647038396226961e-02
0 4 2.045039828315299e+01 3.673288048057255e-18 6.839985247414218e-02
0 5 2.549407639780598e+01 3.917062271477974e-18 6.839112459236842e-02
1 3 2.727004073019314e+01 5.078985164658254e-18 5.647587126073136e-02
0 6 3.053735134060681e+01 3.985567836866166e-18 6.838848824115076e-02
0 7 3.558046983923492e+01 3.626375682172634e-18 6.837902319243662e-02
1 4 3.616853357004453e+01 3.161969689677729e-14 5.647949099734594e-02
0 8 4.062345921552296e+01 3.784181465777493e-18 6.837473650758820e-02
1 5 4.506705594114231e+01 5.120873573002636e-18 5.648031742243872e-02
0 9 4.566650566293212e+01 3.856169051169884e-18 6.837899364324498e-02
0 10 5.070961443514218e+01 3.854180976884032e-18 6.839516282806547e-02
1 6 5.396580423761061e+01 5.038245380596580e-18 5.647184125983459e-02
0 11 5.575273080924806e+01 3.854054251603444e-18 6.839741938726644e-02
0 12 6.079652347653901e+01 4.018321822144140e-18 6.839615088569155e-02
1 7 6.286370787749144e+01 5.089588110415953e-18 5.647308310907075e-02
0 13 6.583981375268347e+01 3.848789134331015e-18 6.839443231006266e-02
0 14 7.088302875883262e+01 4.232424413908796e-18 6.838141149477341e-02
1 8 7.176217372457101e+01 2.937579698759964e-16 5.647914098862946e-02
0 15 7.592609851659530e+01 4.053064388901410e-18 6.837703718451058e-02
1 9 8.066064481992908e+01 5.095987223664150e-18 5.647745913758119e-02
0 16 8.096912628030486e+01 4.022711921196890e-18 6.838072191515839e-02
0 17 8.601204022780628e+01 4.512360743982943e-18 6.838860605090548e-02
1 10 8.955957039130715e+01 5.078942847094844e-18 5.647548123371527e-02
0 18 9.105511135382424e+01 4.166004871279124e-18 6.839165204435878e-02
0 19 9.609893363370271e+01 4.257543218463724e-18 6.839998064052022e-02
1 11 9.845741168480210e+01 3.866672775286901e-14 5.647069644965078e-02
0 20 1.011422203871710e+02 4.830986585903876e-18 6.839925413479858e-02
0 21 1.061855725428400e+02 4.681065815472129e-18 6.838484410429548e-02
1 12 1.073557847430023e+02 5.035686133180515e-18 5.647814935221721e-02
0 22 1.112287271906496e+02 4.745151840489299e-18 6.838078326589783e-02
0 23 1.162717534464096e+02 5.499797200068959e-18 6.838200252548965e-02
1 13 1.162542553549788e+02 5.063070927485917e-18 5.647517369839687e-02
0 24 1.213146194316211e+02 5.526715314839692e-18 6.838239843047846e-02
1 14 1.251531035167959e+02 5.326084199907054e-18 5.647858664286693e-02
0 25 1.263576800361313e+02 6.060416023313373e-18 6.838607801161248e-02
0 26 1.314013841318020e+02 5.895184699002941e-18 6.840303258393696e-02
1 15 1.340510808885418e+02 1.817494210519233e-16 5.646826005551137e-02
0 27 1.364446406778491e+02 6.153421473545473e-18 6.840331938481205e-02
0 28 1.414881534022567e+02 5.968469994229655e-18 6.839003603559821e-02
1 16 1.429493072525895e+02 5.081401754896709e-18 5.647577967204775e-02
0 29 1.465313816427123e+02 6.646281103742323e-18 6.838655529445144e-02
0 30 1.515744359060838e+02 6.977850276117242e-18 6.838275337689118e-02
1 17 1.518477928025442e+02 5.211198156850261e-18 5.647568095802313e-02
0 31 1.566173463362028e+02 7.786418222458966e-18 6.837955606875289e-02
1 18 1.607464570375810e+02 4.531351230076816e-14 5.647897115563157e-02
0 32 1.616604071025916e+02 8.252037117375338e-18 6.838366936498183e-02
0 33 1.667038434258928e+02 8.147753617926910e-18 6.840402853048325e-02
1 19 1.696447888777033e+02 5.088367171847438e-18 5.646682089366957e-02
0 34 1.717470373901212e+02 8.502885739031564e-18 6.840530110402716e-02
0 35 1.767907042511462e+02 8.503187172463553e-18 6.839608777199979e-02
1 20 1.785428521374877e+02 5.053762419217391e-18 5.647255478821826e-02
0 36 1.818339768258538e+02 8.806265117002821e-18 6.839338128386743e-02
0 37 1.868770889136542e+02 9.672979107921340e-18 6.838429091796837e-02
1 21 1.874413455824793e+02 5.326571722340012e-18 5.647593380747522e-02
0 38 1.919200722752260e+02 1.047091780291658e-17 6.838004401298668e-02
1 22 1.963398745226248e+02 9.614097285242965e-17 5.647695497860483e-02
0 39 1.969631205738079e+02 1.159172648044615e-17 6.838430120883238e-02
0 40 2.020062508056413e+02 1.261074892416095e-17 6.840102488017845e-02
1 23 2.052385982781481e+02 5.401914647915349e-18 5.646804817523202e-02
0 41 2.070493720694313e+02 1.354982906428522e-17 6.840321122948548e-02
0 42 2.120931582158951e+02 1.293737094276090e-17 6.840122592608107e-02
1 24 2.141365115236829e+02 5.311272110449693e-18 5.646971402674847e-02
0 43 2.171364477629164e+02 1.326989089156528e-17 6.839942854302172e-02
0 44 2.221796529759748e+02 1.425774544383230e-17 6.838661822899794e-02
1 25 2.230349824320843e+02 5.974284001506163e-14 5.647561341622961e-02
0 45 2.272227161813615e+02 1.549674339346235e-17 6.838223669788084e-02
1 26 2.319334547103088e+02 5.326495186833085e-18 5.647411458524958e-02
0 46 2.322657452707433e+02 1.723929192378096e-17 6.838601143288472e-02
0 47 2.373086693194552e+02 1.939879750335268e-17 6.839460744902928e-02
1 27 2.408323762765416e+02 5.036278786246346e-18 5.647159976960741e-02
0 48 2.423517427629227e+02 2.096669080336460e-17 6.839759400532403e-02
0 49 2.473955679851826e+02 1.977816445802350e-17 6.840513225851377e-02
1 28 2.497302160600982e+02 5.113620793010776e-18 5.646731883324909e-02
0 50 2.524388555917486e+02 2.061736654257589e-17 6.840432290425062e-02
0 51 2.574821950772877e+02 2.142313895915313e-17 6.838992827317997e-02
1 29 2.586285996122916e+02 4.536904429642420e-17 5.647470871978303e-02
0 52 2.625253431781909e+02 2.293798562370492e-17 6.838583211852323e-02
0 53 2.675683687048278e+02 2.549091988641678e-17 6.838737016037047e-02
1 30 2.675270685317539e+02 5.228235047322486e-18 5.647169180062612e-02
0 54 2.726112344130523e+02 3.648927034412014e-18 6.838823096084398e-02
1 31 2.764259289195501e+02 5.108550303965441e-18 5.647485499218956e-02
0 55 2.776542954723024e+02 3.584216999966018e-18 6.839186464523778e-02
0 56 2.826980156233354e+02 3.614789743005865e-18 6.840827743461901e-02
1 32 2.853238861405052e+02 1.738132888322142e-14 5.646486551271759e-02
0 57 2.877412755223669e+02 3.586142920797406e-18 6.840848161266241e-02
0 58 2.927847749359667e+02 3.610623784013262e-18 6.839498801979312e-02
1 33 2.942221257562258e+02 5.125666136207758e-18 5.647245152400446e-02
0 59 2.978279982597360e+02 3.569415493562825e-18 6.839145202331144e-02
0 60 3.028710491276738e+02 3.529717890370590e-18 6.838811193911358e-02
1 34 3.031206101275474e+02 5.042901954790747e-18 5.647204976564718e-02
0 61 3.079139546531348e+02 3.515247149430585e-18 6.838508284724783e-02
1 35 3.120192876953343e+02 5.234280632008008e-18 5.647547583256223e-02
0 62 3.129570162100675e+02 3.528050746714496e-18 6.838916832869406e-02
0 63 3.180004773342076e+02 3.461477914259619e-18 6.840952703187644e-02
1 36 3.209175869817237e+02 2.366673116095625e-17 5.646327454176121e-02
0 64 3.230436767270752e+02 3.481797932227978e-18 6.841072093846262e-02
0 65 3.280873320704635e+02 3.498767236893968e-18 6.840104315097152e-02
1 37 3.298156633857221e+02 5.051830215461152e-18 5.646924714755800e-02
0 66 3.331306021099479e+02 3.550728284024068e-18 6.839826747735271e-02
0 67 3.381737079958306e+02 3.482367105044785e-18 6.838956867689749e-02
1 38 3.387141573244202e+02 5.052737044274401e-18 5.647237851097513e-02
0 68 3.432166854550009e+02 3.509383396087386e-18 6.838536208837188e-02
1 39 3.476126933354661e+02 2.143651615796231e-14 5.647359265138095e-02
0 69 3.482597356422345e+02 3.493086659829090e-18 6.838962327432598e-02
0 70 3.533028879498506e+02 3.442791313481692e-18 6.840686345854770e-02
1 40 3.565113912460039e+02 5.563136409972515e-18 5.646426962941978e-02
0 71 3.583460142161735e+02 3.592410678668647e-18 6.840897856130004e-02
0 72 3.633897932936190e+02 3.592885196797928e-18 6.840629085000401e-02
