0 0 1.817940096694201e+00 2.809720973874392e-18 7.946876953462698e-02
1 0 3.482835043957533e+00 4.159625624589931e-18 6.562240937032932e-02
0 1 5.341905753106644e+00 2.717478169291803e-18 7.946803130314632e-02
0 2 8.865963904945678e+00 2.717825755102536e-18 7.945738876748133e-02
1 1 1.011494628223134e+01 8.105797705364057e-14 6.562512255277515e-02
0 3 1.238988506636560e+01 2.876561167234765e-18 7.945409356087532e-02
0 4 1.591382766308508e+01 2.969175881410858e-18 7.944052426202575e-02
2 0 1.619865906025830e+01 8.072919212170060e-14 3.910977223712241e-02
1 2 1.674709553139910e+01 4.118968818996462e-18 6.562909102613317e-02
0 5 1.943767307557009e+01 3.334939994340468e-18 7.943524719728655e-02
0 6 2.296152219168654e+01 2.968209645760982e-18 7.942549435886455e-02
1 3 2.337927413690221e+01 4.196286400485434e-18 6.563188230292265e-02
0 7 2.648526501207266e+01 3.225376057508009e-18 7.941993090978652e-02
0 8 3.000904030305072e+01 2.719219300084480e-18 7.942105483146222e-02
1 4 3.001155007972335e+01 4.073935805834164e-18 6.563198797617591e-02
0 9 3.353270626104410e+01 2.719128384785784e-18 7.942046265600591e-02
1 5 3.664399702339458e+01 4.058089576216237e-18 6.563419537566773e-02
0 10 3.705644339002064e+01 2.869377083268840e-18 7.942559182235646e-02
0 11 4.058026715642723e+01 2.962915195359249e-18 7.944222862643195e-02
1 6 4.327633332750661e+01 5.853537496997762e-16 6.562751110314459e-02
0 12 4.410405124012915e+01 2.866346529749435e-18 7.944690225725728e-02
2 1 4.656242850656481e+01 1.165977057540295e-13 3.910532759922779e-02
0 13 4.762818501198188e+01 2.865582961204542e-18 7.946519748061856e-02
1 7 4.990832392622421e+01 4.141189853769467e-18 6.562023425128159e-02
0 14 5.115208838978462e+01 2.960431675388054e-18 7.946812135208223e-02
0 15 5.467630373312345e+01 2.813156300061472e-18 7.947267231178431e-02
1 8 5.654024585464325e+01 4.227121867759536e-18 6.561932287879148e-02
0 16 5.820026998616201e+01 3.223810331127384e-18 7.947336514370382e-02
0 17 6.172439089806462e+01 2.717531176617857e-18 7.946626846255116e-02
1 9 6.317232250199724e+01 1.821643173618051e-17 6.562198132743607e-02
0 18 6.524833930783970e+01 2.813862011871346e-18 7.946413163599254e-02
0 19 6.877233384036249e+01 2.959364543526014e-18 7.945116898282879e-02
1 10 6.980446770854053e+01 4.058538904651941e-18 6.562498969917847e-02
0 20 7.229621852064327e+01 3.224594195913162e-18 7.944671400324040e-02
0 21 7.582011043961406e+01 2.718646122958243e-18 7.943414915644785e-02
1 11 7.643662067698830e+01 4.058412660311147e-18 6.562898761908362e-02
2 2 7.692610280329212e+01 1.591388652168778e-16 3.910786020559883e-02
0 22 7.934390525850650e+01 2.718860978415366e-18 7.942841548986887e-02
0 23 8.286771176373381e+01 2.932198262366341e-18 7.942401794689745e-02
1 12 8.306884369192070e+01 2.770581680863980e-14 6.563002005078218e-02
0 24 8.639140138532697e+01 2.816990236670554e-18 7.941967341831263e-02
1 13 8.970119395538052e+01 4.080340983706699e-18 6.563188693004271e-02
0 25 8.991515169889416e+01 2.744090213820772e-18 7.942415314836075e-02
0 26 9.343885829599073e+01 3.199687253460580e-18 7.943228727994012e-02
1 14 9.633366157998145e+01 4.181722829833450e-18 6.562986865644337e-02
0 27 9.696260528217796e+01 2.718552533584313e-18 7.943731963020055e-02
0 28 1.004866038253225e+02 2.951751657375946e-18 7.945797441872510e-02
1 15 1.029657977650911e+02 4.074124570313079e-18 6.562092411736202e-02
0 29 1.040104498792621e+02 2.851475778802614e-18 7.946187965241822e-02
2 3 1.072899402824689e+02 6.632921561255148e-14 3.910768041273750e-02
0 30 1.075346593057723e+02 3.223828873330028e-18 7.947348944158805e-02
1 16 1.095977137265705e+02 4.059259457097429e-18 6.561718640752645e-02
0 31 1.110586065652625e+02 2.935012678254266e-18 7.947525145858991e-02
0 32 1.145827828830485e+02 2.742669409165014e-18 7.947297600550511e-02
1 17 1.162297031684883e+02 1.987152430011364e-15 6.561832023142497e-02
0 33 1.181067473701177e+02 2.742738171961002e-18 7.947226974245344e-02
0 34 1.216308009695196e+02 2.875043167243601e-18 7.946144729712930e-02
1 18 1.228618324443259e+02 4.163694447221964e-18 6.562174819192755e-02
0 35 1.251547205619385e+02 3.155215695643786e-18 7.945800300221421e-02
0 36 1.286786588982104e+02 3.153108941089019e-18 7.944434037645932e-02
1 19 1.294939908792716e+02 4.357313590875391e-18 6.562501093377086e-02
0 37 1.322025000282075e+02 3.369746283645146e-18 7.943901725125087e-02
0 38 1.357263453825599e+02 2.947904710256407e-18 7.942970927577971e-02
1 20 1.361261618944284e+02 1.749324951441637e-16 6.562830015451265e-02
2 4 1.376536012353409e+02 2.759627647626820e-13 3.910576328903278e-02
0 39 1.392500838918760e+02 2.719010119695462e-18 7.942412122390594e-02
0 40 1.427738563487121e+02 2.844776410411954e-18 7.942554217053001e-02
1 21 1.427584450759167e+02 4.058415813399000e-18 6.562759687525367e-02
0 41 1.462975216401751e+02 2.820837479410289e-18 7.942557164429319e-02
1 22 1.493908806276955e+02 4.147771540136988e-18 6.563041375115440e-02
0 42 1.498212592014779e+02 2.943908783852502e-18 7.943085602166718e-02
0 43 1.533450976181037e+02 2.744291279227655e-18 7.944812734024279e-02
1 23 1.560232247394428e+02 3.308902123214336e-14 6.562336136672084e-02
0 44 1.568688868965811e+02 3.146725196900328e-18 7.945266523565742e-02
0 45 1.603930297444076e+02 2.717423492771037e-18 7.947045461930605e-02
1 24 1.626551980238770e+02 4.064370448123416e-18 6.561595589169446e-02
0 46 1.639169366047980e+02 2.863240452602842e-18 7.947335152381800e-02
0 47 1.674411503617191e+02 3.062500176813121e-18 7.947731464917578e-02
2 5 1.680174029188962e+02 1.129825525670212e-17 3.910833085047355e-02
1 25 1.692871308825760e+02 4.177589750536616e-18 6.561558013267435e-02
0 48 1.709651168623987e+02 2.820475939176352e-18 7.947777544059288e-02
0 49 1.744892310886730e+02 3.140015283600336e-18 7.947023464445409e-02
1 26 1.759191967737160e+02 4.414043997793643e-18 6.561775418892572e-02
0 50 1.780131769424751e+02 2.835551114644199e-18 7.946811668724668e-02
0 51 1.815371673015511e+02 2.835354552788885e-18 7.945513834901066e-02
1 27 1.825513500282389e+02 4.058841714943881e-18 6.562165498936917e-02
0 52 1.850610500291270e+02 2.834626311841642e-18 7.945058152496673e-02
0 53 1.885849385019484e+02 2.745038978245686e-18 7.943809983761109e-02
1 28 1.891835175919009e+02 1.260809521134588e-14 6.562498661094478e-02
0 54 1.921087286790197e+02 3.457958175725825e-18 7.943232357612484e-02
0 55 1.956325319805150e+02 4.013428170301468e-18 7.942852960517134e-02
1 29 1.958157306543086e+02 4.152132510453836e-18 6.562623703236206e-02
2 6 1.983811291624287e+02 4.802761957410667e-14 3.910594848306530e-02
0 56 1.991562185054469e+02 2.857590996077054e-18 7.942435614768519e-02
1 30 2.024480955945839e+02 4.188670384297620e-18 6.562771406908957e-02
0 57 2.026799670744752e+02 3.114505564562701e-18 7.942883602896114e-02
0 58 2.062036801078115e+02 2.854631620847309e-18 7.943783549134446e-02
1 31 2.090805365903373e+02 6.931405096419101e-16 6.562566390257331e-02
0 59 2.097274294959414e+02 2.853256115268408e-18 7.944298799448792e-02
0 60 2.132514430527175e+02 2.852083911231658e-18 7.946372321290655e-02
1 32 2.157126785169770e+02 4.141737864508563e-18 6.561695471686589e-02
0 61 2.167752951195231e+02 3.178915502512478e-18 7.946749228012431e-02
0 62 2.202995074635937e+02 2.823531417375886e-18 7.947837484870239e-02
1 33 2.223445918622199e+02 4.294847154268179e-18 6.561293497836387e-02
0 63 2.238234562794484e+02 3.303332184789190e-18 7.948006579772507e-02
0 64 2.273476279888577e+02 2.824089333197836e-18 7.947734148415427e-02
2 7 2.287448668355115e+02 4.784543944673719e-13 3.910717931188335e-02
1 34 2.289765885362099e+02 1.147483873932371e-14 6.561474670033343e-02
0 65 2.308715913733762e+02 2.824300216890923e-18 7.947642533040167e-02
0 66 2.343956384326587e+02 2.824767205844544e-18 7.946525346824371e-02
1 35 2.356087119018851e+02 4.064214867681780e-18 6.561743295067754e-02
0 67 2.379195544795824e+02 2.821329885074222e-18 7.946180798945561e-02
0 68 2.414434890273821e+02 2.848391771284186e-18 7.944830206730959e-02
1 36 2.422408679830563e+02 4.222066984619767e-18 6.562165811975969e-02
0 69 2.449673277097569e+02 3.056100674112470e-18 7.944293646579104e-02
0 70 2.484911702851603e+02 3.055970064174740e-18 7.943392406391610e-02
1 37 2.488730594779598e+02 4.092276410184262e-18 6.562437271954071e-02
0 71 2.520149041643950e+02 2.845908686009035e-18 7.942832912714771e-02
0 72 2.555386741845732e+02 2.827726612656210e-18 7.943021665998092e-02
1 38 2.555053335851692e+02 4.096254654161946e-18 6.562383551041917e-02
0 73 2.590623404446004e+02 2.815431647882726e-18 7.943083524375105e-02
2 8 2.591086408986289e+02 9.078896464501090e-17 3.910687587486433e-02
1 39 2.621377840944978e+02 5.707098735512855e-14 6.562616692729893e-02
0 74 2.625860777932356e+02 2.746534975230019e-18 7.943599719582392e-02
0 75 2.661099287971821e+02 2.745966591602218e-18 7.945380603981281e-02
1 40 2.687700904126243e+02 4.124677175167517e-18 6.561887487810365e-02
0 76 2.696337222744150e+02 2.745866916108723e-18 7.945843392662719e-02
0 77 2.731578748792179e+02 3.615217000479165e-18 7.947585952083516e-02
1 41 2.754020730860369e+02 4.087780459198826e-18 6.561221954812403e-02
0 78 2.766817868217797e+02 2.745242405867451e-18 7.947862699321749e-02
0 79 2.802059988654181e+02 2.745148340760507e-18 7.948187524440960e-02
1 42 2.820340152183550e+02 1.140383743883691e-15 6.561136870085037e-02
0 80 2.837299650557413e+02 3.050729543911808e-18 7.948221854948220e-02
0 81 2.872540733805458e+02 2.836778052052635e-18 7.947438287435500e-02
1 43 2.886660810723092e+02 4.077738174412097e-18 6.561424225974702e-02
2 9 2.894723486292505e+02 3.005458502604830e-14 3.910691761185126e-02
0 82 2.907780172143779e+02 2.836181942906866e-18 7.947209344250064e-02
0 83 2.943020017814657e+02 2.746052661045187e-18 7.945887688364162e-02
1 44 2.952982336009112e+02 4.123744314329916e-18 6.561733010253128e-02
0 84 2.978258802324772e+02 3.050422709361716e-18 7.945429545231344e-02
0 85 3.013497651025579e+02 2.834890675491888e-18 7.944216315388586e-02
1 45 3.019303903805445e+02 2.462576708293925e-15 6.562152084628491e-02
0 86 3.048735522838180e+02 3.288358796005478e-18 7.943641828155930e-02
0 87 3.083973537080210e+02 2.833106095689274e-18 7.943307280265030e-02
1 46 3.085626282833581e+02 4.117546719831591e-18 6.562233430443130e-02
0 88 3.119210370522173e+02 2.915654207418176e-18 7.942903942310454e-02
1 47 3.151949893012679e+02 4.400857615590128e-18 6.562383715089525e-02
0 89 3.154447838295519e+02 3.264295491418756e-18 7.943368604337632e-02
0 90 3.189685050731929e+02 2.747175942769419e-18 7.944356755807182e-02
2 10 3.198361367035079e+02 1.129402618933440e-17 3.910644794121716e-02
1 48 3.218274337973922e+02 4.414019117836020e-18 6.562138590241076e-02
0 91 3.224922567493710e+02 3.218423943314577e-18 7.944857566631310e-02
0 92 3.260162828326626e+02 2.717467455181574e-18 7.946920893868997e-02
1 49 3.284595401609257e+02 4.076579237197685e-18 6.561237397514251e-02
0 93 3.295401392189343e+02 2.825213443045867e-18 7.947302578178438e-02
0 94 3.330643547736387e+02 2.746013607910689e-18 7.948339261691593e-02
1 50 3.350914651977482e+02 5.464563879838661e-14 6.560939371880602e-02
0 95 3.365883068604645e+02 3.006881553782477e-18 7.948496792907732e-02
0 96 3.401124744068862e+02 2.795136207155456e-18 7.948164640660840e-02
1 51 3.417234787496353e+02 4.202337139967714e-18 6.561062688372289e-02
0 97 3.436364361324013e+02 2.823623476152400e-18 7.948057237786933e-02
0 98 3.471604771407503e+02 2.974170873282111e-18 7.946924492037419e-02
1 52 3.483555944664949e+02 4.083860702726754e-18 6.561390675998867e-02
2 11 3.501998342980276e+02 1.951180224605636e-15 3.910713709131282e-02
0 99 3.506843905502774e+02 2.971565411647904e-18 7.946567923434653e-02
0 100 3.542083201649648e+02 2.793372183655869e-18 7.945207844790700e-02
1 53 3.549877553423835e+02 1.235515515522607e-15 6.561739531343735e-02
0 101 3.577321539470969e+02 2.821866048612430e-18 7.944666799939966e-02
0 102 3.612559930143727e+02 2.791807223511786e-18 7.943820986153520e-02
1 54 3.616199304733354e+02 4.151787071568563e-18 6.562067255889868e-02
0 103 3.647797237209082e+02 2.718717376153059e-18 7.943275144467454e-02
