0 0 6.557088804871490e+00 8.918198295739875e-18 4.888640277842639e-02
0 1 2.114095185715449e+01 8.983405899054354e-18 4.888640277842638e-02
0 2 3.572481490943748e+01 8.950692662516271e-18 4.888640277842640e-02
0 3 5.030867796172054e+01 9.016311200899846e-18 4.888640277842633e-02
0 4 6.489254101400358e+01 9.060035432505130e-18 4.888640277842633e-02
0 5 7.947640406628652e+01 8.918176812713183e-18 4.888640277842634e-02
0 6 9.406026711856946e+01 9.016299552902833e-18 4.888640277842635e-02
0 7 1.086441301708524e+02 9.059952738954705e-18 4.888640277842635e-02
0 8 1.232279932231353e+02 9.027011135355832e-18 4.888640277842635e-02
0 9 1.378118562754184e+02 8.983373726980131e-18 4.888640277842633e-02
0 10 1.523957193277017e+02 8.983369705470833e-18 4.888640277842633e-02
0 11 1.669795823799849e+02 8.983365683961545e-18 4.888640277842630e-02
0 12 1.815634454322681e+02 8.994189727054419e-18 4.888640277842630e-02
0 13 1.961473084845514e+02 9.049388863049522e-18 4.888640277842630e-02
0 14 2.107311715368346e+02 8.950642748607785e-18 4.888640277842624e-02
0 15 2.253150345891179e+02 9.016264608911557e-18 4.888640277842631e-02
0 16 2.398988976414011e+02 9.059704658302523e-18 4.888640277842633e-02
0 17 2.544827606936843e+02 8.961667953048168e-18 4.888640277842637e-02
0 18 2.690666237459675e+02 8.928964329786196e-18 4.888640277842635e-02
0 19 2.836504867982508e+02 9.059621964752098e-18 4.888640277842632e-02
0 20 2.982343498505340e+02 8.993966996305648e-18 4.888640277842633e-02
0 21 3.128182129028172e+02 8.994614995081480e-18 4.888640277842633e-02
0 22 3.274020759551004e+02 8.983321447359226e-18 4.888640277842627e-02
0 23 3.419859390073835e+02 9.016233547586220e-18 4.888640277842633e-02
0 24 3.565698020596668e+02 8.929052235465047e-18 4.888640277842637e-02
