0 0 1.785778878756342e+00 3.031732512396996e-18 7.740496283932838e-02
1 0 3.429678306880646e+00 3.560849767369153e-15 6.785632184238646e-02
0 1 5.309883028801299e+00 3.011697537471346e-18 7.740386102707777e-02
0 2 8.834024813443632e+00 3.261339332596703e-18 7.739693688873060e-02
1 1 1.006164867890739e+01 3.928461061555874e-18 6.785682524932837e-02
0 3 1.235808069766975e+01 3.075075992574126e-18 7.739331940917166e-02
0 4 1.588219039363313e+01 3.038728000064361e-18 7.738173930584917e-02
2 0 1.596074329783363e+01 1.080858416395527e-16 3.924102517238537e-02
1 2 1.669355783517850e+01 4.606032685786405e-18 6.785971854338178e-02
0 5 1.940608708023467e+01 2.790184550499587e-18 7.737646319478754e-02
0 6 2.293003894686172e+01 3.105682322523312e-18 7.736407557552173e-02
1 3 2.332565872326887e+01 3.982171036427563e-18 6.786468811384219e-02
0 7 2.645362280225313e+01 2.882192688010372e-18 7.735890860735076e-02
0 8 2.997722761190465e+01 3.059543659177382e-18 7.735984985285127e-02
1 4 2.995841035977443e+01 3.929238263824069e-18 6.786469145263148e-02
0 9 3.350068439297107e+01 3.189531087479407e-18 7.736224700738374e-02
1 5 3.659149779525606e+01 4.164180567557915e-18 6.786529936503803e-02
0 10 3.702415159520147e+01 3.188947805611626e-18 7.736760129221816e-02
0 11 4.054807244064069e+01 2.906667342276463e-18 7.738759377422652e-02
1 6 4.322382616267582e+01 3.989872746555194e-18 6.785596566367159e-02
0 12 4.407185485163778e+01 2.970483718769798e-18 7.739236506211301e-02
2 1 4.632449674990951e+01 2.387542359624004e-15 3.923608495677101e-02
0 13 4.759603223832059e+01 2.960835407743433e-18 7.740420199097144e-02
1 7 4.985577510933987e+01 4.022778327361150e-18 6.785293719459480e-02
0 14 5.112005216504948e+01 2.970268942625590e-18 7.740706669883954e-02
0 15 5.464423796240407e+01 2.970249312368382e-18 7.740928984845796e-02
1 8 5.648773089498270e+01 4.934731570309633e-15 6.785389134575179e-02
0 16 5.816833786277768e+01 3.230935515641022e-18 7.740966129644822e-02
0 17 6.169248904889414e+01 3.149693462633578e-18 7.740532341358086e-02
1 9 6.311975284952999e+01 4.362363575976310e-18 6.785501628292241e-02
0 18 6.521657698581797e+01 3.023861922108687e-18 7.740280938754722e-02
0 19 6.874070671899808e+01 3.187431412332871e-18 7.739328871260817e-02
1 10 6.975168669368618e+01 3.928251125297724e-18 6.785593919044229e-02
0 20 7.226469720271456e+01 3.147011236992564e-18 7.738866182612322e-02
0 21 7.578874933163361e+01 3.309913440684366e-18 7.737559656723028e-02
1 11 7.638363857259671e+01 7.555400789424841e-16 6.786063273402591e-02
2 2 7.668821729113026e+01 7.624715039325717e-14 3.923993566288444e-02
0 22 7.931249700985306e+01 3.027299276759421e-18 7.737007869319738e-02
0 23 8.283627793689259e+01 3.023030633912537e-18 7.736314270302458e-02
1 12 8.301604667721412e+01 3.928182186439212e-18 6.786355228197172e-02
0 24 8.635971718310903e+01 3.346678715266070e-18 7.735954203327572e-02
1 13 8.964909904704955e+01 4.252752286966987e-18 6.786527935574493e-02
0 25 8.988318080641332e+01 3.742389199069741e-18 7.736441711343373e-02
0 26 9.340685686263843e+01 4.420391423703875e-18 7.737918833804029e-02
1 14 9.628185032869753e+01 6.470059021070295e-15 6.785829613749961e-02
0 27 9.693047323320577e+01 4.007305955346412e-18 7.738437080924992e-02
0 28 1.004545764557031e+02 4.006669193029266e-18 7.740149828427015e-02
1 15 1.029138876158183e+02 4.031581957794532e-18 6.785155607178710e-02
0 29 1.039785071157036e+02 4.053018623138632e-18 7.740543386191061e-02
2 3 1.070520670023334e+02 1.173544416177878e-17 3.923834814089003e-02
0 30 1.075027050379526e+02 4.418821674769830e-18 7.741179076811734e-02
1 16 1.095458241102694e+02 4.105626048056730e-18 6.785144949179220e-02
0 31 1.110267823147891e+02 4.254072555629674e-18 7.741335661789715e-02
0 32 1.145509494951263e+02 3.770843693632735e-18 7.741187290056381e-02
1 17 1.161778109693830e+02 3.988191512003664e-18 6.785239443154911e-02
0 33 1.180750536364288e+02 4.054142519888935e-18 7.741077922546945e-02
0 34 1.215991953252977e+02 3.910347976581121e-18 7.740367888931465e-02
1 18 1.228097990090025e+02 3.941086554792434e-18 6.785365706754422e-02
0 35 1.251232482352522e+02 4.121389586495304e-18 7.739992563765991e-02
0 36 1.286473550896229e+02 4.319344935235472e-18 7.738811605721890e-02
1 19 1.294417108773991e+02 1.568958982075125e-14 6.785585945511996e-02
0 37 1.321712427188631e+02 4.168620741237068e-18 7.738283114877928e-02
0 38 1.356951840676781e+02 4.520933278193108e-18 7.737072994325600e-02
1 20 1.360738236643571e+02 3.923071028849833e-18 6.786151287633524e-02
2 4 1.374157405394214e+02 3.998558412488189e-15 3.923728192194244e-02
0 39 1.392187545091272e+02 4.687719690790570e-18 7.736553860730490e-02
0 40 1.427423453800774e+02 5.284196652485970e-18 7.736695288950692e-02
1 21 1.427066015212062e+02 4.103445899086591e-18 6.786050919508831e-02
0 41 1.462658121183930e+02 5.994507778844618e-18 7.737031845841465e-02
1 22 1.493396575025226e+02 1.146461539476560e-17 6.786155152624279e-02
0 42 1.497892871746829e+02 6.361052170349371e-18 7.737577891080114e-02
0 43 1.533132266168721e+02 6.915083657266010e-18 7.739585558117495e-02
1 23 1.559719844053705e+02 4.123489678716572e-18 6.785209065835053e-02
0 44 1.568370216668847e+02 7.293379216153577e-18 7.740050090066614e-02
0 45 1.603612026320471e+02 7.194402670176845e-18 7.741183458176618e-02
1 24 1.626039162314378e+02 3.923517163690072e-18 6.784907176239507e-02
0 46 1.638852280716158e+02 7.288896128280136e-18 7.741465811670738e-02
0 47 1.674094124826147e+02 7.242393079633661e-18 7.741652805594053e-02
2 5 1.677795836011844e+02 1.677965649813333e-13 3.923971167934734e-02
1 25 1.692358888977017e+02 1.377940932448060e-15 6.785032900554776e-02
0 48 1.709335124256768e+02 7.201098217885327e-18 7.741666929898573e-02
0 49 1.744576614478830e+02 7.310695491900729e-18 7.741206680934538e-02
1 26 1.758678857838637e+02 3.923373204881646e-18 6.785087826245563e-02
0 50 1.779817476925617e+02 7.573617620785748e-18 7.740956761844817e-02
0 51 1.815058768422292e+02 7.297967616675106e-18 7.739992150683835e-02
1 27 1.824998283155547e+02 3.939993411152239e-18 6.785285462333066e-02
0 52 1.850298618544406e+02 7.478616293798565e-18 7.739520418479946e-02
0 53 1.885539077959309e+02 8.043191067886338e-18 7.738203621586343e-02
1 28 1.891317982531264e+02 3.986596452323292e-18 6.785687664998799e-02
0 54 1.920776431328143e+02 8.704998168598806e-18 7.737652213357911e-02
0 55 1.956014101932737e+02 9.564861902901400e-18 7.737031442146858e-02
1 29 1.957642204340993e+02 3.961432695409685e-18 6.785999527760021e-02
2 6 1.981433086235421e+02 1.246389072777961e-17 3.923697990878752e-02
0 56 1.991248436630130e+02 1.073501950802519e-17 7.736692844723700e-02
1 30 2.023972955604651e+02 2.779699201304176e-15 6.786118046452216e-02
0 57 2.026483010453862e+02 1.259077176476988e-17 7.737180162104376e-02
0 58 2.061719974127884e+02 1.431882100217280e-17 7.738748224229020e-02
1 31 2.090299885030210e+02 3.994053890859269e-18 6.785425326282471e-02
0 59 2.096956276369878e+02 1.549847831432202e-17 7.739275291243977e-02
0 60 2.132197410718784e+02 1.560144719193956e-17 7.740952733623299e-02
1 32 2.156620400742957e+02 3.923654963346397e-18 6.784798252726316e-02
0 61 2.167436807835541e+02 1.632547174113624e-17 7.741332782344879e-02
0 62 2.202678786723137e+02 1.622232899744836e-17 7.741921214107479e-02
1 33 2.222939699637806e+02 3.773794635397214e-17 6.784748074837280e-02
0 63 2.237919586005959e+02 1.642863190314391e-17 7.742070930690820e-02
0 64 2.273161242676656e+02 1.601625044720310e-17 7.741895556249731e-02
2 7 2.285070831860282e+02 4.077399548075533e-15 3.923900610990792e-02
1 34 2.289259666532807e+02 3.943396149341219e-18 6.784896896497772e-02
0 65 2.308402271229436e+02 1.617821751276464e-17 7.741764446312777e-02
0 66 2.343643667268916e+02 1.597668999455721e-17 7.741026441778548e-02
1 35 2.355579354141137e+02 3.923514414075172e-18 6.784941661928132e-02
0 67 2.378884157365238e+02 1.632679613491316e-17 7.740652927045377e-02
0 68 2.414125200646176e+02 1.655184391396492e-17 7.739467020681250e-02
1 36 2.421898485180123e+02 1.970972017350598e-14 6.785282178831682e-02
0 69 2.449363988872169e+02 1.762227607619856e-17 7.738934927469189e-02
0 70 2.484603294411949e+02 1.880273503882648e-17 7.737745759347978e-02
1 37 2.488219973075419e+02 3.951307766705105e-18 6.785779589123368e-02
0 71 2.519838871177267e+02 2.133638450990994e-17 7.737230871601082e-02
0 72 2.555074655403461e+02 2.423159543880636e-17 7.737428531639021e-02
1 38 2.554547853193964e+02 3.940383695423389e-18 6.785706005198795e-02
2 8 2.588708671946101e+02 3.365147083279582e-13 3.923807143523992e-02
0 73 2.590309436887233e+02 2.833082675727746e-17 7.737854625190915e-02
1 39 2.620878399152698e+02 4.289761616405174e-18 6.785719493724314e-02
0 74 2.625544257296083e+02 3.224139710672699e-17 7.738388834664085e-02
0 75 2.660783816486137e+02 3.396411151956943e-17 7.740399874152393e-02
1 40 2.687201109899966e+02 3.924108076322923e-18 6.784794722937129e-02
0 76 2.696021891304229e+02 3.624945404071880e-17 7.740871257426971e-02
0 77 2.731263740720172e+02 3.578770886625826e-17 7.741964881532655e-02
1 41 2.753520652766710e+02 1.566797810075478e-14 6.784570836596387e-02
0 78 2.766504051919645e+02 3.665632463380458e-17 7.742233555374475e-02
0 79 2.801745883081408e+02 3.606456695837076e-17 7.742379021278449e-02
1 42 2.819840389978359e+02 4.092387566534244e-18 6.784626620173773e-02
0 80 2.836986890232889e+02 3.643761579444148e-17 7.742383230002363e-02
0 81 2.872228370345969e+02 3.620338555508097e-17 7.741902058524901e-02
1 43 2.886160351645174e+02 3.978463382717135e-18 6.784750929705238e-02
2 9 2.892346010987920e+02 2.457135599601735e-16 3.923811919697282e-02
0 82 2.907469208289957e+02 3.670126193354608e-17 7.741633570152490e-02
0 83 2.942710473904309e+02 3.686952653003166e-17 7.740640480768241e-02
1 44 2.952479681991302e+02 5.130330537051334e-16 6.784860941463512e-02
0 84 2.977950256501776e+02 3.815395772104561e-17 7.740170448383606e-02
0 85 3.013190655104207e+02 2.789807615599773e-18 7.738864502355446e-02
1 45 3.018799352807076e+02 4.009974924388392e-18 6.785376854119458e-02
0 86 3.048427889897445e+02 2.794720768164543e-18 7.738315972445722e-02
0 87 3.083665422663157e+02 2.792870259945792e-18 7.737758487254713e-02
1 46 3.085124074595599e+02 4.176404783946537e-18 6.785607124532285e-02
0 88 3.118899712837073e+02 2.820798463605044e-18 7.737445504936481e-02
1 47 3.151454789229173e+02 3.231147285163869e-15 6.785744821942913e-02
0 89 3.154134244133361e+02 2.790032643661835e-18 7.737946906695008e-02
0 90 3.189371417916266e+02 2.799767234102860e-18 7.739593579535342e-02
2 10 3.195984084865203e+02 3.049504890140741e-15 3.923804487365029e-02
1 48 3.217781544039365e+02 3.967937203838341e-18 6.785004963404749e-02
0 91 3.224607844889950e+02 2.799068622449453e-18 7.740106357571942e-02
0 92 3.259849056780357e+02 2.886406109950581e-18 7.741740362613862e-02
1 49 3.284101664484028e+02 4.279215048191164e-18 6.784377770319702e-02
0 93 3.295088537375627e+02 2.861152580075861e-18 7.742124298935428e-02
0 94 3.330330521112682e+02 2.861045352834259e-18 7.742680986899643e-02
1 50 3.350421175867380e+02 3.429607884572829e-14 6.784424113120016e-02
0 95 3.365571350317601e+02 2.827778014722750e-18 7.742817685726183e-02
0 96 3.400812992897205e+02 2.826657537435437e-18 7.742606018719893e-02
1 51 3.416741215271143e+02 3.929877361899406e-18 6.784489861679577e-02
0 97 3.436054013515933e+02 2.831762799997072e-18 7.742462264960838e-02
0 98 3.471295400594910e+02 2.830007984077329e-18 7.741707494379545e-02
1 52 3.483060800251444e+02 4.195911328581225e-18 6.784605284441347e-02
2 11 3.499621285630218e+02 1.127203120631858e-17 3.923842528200534e-02
0 99 3.506535848168284e+02 2.865691340921823e-18 7.741320067612793e-02
0 100 3.541776845482839e+02 2.885746586466964e-18 7.740109737024387e-02
1 53 3.549379973410286e+02 4.029864099096163e-18 6.784870772581912e-02
0 101 3.577015529020266e+02 2.811010201622085e-18 7.739578774578815e-02
0 102 3.612254724305238e+02 2.794477318871464e-18 7.738434815207779e-02
1 54 3.615701442462955e+02 3.955600296772878e-18 6.785439977183487e-02
0 103 3.647490183656687e+02 2.894993879899463e-18 7.737931518295031e-02
