0 0 1.818801679177645e+00 3.313467177007351e-18 7.774654393305304e-02
1 0 3.444654903582894e+00 2.373738911084395e-17 6.448567520380978e-02
0 1 5.342734160454744e+00 2.867029562588238e-18 7.774570811952970e-02
0 2 8.866795105708219e+00 2.777439106652139e-18 7.773530381880452e-02
1 1 1.007679261834171e+01 4.133616023607104e-18 6.448826721682764e-02
0 3 1.239064757933925e+01 3.274778222805911e-18 7.773213791589788e-02
2 0 1.535978031898054e+01 2.107727486086481e-15 3.914931582554981e-02
0 4 1.591453661912069e+01 3.275195341826298e-18 7.771738665906679e-02
1 2 1.670907865731563e+01 4.213365147489731e-18 6.449311729847766e-02
0 5 1.943826772886785e+01 3.390846226431983e-18 7.771237684637547e-02
0 6 2.296197992821083e+01 3.275683418539046e-18 7.770248828033641e-02
1 3 2.334153178013477e+01 5.761303844933518e-16 6.449600435412507e-02
0 7 2.648559456637525e+01 3.023007552603618e-18 7.769713844395729e-02
0 8 3.000921465095021e+01 2.929787459987386e-18 7.769899338135595e-02
1 4 2.997410536733144e+01 4.270329897319597e-18 6.449528836538790e-02
0 9 3.353280521434952e+01 3.808263408790132e-18 7.769893258966909e-02
1 5 3.660671348564998e+01 4.289440365476644e-18 6.449702567255096e-02
0 10 3.705646201579245e+01 2.871540843562060e-18 7.770403365798115e-02
0 11 4.058023921470833e+01 3.275211714000176e-18 7.771836798513529e-02
1 6 4.323909694594616e+01 4.133484194225683e-18 6.449189268697292e-02
0 12 4.410401531152974e+01 2.871502376967717e-18 7.772287809419022e-02
2 1 4.572344358474607e+01 1.131222168246279e-17 3.914549854036831e-02
0 13 4.762806779591792e+01 2.777359825806395e-18 7.773923802999662e-02
1 7 4.987118615208287e+01 4.141522812719528e-18 6.448577547473991e-02
0 14 5.115196580763331e+01 3.681882799193534e-18 7.774194432511033e-02
0 15 5.467614042823487e+01 2.871017720275150e-18 7.774795110748178e-02
1 8 5.650317231054693e+01 4.265343645151125e-18 6.448405959745417e-02
0 16 5.820008388615113e+01 3.257428790868728e-18 7.774842958741750e-02
0 17 6.172420874082640e+01 2.920298673028711e-18 7.774257007138159e-02
1 9 6.313525536349223e+01 4.149676541814000e-18 6.448613178058410e-02
0 18 6.524810833158928e+01 2.801312450419756e-18 7.774047055738206e-02
0 19 6.877208526356465e+01 3.013929138778201e-18 7.772681872385734e-02
1 10 6.976747184497071e+01 4.158097244896400e-18 6.448963983769314e-02
0 20 7.229587783355852e+01 3.013246836296075e-18 7.772259273875970e-02
0 21 7.581967156844878e+01 3.126064727406287e-18 7.770902706723314e-02
2 2 7.608721895397882e+01 1.188847503558763e-14 3.915065278649991e-02
1 11 7.639984070811778e+01 1.602327706644701e-16 6.449436852839800e-02
0 22 7.934333795451980e+01 2.802888625803635e-18 7.770355298596239e-02
0 23 8.286698566819902e+01 2.939402855056137e-18 7.769988694725909e-02
1 12 8.303237113917116e+01 4.419784278762076e-18 6.449456812230744e-02
0 24 8.639056774520527e+01 2.803386954008812e-18 7.769582817666799e-02
1 13 8.966496421378623e+01 4.319149610719796e-18 6.449609008167483e-02
0 25 8.991419295258643e+01 2.875655095471090e-18 7.770047619711506e-02
0 26 9.343785202854735e+01 2.909755447177330e-18 7.770811768103580e-02
1 14 9.629750617687816e+01 4.549106868598560e-18 6.449424575608542e-02
0 27 9.696156450694164e+01 2.778263096959204e-18 7.771303740658740e-02
0 28 1.004854925569085e+02 2.931776995192799e-18 7.773058432598116e-02
1 15 1.029297184429890e+02 4.177901758983316e-18 6.448739771015907e-02
0 29 1.040093373810229e+02 2.905718184504096e-18 7.773428553999154e-02
2 3 1.064509976018365e+02 6.768587666473787e-15 3.914623458146988e-02
0 30 1.075334779677028e+02 3.304612861427350e-18 7.774607780739061e-02
1 16 1.095617279890159e+02 4.151252879333233e-18 6.448345238689891e-02
0 31 1.110574111434709e+02 2.802081762646057e-18 7.774763415266793e-02
0 32 1.145815766643232e+02 3.228524359608701e-18 7.774720163321526e-02
1 17 1.161937442903448e+02 7.069016026061812e-14 6.448369705775356e-02
0 33 1.181055069920264e+02 3.002188891931617e-18 7.774638169213008e-02
0 34 1.216295631241391e+02 3.593744326410495e-18 7.773582033840654e-02
1 18 1.228258928685906e+02 4.148604316423991e-18 6.448713335322186e-02
0 35 1.251534133716991e+02 2.902598672879822e-18 7.773254748736486e-02
0 36 1.286772969484917e+02 2.927428060574916e-18 7.771768794886313e-02
1 19 1.294581930582747e+02 4.298473205378149e-18 6.449119857102886e-02
0 37 1.322010239726989e+02 2.803588444345174e-18 7.771264482807314e-02
0 38 1.357247313203668e+02 3.404366962643464e-18 7.770315786831922e-02
1 20 1.360906472676765e+02 4.245488776461167e-18 6.449452425799725e-02
2 4 1.368146669243802e+02 1.143532759643614e-17 3.914869313902814e-02
0 39 1.392483431752372e+02 3.118261830048848e-18 7.769778635402017e-02
0 40 1.427719623485801e+02 2.879626684504101e-18 7.769985181606130e-02
1 21 1.427232223297833e+02 4.183074618825876e-18 6.449318864429206e-02
0 41 1.462955543773297e+02 3.194587651894116e-18 7.770023343853706e-02
1 22 1.493558123752472e+02 6.118810733075551e-15 6.449535032650479e-02
0 42 1.498192136282705e+02 2.919269262605282e-18 7.770545431287446e-02
0 43 1.533430006120227e+02 3.001365311569611e-18 7.772021572753234e-02
1 23 1.559882070846375e+02 4.150825796192788e-18 6.449004714765531e-02
0 44 1.568667819853223e+02 2.890373172936654e-18 7.772459191064389e-02
0 45 1.603908419455276e+02 2.777310961746305e-18 7.774067791493289e-02
1 24 1.626202823616020e+02 4.181545387687844e-18 6.448376295074790e-02
0 46 1.639147424204996e+02 2.991178888911604e-18 7.774335985907427e-02
2 5 1.671785057668991e+02 4.347540015502495e-15 3.914890855309357e-02
0 47 1.674389178488127e+02 2.888249335640009e-18 7.774896478375369e-02
1 25 1.692522758524841e+02 5.215250741800810e-18 6.448232600411299e-02
0 48 1.709628609722985e+02 2.913681649392081e-18 7.774927294933875e-02
0 49 1.744869814064804e+02 2.913664899033977e-18 7.774302413854735e-02
1 26 1.758843500792124e+02 4.186877377970714e-18 6.448409156257616e-02
0 50 1.780108776676682e+02 3.464225309559835e-18 7.774092290701580e-02
0 51 1.815348487233848e+02 2.777719676555998e-18 7.772724830395075e-02
1 27 1.825165696571602e+02 4.278117865864844e-18 6.448851490706478e-02
0 52 1.850586384766695e+02 3.557090769265981e-18 7.772296859910341e-02
0 53 1.885824272771516e+02 2.882292499280657e-18 7.770947027835619e-02
1 28 1.891489593721821e+02 1.572171504602054e-14 6.449244091792526e-02
0 54 1.921060900224172e+02 2.883466099199221e-18 7.770396184061716e-02
0 55 1.956297349038203e+02 2.908741812109138e-18 7.770078324054783e-02
1 29 1.957814851697303e+02 4.162919799544789e-18 6.449294765994415e-02
2 6 1.975421719988885e+02 1.776745177020324e-14 3.914658499537260e-02
0 56 1.991533161645344e+02 3.110727703977195e-18 7.769686030021022e-02
1 30 2.024140833467908e+02 4.251023707953675e-18 6.449406607425991e-02
0 57 2.026769425097313e+02 3.113891756640715e-18 7.770149733327709e-02
0 58 2.062006072524604e+02 2.903834492509685e-18 7.770967929858447e-02
1 31 2.090466003152802e+02 4.395736294235112e-18 6.449226691615852e-02
0 59 2.097243230559685e+02 3.210177452963252e-18 7.771467905695187e-02
0 60 2.132482607717027e+02 2.873993440950390e-18 7.773237204472984e-02
1 32 2.156788203860092e+02 4.138539589907513e-18 6.448574812357584e-02
0 61 2.167721104333012e+02 2.884351233108996e-18 7.773595534933320e-02
0 62 2.202962553771328e+02 2.872336149225703e-18 7.774728482502014e-02
1 33 2.223108252769282e+02 3.401971408855087e-14 6.448140550148920e-02
0 63 2.238201895786086e+02 2.871515019914928e-18 7.774878803132765e-02
0 64 2.273443531133797e+02 3.093494587560954e-18 7.774799000024782e-02
2 7 2.279059648561394e+02 1.210571795791691e-17 3.914980353174461e-02
1 34 2.289428483083876e+02 4.150666556741354e-18 6.448214912910219e-02
0 65 2.308682818435218e+02 2.804382816135438e-18 7.774701387017781e-02
0 66 2.343923323230270e+02 2.777414965187925e-18 7.773613216642242e-02
1 35 2.355749930089073e+02 4.174165406323064e-18 6.448507737219146e-02
0 67 2.379161784101706e+02 2.977508047881010e-18 7.773284102257942e-02
0 68 2.414400556025164e+02 2.805514235100443e-18 7.771811433382163e-02
1 36 2.422072895604954e+02 3.394953137987280e-17 6.448998174835405e-02
0 69 2.449637794818775e+02 3.079740892682211e-18 7.771307608285838e-02
0 70 2.484874832203230e+02 3.334438905969236e-18 7.770384493626828e-02
1 37 2.488397687558481e+02 4.152223561059317e-18 6.449261945744994e-02
0 71 2.520110925417410e+02 2.865611276012509e-18 7.769846191683287e-02
0 72 2.555347111821455e+02 2.806657869899843e-18 7.770085096697700e-02
1 38 2.554723352957796e+02 4.437681427714382e-18 6.449160892639463e-02
2 8 2.582697021713572e+02 1.252375116749270e-15 3.914710992813859e-02
0 73 2.590583057380816e+02 3.168638423699848e-18 7.770165568442959e-02
1 39 2.621049306562358e+02 1.274557009878077e-15 6.449328597169803e-02
0 74 2.625819676929673e+02 2.888929846869871e-18 7.770678085319498e-02
0 75 2.661057632105401e+02 2.887010271804664e-18 7.772186791091557e-02
1 40 2.687372972445892e+02 4.276404843640218e-18 6.448785548998598e-02
0 76 2.696295481062598e+02 2.968557037659923e-18 7.772629016332389e-02
0 77 2.731536151974632e+02 2.967781792627556e-18 7.774227347261692e-02
1 41 2.753693775268654e+02 4.243450047860480e-18 6.448230519800964e-02
0 78 2.766775193402308e+02 2.855647944574467e-18 7.774486365714513e-02
0 79 2.802016960454999e+02 3.151361554347369e-18 7.774993512110327e-02
1 42 2.820013763767061e+02 4.224018325823776e-18 6.448027326803928e-02
0 80 2.837256387636666e+02 2.805354405544666e-18 7.775015815921334e-02
0 81 2.872497551337186e+02 3.148567737185487e-18 7.774361934251411e-02
1 43 2.886334542935577e+02 4.145038451093834e-18 6.448266670391251e-02
2 9 2.886334292176035e+02 4.014262385330114e-14 3.914851857251467e-02
0 82 2.907736487553328e+02 2.882341447217590e-18 7.774139019822179e-02
0 83 2.942976134996980e+02 2.806224394544270e-18 7.772749998805477e-02
1 44 2.952656753115484e+02 4.133811367025621e-18 6.448646900288611e-02
0 84 2.978213986277696e+02 2.881242297345638e-18 7.772318851506156e-02
0 85 3.013451812171721e+02 3.053671040188457e-18 7.770999766447385e-02
1 45 3.018980561737377e+02 4.133649670625736e-18 6.449103948941912e-02
0 86 3.048688409092209e+02 2.963656124985655e-18 7.770455761802292e-02
0 87 3.083924843757295e+02 3.128474388009578e-18 7.770172659038746e-02
1 46 3.085306070285003e+02 4.159571722582720e-18 6.449110467634525e-02
0 88 3.119160652641463e+02 3.324246917507672e-18 7.769790036921438e-02
1 47 3.151631967744228e+02 2.540995619115815e-17 6.449234319947493e-02
0 89 3.154396929059088e+02 2.786000771208663e-18 7.770264261461070e-02
0 90 3.189633642567510e+02 2.851291169270108e-18 7.771138327478724e-02
2 10 3.189972117398093e+02 1.131899631926023e-17 3.914836767985116e-02
1 48 3.217957143586195e+02 4.205494415206899e-18 6.449021673471832e-02
0 91 3.224870838326433e+02 2.993634506960387e-18 7.771626769138368e-02
0 92 3.260110301125230e+02 3.206007656318273e-18 7.773394768323008e-02
1 49 3.284279092802541e+02 4.207630196485373e-18 6.448345223415632e-02
0 93 3.295348826897975e+02 3.018414442672250e-18 7.773754125246651e-02
0 94 3.330590311782033e+02 3.198537701905444e-18 7.774862111173762e-02
1 50 3.350599156225189e+02 3.822172655927349e-17 6.448007095978266e-02
0 95 3.365829674576324e+02 2.776960719425432e-18 7.775006418690669e-02
0 96 3.401071297989658e+02 3.568640296332878e-18 7.774875090268743e-02
1 51 3.416919531606898e+02 4.220053792852599e-18 6.448013354098968e-02
0 97 3.436310569176524e+02 2.988388787241854e-18 7.774765800878468e-02
0 98 3.471551019583316e+02 2.867362105446925e-18 7.773658426677067e-02
1 52 3.483240974365413e+02 4.287294836557367e-18 6.448369821261023e-02
2 11 3.493609175683715e+02 2.540333302844707e-16 3.914816288248638e-02
0 99 3.506789446291627e+02 2.903110488531289e-18 7.773320417753464e-02
0 100 3.542028153874834e+02 3.040275590054724e-18 7.771840674972041e-02
1 53 3.549564007067733e+02 4.223805444364739e-18 6.448796463322874e-02
0 101 3.577265345700775e+02 3.086664432034295e-18 7.771332905524390e-02
0 102 3.612502331875190e+02 2.965196798948596e-18 7.770456748676330e-02
1 54 3.615888672268990e+02 4.145795233091221e-18 6.449095648606487e-02
0 103 3.647738402083399e+02 2.786260258103631e-18 7.769933512731513e-02
