0 0 1.833077175432840e+00 3.130152980963897e-18 7.598425747361942e-02
1 0 3.384633511406489e+00 4.199589769436829e-18 6.376319992361579e-02
0 1 5.356996818012223e+00 3.112101199429990e-18 7.598329358664857e-02
0 2 8.881095362478490e+00 3.034480642788582e-18 7.597454116775579e-02
1 1 1.001677261907234e+01 4.235185489868326e-18 6.376510093473504e-02
0 3 1.240483731967929e+01 3.571399993700498e-18 7.597142287751400e-02
2 0 1.554131609036599e+01 6.674144206173331e-16 3.846862070267969e-02
0 4 1.592868779038247e+01 3.032934260343610e-18 7.595356722999604e-02
1 2 1.664924854655923e+01 4.224782350798359e-18 6.377221135205521e-02
0 5 1.945223233850044e+01 3.109979871347827e-18 7.594879335855272e-02
0 6 2.297575006567163e+01 3.109034318016207e-18 7.593757349093176e-02
1 3 2.328215785521835e+01 4.230315377931332e-18 6.377556368528702e-02
0 7 2.649922557810677e+01 3.107675416532446e-18 7.593252925261761e-02
0 8 3.002266883096518e+01 3.467691240681533e-18 7.593531268437742e-02
1 4 2.991510139937992e+01 4.413212482925280e-18 6.377420379100979e-02
0 9 3.354624650998845e+01 3.104796973873910e-18 7.593646347411785e-02
1 5 3.654776996175588e+01 1.603322039180116e-15 6.377449932955796e-02
0 10 3.706986734408127e+01 3.328087899734389e-18 7.594158590330577e-02
0 11 4.059365966526078e+01 3.449507397303018e-18 7.595291154488663e-02
1 6 4.318009052853528e+01 4.199763539249159e-18 6.377125826889779e-02
0 12 4.411748965847010e+01 2.921411879514658e-18 7.595726464793290e-02
2 1 4.590492869600336e+01 1.151468142156241e-17 3.846411236495702e-02
0 13 4.764149019390917e+01 3.100571291398029e-18 7.597015020624723e-02
1 7 4.981220167419455e+01 4.317319707861534e-18 6.376760204577894e-02
0 14 5.116545101405718e+01 3.099979653259232e-18 7.597263815822439e-02
0 15 5.468958175823892e+01 4.051460744362643e-18 7.598012200199807e-02
1 8 5.644422961441657e+01 4.293510453088572e-18 6.376502950369339e-02
0 16 5.821354764793901e+01 3.148939544175904e-18 7.598040025782307e-02
0 17 6.173769495550569e+01 2.921225266378124e-18 7.597773008250261e-02
1 9 6.307630927578779e+01 4.230581281831733e-18 6.376510248209057e-02
0 18 6.526153522880004e+01 3.327004682796773e-18 7.597560879464919e-02
0 19 6.878553209572549e+01 3.515777681129230e-18 7.596103323565490e-02
1 10 6.970858916533273e+01 4.032658951393421e-15 6.376967341481506e-02
0 20 7.230916626836790e+01 3.152896618517651e-18 7.595696428666174e-02
0 21 7.583283597778811e+01 3.013345124128401e-18 7.594003093227315e-02
1 11 7.634130543456016e+01 4.181360118432222e-18 6.377657237546688e-02
2 2 7.626861522281872e+01 8.668138901120654e-16 3.846917917481869e-02
0 22 7.935632222250466e+01 3.095580834777982e-18 7.593482081026626e-02
0 23 8.287975646494391e+01 2.925221893547280e-18 7.593198153281995e-02
1 12 8.297429713850907e+01 4.226734458053623e-18 6.377533864983111e-02
0 24 8.640326470728489e+01 3.488730470841533e-18 7.592866017050275e-02
1 13 8.960710831310507e+01 4.613646900386755e-18 6.377660125384428e-02
0 25 8.992678285079189e+01 3.163131664198638e-18 7.593354760458355e-02
0 26 9.345046338531796e+01 3.004065196783582e-18 7.594076551484255e-02
1 14 9.623960443024349e+01 4.387000913650120e-18 6.377444814028017e-02
0 27 9.697419689528540e+01 3.088958944679967e-18 7.594562065977116e-02
0 28 1.004981034232628e+02 3.471034253101225e-18 7.595878121483605e-02
1 15 1.028717942462012e+02 4.249768525489840e-18 6.377066489116141e-02
0 29 1.040220139622145e+02 3.468418193881351e-18 7.596227840971934e-02
2 3 1.066323423045722e+02 1.761111742661393e-15 3.846547118268507e-02
0 30 1.075460929753274e+02 2.839121390537541e-18 7.597309483286677e-02
1 16 1.095038520687090e+02 1.432669395413504e-16 6.376749984625681e-02
0 31 1.110700732961605e+02 2.839055219462789e-18 7.597444682505644e-02
0 32 1.145942293063413e+02 3.085922422587627e-18 7.597720140464582e-02
1 17 1.161358815950693e+02 4.213304034189602e-18 6.376575825074778e-02
0 33 1.181181457239665e+02 2.998068767937587e-18 7.597626287106052e-02
0 34 1.216422406097667e+02 2.926602391222351e-18 7.596731592503532e-02
1 18 1.227680375825235e+02 4.280349416790040e-18 6.376840946079446e-02
0 35 1.251659792374068e+02 2.927067415713651e-18 7.596413579328280e-02
0 36 1.286898229962679e+02 3.327859170969750e-18 7.594613010810014e-02
1 19 1.294005268877128e+02 4.270424550424883e-18 6.377487386559923e-02
0 37 1.322133642437073e+02 2.928577142695368e-18 7.594131583404083e-02
0 38 1.357368758913374e+02 3.082284775941230e-18 7.593051197513108e-02
1 20 1.360334430191326e+02 4.181221920974334e-18 6.377856336779955e-02
2 4 1.369959374151786e+02 1.152581878293345e-17 3.846676475718239e-02
0 39 1.392603511630154e+02 2.930191981897879e-18 7.592546732469617e-02
0 40 1.427837961539106e+02 2.840758694564932e-18 7.592835614546813e-02
1 21 1.426663766300378e+02 4.238089333724003e-18 6.377657048198813e-02
0 41 1.463073769452134e+02 3.328435196064832e-18 7.592981776155616e-02
1 22 1.492990285012609e+02 4.893323152666041e-18 6.377743758337931e-02
0 42 1.498310019133534e+02 3.328295607168272e-18 7.593503838406540e-02
0 43 1.533547999739383e+02 3.327960406389081e-18 7.594659324449822e-02
1 23 1.559313607034890e+02 4.214870534173902e-18 6.377401192101116e-02
0 44 1.568786350970748e+02 2.931384253463071e-18 7.595084711719476e-02
0 45 1.604026407006021e+02 3.411914467286975e-18 7.596359582388869e-02
1 24 1.625634628568947e+02 1.252439790117651e-16 6.377022252219668e-02
0 46 1.639266028293413e+02 2.839364640351864e-18 7.596605505842458e-02
0 47 1.674507350979436e+02 3.182355864874730e-18 7.597335053891817e-02
2 5 1.673597048062063e+02 2.808689984450548e-16 3.846787813541165e-02
1 25 1.691954963189434e+02 4.407670966124176e-18 6.376775668425558e-02
0 48 1.709746994699520e+02 2.839082584474002e-18 7.597350608211585e-02
0 49 1.744988450509330e+02 3.040964768048519e-18 7.597049803535111e-02
1 26 1.758275607323594e+02 4.259082558345137e-18 6.376759080774576e-02
0 50 1.780226809506535e+02 2.839226789219242e-18 7.596838544944544e-02
0 51 1.815466714868895e+02 3.042408594306293e-18 7.595369967610882e-02
1 27 1.824598551265849e+02 5.710069834632895e-18 6.377304443504467e-02
0 52 1.850703021600263e+02 3.070656947233627e-18 7.594961118304172e-02
0 53 1.885939651450865e+02 3.000575015378843e-18 7.593277275198959e-02
1 28 1.890925899600966e+02 4.362832885999455e-18 6.377917117263772e-02
0 54 1.921174499756600e+02 3.387225696427434e-18 7.592751739439865e-02
0 55 1.956408822713849e+02 2.935226541718960e-18 7.592508133561796e-02
1 29 1.957255790626350e+02 4.248090395899198e-18 6.377823020406410e-02
2 6 1.977233149458631e+02 4.179604461938351e-15 3.846525430879801e-02
0 56 1.991643919926774e+02 2.865011383710007e-18 7.592189725500594e-02
1 30 2.023583841199409e+02 4.567364170367373e-15 6.377899055769501e-02
0 57 2.026879138841115e+02 2.936155174899719e-18 7.592674868632628e-02
0 58 2.062115989546266e+02 3.292924769451692e-18 7.593424095205090e-02
1 31 2.089908580348736e+02 4.192884763694794e-18 6.377719101025359e-02
0 59 2.097353364306154e+02 2.864754288521982e-18 7.593916404290514e-02
0 60 2.132592481316897e+02 2.964893755841572e-18 7.595245116204613e-02
1 32 2.156230609131239e+02 4.225583060083360e-18 6.377356390433213e-02
0 61 2.167831626391206e+02 2.988501012612053e-18 7.595586817641208e-02
0 62 2.203072458486251e+02 2.863933101209039e-18 7.596644833687875e-02
1 33 2.222551132938237e+02 4.318159048905346e-18 6.377001634875194e-02
0 63 2.238312262007284e+02 4.016331140135895e-18 7.596774728196291e-02
0 64 2.273553820798629e+02 3.059209602454458e-18 7.597027203385862e-02
2 7 2.280870262853822e+02 1.156776188429698e-17 3.846822114635053e-02
1 34 2.288871487502166e+02 4.182808247373113e-18 6.376866610996031e-02
0 65 2.308792955233363e+02 3.051917754610304e-18 7.596922754000451e-02
0 66 2.344033864588924e+02 3.275445312715140e-18 7.595993084123666e-02
1 35 2.355192952235477e+02 1.359189109333947e-15 6.377086083403202e-02
0 67 2.379271201262516e+02 3.271300263151655e-18 7.595674232968319e-02
0 68 2.414509555595372e+02 2.959992656314302e-18 7.593879959804424e-02
1 36 2.421517950121893e+02 4.334896329525473e-18 6.377819503844842e-02
0 69 2.449744939984612e+02 2.958330037049946e-18 7.593400987422878e-02
0 70 2.484980014561373e+02 3.055534689532155e-18 7.592350684688542e-02
1 37 2.487847305743831e+02 4.227704792271671e-18 6.378109256808763e-02
0 71 2.520214773882642e+02 3.224990700248001e-18 7.591843960906816e-02
0 72 2.555449240029772e+02 2.978265286547839e-18 7.592152312745630e-02
1 38 2.554176548529773e+02 4.270099441503900e-18 6.377952347592600e-02
2 8 2.584507038588472e+02 7.220620504166302e-17 3.846603308344530e-02
0 73 2.590685079789416e+02 3.051285998652549e-18 7.592328497775935e-02
1 39 2.620503037606844e+02 4.366042428580566e-18 6.377987837662299e-02
0 74 2.625921373748287e+02 2.866301655031067e-18 7.592842702171936e-02
0 75 2.661159404853519e+02 3.228241466174565e-18 7.594011408578036e-02
1 40 2.686826117955668e+02 4.198767582577738e-18 6.377656472187600e-02
0 76 2.696397788754178e+02 2.865875047796681e-18 7.594440716676669e-02
0 77 2.731637886244512e+02 3.047106657331026e-18 7.595719300156611e-02
1 41 2.753147261050236e+02 5.625715611839620e-16 6.377324138132948e-02
0 78 2.766877532309904e+02 3.220393079244166e-18 7.595959779596614e-02
0 79 2.802118885094648e+02 2.944548089110171e-18 7.596658366619051e-02
1 42 2.819467592129015e+02 4.203759254887512e-18 6.377021080961541e-02
0 80 2.837358516323829e+02 3.045660053469104e-18 7.596666005330230e-02
0 81 2.872599951105457e+02 3.602015094892937e-18 7.596339492834102e-02
1 43 2.885788289003336e+02 4.421359884631698e-18 6.377064281804457e-02
2 9 2.888143620083410e+02 8.684963419682838e-15 3.846677187713261e-02
0 82 2.907838268248337e+02 3.044942663882568e-18 7.596120150906950e-02
0 83 2.943078110297226e+02 2.942724132058388e-18 7.594623325347048e-02
1 44 2.952111215381781e+02 4.297726145189979e-18 6.377549653934914e-02
0 84 2.978314369526875e+02 2.942773920361981e-18 7.594212085963410e-02
0 85 3.013550915267608e+02 2.966566638926605e-18 7.592557902887433e-02
1 45 3.018438601042148e+02 4.189950500151331e-18 6.378231368492390e-02
0 86 3.048785749469146e+02 3.756122631455106e-18 7.592039593853314e-02
0 87 3.084020071355558e+02 3.162911804734768e-18 7.591826300411730e-02
1 46 3.084768657018663e+02 4.214756339751456e-18 6.378087073259502e-02
0 88 3.119255195518045e+02 2.867738424132045e-18 7.591515346255655e-02
1 47 3.151096592971977e+02 4.288093308943065e-18 6.378177866354835e-02
0 89 3.154490451379874e+02 2.959503773162694e-18 7.592005255627603e-02
0 90 3.189727346330958e+02 3.810149118566693e-18 7.592784546377689e-02
2 10 3.191780738067594e+02 1.693051876208106e-17 3.846689473090493e-02
1 48 3.217421321091406e+02 4.220057966618273e-18 6.377973921967534e-02
0 91 3.224964763324270e+02 3.431411756266524e-18 7.593268257742815e-02
0 92 3.260203928109074e+02 2.867084993167319e-18 7.594595642157223e-02
1 49 3.283743118154163e+02 1.876018012515076e-17 6.377595967139151e-02
0 93 3.295443095383450e+02 3.241082007186744e-18 7.594938264437073e-02
0 94 3.330683955992585e+02 3.160450622355028e-18 7.595992241023412e-02
1 50 3.350063733294277e+02 4.242279517238367e-18 6.377311052332209e-02
0 95 3.365923767393374e+02 3.032686662685375e-18 7.596119544506333e-02
0 96 3.401165341042899e+02 2.953023729509339e-18 7.596336402280700e-02
1 51 3.416384146135163e+02 4.199571297860167e-18 6.377114773265095e-02
0 97 3.436404451464578e+02 3.155300609251500e-18 7.596221552983284e-02
0 98 3.471645317247750e+02 3.031983086682216e-18 7.595266839554182e-02
1 52 3.482705656767401e+02 3.602635672983395e-17 6.377398360120863e-02
2 11 3.495417154343423e+02 1.716856658041510e-17 3.846686506540555e-02
0 99 3.506882604943472e+02 2.951210424802897e-18 7.594942898062794e-02
0 100 3.542120878007887e+02 3.147503133483042e-18 7.593137731525360e-02
1 53 3.549030714043164e+02 4.186149066020869e-18 6.378065641923182e-02
0 101 3.577356225941273e+02 3.029780536111558e-18 7.592655276365808e-02
0 102 3.612591242232911e+02 3.216480984654500e-18 7.591651712733682e-02
1 54 3.615360007872712e+02 4.289344752509316e-18 6.378395027579704e-02
0 103 3.647826003660942e+02 3.080043824620516e-18 7.591159006308720e-02
