0 0 1.769440585631742e+00 6.278554642995679e-17 8.161207962239801e-02
1 0 3.364719286919538e+00 4.168029347708892e-18 6.397133424701464e-02
0 1 5.293278430509417e+00 6.669517676041073e-17 8.161073062417964e-02
0 2 8.817398729953217e+00 6.636416568072551e-17 8.159446463699288e-02
1 1 9.996691092704689e+00 4.277066827745839e-18 6.397816998173474e-02
0 3 1.234133417009307e+01 6.916868161727982e-17 8.159095341173321e-02
2 0 1.558740945411604e+01 1.125944111943809e-17 3.933575837188625e-02
0 4 1.586531239262922e+01 7.168928861296457e-17 8.157433906753556e-02
1 2 1.662865835373603e+01 4.223700453681597e-18 6.398414688628093e-02
0 5 1.938928060178219e+01 7.482188468151483e-17 8.156919994068168e-02
0 6 2.291317505239673e+01 7.898517105559393e-17 8.156262541350690e-02
1 3 2.326054149988254e+01 4.173164053926813e-18 6.398474062375836e-02
0 7 2.643708486954122e+01 8.308074019475344e-17 8.155764705888423e-02
0 8 2.996095642705519e+01 8.833408770382122e-17 8.156107295221691e-02
1 4 2.989241122820200e+01 4.492408537518161e-18 6.398359214900015e-02
0 9 3.348476395241409e+01 9.510282322908677e-17 8.156121564274513e-02
1 5 3.652445525091487e+01 4.279950446397847e-18 6.398490450738749e-02
0 10 3.700861298541851e+01 1.007114529867698e-16 8.156670983365698e-02
0 11 4.053239098500104e+01 1.091897217651670e-16 8.157967773032306e-02
1 6 4.315671368426065e+01 4.196520474125211e-18 6.398114424190987e-02
0 12 4.405619298388341e+01 1.161550206133783e-16 8.158431519014604e-02
2 1 4.595110837180640e+01 6.679011912511627e-16 3.933107280682516e-02
0 13 4.758011895676842e+01 1.212074575361524e-16 8.160453448042497e-02
1 7 4.978898022693883e+01 1.011180138505987e-15 6.397295641757972e-02
0 14 5.110388030284616e+01 1.295527724481719e-16 8.160695785871154e-02
0 15 5.462802776210890e+01 1.286810787047078e-16 8.161678954180474e-02
1 8 5.642102458284653e+01 4.240327334561697e-18 6.396920088148439e-02
0 16 5.815182192671874e+01 1.367097696998919e-16 8.161683153818067e-02
0 17 6.167600185802711e+01 1.349095728984423e-16 8.160661640089424e-02
1 9 6.305299704023382e+01 4.424635121551211e-18 6.397432130822174e-02
0 18 6.519989471353914e+01 1.409722500083028e-16 8.160401046387995e-02
0 19 6.872393624429742e+01 1.438674265245134e-16 8.158562392778698e-02
1 10 6.968497962333484e+01 4.256745563722145e-18 6.398113728052585e-02
0 20 7.224790004016953e+01 1.489516990049011e-16 8.158117320011565e-02
0 21 7.577182546181604e+01 1.564835460607700e-16 8.156914771003848e-02
1 11 7.631690678470216e+01 4.172362125353276e-18 6.398470200117123e-02
2 2 7.631487089755623e+01 1.794557965691463e-14 3.933591138723502e-02
0 22 7.929577323309925e+01 1.629257599046814e-16 8.156373946761643e-02
0 23 8.281965039121719e+01 1.728223706615518e-16 8.156320138777529e-02
1 12 8.294876275055569e+01 4.167403563273662e-18 6.398287579511419e-02
0 24 8.634350545476862e+01 1.836006641989736e-16 8.155981215456205e-02
1 13 8.958069307548664e+01 3.746700537143551e-14 6.398428792096610e-02
0 25 8.986736877099970e+01 1.940766767792408e-16 8.156511391077462e-02
0 26 9.339114373192621e+01 3.559333765491545e-17 8.157171118235707e-02
1 14 9.621287226353564e+01 4.167514131802543e-18 6.398323080548796e-02
0 27 9.691497092316811e+01 3.540903577601878e-17 8.157687330071746e-02
0 28 1.004388037713639e+02 3.566439637890558e-17 8.159527662814785e-02
1 15 1.028451692486891e+02 4.288708557480164e-18 6.397641372691973e-02
0 29 1.039625796989415e+02 3.516131719030400e-17 8.159890193247930e-02
2 3 1.066786832787753e+02 1.298830183296652e-17 3.933239159195663e-02
0 30 1.074866309415250e+02 3.415618310453137e-17 8.161608557318482e-02
1 16 1.094773298030228e+02 4.231681671662481e-18 6.396930192196079e-02
0 31 1.110103974475194e+02 3.340209296569601e-17 8.161719279147407e-02
0 32 1.145345933196266e+02 3.191411415015360e-17 8.161611927162189e-02
1 17 1.161092979287738e+02 4.193838723873596e-18 6.397033700523093e-02
0 33 1.180584357060068e+02 3.137240135121763e-17 8.161482297137462e-02
0 34 1.215825503949155e+02 3.035571201879648e-17 8.159823103928382e-02
1 18 1.227412846883617e+02 2.100994590243098e-15 6.397784647933080e-02
0 35 1.251064899163149e+02 3.000890734592348e-17 8.159452314841281e-02
0 36 1.286304614271356e+02 3.011251143176692e-17 8.157811476991608e-02
1 19 1.293732520469123e+02 4.949826358738339e-18 6.398295164253684e-02
0 37 1.321544281866794e+02 2.978212932589955e-17 8.157300358822786e-02
0 38 1.356783210468770e+02 3.003708113010137e-17 8.156708452094878e-02
1 20 1.360051344224845e+02 4.229101111493451e-18 6.398382407400686e-02
2 4 1.370423604596212e+02 1.579965221305125e-16 3.933356428144939e-02
0 39 1.392022265176485e+02 2.995268659039212e-17 8.156206223227778e-02
1 21 1.426369990882421e+02 4.167455961136688e-18 6.398212667207988e-02
0 40 1.427260958609600e+02 2.997516542374894e-17 8.156565444395758e-02
0 41 1.462498981795394e+02 3.028154418147176e-17 8.156641747211553e-02
1 22 1.492690480329086e+02 4.309027832242923e-18 6.398401626052619e-02
0 42 1.497737466824676e+02 2.983445975868807e-17 8.157206996611895e-02
0 43 1.532975294988230e+02 2.972688975192727e-17 8.158564079687577e-02
1 23 1.559013284305393e+02 4.255187562047873e-18 6.397983380142368e-02
0 44 1.568213296813741e+02 2.879786713367477e-17 8.159006085984183e-02
0 45 1.603452659617249e+02 2.829236745636983e-17 8.161018818335447e-02
1 24 1.625335807492065e+02 2.029686391517594e-14 6.397147013815854e-02
0 46 1.638690271314747e+02 2.767804638390930e-17 8.161259776089667e-02
0 47 1.673931829700060e+02 2.655495517459499e-17 8.162149965460939e-02
2 5 1.674062042506585e+02 3.531588893961871e-14 3.933493231870600e-02
1 25 1.691656230884705e+02 4.197243685342705e-18 6.396815179642096e-02
0 48 1.709169800811927e+02 2.545177037244836e-17 8.162125496800708e-02
0 49 1.744411535923904e+02 2.485184469889161e-17 8.161022546226739e-02
1 26 1.757975782472319e+02 4.416723333980733e-18 6.397330554876832e-02
0 50 1.779650502617173e+02 2.367020868675200e-17 8.160766961803072e-02
0 51 1.814890858080878e+02 2.354064553390280e-17 8.158941920220135e-02
1 27 1.824295698796423e+02 4.409775665765242e-18 6.398075023163073e-02
0 52 1.850130519526680e+02 2.314251241941907e-17 8.158482911550446e-02
0 53 1.885369728536367e+02 2.299402070613601e-17 8.157320045125648e-02
1 28 1.890615005718928e+02 4.252955123137882e-18 6.398340161879609e-02
0 54 1.920609168439859e+02 2.270323279469780e-17 8.156782287082341e-02
0 55 1.955847935965240e+02 2.248719465455169e-17 8.156786997872985e-02
1 29 1.956933538375789e+02 3.513905738663421e-15 6.398191100786516e-02
2 6 1.977698999951644e+02 6.290813482025437e-17 3.933205173904621e-02
0 56 1.991086442825600e+02 2.243166463312802e-17 8.156466782861360e-02
1 30 2.023252909259147e+02 4.443269988699318e-18 6.398288669917873e-02
0 57 2.026325055276129e+02 2.184859988166068e-17 8.156991015984789e-02
0 58 2.061562779784857e+02 2.170222874537947e-17 8.157722069885559e-02
1 31 2.089574680742989e+02 4.210062299509588e-18 6.398204328727088e-02
0 59 2.096801036218681e+02 2.083040493040702e-17 8.158250758372079e-02
0 60 2.132039460619846e+02 2.071773884469565e-17 8.160129669332872e-02
1 32 2.155897800490052e+02 4.334965044830581e-18 6.397518254319091e-02
0 61 2.167277210861724e+02 1.972641742770367e-17 8.160469911702385e-02
0 62 2.202517827974515e+02 1.930065100260566e-17 8.162123463477319e-02
1 33 2.222219246421944e+02 4.467771807761830e-18 6.396788570555267e-02
0 63 2.237755507921472e+02 1.858513642689978e-17 8.162230605649275e-02
0 64 2.272997483836784e+02 1.765014887783764e-17 8.162026156900469e-02
2 7 2.281336891682468e+02 2.620565322212351e-17 3.933491108821480e-02
1 34 2.288538963462379e+02 4.320055139281089e-18 6.396968484157317e-02
0 65 2.308235952868868e+02 1.674422700246277e-17 8.161870062899614e-02
0 66 2.343477008601269e+02 1.607489886384267e-17 8.160166189256983e-02
1 35 2.354858691354277e+02 1.283726315867912e-14 6.397671692156301e-02
0 67 2.378716423455971e+02 1.637207533516605e-17 8.159799242502520e-02
0 68 2.413956090333690e+02 1.571216261753561e-17 8.158207633304916e-02
1 36 2.421178376786991e+02 4.180905662444244e-18 6.398241829464676e-02
0 69 2.449195761282485e+02 1.557215655126227e-17 8.157689648157379e-02
0 70 2.484434667047362e+02 1.507207989691987e-17 8.157143720340577e-02
1 37 2.487497282563158e+02 4.212239934662662e-18 6.398249663159614e-02
0 71 2.519673668039468e+02 1.516773307000168e-17 8.156649050051966e-02
1 38 2.553815915799561e+02 4.256816639004910e-18 6.398133153088097e-02
0 72 2.554912360303377e+02 1.463925345859599e-17 8.157043527470541e-02
2 8 2.584974514943149e+02 2.638613897377608e-14 3.933295522609694e-02
0 73 2.590150355276144e+02 1.405654122239969e-17 8.157170094654378e-02
1 39 2.620136551748209e+02 4.243093175726076e-18 6.398259558250577e-02
0 74 2.625388817937148e+02 1.389369969708258e-17 8.157718790489357e-02
0 75 2.660626663845954e+02 1.335180580463886e-17 8.159134134703568e-02
1 40 2.686459242959660e+02 6.911310809087126e-15 6.397836634757505e-02
0 76 2.695864643532256e+02 1.293950837925745e-17 8.159584998779509e-02
0 77 2.731104135053083e+02 1.281926779884221e-17 8.161597164688461e-02
1 41 2.752781830231345e+02 4.243205640794751e-18 6.397040453138431e-02
0 78 2.766341755830763e+02 1.127532153562743e-17 8.161817230981171e-02
0 79 2.801583377451325e+02 1.211595678752587e-17 8.162600938858139e-02
1 42 2.819102154312623e+02 4.219027408987830e-18 6.396692261436918e-02
0 80 2.836821379738959e+02 1.134390162207794e-17 8.162569858695305e-02
0 81 2.872063073670095e+02 1.119396134649841e-17 8.161399249300572e-02
1 43 2.885421766157937e+02 4.337888914018288e-18 6.397285623305225e-02
2 9 2.888611888149491e+02 3.233363000955602e-16 3.933366898049975e-02
0 82 2.907302086973721e+02 1.050744213208379e-17 8.161121679373433e-02
0 83 2.942542353987242e+02 9.867080097578117e-18 8.159289351674880e-02
1 44 2.951741567567186e+02 4.211627892109381e-18 6.397947906603070e-02
0 84 2.977782010108060e+02 1.014630684549925e-17 8.158832325607530e-02
0 85 3.013021186288385e+02 9.647804024412630e-18 8.157740533199388e-02
1 45 3.018060811878530e+02 4.532294455934649e-18 6.398265455778247e-02
0 86 3.048260610435239e+02 9.191785531391540e-18 8.157204998154857e-02
0 87 3.083499373146995e+02 8.898936880666926e-18 8.157243990134783e-02
1 46 3.084379479900031e+02 8.403089069738933e-15 6.398073602662541e-02
0 88 3.118737822900411e+02 8.958443245339961e-18 8.156947807803103e-02
1 47 3.150698881485640e+02 4.181481698218677e-18 6.398196902805064e-02
0 89 3.153976427810288e+02 8.674134830669901e-18 8.157489318028799e-02
0 90 3.189214157282044e+02 8.947694741005742e-18 8.158286888177405e-02
2 10 3.192249812141424e+02 1.137445156241789e-17 3.933371721143656e-02
1 48 3.217020814522778e+02 4.295630856835645e-18 6.398062976853117e-02
0 91 3.224452390614233e+02 8.254401218465334e-18 8.158794546891465e-02
0 92 3.259690879772878e+02 8.328311915114159e-18 8.160698834542490e-02
1 49 3.283343727841385e+02 4.195915217146861e-18 6.397350456500997e-02
0 93 3.294928608398355e+02 7.841047471262670e-18 8.161043845796020e-02
0 94 3.330169349293969e+02 7.662613514977082e-18 8.162649665435272e-02
1 50 3.349665175887060e+02 4.169669968988611e-18 6.396707697526795e-02
0 95 3.365407062243354e+02 7.483827646648358e-18 8.162739023392426e-02
0 96 3.400649037499635e+02 7.038668286697894e-18 8.162421165923661e-02
1 51 3.415984899342014e+02 1.299285583297116e-14 6.396863868805976e-02
0 97 3.435887545120165e+02 5.612065513095338e-18 8.162254969140870e-02
0 98 3.471128531706564e+02 6.125371524584629e-18 8.160528543147068e-02
1 52 3.482304659723981e+02 4.245441013429487e-18 6.397627511420020e-02
2 11 3.495887055535041e+02 1.269620448246149e-14 3.933352474416865e-02
0 99 3.506367981771149e+02 6.202971220872924e-18 8.160145749969100e-02
0 100 3.541607579187327e+02 6.017891460031165e-18 8.158575590476816e-02
1 53 3.548624261006228e+02 4.342107948745329e-18 6.398102976342171e-02
0 101 3.576847218883722e+02 5.682380689071986e-18 8.158057551584318e-02
0 102 3.612086104998490e+02 6.206295831385844e-18 8.157588609911645e-02
1 54 3.614943049793304e+02 4.256811765540086e-18 6.398152868021928e-02
0 103 3.647325076098699e+02 5.539735520729046e-18 8.157110646080368e-02
