0 0 3.181176263140644e+00 1.902431773015088e-16 6.993581640152226e-02
0 1 8.258154811465520e+00 1.717377231458967e-16 6.993538582372939e-02
1 0 9.469938239971983e+00 5.866256129541314e-14 4.671603244633236e-02
0 2 1.333518105754116e+01 1.613746598815912e-16 6.993396539829129e-02
0 3 1.841224172128290e+01 1.589203945526129e-16 6.993669544257970e-02
0 4 2.348921776727138e+01 1.436044676663275e-16 6.993615542474227e-02
1 1 2.474727802257425e+01 7.604877076438396e-18 4.671574167309419e-02
0 5 2.856624227377965e+01 1.348556879652050e-16 6.993476968047978e-02
0 6 3.364329812862188e+01 1.318841508726384e-16 6.993752855541843e-02
0 7 3.872027199490051e+01 1.186953005002243e-16 6.993687842021923e-02
1 2 4.002462909546756e+01 2.765060269517501e-14 4.671545667818498e-02
0 8 4.379729498482585e+01 1.108629208884264e-16 6.993552903765067e-02
0 9 4.887434627640305e+01 1.084673378308126e-16 6.993831300340175e-02
0 10 5.395131829504105e+01 9.465692818028380e-17 6.993755226819623e-02
1 3 5.530199047376414e+01 7.427411677179536e-18 4.671517832690769e-02
0 11 5.902833999802227e+01 8.980761733088317e-17 6.993624085325155e-02
0 12 6.410538698247149e+01 8.903875358073893e-17 6.993904619797892e-02
0 13 6.918235749409951e+01 7.905519876484663e-17 6.993817457700499e-02
1 4 7.057936109276534e+01 7.171222384977792e-18 4.671490785502056e-02
0 14 7.425937814570389e+01 7.275956921662840e-17 6.993690266205931e-02
0 15 7.933642108880892e+01 7.088887705189048e-17 6.993972570679222e-02
0 16 8.441339044170471e+01 6.359935505624555e-17 6.993874311305848e-02
1 5 8.585673970496173e+01 7.170455080372761e-18 4.671464763145154e-02
0 17 8.949041028267843e+01 5.787511109878856e-17 6.993751215811272e-02
0 18 9.456744945898771e+01 5.813486008610416e-17 6.994034926134479e-02
0 19 9.964441800813110e+01 5.131839770460375e-17 6.993925580820796e-02
1 6 1.011341254777193e+02 5.405414932093954e-16 4.671439636815507e-02
0 20 1.047214372836276e+02 4.749652620986701e-17 6.993806720218541e-02
0 21 1.097984729755486e+02 4.394168453989702e-17 6.994091476420548e-02
0 22 1.148754410816481e+02 3.929708973853233e-17 6.993971076664048e-02
1 7 1.164115173124992e+02 1.707179843726007e-15 4.671415484659939e-02
0 23 1.199524600404369e+02 3.766873174123669e-17 6.993856582877174e-02
0 24 1.250294925373098e+02 3.326741876705322e-17 6.994142029572747e-02
0 25 1.301064605658033e+02 3.026222482919704e-17 6.994010627129515e-02
1 8 1.316889140904286e+02 7.231221539000420e-18 4.671392382019694e-02
0 26 1.351834794594619e+02 2.840112696881025e-17 6.993900625256350e-02
0 27 1.402605090566155e+02 2.697899120308890e-17 6.994186412025788e-02
0 28 1.453374773766475e+02 2.506106700802491e-17 6.994044078976709e-02
1 9 1.469663146757192e+02 7.184610500986871e-18 4.671370401182966e-02
0 29 1.504144964587372e+02 2.258153094178015e-17 6.993938687439144e-02
0 30 1.554915234565282e+02 1.766726077203051e-17 6.994224469181425e-02
0 31 1.605684924399064e+02 1.768503420320583e-17 6.994071297967872e-02
1 10 1.622437177480807e+02 7.170574419811242e-18 4.671350115745296e-02
0 32 1.656455119651366e+02 1.791743936002921e-17 6.993970628661440e-02
0 33 1.707225366679781e+02 1.835123856942287e-17 6.994256065921292e-02
0 34 1.757995066881125e+02 1.461320105784503e-17 6.994092169349343e-02
1 11 1.775211222137971e+02 7.233687899611163e-14 4.671331350376291e-02
0 35 1.808765269114939e+02 1.357010618273164e-17 6.993996327792983e-02
0 36 1.859535496268724e+02 1.130791453455522e-17 6.994281087062343e-02
0 37 1.910305210576977e+02 1.103436030380316e-17 6.994106598275043e-02
1 12 1.927985269989251e+02 7.628137793833065e-18 4.671313887166886e-02
0 38 1.961075422336870e+02 9.450987738987923e-18 6.994015683759115e-02
0 39 2.011845632711720e+02 1.050069545431639e-17 6.994299437753565e-02
0 40 2.062615364860579e+02 8.042709734057376e-18 6.994114510170100e-02
1 13 2.080759309356299e+02 9.655000365736650e-14 4.671297783758898e-02
0 41 2.113385588676969e+02 7.236758643943748e-18 6.994028615901422e-02
0 42 2.164155785379455e+02 5.446805013693612e-18 6.994311043812305e-02
0 43 2.214925539085955e+02 7.243666395683633e-18 6.994115851033032e-02
1 14 2.233533328571031e+02 7.170636492709351e-18 4.671283093552784e-02
0 44 2.265695777466464e+02 7.028126248066641e-18 6.994035064275377e-02
0 45 2.316465963604052e+02 6.449609005233270e-18 6.994315851998181e-02
0 46 2.367235742557500e+02 4.260166906349750e-18 6.994110587674204e-02
1 15 2.386307315741025e+02 7.175610450715287e-18 4.671270024098361e-02
0 47 2.418005997978301e+02 4.931340100679518e-18 6.994034989883784e-02
0 48 2.468776176649384e+02 4.043364362284537e-18 6.994313830223692e-02
0 49 2.519545984500237e+02 4.933630725458806e-18 6.994098707889747e-02
1 16 2.539081257691379e+02 7.223540216087789e-18 4.671259493738677e-02
0 50 2.570316259397422e+02 4.261976494763100e-18 6.994028374844527e-02
0 51 2.621086433681385e+02 4.935429982556776e-18 6.994304967699939e-02
0 52 2.671856274030132e+02 3.743753595951292e-18 6.994080220569257e-02
1 17 2.691855144693790e+02 8.245020659081762e-16 4.671250496328055e-02
0 53 2.722626570791139e+02 4.800381489149836e-18 6.994015222491692e-02
0 54 2.773396743738521e+02 3.743670423938623e-18 6.994289275016409e-02
0 55 2.824166620124623e+02 4.048112584180390e-18 6.994055155736215e-02
1 18 2.844628965493917e+02 1.206696790880468e-15 4.671243066333049e-02
0 56 2.874936941079753e+02 4.264702958652377e-18 6.993995557408725e-02
0 57 2.925707115702486e+02 3.527789516652387e-18 6.994266784153781e-02
0 58 2.976477031593357e+02 4.800382267809582e-18 6.994023564520151e-02
1 19 2.997402709032677e+02 7.232357401781245e-18 4.671237233046335e-02
0 59 3.027247379007395e+02 3.528272935263151e-18 6.993969425393244e-02
0 60 3.078017558269214e+02 4.277648405496228e-18 6.994237548429350e-02
0 61 3.128787517049348e+02 3.743794384004871e-18 6.993985519060214e-02
1 20 3.150176364482617e+02 7.188103238296335e-18 4.671233020445350e-02
0 62 3.179557893113346e+02 3.528806493151408e-18 6.993936893352623e-02
0 63 3.230328079920357e+02 3.528867278601990e-18 6.994201642374333e-02
0 64 3.281098084880606e+02 3.743813613749713e-18 6.993941112339541e-02
1 21 3.302949920435819e+02 7.193749156037228e-18 4.671231352078049e-02
0 65 3.331868491703840e+02 4.735162833066503e-18 6.993898049130379e-02
0 66 3.382638688895313e+02 4.063328543949997e-18 6.994159161542865e-02
0 67 3.433408743222354e+02 3.529695871895725e-18 6.993890457950176e-02
1 22 3.455723366729203e+02 8.817737192755368e-14 4.671231892859126e-02
0 68 3.484179182824491e+02 3.743849632880820e-18 6.993853001262977e-02
0 69 3.534949393163874e+02 3.317589305276005e-18 6.994110222252745e-02
0 70 3.585719499929911e+02 3.317713660005919e-18 6.993833689788927e-02
1 23 3.608496693918393e+02 8.341394699739607e-18 4.671234084540782e-02
0 71 3.636489974233407e+02 3.743872350255124e-18 6.993801878667401e-02
