0 0 4.799351923955447e-01 3.584295498825247e-18 7.150518527857250e-02
1 0 1.502239569004714e+00 7.315181762933587e-18 4.577618302917186e-02
0 1 5.556994752935625e+00 3.433387811234980e-18 7.150364515153491e-02
0 2 1.063413687020225e+01 3.558938658531521e-18 7.150678232709273e-02
0 3 1.571114357486472e+01 3.560211470660029e-18 7.150724129194780e-02
1 1 1.677949123294048e+01 7.315273216661373e-18 4.577557239683207e-02
0 4 2.078818926669310e+01 3.316066233978149e-18 7.150572967175418e-02
0 5 2.586531279571345e+01 3.952991566034113e-18 7.150895914082459e-02
0 6 3.094230343796785e+01 3.242245569489198e-18 7.150934089737152e-02
1 2 3.205680510301203e+01 7.542908505684855e-18 4.577494361717855e-02
0 7 3.601933471248639e+01 3.589120996795418e-18 7.150785950638909e-02
0 8 4.109643905319387e+01 3.391858297151970e-18 7.151117438899442e-02
0 9 4.617341318843822e+01 3.590790374142465e-18 7.151147704608268e-02
1 3 4.733418335132318e+01 8.050027338289674e-18 4.577430095000037e-02
0 10 5.125042955041816e+01 3.763393350049854e-18 7.151002755103937e-02
0 11 5.632751416726860e+01 3.316536621711628e-18 7.151342084605386e-02
0 12 6.140447140842436e+01 3.291173583668370e-18 7.151364257012367e-02
1 4 6.261162779319429e+01 1.549640612902222e-15 4.577364650335385e-02
0 13 6.648147241741886e+01 3.317031833654222e-18 7.151222658238922e-02
0 14 7.155853684077871e+01 3.316968316408600e-18 7.151569118970180e-02
0 15 7.663547685955957e+01 3.267504163941962e-18 7.151583020738266e-02
1 5 7.788914001184015e+01 7.463621612903542e-18 4.577298241099321e-02
0 16 8.171246213110827e+01 3.392878558886503e-18 7.151444928329387e-02
0 17 8.678950595839397e+01 3.317484814327675e-18 7.151797802601928e-02
0 18 9.186642848636555e+01 3.267350735643249e-18 7.151803262689845e-02
1 6 9.316672134420057e+01 7.326052854565705e-18 4.577231086652225e-02
0 19 9.694339769298995e+01 3.443008171222315e-18 7.151668826811947e-02
0 20 1.020204205895582e+02 4.046267948060652e-18 7.152027391474987e-02
0 21 1.070973254189882e+02 3.267190617751909e-18 7.152024245432646e-02
1 7 1.084443726232559e+02 7.364533921965628e-18 4.577163512086416e-02
0 22 1.121742782909780e+02 3.241762668886486e-18 7.151893610822979e-02
0 23 1.172512799907676e+02 3.585267222386777e-18 7.152257139462206e-02
0 24 1.223281669752670e+02 3.447587563654703e-18 7.152245229746462e-02
1 8 1.237220949961609e+02 8.078478706982881e-16 4.577095606239785e-02
0 25 1.274051033012586e+02 3.423304542278099e-18 7.152118535752228e-02
0 26 1.324820836071868e+02 3.294176006809192e-18 7.152486300861655e-02
0 27 1.375589526621440e+02 3.450827498315742e-18 7.152465477174073e-02
1 9 1.389998890842334e+02 1.458580769537539e-17 4.577027584968232e-02
0 28 1.426358722894928e+02 3.241543366434187e-18 7.152342857791422e-02
0 29 1.477128310736076e+02 3.598362831380178e-18 7.152714132908304e-02
0 30 1.527896821764157e+02 3.454395165206153e-18 7.152684252556020e-02
1 10 1.542777552642250e+02 7.378937524902261e-18 4.576959662707480e-02
0 31 1.578665850113641e+02 3.266693943827813e-18 7.152565836468010e-02
0 32 1.629435222147604e+02 3.823853700575367e-18 7.152939898260989e-02
0 33 1.680203554048435e+02 3.296660807760120e-18 7.152900826542083e-02
1 11 1.695556936683936e+02 7.333092657064710e-18 4.576892051758273e-02
0 34 1.730972414124905e+02 3.711279142594701e-18 7.152786737154698e-02
0 35 1.781741570449905e+02 3.297288947523742e-18 7.153162867455926e-02
0 36 1.832509724236296e+02 3.322954006974175e-18 7.153114478069959e-02
1 12 1.848337040284300e+02 7.340463014285217e-18 4.576825313366600e-02
0 37 1.883278416277034e+02 3.241219531641980e-18 7.153004833545404e-02
0 38 1.934047357673104e+02 3.440100337353617e-18 7.153382321317668e-02
0 39 1.984815334972733e+02 3.855290521408847e-18 7.153324496802181e-02
1 13 2.001117860195325e+02 1.849956807625270e-15 4.576759558840267e-02
0 40 2.035583859797113e+02 3.299596652527661e-18 7.153219410088799e-02
0 41 2.086352587718421e+02 3.324828625362015e-18 7.153597553319280e-02
0 42 2.137120390768222e+02 3.300462048492953e-18 7.153530185512512e-02
1 14 2.153899391655018e+02 7.447724511855287e-18 4.576694720695452e-02
0 43 2.187888749771649e+02 3.339342488807522e-18 7.153429764370818e-02
0 44 2.238657266336690e+02 3.666641710135605e-18 7.153807871883390e-02
0 45 2.289424897975366e+02 3.518045200385999e-18 7.153730862413434e-02
1 15 2.306681626374023e+02 2.784803830732032e-15 4.576630996303045e-02
0 46 2.340193093121409e+02 3.265710163513568e-18 7.153635209437782e-02
0 47 2.390961401101138e+02 3.327571797869385e-18 7.154012602616769e-02
0 48 2.441728864759870e+02 3.682001348828135e-18 7.153925863416796e-02
1 16 2.459464553739479e+02 7.327595531567866e-18 4.576568577792874e-02
0 49 2.492496898570637e+02 3.240812131783188e-18 7.153835076052349e-02
0 50 2.543265001374653e+02 3.265297981726013e-18 7.154211090471052e-02
0 51 2.594032301066053e+02 3.329739607096218e-18 7.154114544320221e-02
1 17 2.612248160521673e+02 7.322458354473244e-18 4.576507800623312e-02
0 52 2.644800176610901e+02 3.337736968048832e-18 7.154028714875051e-02
0 53 2.695568078271767e+02 3.330668611418675e-18 7.154402701823517e-02
0 54 2.746335218577161e+02 3.938037246314210e-18 7.154296282912699e-02
1 18 2.765032429888557e+02 7.483251429410710e-18 4.576449543755812e-02
0 55 2.797102939459822e+02 3.709277996036760e-18 7.154215498564892e-02
0 56 2.847870644615647e+02 3.332345778593176e-18 7.154586826472097e-02
0 57 2.898637630670734e+02 3.308704204822194e-18 7.154470480993283e-02
1 19 2.917817346419355e+02 2.104678008110292e-16 4.576393122961418e-02
0 58 2.949405201014899e+02 3.690536461440639e-18 7.154394823792853e-02
0 59 3.000172714890250e+02 3.264651500049650e-18 7.154762879539685e-02
0 60 3.050939552369207e+02 3.730944045656145e-18 7.154636566297579e-02
1 20 3.070602890731977e+02 9.512593372271456e-17 4.576338704843164e-02
0 61 3.101706976802680e+02 3.240451960043040e-18 7.154566113163507e-02
0 62 3.152474305187965e+02 3.335947462203452e-18 7.154930303283634e-02
0 63 3.203241000286096e+02 3.336723664303141e-18 7.154793994327588e-02
1 21 3.223389041413077e+02 7.363728520710285e-18 4.576286448599908e-02
0 64 3.254008283923588e+02 3.724959517338259e-18 7.154728817039692e-02
0 65 3.304775433152993e+02 3.988007453367137e-18 7.155088568806442e-02
0 66 3.355541992567946e+02 3.758712042116123e-18 7.154942250080666e-02
1 22 3.376175775093475e+02 7.326773987452327e-18 4.576236505704652e-02
0 67 3.406309140992566e+02 3.500532097659803e-18 7.154882415266819e-02
0 68 3.457076117920650e+02 3.339862257384052e-18 7.155237177665012e-02
0 69 3.507842548832288e+02 3.240201536415099e-18 7.155080849674325e-02
1 23 3.528963065211346e+02 7.558851883457484e-18 4.576190001839746e-02
0 70 3.558609568075810e+02 3.411415318307478e-18 7.155026418792948e-02
0 71 3.609376380052856e+02 3.510741489926438e-18 7.155375663375334e-02
