0 0 5.486463968893428e-01 3.642445374772496e-18 6.516288110867885e-02
1 0 1.289919855630242e+00 7.046492874422433e-18 4.752521837275147e-02
0 1 5.625621527713230e+00 3.956380641077060e-18 6.516134093260668e-02
0 2 1.070261664650449e+01 4.131369452875158e-18 6.516280701470753e-02
0 3 1.577957304506097e+01 4.334423181126662e-18 6.516222500691915e-02
1 1 1.656731920013937e+01 1.049782296924381e-13 4.752562041207237e-02
0 4 2.085656388629719e+01 3.813423079354752e-18 6.516069353988344e-02
0 5 2.593357356058528e+01 4.116799246510391e-18 6.516217760882904e-02
0 6 3.101054619114826e+01 4.131911277683534e-18 6.516144525992201e-02
1 2 3.184465818231892e+01 6.651449034656502e-16 4.752605273733994e-02
0 7 3.608755160804850e+01 4.068927406541199e-18 6.515992548598179e-02
0 8 4.116457471662822e+01 3.643689573449202e-18 6.516142639206206e-02
0 9 4.624156254477629e+01 4.273042668297654e-18 6.516054355298047e-02
1 3 4.712194106970734e+01 1.236158024573161e-13 4.752651423595537e-02
0 10 5.131858134775242e+01 3.956506798568056e-18 6.515903833083626e-02
0 11 5.639561671550057e+01 4.132376125455888e-18 6.516055495713052e-02
0 12 6.147261865217644e+01 3.956517476630007e-18 6.515952199565685e-02
1 4 6.239917234108034e+01 7.084073495396758e-18 4.752700368429745e-02
0 13 6.654964960051129e+01 4.320542462216411e-18 6.515803405901067e-02
0 14 7.162669600206067e+01 3.750775266137531e-18 6.515956531943773e-02
0 15 7.670371090673865e+01 3.644166593904444e-18 6.515838311568607e-02
1 5 7.767635667284787e+01 7.043072708243883e-18 4.752751974838203e-02
0 16 8.178075271251517e+01 4.001679099000030e-18 6.515691507488569e-02
0 17 8.685780887614862e+01 3.956558599714912e-18 6.515845991223834e-02
0 18 9.193483556022825e+01 3.861069242218186e-18 6.515712985171684e-02
1 6 9.295349870801635e+01 7.177286863368140e-18 4.752804864309609e-02
0 19 9.701188689246918e+01 3.751334399992127e-18 6.515568419645994e-02
0 20 1.020889515042266e+02 5.172404824579280e-18 6.515724158042724e-02
0 21 1.071659887346474e+02 4.072148448234904e-18 6.515576554487792e-02
1 7 1.082306036982653e+02 2.920385562649222e-16 4.752859999531675e-02
0 22 1.122430482236569e+02 4.638465806997488e-18 6.515434464776350e-02
0 23 1.173201199316468e+02 3.812548918028767e-18 6.515591357294567e-02
0 24 1.223971664347192e+02 3.812592425645686e-18 6.515429392916021e-02
1 8 1.235076768421198e+02 1.197208356808456e-16 4.752917320267575e-02
0 25 1.274742326766161e+02 4.133602673784402e-18 6.515290004989373e-02
0 26 1.325513100955218e+02 4.720081300869730e-18 6.515447953381186e-02
0 27 1.376283645609667e+02 4.567029093707977e-18 6.515271912060289e-02
1 9 1.387847234536686e+02 7.104421322943170e-18 4.752976651905159e-02
0 28 1.427054361223987e+02 4.488400203717540e-18 6.515135441067857e-02
0 29 1.477825178381685e+02 4.286489820059728e-18 6.515294349178292e-02
0 30 1.528595789233557e+02 4.218052029088683e-18 6.515104560527053e-02
1 10 1.540617489644543e+02 7.078278000835895e-18 4.753037809999382e-02
0 31 1.579366543463809e+02 4.390774864835081e-18 6.514971211297595e-02
0 32 1.630137389210910e+02 4.309872043586832e-18 6.515130984865269e-02
0 33 1.680908052554698e+02 3.964485183830219e-18 6.514927822601090e-02
1 11 1.693387587974644e+02 7.059485523670178e-18 4.753100359084604e-02
0 34 1.731678830625956e+02 4.074088385435221e-18 6.514797790161860e-02
0 35 1.782449690394715e+02 3.812475761595123e-18 6.514958336619747e-02
0 36 1.833220392291790e+02 4.339509290034997e-18 6.514742216798564e-02
1 12 1.846157584961587e+02 2.083670575536960e-13 4.753163911173519e-02
0 37 1.883991179285404e+02 4.308046443501358e-18 6.514615686901608e-02
0 38 1.934762038371237e+02 4.508748015457859e-18 6.514776915177897e-02
0 39 1.985532764697612e+02 3.812567284727116e-18 6.514548294296688e-02
1 13 1.998927539221117e+02 1.396446989833781e-15 4.753228665011087e-02
0 40 2.036303545604252e+02 4.306991876660396e-18 6.514425443942459e-02
0 41 2.087074389218700e+02 4.280282174282194e-18 6.514587264261693e-02
0 42 2.137845125714329e+02 4.340116302071569e-18 6.514346637239903e-02
1 14 2.151697507886281e+02 5.528379803947662e-14 4.753294403017742e-02
0 43 2.188615885488127e+02 3.812590933694312e-18 6.514227635190220e-02
0 44 2.239386698812954e+02 4.688475194964476e-18 6.514389958874602e-02
0 45 2.290157431132419e+02 4.340434694423191e-18 6.514137856922839e-02
1 15 2.304467548295835e+02 7.097673748535248e-18 4.753360900922257e-02
0 46 2.340928154746026e+02 4.134954059482731e-18 6.514022864196423e-02
0 47 2.391698922988275e+02 4.481889204113740e-18 6.514185603467482e-02
0 48 2.442469636752711e+02 3.898346699460636e-18 6.513922591850860e-02
1 16 2.457237717786173e+02 7.071845265487495e-18 4.753427928609737e-02
0 49 2.493240309253079e+02 3.812608077919147e-18 6.513811762196350e-02
0 50 2.544011017700885e+02 4.106428026782508e-18 6.513974829976940e-02
0 51 2.594781698550951e+02 3.812610944658493e-18 6.513701505679584e-02
1 17 2.610008071012533e+02 7.044643876953438e-18 4.753495375497691e-02
0 52 2.645552305115631e+02 4.282469547375350e-18 6.513594986021824e-02
0 53 2.696322939194586e+02 4.105857588718518e-18 6.513758295738439e-02
0 54 2.747093572844307e+02 3.812603637464138e-18 6.513475285035501e-02
1 18 2.762778666524353e+02 8.311410113795340e-16 4.753562889770754e-02
0 55 2.797864098838066e+02 3.812591788207591e-18 6.513373215891846e-02
0 56 2.848634644167936e+02 4.477886298990269e-18 6.513536681277309e-02
0 57 2.899405216459197e+02 3.959860801567310e-18 6.513244637220390e-02
1 19 2.915549560961053e+02 7.468359966352029e-18 4.753630198175576e-02
0 58 2.950175647490659e+02 4.489118355440246e-18 6.513147153084867e-02
0 59 3.000946089942165e+02 3.812451936367703e-18 6.513310687981388e-02
0 60 3.051716586899621e+02 4.104296594174672e-18 6.513010287803481e-02
1 20 3.068320809509658e+02 7.116820521012697e-18 4.753697057419748e-02
0 61 3.102486908877765e+02 3.900116727947808e-18 6.512917517497079e-02
0 62 3.153257234629223e+02 4.342760094604794e-18 6.513081035659626e-02
0 63 3.204027642515433e+02 4.295252449741430e-18 6.512772978105812e-02
1 21 3.221092466277020e+02 7.072472964516060e-18 4.753763223446995e-02
0 64 3.254797841705637e+02 3.957419062421239e-18 6.512685045091769e-02
0 65 3.305568037299196e+02 4.281124993256699e-18 6.512848459991739e-02
0 66 3.356338342669695e+02 4.280970435122580e-18 6.512533462582717e-02
1 22 3.373864583365396e+02 7.051879466604940e-18 4.753828715207066e-02
0 67 3.407108405749090e+02 4.286943983195024e-18 6.512450485246364e-02
0 68 3.457878458146284e+02 5.158474503359768e-18 6.512613709875523e-02
0 69 3.508648647904367e+02 5.037809691715901e-18 6.512292506111303e-02
1 23 3.526637210626757e+02 7.099364018813464e-18 4.753893772793203e-02
0 70 3.559418562016221e+02 4.137262718154126e-18 6.512214598003968e-02
0 71 3.610188458652580e+02 3.958202948505278e-18 6.512377544678624e-02
