0 0 4.546403934647142e-01 3.878355300882377e-18 7.126856916381040e-02
1 0 1.554772211434090e+00 7.016627148454323e-18 4.793009457248924e-02
0 1 5.531685855361986e+00 3.433299606781889e-18 7.126672312186740e-02
0 2 1.060882739129045e+01 3.450686128084255e-18 7.126872925882122e-02
0 3 1.568584319459737e+01 3.366246221862217e-18 7.126871897685666e-02
1 1 1.683196889139214e+01 7.238546348479203e-18 4.792977249673648e-02
0 4 2.076289539759734e+01 3.366426272265921e-18 7.126690643217343e-02
0 5 2.584004087108293e+01 3.275293452419181e-18 7.126902080824633e-02
0 6 3.091706136743846e+01 3.366464671348499e-18 7.126892611798968e-02
1 2 3.210914742074110e+01 7.326913011651112e-18 4.792942502979320e-02
0 7 3.599412006102068e+01 3.882462227507451e-18 7.126714930057076e-02
0 8 4.107126912620708e+01 3.433522002259338e-18 7.126936948924574e-02
0 9 4.614829412728704e+01 3.366657183802252e-18 7.126919034513095e-02
1 3 4.738630885655287e+01 1.750883962687327e-14 4.792905308994502e-02
0 10 5.122535904295968e+01 3.450314535862128e-18 7.126745137560188e-02
0 11 5.630251133959894e+01 3.433654579214640e-18 7.126977475640396e-02
0 12 6.137954064196541e+01 3.433779081010374e-18 7.126951122417363e-02
1 4 6.266345431221060e+01 6.993205151533742e-18 4.792865767487366e-02
0 13 6.645661149414970e+01 3.862309273783204e-18 7.126781211731881e-02
0 14 7.153376664865866e+01 3.659674922487255e-18 7.127023587876377e-02
0 15 7.661080003455811e+01 3.275207396065682e-18 7.126988813094016e-02
1 5 7.794058491428711e+01 6.996080463109877e-18 4.792823993904489e-02
0 16 8.168787652151875e+01 3.541919110340743e-18 7.126823079927505e-02
0 17 8.676503414808117e+01 3.433863610106018e-18 7.127075194227495e-02
0 18 9.184207138629166e+01 4.615980376448796e-18 7.127032025374869e-02
1 6 9.321770169063961e+01 7.034348549521836e-18 4.792780131961108e-02
0 19 9.691915319111008e+01 3.275241675669806e-18 7.126870651108999e-02
0 20 1.019963128928206e+02 3.571005081928439e-18 7.127132185281217e-02
0 21 1.070733537395445e+02 3.571492915535325e-18 7.127080659657650e-02
1 7 1.084948061272588e+02 4.777320042538050e-15 4.792734250052746e-02
0 22 1.121504405311319e+02 3.275210459253423e-18 7.126923816157364e-02
0 23 1.172276019011780e+02 3.275101595875969e-18 7.127194433974754e-02
0 24 1.223046461009773e+02 3.571870863600536e-18 7.127134598280163e-02
1 8 1.237718995246049e+02 3.353910717940425e-17 4.792686476129294e-02
0 25 1.273817375351239e+02 3.275177673303929e-18 7.126982448240163e-02
0 26 1.324589001580022e+02 4.279015697106794e-18 7.127261796006551e-02
0 27 1.375359474447718e+02 3.367348064464988e-18 7.127193705950657e-02
1 9 1.390489832195909e+02 7.054215641355936e-18 4.792636944169888e-02
0 28 1.426130431652300e+02 3.367447755926262e-18 7.127046403232710e-02
0 29 1.476902066179918e+02 3.344594868598508e-18 7.127334110300815e-02
0 30 1.527672567159675e+02 4.191638431749684e-18 7.127257830232545e-02
1 10 1.543260585812168e+02 6.991472338148244e-18 4.792585793759221e-02
0 31 1.578443563555635e+02 3.367492417983612e-18 7.127115520191563e-02
0 32 1.629215202090871e+02 3.955759855008304e-18 7.127411199523269e-02
0 33 1.679985728338864e+02 3.252360318603482e-18 7.127326802081435e-02
1 11 1.696031268558311e+02 7.016574261207742e-18 4.792533465987971e-02
0 34 1.730756760156605e+02 3.595501442069210e-18 7.127189621878778e-02
0 35 1.781528398359465e+02 3.367328624915219e-18 7.127492870646700e-02
0 36 1.832298946956356e+02 3.344820207460174e-18 7.127400436432775e-02
1 12 1.848801895053667e+02 7.375878686595932e-18 4.792480000670065e-02
0 37 1.883070010340061e+02 4.064810978273004e-18 7.127268515335455e-02
0 38 1.933841643834905e+02 3.572644206736405e-18 7.127578915564405e-02
0 39 1.984612211796779e+02 3.686008412200759e-18 7.127478532837596e-02
1 13 2.001572480674938e+02 1.110149874106448e-17 4.792425348882117e-02
0 40 2.035383302816251e+02 3.434324485339440e-18 7.127351992502293e-02
0 41 2.086154927205085e+02 3.572793058773321e-18 7.127669111749654e-02
0 42 2.136925511494588e+02 3.957540026792255e-18 7.127560876144451e-02
1 14 2.154343039942430e+02 8.089777835245736e-15 4.792369668125003e-02
0 43 2.187696626157285e+02 3.367562710204852e-18 7.127439830885872e-02
0 44 2.238468237033167e+02 3.367361758771842e-18 7.127763222959463e-02
0 45 2.289238834570837e+02 3.434256713575870e-18 7.127647237225598e-02
1 15 2.307113587466725e+02 7.002161054163920e-18 4.792313119141341e-02
0 46 2.340009968834057e+02 3.367562716579381e-18 7.127531794268357e-02
0 47 2.390781561794587e+02 4.065054044658097e-18 7.127860999980341e-02
0 48 2.441552169470328e+02 3.861148145372772e-18 7.127737373744700e-02
1 16 2.459884137810930e+02 6.991125556737664e-18 4.792255901874704e-02
0 49 2.492323319253510e+02 3.344924764241976e-18 7.127627633458758e-02
0 50 2.543094889914357e+02 3.367359633568494e-18 7.127962181414427e-02
0 51 2.593865504599023e+02 3.344871080412840e-18 7.127831030964475e-02
1 17 2.612654703610910e+02 7.143881237696541e-18 4.792198956341703e-02
0 52 2.644636665796136e+02 3.434290906125572e-18 7.127727087083777e-02
0 53 2.695408209804557e+02 3.274661540912968e-18 7.128066494503550e-02
0 54 2.746178828361626e+02 3.541857768991517e-18 7.127927942591535e-02
1 18 2.765425301410442e+02 1.139816207486167e-14 4.792141625288782e-02
0 55 2.796949996853616e+02 4.627559381493080e-18 7.127829882415941e-02
0 56 2.847721509901963e+02 3.274608302322064e-18 7.128173655988958e-02
0 57 2.898492129199226e+02 4.210412600900616e-18 7.128027831656164e-02
1 19 2.918195945705131e+02 7.666374909569312e-18 4.792084077468959e-02
0 58 2.949263300866456e+02 3.344924600280335e-18 7.127935736236791e-02
0 59 3.000034778705550e+02 3.367359402427620e-18 7.128283373004633e-02
0 60 3.050805395626792e+02 3.573964683230316e-18 7.128130411424667e-02
1 20 3.070966650842307e+02 7.088128608445075e-18 4.792026482259082e-02
0 61 3.101576566361465e+02 3.252023994748335e-18 7.128044355732743e-02
0 62 3.152348004813862e+02 3.367367982082265e-18 7.128395344001179e-02
0 63 3.203118616270500e+02 3.892851646909538e-18 7.128235386341461e-02
1 21 3.223737430974066e+02 7.011017279467642e-18 4.791969009121463e-02
0 64 3.253889781989014e+02 3.341287468867216e-18 7.128155439421083e-02
0 65 3.304661176962099e+02 3.367384135435104e-18 7.128509259698167e-02
0 66 3.355431779904729e+02 3.541781995678145e-18 7.128342452998336e-02
1 22 3.376508299222481e+02 6.991572543092690e-18 4.791912379828576e-02
0 67 3.406202936559934e+02 3.434268108563935e-18 7.128268678103349e-02
0 68 3.456974284058788e+02 3.541661756418242e-18 7.128624804061830e-02
0 69 3.507744875488602e+02 3.344965682910257e-18 7.128451301128212e-02
1 23 3.529279269019675e+02 7.048507484947751e-18 4.791856780180917e-02
0 70 3.558516019081912e+02 3.574667356902084e-18 7.128383755843533e-02
0 71 3.609287315221936e+02 3.663746917431539e-18 7.128741655305514e-02
