0 0 5.629190982120026e-01 3.883044002897390e-18 6.515192979264019e-02
1 0 1.718417542499204e+00 4.018570797650536e-14 4.618112428588530e-02
0 1 5.639943887707510e+00 3.882563855668667e-18 6.515057461164236e-02
0 2 1.071699861822346e+01 4.171628223047243e-18 6.515230537626686e-02
0 3 1.579399758533965e+01 3.723684173075152e-18 6.515167154532675e-02
1 1 1.699583816707403e+01 7.247058584654258e-18 4.618134914899247e-02
0 4 2.087101639755002e+01 3.942093501978383e-18 6.515035562618403e-02
0 5 2.594806435530633e+01 3.662326689615724e-18 6.515215709334853e-02
0 6 3.102505860165575e+01 3.723342821912906e-18 6.515145067189509e-02
1 2 3.227327908896958e+01 7.284564653102260e-18 4.618158898957693e-02
0 7 3.610207210703423e+01 3.822433760557828e-18 6.515017551059769e-02
0 8 4.117911396936098e+01 3.723082893780451e-18 6.515204586490556e-02
0 9 4.625610423539278e+01 3.878180872520308e-18 6.515126770692270e-02
1 3 4.755073759192772e+01 7.528897287085609e-18 4.618184570895991e-02
0 10 5.133311312286553e+01 3.661605492160646e-18 6.515003469993319e-02
0 11 5.641014958523036e+01 3.661396317829788e-18 6.515197198961367e-02
0 12 6.148713662690231e+01 3.870743146488380e-18 6.515112305510577e-02
1 4 6.282821083198698e+01 1.267304612007030e-17 4.618212003751981e-02
0 13 6.656414160153554e+01 3.576103326310221e-18 6.514993350191134e-02
0 14 7.164117337519879e+01 3.854465298939761e-18 6.515193563957253e-02
0 15 7.671815796146961e+01 3.821823900052314e-18 6.515101698919104e-02
1 5 7.810569582881720e+01 3.518365836883161e-15 4.618241087191315e-02
0 16 8.179515974206461e+01 3.555343779228644e-18 6.514987209496012e-02
0 17 8.687218755167287e+01 3.639583397024956e-18 6.515193685881901e-02
0 18 9.194917046193912e+01 3.934213571122080e-18 6.515094964845554e-02
1 6 9.338318956187155e+01 7.641981153875997e-18 4.618271704999021e-02
0 19 9.702616977856626e+01 3.955973673229868e-18 6.514985052677186e-02
0 20 1.021031943596947e+02 3.850571714760168e-18 6.515197556237930e-02
0 21 1.071801763811835e+02 4.310788021114153e-18 6.515092103776046e-02
1 7 1.086606889082039e+02 7.247703671777253e-18 4.618303784107627e-02
0 22 1.122571739726666e+02 3.576209062026670e-18 6.514986871340625e-02
0 23 1.173341960693209e+02 3.931191146158311e-18 6.515205153588119e-02
0 24 1.224111779944494e+02 3.738120028446615e-18 6.515093102719230e-02
1 8 1.239381906167259e+02 7.255970941145112e-18 4.618337308064167e-02
0 25 1.274881746058116e+02 3.720853731019478e-18 6.514992643895764e-02
0 26 1.325651949678990e+02 3.658793207998108e-18 6.515216443574326e-02
0 27 1.376421775916115e+02 3.820865365352649e-18 6.515097935230880e-02
1 9 1.392156918596565e+02 3.447208196482973e-14 4.618371970923454e-02
0 28 1.427191739714923e+02 3.873734374897826e-18 6.515002335580800e-02
0 29 1.477961933522706e+02 3.576181811877243e-18 6.515231378995144e-02
0 30 1.528731774693618e+02 3.576264405637350e-18 6.515106561499523e-02
1 10 1.544931895606551e+02 1.431810953630998e-15 4.618407637629191e-02
0 31 1.579501743674146e+02 3.719998772972972e-18 6.515015898547265e-02
0 32 1.630271935209313e+02 3.925589745180565e-18 6.515249899942747e-02
0 33 1.681041799233684e+02 3.636577667845814e-18 6.515118928493052e-02
1 11 1.697706806559372e+02 3.807000251620006e-14 4.618444169485299e-02
0 34 1.731811780876524e+02 3.739213583586629e-18 6.515033272004066e-02
0 35 1.782581977661810e+02 3.840536656434573e-18 6.515271933997642e-02
0 36 1.833351872404343e+02 4.234388537449414e-18 6.515134970165080e-02
1 12 1.850481621048669e+02 7.255987160983795e-18 4.618481424688053e-02
0 37 1.884121874148069e+02 3.576353592403704e-18 6.515054382420064e-02
0 38 1.934892083662938e+02 4.022897643235634e-18 6.515297396480298e-02
0 39 1.985662016906871e+02 3.875716797590009e-18 6.515154607719584e-02
1 13 2.003256306897838e+02 7.283627154169773e-18 4.618520065707095e-02
0 40 2.036432046122129e+02 3.875918787133047e-18 6.515079143783926e-02
0 41 2.087202275777454e+02 3.819656986569531e-18 6.515326190757641e-02
0 42 2.137972255198402e+02 3.819646727936466e-18 6.515177749931707e-02
1 14 2.156030835585265e+02 7.309465890657767e-18 4.618559438304611e-02
0 43 2.188742319162259e+02 3.819586158590558e-18 6.515107457919200e-02
0 44 2.239512576275340e+02 4.892256833056657e-18 6.515358208602259e-02
0 45 2.290282609415588e+02 3.576386562188590e-18 6.515204293522096e-02
1 15 2.308805178807617e+02 1.558968786799104e-17 4.618599080274391e-02
0 46 2.341052715286291e+02 3.819356187195520e-18 6.515139214852232e-02
0 47 2.391823007056332e+02 3.717735041909007e-18 6.515393330602097e-02
0 48 2.442593101299715e+02 3.717682844297736e-18 6.515234123582686e-02
1 16 2.461579308116151e+02 2.981447095736005e-15 4.618638842638019e-02
0 49 2.493363256091974e+02 3.639082065551259e-18 6.515174293230944e-02
0 50 2.544133589576130e+02 4.321332011749130e-18 6.515431426618484e-02
0 51 2.594903752123605e+02 3.914767877327048e-18 6.515267114051350e-02
1 17 2.614353195797740e+02 7.360871836691210e-18 4.618678576016622e-02
0 52 2.645673962684522e+02 4.152911519339856e-18 6.515212560791871e-02
0 53 2.696444344774614e+02 4.173348601795500e-18 6.515472356290301e-02
0 54 2.747214582620657e+02 3.878080003503391e-18 6.515303128233366e-02
1 18 2.767126814539536e+02 7.245953567659247e-18 4.618718516985578e-02
0 55 2.797984855606422e+02 3.850025482835059e-18 6.515253874873675e-02
0 56 2.848755293006450e+02 3.716683123908517e-18 6.515515969581791e-02
0 57 2.899525612916327e+02 4.151135714319315e-18 6.515342019366685e-02
1 19 2.919900136974283e+02 7.458102833651627e-18 4.618759578195286e-02
0 58 2.950295954769739e+02 4.270806630421867e-18 6.515298082974133e-02
0 59 3.001066453974189e+02 3.955719682907683e-18 6.515562107371466e-02
0 60 3.051836862462206e+02 4.167261982971860e-18 6.515383631228576e-02
1 20 3.072673139611957e+02 4.169640600757837e-14 4.618800152751922e-02
0 61 3.102607279391131e+02 3.818360188456099e-18 6.515345023348036e-02
0 62 3.153377846664230e+02 4.012034385546320e-18 6.515610602078163e-02
0 63 3.204148349973033e+02 4.047714701542614e-18 6.515427798779763e-02
1 21 3.225445798572222e+02 1.302727537272838e-15 4.618840094783164e-02
0 64 3.254918847929857e+02 3.818201580046379e-18 6.515394525642362e-02
0 65 3.305689489285795e+02 3.652787282972257e-18 6.515661278320931e-02
0 66 3.356460093366771e+02 4.010903719608460e-18 6.515474348842042e-02
1 22 3.378218091133882e+02 3.104327410378160e-14 4.618879260707543e-02
0 67 3.407230678028916e+02 4.538021456175840e-18 6.515446411564831e-02
0 68 3.458001399213102e+02 3.955654006981494e-18 6.515713953607948e-02
0 69 3.508772109707940e+02 3.817972089807150e-18 6.515523100805347e-02
1 23 3.530989995806322e+02 7.256674677308149e-18 4.618917509745579e-02
0 70 3.559542786459503e+02 3.817935361481020e-18 6.515500495581400e-02
0 71 3.610313592930930e+02 3.879669723676775e-18 6.515768439049895e-02
