0 0 4.507699408987178e-01 3.563002300776844e-18 6.662616474015162e-02
1 0 1.736700777375842e+00 6.922874307920874e-18 4.841680792457757e-02
0 1 5.527806162362060e+00 3.572234686186920e-18 6.662439001476751e-02
0 2 1.060491535075021e+01 3.563013912041708e-18 6.662521863539335e-02
0 3 1.568194980327792e+01 3.796971147449885e-18 6.662464651316007e-02
1 1 1.701397133381982e+01 6.950114495866529e-18 4.841710283607387e-02
0 4 2.075898987720276e+01 3.501431082710507e-18 6.662291683241300e-02
0 5 2.583610310098724e+01 3.593428903871144e-18 6.662383794961611e-02
0 6 3.091314111598270e+01 3.986308697800046e-18 6.662321065933868e-02
1 2 3.229122741325790e+01 6.965671567504044e-18 4.841738170126028e-02
0 7 3.599018611514349e+01 3.572929403687795e-18 6.662152796721822e-02
0 8 4.106730444543554e+01 3.480625386336744e-18 6.662254295823894e-02
0 9 4.614434714821883e+01 3.825935814550808e-18 6.662186212342304e-02
1 3 4.756846497173588e+01 1.118832593086645e-13 4.841764692282117e-02
0 10 5.122139813871728e+01 3.805566838530601e-18 6.662022822547614e-02
0 11 5.629852263635002e+01 3.594011296773498e-18 6.662133835288118e-02
0 12 6.137557114448184e+01 4.285451407599085e-18 6.662060561456455e-02
1 4 6.284567976409828e+01 1.300307315640466e-15 4.841789747818178e-02
0 13 6.645262918322499e+01 4.052855472243329e-18 6.661902218293018e-02
0 14 7.152976089587894e+01 4.111911582578081e-18 6.662022858368856e-02
0 15 7.660681631635769e+01 4.112648962249066e-18 6.661944559332264e-02
1 5 7.812286758634104e+01 1.365435686305874e-13 4.841813235110849e-02
0 16 8.168388244847506e+01 4.122440994618233e-18 6.661791417165246e-02
0 17 8.676102240776558e+01 4.452745683857413e-18 6.661921784606717e-02
0 18 9.183808583417397e+01 3.501629206062110e-18 6.661838625903271e-02
1 6 9.340002428703669e+01 6.911138902794430e-18 4.841835053387204e-02
0 19 9.691516109037542e+01 4.114238983641823e-18 6.661690826728606e-02
0 20 1.019923103089073e+02 3.755475502895346e-18 6.661831006784336e-02
0 21 1.070693828185118e+02 3.807620595416956e-18 6.661743153758332e-02
1 7 1.086771456242346e+02 6.936751991260095e-18 4.841855178341175e-02
0 22 1.121464682123897e+02 3.594832547580973e-18 6.661600827668669e-02
0 23 1.172236276807850e+02 4.135164642757298e-18 6.661750889689107e-02
0 24 1.223007103315940e+02 3.594816213146699e-18 6.661658506963933e-02
1 8 1.239542276303635e+02 7.011014543429021e-18 4.841873477090233e-02
0 25 1.273778068568740e+02 3.594908899752154e-18 6.661521772601225e-02
0 26 1.324549775407825e+02 3.594778098836169e-18 6.661681768927731e-02
0 27 1.375320713685686e+02 3.890048726580094e-18 6.661585019935860e-02
1 9 1.392312664910864e+02 7.616804724585153e-16 4.841889796561202e-02
0 28 1.426091799963160e+02 3.828773630146835e-18 6.661453984930239e-02
0 29 1.476863628334146e+02 3.594774647037057e-18 6.661623949797420e-02
0 30 1.527634688487093e+02 3.828484473140694e-18 6.661522996364641e-02
1 10 1.545082583824904e+02 1.856965258339438e-15 4.841904042532424e-02
0 31 1.578405905244976e+02 4.196689252509472e-18 6.661397757759958e-02
0 32 1.629177864214935e+02 3.755592726439123e-18 6.661577706219343e-02
0 33 1.679949056065653e+02 3.594750664473436e-18 6.661472708200465e-02
1 11 1.697851995923434e+02 6.922159989846954e-18 4.841916123331023e-02
0 34 1.730720412476186e+02 3.807261613464791e-18 6.661353352866847e-02
0 35 1.781492510772651e+02 3.573776300992340e-18 6.661543279740638e-02
0 36 1.832263843830905e+02 4.474281066569064e-18 6.661434394703450e-02
1 12 1.850620865265152e+02 6.911814481396440e-18 4.841925966125997e-02
0 37 1.883035348754086e+02 3.960502121277054e-18 6.661320999737388e-02
0 38 1.933807594735477e+02 3.805867722879805e-18 6.661520878611006e-02
0 39 1.984579078167873e+02 4.590316179658331e-18 6.661408261565371e-02
1 13 2.003389154984107e+02 6.950188141120792e-18 4.841934122833838e-02
0 40 2.035350740122675e+02 3.573525829462663e-18 6.661300894677752e-02
0 41 2.086123141749135e+02 4.108764788501711e-18 6.661510676940563e-02
0 42 2.136894784349078e+02 3.804573061521373e-18 6.661394480109649e-02
1 14 2.156156834303250e+02 1.086531551955657e-13 4.841939842720137e-02
0 43 2.187666611484750e+02 3.755349993883514e-18 6.661293200002362e-02
0 44 2.238439176289538e+02 3.655371523818626e-18 6.661512813945962e-02
0 45 2.289210986447519e+02 3.755180972150145e-18 6.661393186576312e-02
1 15 2.308923871761137e+02 3.685754353227603e-16 4.841943049336497e-02
0 46 2.339982986515136e+02 3.655289258025840e-18 6.661298043307907e-02
0 47 2.390755721576733e+02 3.655021561901235e-18 6.661527393291221e-02
0 48 2.441527707251105e+02 3.654974571419349e-18 6.661404481498824e-02
1 16 2.461690237601696e+02 3.975596917086063e-14 4.841943671353474e-02
0 49 2.492299887575498e+02 3.883530329601364e-18 6.661315516839594e-02
0 50 2.543072799490586e+02 4.119993558385346e-18 6.661554482529772e-02
0 51 2.593844968178985e+02 3.571723591901134e-18 6.661428429179141e-02
1 17 2.614455903885774e+02 6.923013928396543e-18 4.841941643136648e-02
0 52 2.644617335631233e+02 3.819602935565187e-18 6.661345676956111e-02
0 53 2.695390430488708e+02 3.754449129917592e-18 6.661594112654141e-02
0 54 2.746162789200301e+02 3.571033903091737e-18 6.661465057267467e-02
1 18 2.767220843794762e+02 6.913953596467028e-18 4.841937408649247e-02
0 55 2.796935350170958e+02 3.879191043364662e-18 6.661388543699560e-02
0 56 2.847708633527176e+02 4.110602424875645e-18 6.661646277758755e-02
0 57 2.898481188755889e+02 3.564279601062412e-18 6.661514356452684e-02
1 19 2.919985032894227e+02 6.975102663918164e-18 4.841931089769048e-02
0 58 2.949253949129086e+02 4.496785883628448e-18 6.661444100476278e-02
0 59 3.000027425984449e+02 3.502088338199887e-18 6.661710934821236e-02
0 60 3.050800183683361e+02 3.652770905687331e-18 6.661576280268530e-02
1 20 3.072748450363462e+02 1.183836827564144e-14 4.841921947732295e-02
0 61 3.101573148812006e+02 3.974609342322954e-18 6.661512293853568e-02
0 62 3.152346823589123e+02 3.589727291840489e-18 6.661788003607010e-02
0 63 3.203119789146222e+02 3.972555354212742e-18 6.661650745020645e-02
1 21 3.225511076561275e+02 3.263631739099530e-15 4.841909945143901e-02
0 64 3.253892963828456e+02 3.666131560579692e-18 6.661593033477296e-02
0 65 3.304666840352015e+02 3.567522091289328e-18 6.661877366701101e-02
0 66 3.355440018567471e+02 3.502225755819263e-18 6.661737629838818e-02
1 22 3.378272894150410e+02 6.957300975296206e-18 4.841895052977391e-02
0 67 3.406213407024568e+02 3.566928305287976e-18 6.661686192114681e-02
0 68 3.456987488503074e+02 3.587626330452261e-18 6.661978869670855e-02
0 69 3.507760883568216e+02 3.565211191301869e-18 6.661836776857638e-02
1 23 3.531033888176403e+02 6.911638348470452e-18 4.841877251043795e-02
0 70 3.558534489424094e+02 4.057172791517907e-18 6.661791605825407e-02
0 71 3.609308778433629e+02 3.751754473831435e-18 6.662092321361843e-02
