0 0 4.655166589191744e-01 4.069378925084192e-18 7.154841892295016e-02
1 0 1.543752880491942e+00 7.013767808742768e-18 4.822295335976807e-02
0 1 5.542560363522635e+00 3.312419879724744e-18 7.154653762394177e-02
0 2 1.061969249040595e+01 3.999445888038755e-18 7.154856733537199e-02
0 3 1.569670118937821e+01 3.491426828073602e-18 7.154847920180948e-02
1 1 1.682096143671262e+01 7.201381619390962e-18 4.822259135714583e-02
0 4 2.077375092609714e+01 3.723178718198507e-18 7.154663130520406e-02
0 5 2.585088614464661e+01 3.491741120076704e-18 7.154876100100312e-02
0 6 3.092789897272095e+01 3.334851004459823e-18 7.154858239130560e-02
1 2 3.209815486179991e+01 1.019751057764587e-16 4.822220820005183e-02
0 7 3.600495458279302e+01 3.337018248929174e-18 7.154677023934591e-02
0 8 4.108209265585001e+01 4.004960982589404e-18 7.154899749441578e-02
0 9 4.615910952673606e+01 4.006755668383416e-18 7.154872846657612e-02
1 3 4.737533382200657e+01 2.321726398189504e-15 4.822180495495108e-02
0 10 5.123617083549546e+01 3.588567983245351e-18 7.154695428867847e-02
0 11 5.631331151383979e+01 3.407973529804899e-18 7.154927651522854e-02
0 12 6.139033232802137e+01 3.822252832133730e-18 7.154891725735901e-02
1 4 6.265249903076494e+01 6.990822538703257e-18 4.822138275271305e-02
0 13 6.646739914548334e+01 3.752091558753505e-18 7.154718317351461e-02
0 14 7.154454216852972e+01 3.518245289354075e-18 7.154959762393127e-02
0 15 7.662156681373301e+01 3.589603822769924e-18 7.154914844914868e-02
1 5 7.792965124631453e+01 6.951027300174264e-18 4.822094278471366e-02
0 16 8.169863893521861e+01 3.753436222583548e-18 7.154745647338791e-02
0 17 8.677578403175217e+01 3.337481347289264e-18 7.154996024343571e-02
0 18 9.185281238345740e+01 3.408397229097054e-18 7.154942158482405e-02
1 6 9.320679102563305e+01 6.947601303644912e-18 4.822048701952338e-02
0 19 9.692988959025649e+01 3.495798278682560e-18 7.154777362870428e-02
0 20 1.020070364792049e+02 3.519528581256321e-18 7.155036366105293e-02
0 21 1.070840684011993e+02 3.590778569002784e-18 7.154973606673849e-02
1 7 1.084839194276051e+02 2.061799154037935e-14 4.822001595061091e-02
0 22 1.121611504612690e+02 4.015751691293989e-18 7.154813394281315e-02
0 23 1.172382988525083e+02 3.991175885290083e-18 7.155080703088593e-02
0 24 1.223153341974778e+02 3.496627169113544e-18 7.155009115925350e-02
1 8 1.237610373536126e+02 6.947714625893807e-18 4.821953084665365e-02
0 25 1.273924208661745e+02 3.520856275429658e-18 7.154853658449273e-02
0 26 1.324695704613659e+02 3.263729251283733e-18 7.155128937663076e-02
0 27 1.375466090715226e+02 3.733297423136478e-18 7.155048599170336e-02
1 9 1.390381457148825e+02 7.227297163005135e-18 4.821903309856439e-02
0 28 1.426237000923645e+02 3.994704270345438e-18 7.154898059083803e-02
0 29 1.477008505858179e+02 3.497052700176694e-18 7.155180959477242e-02
0 30 1.527778922935600e+02 3.828735532313120e-18 7.155091956177392e-02
1 10 1.543152454537019e+02 6.975365520150895e-18 4.821852413589328e-02
0 31 1.578549873990170e+02 3.314310187486878e-18 7.154946487053951e-02
0 32 1.629321384785817e+02 3.239707925039712e-18 7.155236645816382e-02
0 33 1.680091831071852e+02 3.408855574729255e-18 7.155139073927749e-02
1 11 1.695923374498779e+02 6.948689987033044e-18 4.821800738283860e-02
0 34 1.730862820194969e+02 3.338343745065734e-18 7.154998820754215e-02
0 35 1.781634333674728e+02 3.521767442055263e-18 7.155295861997760e-02
0 36 1.832404807318108e+02 3.263665846809023e-18 7.155189827031014e-02
1 12 1.848694226227814e+02 7.000268569114462e-18 4.821748572320133e-02
0 37 1.883175831638268e+02 3.759801802170001e-18 7.155054926506996e-02
0 38 1.933947344578967e+02 3.522083823908631e-18 7.155358461801320e-02
0 39 1.984717843651841e+02 3.830728599204303e-18 7.155244078177099e-02
1 13 2.001465021461018e+02 3.762171331682373e-16 4.821695715909975e-02
0 40 2.035488900212274e+02 3.334248127277238e-18 7.155114659000378e-02
0 41 2.086260409354070e+02 3.735968997395220e-18 7.155424287934968e-02
0 42 2.137030931859694e+02 3.314521871685399e-18 7.155301678622970e-02
1 14 2.154235770550705e+02 8.678262239143189e-16 4.821642322851694e-02
0 43 2.187802017627194e+02 4.094253266614330e-18 7.155177861759694e-02
0 44 2.238573519683218e+02 3.263522443259120e-18 7.155493172532569e-02
0 45 2.289344063563857e+02 3.593589562682007e-18 7.155362468712177e-02
1 15 2.307006483999134e+02 6.993915251353003e-18 4.821588548430462e-02
0 46 2.340115175437802e+02 3.523155821970315e-18 7.155244367651578e-02
0 47 2.390886667103941e+02 3.263484515597464e-18 7.155564937683695e-02
0 48 2.441657230248957e+02 3.314619669536996e-18 7.155426278425794e-02
1 16 2.459777172424654e+02 6.955581203528645e-18 4.821534548934216e-02
0 49 2.492428365070478e+02 3.338596905232784e-18 7.155313999418858e-02
0 50 2.543199843035257e+02 3.707324028246001e-18 7.155639395993023e-02
0 51 2.593970423289360e+02 3.338573228425263e-18 7.155492927962805e-02
1 17 2.612547844788802e+02 6.979353065862689e-18 4.821481202251809e-02
0 52 2.644741577850646e+02 4.301961616255575e-18 7.155386570244927e-02
0 53 2.695513038805171e+02 3.593788044456099e-18 7.155716351168503e-02
0 54 2.746283633976821e+02 4.096785222204156e-18 7.155562228348450e-02
1 18 2.765318513021144e+02 2.111460418711953e-14 4.821428101897723e-02
0 55 2.797054805030547e+02 3.523743238541200e-18 7.155461884345925e-02
0 56 2.847826245678515e+02 3.239451272825752e-18 7.155795598636121e-02
0 57 2.898596853548404e+02 3.739011151197335e-18 7.155633982068488e-02
1 19 2.918089188279362e+02 6.948438766210318e-18 4.821375232388396e-02
0 58 2.949368037817213e+02 4.097464379542045e-18 7.155539737588991e-02
0 59 3.000139454884890e+02 3.738685295899283e-18 7.155876926179645e-02
0 60 3.050910073214516e+02 3.594533426626261e-18 7.155707983727558e-02
1 20 3.070859881303087e+02 1.751320550050828e-14 4.821322749292413e-02
0 61 3.101681267400562e+02 4.003689133251189e-18 7.155619918134840e-02
0 62 3.152452657646766e+02 3.409002060636759e-18 7.155960114603586e-02
0 63 3.203223284187039e+02 3.338686572621458e-18 7.155784020729919e-02
1 21 3.223630602775393e+02 6.951504417191328e-18 4.821270806729182e-02
0 64 3.253994484981550e+02 3.263382558265092e-18 7.155702207102936e-02
0 65 3.304765845207572e+02 3.263235106620230e-18 7.156044938417529e-02
0 66 3.355536477707437e+02 3.764144762249137e-18 7.155861873980227e-02
1 22 3.376401362893321e+02 6.948643189193063e-18 4.821219852582503e-02
0 67 3.406307681800274e+02 3.834616057135153e-18 7.155786379257030e-02
0 68 3.457079008859706e+02 3.333641735759499e-18 7.156131166539548e-02
0 69 3.507849645074748e+02 3.764598205717257e-18 7.155941318602561e-02
1 23 3.529172171231868e+02 6.948709504579798e-18 4.821170598415032e-02
0 70 3.558620849163933e+02 3.524702628861983e-18 7.155872203709350e-02
0 71 3.609392139972394e+02 3.524506818732829e-18 7.156218563017203e-02
