0 0 5.499854476816222e-01 8.526709056617860e-18 7.340257081615562e-02
1 0 1.371157691492597e+00 1.081623777525153e-17 4.719340689220940e-02
0 1 5.627047458722921e+00 8.519548522538896e-18 7.340089303222720e-02
0 2 1.070413799521754e+01 8.215837766689644e-18 7.340394847434570e-02
0 3 1.578111630190627e+01 8.615604670369215e-18 7.340422721428930e-02
1 1 1.664845354854110e+01 5.980960562285635e-15 4.719261173887012e-02
0 4 2.085816998509416e+01 7.465893242305918e-18 7.340257226924468e-02
0 5 2.593524811126787e+01 8.316815426660429e-18 7.340565236789180e-02
0 6 3.101221738933960e+01 8.677262782867095e-18 7.340580772048819e-02
1 2 3.192578893730851e+01 7.297396454083028e-18 4.719183073284933e-02
0 7 3.608926398079677e+01 9.489894419266132e-18 7.340417786052703e-02
0 8 4.116633098729049e+01 9.227988561846123e-18 7.340727808779697e-02
0 9 4.624329261706085e+01 8.265815355353804e-18 7.340730687542321e-02
1 3 4.720315888598580e+01 7.112182079475378e-18 4.719106624513184e-02
0 10 5.132033337762655e+01 9.193565013137674e-18 7.340570428424324e-02
0 11 5.639739058465618e+01 1.000525090985860e-17 7.340882020734407e-02
0 12 6.147434597454772e+01 8.318977549997988e-18 7.340871944830628e-02
1 4 6.248055810275937e+01 7.201597229455916e-18 4.719031747941126e-02
0 13 6.655138218614408e+01 8.657268233420196e-18 7.340714624342917e-02
0 14 7.162843093960394e+01 8.927738285811015e-18 7.341027353143918e-02
0 15 7.670538152232130e+01 9.184042595591020e-18 7.341004045342270e-02
1 5 7.775798153731260e+01 4.165454737132150e-14 4.718958833973798e-02
0 16 8.178241448422992e+01 9.919190533121936e-18 7.340849868302077e-02
0 17 8.685945615170311e+01 1.027234546897895e-17 7.341163311297480e-02
0 18 9.193640338029721e+01 9.413856972396634e-18 7.341126516603125e-02
1 6 9.303542402691524e+01 7.124765872356525e-18 4.718888244756107e-02
0 19 9.701343440535564e+01 9.518749832755503e-18 7.340975680624642e-02
0 20 1.020904703720414e+02 9.031019532902003e-18 7.341289426855374e-02
0 21 1.071674157158718e+02 9.205815997538302e-18 7.341238913758093e-02
1 7 1.083128802496147e+02 7.166698589803619e-18 4.718820202310527e-02
0 22 1.122444461265996e+02 9.624287064467327e-18 7.341091609031970e-02
0 23 1.173214777911697e+02 1.027070851816861e-17 7.341405259351809e-02
0 24 1.223984227317750e+02 8.419923524924502e-18 7.341340821019032e-02
1 8 1.235903448336878e+02 7.142954214206579e-18 4.718754922835346e-02
0 25 1.274754538564412e+02 9.954581322067210e-18 7.341197230137433e-02
0 26 1.325524826268371e+02 1.083103784141384e-17 7.341510397623116e-02
0 27 1.376294286537256e+02 1.060778857295251e-17 7.341431853033981e-02
1 9 1.388678123162783e+02 7.105302521805762e-18 4.718692688807773e-02
0 28 1.427064618223679e+02 1.032382485581892e-17 7.341292150858483e-02
0 29 1.477834891115508e+02 1.076855393436976e-17 7.341604461155884e-02
0 30 1.528604377179199e+02 1.020478874554014e-17 7.341511656172083e-02
1 10 1.541452770770548e+02 7.153503361934534e-18 4.718633936862074e-02
0 31 1.579374742583283e+02 1.152246882256898e-17 7.341376009741521e-02
0 32 1.630145014799973e+02 1.077970981236194e-17 7.341687101349380e-02
0 33 1.680914541583996e+02 1.032526010507842e-17 7.341579909718589e-02
1 11 1.694227339374786e+02 8.017220902812325e-18 4.718578534959478e-02
0 34 1.731684953920783e+02 1.057519747184913e-17 7.341448478193913e-02
0 35 1.782455239563691e+02 1.164076080802361e-17 7.341758002687297e-02
0 36 1.833224821943342e+02 1.035675261210347e-17 7.341636326975093e-02
1 12 1.847001774863159e+02 4.750744540625788e-15 4.718526668555810e-02
0 37 1.883995294324542e+02 1.082802166699346e-17 7.341509261617671e-02
0 38 1.934765607416327e+02 1.091898917656743e-17 7.341816883813068e-02
0 39 1.985535260172617e+02 1.134334194232499e-17 7.341680656258548e-02
1 13 1.999776023430044e+02 7.158504435717348e-18 4.718478513631855e-02
0 40 2.036305805566181e+02 1.155270196892260e-17 7.341558100439087e-02
0 41 2.087076160007836e+02 1.032215027212970e-17 7.341863498503745e-02
0 42 2.137845897783312e+02 1.076875459830476e-17 7.341712681794632e-02
1 14 2.152550031740246e+02 7.113727341568272e-18 4.718434236014338e-02
0 43 2.188616528973182e+02 1.107968162564897e-17 7.341594771029043e-02
0 44 2.239386938501329e+02 1.054960100124586e-17 7.341897636537062e-02
0 45 2.290156775755906e+02 1.148755066980642e-17 7.341732224499344e-02
1 15 2.305323745242150e+02 7.135633107141923e-18 4.718394631257834e-02
0 46 2.340927505302107e+02 1.118889912564772e-17 7.341619086508866e-02
0 47 2.391697983446673e+02 1.168604981996265e-17 7.341919124446857e-02
0 48 2.442467934413655e+02 1.133766548833528e-17 7.341739142644417e-02
1 16 2.458097112852272e+02 4.897570165770654e-14 4.718359492677158e-02
0 49 2.493238774612851e+02 1.072722581954144e-17 7.341630897436728e-02
0 50 2.544009334655295e+02 1.138648655747320e-17 7.341927826161999e-02
0 51 2.594779413297738e+02 1.238332910542557e-17 7.341733332401250e-02
1 17 2.610870084481861e+02 7.336497722708027e-18 4.718328642125607e-02
0 52 2.645550376144390e+02 1.262518654375114e-17 7.341630092370020e-02
0 53 2.696321031076623e+02 1.235387887239719e-17 7.341923643524380e-02
0 54 2.747091251044214e+02 1.183396266963983e-17 7.341714728259552e-02
1 18 2.763642610302211e+02 7.203515539640060e-18 4.718302198002318e-02
0 55 2.797862348192538e+02 1.183182960077119e-17 7.341616598299627e-02
0 56 2.848633110676707e+02 1.140421876882469e-17 7.341906516682099e-02
0 57 2.899403485263301e+02 1.180532867847393e-17 7.341683303316446e-02
1 19 2.916414641757289e+02 7.130676557910897e-18 4.718280265484703e-02
0 58 2.950174727990091e+02 1.281080253870034e-17 7.341590380952520e-02
0 59 3.000945610319332e+02 1.157592722566387e-17 7.341876424353906e-02
0 60 3.051716152421347e+02 1.158687653023011e-17 7.341639069432791e-02
1 20 3.069186131413495e+02 7.099335135114081e-18 4.718263119400083e-02
0 61 3.102487551589883e+02 1.279241391843067e-17 7.341551444959341e-02
0 62 3.153258565650244e+02 1.128516455465080e-17 7.341833383962217e-02
0 63 3.204029287726078e+02 1.177605351168318e-17 7.341582077254118e-02
1 21 3.221957032120859e+02 7.109032898100266e-18 4.718251711719347e-02
0 64 3.254800853751245e+02 1.328294647899997e-17 7.341499833884557e-02
0 65 3.305572010984918e+02 1.186477879649925e-17 7.341777451631715e-02
0 66 3.356342925015551e+02 1.202701195362539e-17 7.341512416094002e-02
1 22 3.374727301712575e+02 9.448824710293059e-17 4.718245030591185e-02
0 67 3.407114667830311e+02 1.303756850463784e-17 7.341435630117528e-02
0 68 3.457885979200306e+02 1.087076230871298e-17 7.341708722052051e-02
0 69 3.508657096651293e+02 1.228651391387881e-17 7.341430213678575e-02
1 23 3.527496898214310e+02 2.054747664834100e-15 4.718243123577689e-02
0 70 3.559429025674656e+02 1.280846263452886e-17 7.341358954622906e-02
0 71 3.610200501631084e+02 1.208885632466583e-17 7.341627328203000e-02
