0 0 1.646989931261172e+00 2.335540825755636e-18 6.650197023071373e-02
1 0 3.313403391258695e+00 3.340418741727685e-18 5.439021699514730e-02
0 1 4.687418663359153e+00 2.259720948664386e-18 6.650358122033931e-02
0 2 7.727886443362482e+00 2.364086857197953e-18 6.651151849316683e-02
1 1 9.647085347560525e+00 5.363037860710992e-18 5.439065499878298e-02
0 3 1.076828147176462e+01 2.198325171660432e-18 6.651486975288144e-02
0 4 1.380871331082375e+01 2.333604333706212e-18 6.652454651016300e-02
1 2 1.598070810340395e+01 3.374957092167991e-18 5.439195841387363e-02
0 5 1.684910309535220e+01 2.670426429586280e-18 6.652935074676171e-02
0 6 1.988955357714950e+01 2.736646776167068e-18 6.653938939257527e-02
1 3 2.231413575057173e+01 3.342652043236695e-18 5.439240384360340e-02
0 7 2.292997053084228e+01 2.528645630822307e-18 6.654516171470884e-02
0 8 2.597049112833307e+01 2.125316589343007e-18 6.655387059060319e-02
1 4 2.864727616347149e+01 2.143536414432024e-16 5.439053084624197e-02
0 9 2.901097677922216e+01 2.470379484345623e-18 6.655974073407836e-02
0 10 3.205161388131377e+01 2.234879200752413e-18 6.656482308827137e-02
1 5 3.498007549536552e+01 3.323230077993635e-18 5.438662479550642e-02
0 11 3.509221951243572e+01 2.256504643322376e-18 6.656851551741613e-02
0 12 3.813300223222105e+01 2.256661557712146e-18 6.656795192798008e-02
0 13 4.117378331039451e+01 2.260976308175355e-18 6.656420175542821e-02
1 6 4.131249814806922e+01 3.362194659556396e-18 5.438701994631193e-02
0 14 4.421469243916115e+01 2.257466777919885e-18 6.655935768232817e-02
0 15 4.725567499764097e+01 2.303596243363715e-18 6.654551092869183e-02
1 7 4.764455447240726e+01 8.077898020036636e-15 5.439302109603270e-02
0 16 5.029661960377918e+01 2.522483995975856e-18 6.653973671199430e-02
0 17 5.333772641471302e+01 2.362431043638813e-18 6.652164797207942e-02
1 8 5.397649340185234e+01 3.326715249438907e-18 5.439847977789804e-02
0 18 5.637859539189611e+01 2.361829054426796e-18 6.651654170182748e-02
0 19 5.941966557010414e+01 2.574323596110223e-18 6.650208887028643e-02
1 9 6.030869891431177e+01 3.365583838205688e-18 5.440007757312561e-02
0 20 6.246040029379369e+01 2.758021640480327e-18 6.649825701379213e-02
0 21 6.550131272122974e+01 2.857632747046203e-18 6.649090608817562e-02
1 10 6.664140644222228e+01 3.367988651209911e-18 5.439820015353616e-02
0 22 6.854191465412597e+01 3.020364889380249e-18 6.648868684690851e-02
0 23 7.158264051874775e+01 2.640221341740591e-18 6.648805719788344e-02
1 11 7.297460975240448e+01 3.311443876568016e-18 5.439534495420874e-02
0 24 7.462314029808809e+01 2.837011204230781e-18 6.648764630222848e-02
0 25 7.766371230869045e+01 2.525724080915731e-18 6.649203943452248e-02
1 12 7.930815178769892e+01 3.531140961764267e-18 5.439378432214798e-02
0 26 8.070414513263647e+01 2.426864315871668e-18 6.649348973269825e-02
0 27 8.374461869888567e+01 2.574288415382004e-18 6.650119651928678e-02
1 13 8.564183112404778e+01 3.466743811450882e-18 5.439408403570982e-02
0 28 8.678501553890054e+01 2.626875346399846e-18 6.650440395017154e-02
0 29 8.982544864332729e+01 2.626820078628716e-18 6.651397602385882e-02
1 14 9.197546451528987e+01 3.311749091139971e-18 5.439538304250290e-02
0 30 9.286583791672442e+01 2.362139143151116e-18 6.651866850859553e-02
0 31 9.590628537337706e+01 2.362405164747166e-18 6.652873899879247e-02
1 15 9.830891217143102e+01 3.329678600599635e-18 5.439596552356144e-02
0 32 9.894669893459611e+01 2.362859004600485e-18 6.653445192636970e-02
0 33 1.019872124208734e+02 2.438399517142905e-18 6.654337153230597e-02
1 16 1.046420781728685e+02 3.485620935070849e-18 5.439432526759078e-02
0 34 1.050276909392829e+02 2.302511243851971e-18 6.654928872822988e-02
0 35 1.080683174356059e+02 2.363094478318560e-18 6.655480348752559e-02
1 17 1.109749060578720e+02 3.311876558281398e-18 5.439046742242847e-02
0 36 1.111089114163709e+02 2.333473978504151e-18 6.655885561871364e-02
0 37 1.141496822192248e+02 2.522068815190894e-18 6.655880522285140e-02
0 38 1.171904471234421e+02 2.526524024913128e-18 6.655592091964385e-02
1 18 1.173073605463241e+02 1.810007599159784e-14 5.439016045723442e-02
0 39 1.202313483849135e+02 2.437362797395864e-18 6.655130294816751e-02
0 40 1.232723151613983e+02 2.626421149876118e-18 6.653820844201863e-02
1 19 1.236394414623657e+02 3.332642707522906e-18 5.439597997683979e-02
0 41 1.263132610837024e+02 2.737002791087467e-18 6.653242685743102e-02
0 42 1.293543625895392e+02 2.435633122886104e-18 6.651437558369420e-02
1 20 1.299713760735320e+02 3.402284579180124e-18 5.440164375026384e-02
0 43 1.323952405465116e+02 2.737534357224418e-18 6.650918019341753e-02
0 44 1.354363186555600e+02 2.642858165644313e-18 6.649421761522693e-02
1 21 1.363035482268166e+02 4.879302361770677e-16 5.440360698799990e-02
0 45 1.384770646339183e+02 3.060827769815365e-18 6.649025807895401e-02
0 46 1.415179916647445e+02 2.644864910749172e-18 6.648227266502549e-02
1 22 1.426362123902671e+02 3.316681061464200e-18 5.440193446571717e-02
0 47 1.445586033125552e+02 2.765751203843386e-18 6.647990206316692e-02
0 48 1.475993435703491e+02 3.029782367430570e-18 6.647873882559471e-02
1 23 1.489693797358727e+02 3.332760719953337e-18 5.439907544015670e-02
0 49 1.506398502880450e+02 2.894163750427496e-18 6.647816496930661e-02
0 50 1.536804330451313e+02 2.765477353717858e-18 6.648217603565944e-02
1 24 1.553029015362874e+02 9.429943770877217e-18 5.439735308018993e-02
0 51 1.567208701528336e+02 2.737969579653636e-18 6.648346485542957e-02
0 52 1.597613498722798e+02 3.061120933652150e-18 6.649092937387381e-02
1 25 1.616365769860597e+02 3.354862853538461e-18 5.439750927279196e-02
0 53 1.628017486991998e+02 2.642101568607845e-18 6.649399092499667e-02
0 54 1.658421834229909e+02 3.191665380424801e-18 6.650344658215150e-02
1 26 1.679702202202762e+02 3.329087965770786e-18 5.439878913319475e-02
0 55 1.688825723845167e+02 2.760023039949916e-18 6.650802385781465e-02
0 56 1.719230171580953e+02 2.527983029931053e-18 6.651811219551818e-02
1 27 1.743036871528629e+02 3.524463424564145e-18 5.439950254257632e-02
0 57 1.749634275880895e+02 2.737028258309866e-18 6.652375992638616e-02
0 58 1.780039342890407e+02 3.116623486909767e-18 6.653287180649607e-02
1 28 1.806368784494988e+02 3.385022701048259e-18 5.439809527215016e-02
0 59 1.810444060110246e+02 2.625980665360168e-18 6.653882197142043e-02
0 60 1.840850221513192e+02 2.259814677099372e-18 6.654475071074963e-02
1 29 1.869697346390927e+02 3.338286548511344e-18 5.439430900354748e-02
0 61 1.871256048829896e+02 2.335798139175936e-18 6.654912118675550e-02
0 62 1.901663637429264e+02 2.524868341528873e-18 6.654959343275738e-02
0 63 1.932071128007792e+02 2.637625581430022e-18 6.654754433382828e-02
1 30 1.933022207098234e+02 3.326728387885738e-18 5.439334499944376e-02
0 64 1.962480056325782e+02 2.625550620141775e-18 6.654318250685633e-02
0 65 1.992889562603454e+02 3.022283481151504e-18 6.653088306284141e-02
1 31 1.996343277414020e+02 3.374875786926611e-18 5.439893227674804e-02
0 66 2.023299027186125e+02 2.857633087603019e-18 6.652510628230518e-02
0 67 2.053709978069004e+02 3.121705651518134e-18 6.650715651714585e-02
1 32 2.059662607276865e+02 3.342622594692319e-18 5.440476706929268e-02
0 68 2.084118843127632e+02 3.171059504347064e-18 6.650187663383977e-02
0 69 2.114529694356461e+02 3.317617459684794e-18 6.648643460524446e-02
1 33 2.122984013777728e+02 1.037538754849967e-15 5.440709868872808e-02
0 70 2.144937266565469e+02 3.124760613320675e-18 6.648235007875243e-02
0 71 2.175346680136236e+02 3.564493201275873e-18 6.647373004968699e-02
1 34 2.186310222442742e+02 3.374309729324767e-18 5.440564757236258e-02
0 72 2.205752895660208e+02 3.875941803399632e-18 6.647120968826291e-02
0 73 2.236160443789339e+02 3.907852629431900e-18 6.646950140268093e-02
1 35 2.249641525910280e+02 3.422713383292069e-18 5.440280104099404e-02
0 74 2.266565582576385e+02 3.476463394006666e-18 6.646876509400966e-02
0 75 2.296971520960633e+02 3.413913870253381e-18 6.647238124402977e-02
1 36 2.312976527491993e+02 9.306473854392011e-15 5.440092322288214e-02
0 76 2.327375936818884e+02 2.989392591247936e-18 6.647350790551472e-02
0 77 2.357780799210704e+02 3.604163272499659e-18 6.648071833826735e-02
1 37 2.376313230250333e+02 3.316682989733554e-18 5.440093143998430e-02
0 78 2.388184809100663e+02 2.988474823222730e-18 6.648363207154472e-02
0 79 2.418589176079404e+02 3.409805123113512e-18 6.649295967519915e-02
1 38 2.439649751373243e+02 3.364070911820458e-18 5.440218115916216e-02
0 80 2.448993064532032e+02 3.460695791283431e-18 6.649741842265117e-02
0 81 2.479397488861785e+02 2.893834937985707e-18 6.650751090793337e-02
1 39 2.502984607298121e+02 2.804729333466373e-14 5.440301536732500e-02
0 82 2.509801564401909e+02 3.697573451001004e-18 6.651308795074216e-02
0 83 2.540206566835257e+02 2.763375004893990e-18 6.652237400739254e-02
1 40 2.566316770072995e+02 3.311412175692985e-18 5.440183988060829e-02
0 84 2.570611219388002e+02 3.119922651869584e-18 6.652834437035282e-02
0 85 2.601017279831077e+02 2.985343913759006e-18 6.653466789114867e-02
1 41 2.629645613448103e+02 3.330586532421427e-18 5.439815901470361e-02
0 86 2.631422998609828e+02 2.857271567783293e-18 6.653931809303627e-02
0 87 2.661830467860830e+02 3.060209287107170e-18 6.654031870315628e-02
0 88 2.692237803471258e+02 3.120371437525323e-18 6.653906913563284e-02
1 42 2.692970786321291e+02 3.367241805665612e-18 5.439657899186703e-02
0 89 2.722646642303987e+02 2.857863131048285e-18 6.653499430454285e-02
0 90 2.753055984210613e+02 3.263171208005527e-18 6.652352740178574e-02
1 43 2.756292131178552e+02 3.319517151606511e-18 5.440187510175364e-02
0 91 2.783465446285396e+02 3.317430213317002e-18 6.651776886992261e-02
0 92 2.813876322191809e+02 3.475093661207081e-18 6.649998572692466e-02
1 44 2.819611471943234e+02 3.381057459358881e-18 5.440785585884730e-02
0 93 2.844285268057140e+02 3.327212591589608e-18 6.649462628647315e-02
0 94 2.874696179824118e+02 3.483229066699058e-18 6.647873840617870e-02
1 45 2.882932582834620e+02 3.330932301198639e-18 5.441055180786010e-02
0 95 2.905103864073923e+02 4.278378076886471e-18 6.647453169170707e-02
0 96 2.935513417653320e+02 4.556347244012825e-18 6.646527873576695e-02
1 46 2.946258359694444e+02 3.372896027261400e-18 5.440934652331453e-02
0 97 2.965919734034540e+02 3.727761905883929e-18 6.646261030902660e-02
0 98 2.996327429085181e+02 3.966360396112532e-18 6.646034601819245e-02
1 47 3.009589284212287e+02 8.997206288288133e-15 5.440652064887443e-02
0 99 3.026732641716741e+02 4.545866449064288e-18 6.645944786512011e-02
0 100 3.057138694185401e+02 4.494886806769027e-18 6.646265626094576e-02
1 48 3.072924055385127e+02 3.338665709979411e-18 5.440449461956595e-02
0 101 3.087543156794910e+02 4.046375902870619e-18 6.646362019087677e-02
0 102 3.117948088043664e+02 3.883922066528184e-18 6.647056468029186e-02
1 49 3.136260694339992e+02 3.393196539500414e-18 5.440435810489178e-02
0 103 3.148352121308814e+02 4.205963214964928e-18 6.647332876972152e-02
0 104 3.178756511583271e+02 3.722363334167635e-18 6.648251676647110e-02
1 50 3.199597293300192e+02 2.315410977625509e-15 5.440556009197154e-02
0 105 3.209160400795907e+02 3.566034697633686e-18 6.648685379990270e-02
0 106 3.239564805148480e+02 3.753115509374295e-18 6.649693701544783e-02
1 51 3.262932329381371e+02 3.316483727750358e-18 5.440650454260649e-02
0 107 3.269968854422434e+02 3.315155651433362e-18 6.650243815838050e-02
0 108 3.300373795572991e+02 3.907593074321250e-18 6.651188067151037e-02
1 52 3.326264738835014e+02 3.361384147850846e-18 5.440553539671665e-02
0 109 3.330778386693488e+02 2.768835770516996e-18 6.651785961633011e-02
0 110 3.361184348868676e+02 3.123565185028932e-18 6.652455815315589e-02
1 53 3.389593861953941e+02 1.727952202064005e-16 5.440201141441246e-02
0 111 3.391589963001849e+02 3.123351360355001e-18 6.652945234458024e-02
0 112 3.421997313301423e+02 3.561219633730638e-18 6.653098338396396e-02
0 113 3.452404497610824e+02 3.124032515967360e-18 6.653049332476471e-02
1 54 3.452919343231929e+02 3.332930405546237e-18 5.439986742541433e-02
0 114 3.482813242224001e+02 3.875019248024503e-18 6.652673673857366e-02
0 115 3.513222417638027e+02 3.478459539894272e-18 6.651613410076904e-02
1 55 3.516240973900975e+02 3.334283780586203e-18 5.440478123476829e-02
0 116 3.543631869316941e+02 4.064721260502375e-18 6.651040866001003e-02
0 117 3.574042659842170e+02 4.389929047251487e-18 6.649285785498979e-02
1 56 3.579560352514838e+02 3.310561720452473e-18 5.441091184435123e-02
0 118 3.604451681464217e+02 4.049224005485337e-18 6.648742414263234e-02
0 119 3.634862643775420e+02 4.218789302186976e-18 6.647112733278399e-02
1 57 3.642881188465037e+02 3.350625123565953e-18 5.441396562606682e-02
