0 0 1.604747850473474e+00 3.729558508770095e-18 6.848846378658978e-02
1 0 3.253907812595759e+00 5.792170402362429e-16 5.417224754960290e-02
0 1 4.645161582855087e+00 4.914114544133549e-17 6.848964523482751e-02
0 2 7.685662832946789e+00 1.324000020956713e-16 6.849921640146442e-02
1 1 9.587492680769634e+00 3.349074577312130e-18 5.417173431129759e-02
0 3 1.072607514303713e+01 1.474288040666809e-16 6.850229155183903e-02
0 4 1.376652297502040e+01 1.523242678720453e-16 6.851359608595639e-02
1 2 1.592104286565990e+01 3.402857543370755e-18 5.417222048789488e-02
0 5 1.680691983129646e+01 1.417521347975327e-16 6.851835416876405e-02
0 6 1.984732607234790e+01 1.075358387207468e-16 6.852942264309947e-02
1 3 2.225454245190645e+01 1.335509625861520e-16 5.417233148468144e-02
0 7 2.288768793507598e+01 8.823534459025538e-17 6.853540869876575e-02
0 8 2.592806137703048e+01 4.378940463898702e-17 6.854438683355099e-02
1 4 2.858802039371381e+01 3.341694493001348e-18 5.417070072995603e-02
0 9 2.896837918961041e+01 2.386585107793394e-17 6.855073295606121e-02
0 10 3.200873703349544e+01 5.319324895954059e-18 6.855572693043741e-02
1 5 3.492150566777117e+01 3.611951791621336e-18 5.416700682965368e-02
0 11 3.504902774613750e+01 1.809773486390156e-17 6.856042970371561e-02
0 12 3.808940194960920e+01 2.755471425231639e-17 6.856012742434939e-02
0 13 4.112972046543272e+01 3.194402231159984e-17 6.855882124805036e-02
1 6 4.125496616482813e+01 8.023012941369936e-15 5.416587905705796e-02
0 14 4.417014545047223e+01 3.209227808273906e-17 6.855438030912243e-02
0 15 4.721057847159726e+01 3.780887029101867e-17 6.854325343000449e-02
1 7 4.758827715900289e+01 3.322675269563116e-18 5.416990166330651e-02
0 16 5.025105895235132e+01 3.195702333329680e-17 6.853759873595466e-02
0 17 5.329166392661180e+01 3.684697642958794e-17 6.851933832319564e-02
1 8 5.392138336429441e+01 3.377624796082502e-18 5.417529568202107e-02
0 18 5.633216394048376e+01 3.192714195156739e-17 6.851413896832095e-02
0 19 5.937289595777138e+01 3.293218440673934e-17 6.849669483285688e-02
1 9 6.025440953350474e+01 7.095716553273665e-14 5.417900040160506e-02
0 20 6.241337233894437e+01 2.413524400257853e-17 6.849261406033773e-02
0 21 6.545411581957764e+01 2.166237443084342e-17 6.848242886812252e-02
1 10 6.658756225332087e+01 3.329287891992043e-18 5.417930734039677e-02
0 22 6.849455532109204e+01 1.717375758332528e-17 6.847985046501090e-02
0 23 7.153522543437678e+01 1.060856205506267e-17 6.847831838811445e-02
1 11 7.292093551205531e+01 3.340155363687718e-18 5.417744471115844e-02
0 24 7.457564294302344e+01 6.978077816166543e-18 6.847750679885162e-02
0 25 7.761622113579008e+01 3.402645439576860e-18 6.848277146007731e-02
1 12 7.925447229733712e+01 3.615213793415195e-18 5.417559754492143e-02
0 26 8.065663459159593e+01 2.234874619992716e-18 6.848386936506069e-02
0 27 8.369713832650255e+01 3.503631409674944e-18 6.849330641861183e-02
1 13 8.558805781333918e+01 3.323869594218540e-18 5.417503166197597e-02
0 28 8.673755079069907e+01 2.475212639058699e-18 6.849630267507489e-02
0 29 8.977800067489775e+01 3.579889481448711e-18 6.850756865328322e-02
1 14 9.192161028205584e+01 3.381667640477810e-18 5.417550323564187e-02
0 30 9.281839863144714e+01 3.393954313072283e-18 6.851226157765543e-02
0 31 9.585880675102563e+01 2.149944087537437e-18 6.852337794731114e-02
1 15 9.825511113814748e+01 3.342498386057315e-18 5.417566332397417e-02
0 32 9.889917057944713e+01 2.387636505619431e-18 6.852932492780181e-02
0 33 1.019395455687747e+02 2.454219909515457e-18 6.853843719335176e-02
1 16 1.045885884744914e+02 3.328854660724467e-18 5.417412236101126e-02
0 34 1.049798654438546e+02 2.469808785840612e-18 6.854479617433371e-02
0 35 1.080202238918340e+02 2.233097958751583e-18 6.855000594448561e-02
1 17 1.109220722239684e+02 7.228789040505583e-14 5.417047132729041e-02
0 36 1.110605153785474e+02 2.233016389682969e-18 6.855485073390055e-02
0 37 1.141008886252964e+02 2.143429808786976e-18 6.855478215024766e-02
0 38 1.171412048373014e+02 2.458245600405021e-18 6.855384071689935e-02
1 18 1.172555346671835e+02 3.372573055452587e-18 5.416909367952014e-02
0 39 1.201816276843563e+02 2.057795307545094e-18 6.854951658481233e-02
0 40 1.232220546249118e+02 2.371060585617325e-18 6.853880842253626e-02
1 19 1.235888531152728e+02 3.322488410056695e-18 5.417297663378619e-02
0 41 1.262625334131278e+02 3.317738759077974e-18 6.853315941320735e-02
0 42 1.293031313233873e+02 2.692218856355776e-18 6.851506183339269e-02
1 20 1.299219662445221e+02 3.126490235805277e-14 5.417838035572283e-02
0 43 1.323436312776951e+02 2.145849150550965e-18 6.850982520770153e-02
0 44 1.353843597011722e+02 2.234672140065505e-18 6.849219263607428e-02
1 21 1.362549922241285e+02 3.442062160044524e-18 5.418220823904781e-02
0 45 1.384248371257587e+02 2.146497065357141e-18 6.848805413728798e-02
0 46 1.414655815286168e+02 2.235053474928694e-18 6.847750250541637e-02
1 22 1.425881379308207e+02 3.370702594790182e-18 5.418265041905461e-02
0 47 1.445060218737009e+02 2.684781690560972e-18 6.847485254809269e-02
0 48 1.475466951022506e+02 2.379109279935146e-18 6.847297177748482e-02
1 23 1.489215038352432e+02 3.534979848264363e-15 5.418083236043836e-02
0 49 1.505871126928529e+02 2.060053719151132e-18 6.847207967529456e-02
0 50 1.536276940336904e+02 2.059895280640184e-18 6.847709666579313e-02
1 24 1.552550371211359e+02 3.432124534890932e-18 5.417894608137102e-02
0 51 1.566681072059473e+02 2.147636864347892e-18 6.847811098491456e-02
0 52 1.597086134400412e+02 2.234784911074474e-18 6.848740942789247e-02
1 25 1.615886232405023e+02 3.448136913086377e-18 5.417833406682410e-02
0 53 1.627490260212295e+02 2.463236370640089e-18 6.849032638175991e-02
0 54 1.657894779603037e+02 2.234408306316913e-18 6.850154975132168e-02
1 26 1.679221779300758e+02 2.688861691999126e-16 5.417878295374882e-02
0 55 1.688298769690208e+02 2.461671255987209e-18 6.850617664277009e-02
0 56 1.718702869685896e+02 2.460777861323457e-18 6.851733705119867e-02
1 27 1.742556801473387e+02 3.348476733518640e-18 5.417899086188916e-02
0 57 1.749106527315347e+02 2.233814321482409e-18 6.852324335455845e-02
0 58 1.779510292893631e+02 2.144481632180141e-18 6.853248593535077e-02
1 28 1.805891569835163e+02 3.467987253468015e-18 5.417753039983360e-02
0 59 1.809913512407887e+02 2.233413502300387e-18 6.853885437688989e-02
0 60 1.840317103476509e+02 3.112068560736980e-18 6.854427714668078e-02
0 61 1.870720026931000e+02 2.233168563038276e-18 6.854925587205589e-02
1 29 1.869226391952635e+02 3.322442879510041e-18 5.417393915828186e-02
0 62 1.901123750544652e+02 2.364645368593477e-18 6.854942316603026e-02
0 63 1.931526891244174e+02 2.385926024003941e-18 6.854883812511037e-02
1 30 1.932561033249303e+02 3.391665103560914e-18 5.417231801909476e-02
0 64 1.961931098610093e+02 2.233256839883121e-18 6.854463720150089e-02
0 65 1.992335308596669e+02 2.797730767980380e-18 6.853435200740136e-02
1 31 1.995894290624573e+02 3.328102179339293e-18 5.417605033059219e-02
0 66 2.022740079137684e+02 3.902789494683627e-18 6.852871192759523e-02
0 67 2.053145987226934e+02 4.328570665539660e-18 6.851079191213984e-02
1 32 2.059225492783928e+02 4.848274251835212e-17 5.418146115859959e-02
0 68 2.083550985594804e+02 5.066463579510970e-18 6.850551934637573e-02
0 69 2.113958232063197e+02 4.844473379160239e-18 6.848771087917720e-02
1 33 2.122555753879698e+02 3.384572935501351e-18 5.418540766601355e-02
0 70 2.144363016606928e+02 4.765568225793495e-18 6.848351543090220e-02
0 71 2.174770468373561e+02 4.413956043524210e-18 6.847260064986362e-02
1 34 2.185887142331227e+02 3.350430398228802e-18 5.418598647299351e-02
0 72 2.205174880518545e+02 3.092737589091813e-18 6.846987965192336e-02
0 73 2.235581643492328e+02 3.092036611090859e-18 6.846764733983304e-02
1 35 2.249220726867864e+02 6.430222191696022e-16 5.418421621742632e-02
0 74 2.265985820457800e+02 4.035040223135402e-18 6.846667499110935e-02
0 75 2.296391665440831e+02 2.990944141669692e-18 6.847143967575785e-02
1 36 2.312556022886246e+02 3.420404987406917e-18 5.418229309457814e-02
0 76 2.326795794272549e+02 2.452522299374566e-18 6.847237038050476e-02
0 77 2.357200881751962e+02 2.805155358286226e-18 6.848152570434772e-02
1 37 2.375891888993495e+02 3.327185637625559e-18 5.418163485231720e-02
0 78 2.387605008372392e+02 2.806563589694842e-18 6.848436296510230e-02
0 79 2.418009548341321e+02 4.860419654965895e-18 6.849553966060019e-02
1 38 2.439227458061375e+02 1.133451479941354e-15 5.418205972793570e-02
0 80 2.448413548468559e+02 7.341006175640632e-18 6.850009967042724e-02
0 81 2.478817667274121e+02 6.292295624171332e-18 6.851130025493984e-02
1 39 2.502562494745355e+02 3.452356607063907e-18 5.418231413867701e-02
0 82 2.509221343924446e+02 1.054986299736534e-17 6.851716432640560e-02
0 83 2.539625125385869e+02 8.362342417492455e-18 6.852653338976844e-02
1 40 2.565897259025509e+02 3.343065855204653e-18 5.418093433732433e-02
0 84 2.570028365777773e+02 6.201503017562935e-18 6.853290801726829e-02
0 85 2.600431963968457e+02 8.754072357107919e-18 6.853854088228688e-02
1 41 2.629232065880121e+02 6.891041354975667e-16 5.417740977763356e-02
0 86 2.630834896820921e+02 2.562620678211521e-17 6.854364567969287e-02
0 87 2.661238612297120e+02 6.247863716311649e-17 6.854405074393551e-02
0 88 2.691641733168711e+02 1.255861940678167e-16 6.854381345237794e-02
1 42 2.692566721517359e+02 3.322313557005884e-18 5.417555224776514e-02
0 89 2.722045919733872e+02 1.820048452347700e-16 6.853974214908201e-02
0 90 2.752450071729123e+02 2.815647195676682e-16 6.852988358401307e-02
1 43 2.755900050080770e+02 3.342478022273875e-18 5.417912726360812e-02
0 91 2.782854824534762e+02 3.343733812463791e-16 6.852425581327787e-02
0 92 2.813260661321356e+02 3.817015549250467e-16 6.850652787337581e-02
1 44 2.819231324556454e+02 3.771558518865769e-16 5.418453830254879e-02
0 93 2.843665657927447e+02 4.202822557535615e-16 6.850122074788512e-02
0 94 2.874072864829100e+02 3.666035655798467e-16 6.848324923094717e-02
1 45 2.882561590135805e+02 3.321841850563355e-18 5.418859867594479e-02
0 95 2.904477659514915e+02 3.934464790196120e-16 6.847899762936398e-02
0 96 2.934885117501286e+02 2.862026040615045e-16 6.846772335089009e-02
1 46 2.945892911583921e+02 3.398406843508740e-18 5.418931531796514e-02
0 97 2.965289538592285e+02 3.030027763546318e-16 6.846493183815389e-02
0 98 2.995696331756512e+02 1.922786610933270e-16 6.846234530160437e-02
1 47 3.009226420713800e+02 1.697363995718080e-14 5.418759610400101e-02
0 99 3.026100510030225e+02 1.900202515261762e-16 6.846129298453468e-02
0 100 3.056506386671163e+02 8.936796881819028e-17 6.846580076097802e-02
1 48 3.072561678043775e+02 3.336494167165703e-18 5.418563851558768e-02
0 101 3.086910512571043e+02 6.297990274779473e-17 6.846664783679808e-02
0 102 3.117315625338185e+02 2.606540244408027e-17 6.847565552271256e-02
1 49 3.135897547903330e+02 3.377211367978489e-18 5.418493405537331e-02
0 103 3.147719752415878e+02 7.416573330948064e-17 6.847841271773053e-02
0 104 3.178124312995443e+02 1.369208677913238e-16 6.848953866106193e-02
1 50 3.199233139066451e+02 7.139803038396991e-14 5.418533364371435e-02
0 105 3.208528322681065e+02 1.969259005415622e-16 6.849403096579844e-02
0 106 3.238932460302169e+02 2.009455889942612e-16 6.850526785768096e-02
1 51 3.262568191283516e+02 3.340063560484054e-18 5.418563228182418e-02
0 107 3.269336155636845e+02 7.524753261975841e-17 6.851108818812081e-02
0 108 3.299739953166646e+02 4.237670114208332e-17 6.852057988582289e-02
1 52 3.325902952286388e+02 3.321825836976594e-18 5.418433407709463e-02
0 109 3.330143214526630e+02 2.616723441163358e-17 6.852695754341666e-02
0 110 3.360546820357679e+02 7.363250771557712e-17 6.853279749735756e-02
1 53 3.389237744077677e+02 3.472240499753628e-18 5.418088265632928e-02
0 111 3.390949763383148e+02 2.233474114229779e-18 6.853802072278316e-02
0 112 3.421353471440015e+02 2.133749983021366e-18 6.853866516297026e-02
0 113 3.451756574049536e+02 2.233479924661030e-18 6.853876671244354e-02
1 54 3.452572411823317e+02 3.338269305874106e-18 5.417879083602073e-02
0 114 3.482160740145945e+02 2.133275285973692e-18 6.853483143433955e-02
0 115 3.512564835615283e+02 2.058563293464517e-18 6.852540256660726e-02
1 55 3.515905809551777e+02 3.339524544243544e-18 5.418220764151480e-02
0 116 3.542969570313709e+02 2.233943104916891e-18 6.851979062162811e-02
0 117 3.573375335592369e+02 3.052060142133259e-18 6.850226902472276e-02
1 56 3.579237157662154e+02 3.529504750535900e-18 5.418761200342128e-02
0 118 3.603780329844093e+02 2.498102435084108e-18 6.849692877170312e-02
0 119 3.634187495409753e+02 2.160545526832553e-18 6.847880734179422e-02
1 57 3.642567430042790e+02 3.328209486937882e-18 5.419178086427793e-02
