0 0 1.599403253538266e+00 3.664890477981860e-17 6.956346122245326e-02
1 0 3.302516980211802e+00 3.509189126891024e-18 5.529888622262162e-02
0 1 4.639817523011397e+00 2.635147866388737e-17 6.956497244606222e-02
0 2 7.680357743991062e+00 2.297463469974707e-17 6.957374746542375e-02
1 1 9.636057076305168e+00 1.288938330119117e-14 5.529872342628334e-02
0 3 1.072075051327509e+01 1.633758953294457e-17 6.957720413890366e-02
0 4 1.376122609679770e+01 1.275533445289033e-17 6.958947289549659e-02
1 2 1.596961630560831e+01 3.275007445012194e-18 5.529837451738111e-02
0 5 1.680157412654268e+01 8.093337512728675e-18 6.959456220669553e-02
0 6 1.984197102525111e+01 6.206452395794378e-18 6.960786490191419e-02
1 3 2.230321748436189e+01 3.310665442459228e-18 5.529689836163991e-02
0 7 2.288226196379745e+01 3.091881133110122e-18 6.961403607398498e-02
0 8 2.592258151952360e+01 2.667118333695562e-18 6.962532058941523e-02
1 4 2.863688293476899e+01 1.312907657043259e-14 5.529370643311262e-02
0 9 2.896281996562631e+01 2.113611315389019e-18 6.963157574296998e-02
0 10 3.200308271763247e+01 2.025534773835470e-18 6.963759899927741e-02
1 5 3.497061745282498e+01 3.257184313943657e-18 5.528977151164785e-02
0 11 3.504329300862776e+01 2.435545821035005e-18 6.964151060060557e-02
0 12 3.808353547910453e+01 2.345136863349068e-18 6.964070740922046e-02
0 13 4.112376406248438e+01 2.203476227522542e-18 6.963783430809223e-02
1 6 4.130436795083102e+01 3.276697055499096e-18 5.529072395361465e-02
0 14 4.416402086610660e+01 2.438254265801232e-18 6.963269704874957e-02
0 15 4.720432421880756e+01 2.341128423296128e-18 6.962145695863736e-02
1 7 4.763803976776602e+01 3.509946712601138e-14 5.529509099725410e-02
0 16 5.024461048696983e+01 2.353647916816413e-18 6.961539723938054e-02
0 17 5.328501948272985e+01 2.738032367474224e-18 6.959958647483157e-02
1 8 5.397161731539035e+01 3.262537982965812e-18 5.529897374819014e-02
0 18 5.632533852286743e+01 3.298293954046406e-18 6.959410913631719e-02
0 19 5.936584353591028e+01 3.366150861431592e-18 6.957920993144374e-02
1 9 6.030514001547521e+01 3.369801330947823e-18 5.530103917725487e-02
0 20 6.240619680196740e+01 5.037690809603726e-18 6.957498580061909e-02
0 21 6.544676407612799e+01 4.631912235906472e-18 6.956502144118248e-02
1 10 6.663865249466795e+01 3.312283858493191e-18 5.530128463619852e-02
0 22 6.848715028129944e+01 6.406932550296538e-18 6.956248026542199e-02
0 23 7.152774178538127e+01 6.247683107321982e-18 6.955916671416076e-02
1 11 7.297217456325144e+01 3.256262178644658e-18 5.530062490720541e-02
0 24 7.456815169068842e+01 1.026389657163333e-17 6.955857882677292e-02
0 25 7.760873311558331e+01 1.092091293451319e-17 6.956183602119964e-02
1 12 7.930570614087469e+01 3.369730618753099e-18 5.530009187621947e-02
0 26 8.064914752902359e+01 1.387582081184185e-17 6.956329762070619e-02
0 27 8.368968906185239e+01 1.675743445668147e-17 6.957195699433000e-02
1 13 8.563924596522432e+01 3.406849620496387e-18 5.529992240079277e-02
0 28 8.673008266512620e+01 2.442405227327973e-17 6.957536903984037e-02
0 29 8.977056017147910e+01 3.015980529229289e-17 6.958757752390542e-02
1 14 9.197280428734256e+01 3.256373496698178e-18 5.529959195473590e-02
0 30 9.281090956805038e+01 4.495576518674913e-17 6.959263241961831e-02
0 31 9.585130865619365e+01 6.269532340060185e-17 6.960594578310854e-02
1 15 9.830640375945482e+01 3.172834989518298e-14 5.529814960381920e-02
0 32 9.889160114544235e+01 9.969910977837181e-17 6.961209954721216e-02
0 33 1.019319226704339e+02 1.462852401118437e-16 6.962347742523041e-02
1 16 1.046400669270921e+02 3.338406901989432e-18 5.529500200404744e-02
0 34 1.049721623869351e+02 2.365210592191010e-16 6.962974948324577e-02
0 35 1.080124263562796e+02 3.567951829865447e-16 6.963593746771568e-02
0 36 1.110526370858559e+02 5.565768107193220e-16 6.963995466561826e-02
1 17 1.109737995165828e+02 3.310386317343017e-18 5.529103043487697e-02
0 37 1.140928797292690e+02 8.182906339296315e-16 6.963930644552366e-02
0 38 1.171331073480897e+02 1.195105747197258e-15 6.963664253611936e-02
1 18 1.173075505086807e+02 1.165174300379360e-14 5.529182300891143e-02
0 39 1.201733635674410e+02 1.655879938367700e-15 6.963156174079564e-02
0 40 1.232136646251632e+02 2.187521418346213e-15 6.962049713667005e-02
1 19 1.236412246520316e+02 3.370242918492690e-18 5.529618212529425e-02
0 41 1.262539500118962e+02 2.868530649313485e-15 6.961443622162639e-02
0 42 1.292943562792108e+02 3.387375789979893e-15 6.959867425966963e-02
1 20 1.299748043434159e+02 3.266821912634451e-18 5.530008873938277e-02
0 43 1.323346743161605e+02 4.243793741751710e-15 6.959317331238743e-02
0 44 1.353751770652327e+02 4.573050079519071e-15 6.957819932422067e-02
1 21 1.363083283520751e+02 1.303752113832462e-14 5.530220452472573e-02
0 45 1.384155292899173e+02 5.520426735837828e-15 6.957393870009437e-02
0 46 1.414560951828534e+02 5.625151566740512e-15 6.956382622286436e-02
1 22 1.426418414053042e+02 3.305350036174186e-18 5.530248165728271e-02
0 47 1.444964804866543e+02 6.576773901432989e-15 6.956123994948077e-02
0 48 1.475370715624209e+02 6.553894836225599e-15 6.955775680601871e-02
1 23 1.489753636882171e+02 3.305375463020573e-18 5.530183812552463e-02
0 49 1.505774809684081e+02 2.626265010195269e-15 6.955711925720419e-02
0 50 1.536180628724963e+02 2.634532101326372e-15 6.956022170174357e-02
1 24 1.553088953979364e+02 3.151344640853239e-15 5.530129390933387e-02
0 51 1.566584774127691e+02 3.035343863228785e-15 6.956163359005980e-02
0 52 1.596990202363641e+02 3.129852270165599e-15 6.957017615239026e-02
1 25 1.616424349614268e+02 3.303612331658717e-18 5.530111787589345e-02
0 53 1.627394146571445e+02 3.639549212630976e-15 6.957354331754069e-02
0 54 1.657798940728044e+02 3.937684512036872e-15 6.958568997862494e-02
1 26 1.679759924545088e+02 3.262644860301733e-18 5.530080586723444e-02
0 55 1.688202448251764e+02 4.695527744461935e-15 6.959070997585233e-02
0 56 1.718606461012247e+02 5.389070268367806e-15 6.960403219176653e-02
1 27 1.743095901856607e+02 5.360708923033453e-16 5.529939779332787e-02
0 57 1.749009401390465e+02 2.204166321220297e-18 6.961016766842863e-02
0 58 1.779412636471307e+02 2.026003842749246e-18 6.962163717227592e-02
1 28 1.806432510882084e+02 3.302435308744009e-18 5.529629607527949e-02
0 59 1.809815046431169e+02 2.025846415910269e-18 6.962792447207142e-02
0 60 1.840217698576944e+02 2.203520268219444e-18 6.963427645136987e-02
0 61 1.870619810521366e+02 2.100288416928758e-18 6.963839662464609e-02
1 29 1.869769817005618e+02 3.272718932596275e-18 5.529228754487468e-02
0 62 1.901022238963803e+02 2.025523408078500e-18 6.963790483470476e-02
0 63 1.931424505921505e+02 2.129733490020466e-18 6.963544892577755e-02
1 30 1.933107331208191e+02 6.498814422401788e-17 5.529292312929675e-02
0 64 1.961827062390639e+02 2.394773605264525e-18 6.963042684526091e-02
0 65 1.992230050309088e+02 2.203930538536972e-18 6.961953954291436e-02
1 31 1.996444095821848e+02 3.335604771526232e-18 5.529727145351448e-02
0 66 2.022632895398304e+02 2.131476193341547e-18 6.961347874736178e-02
0 67 2.053036930815859e+02 2.132158001674544e-18 6.959776861808473e-02
1 32 2.059779914221847e+02 3.280361003836536e-18 5.530120032874091e-02
0 68 2.083440101171390e+02 2.098815913051805e-18 6.959224473780361e-02
0 69 2.113845105861393e+02 2.027268084425078e-18 6.957719838800681e-02
1 33 2.123115167658776e+02 3.928049424821136e-18 5.530336585297799e-02
0 70 2.144248617683511e+02 2.205157176345089e-18 6.957290164008449e-02
0 71 2.174654262561514e+02 2.285206235627940e-18 6.956264222660817e-02
1 34 2.186450304016857e+02 3.402710419111129e-18 5.530367454410304e-02
0 72 2.205058106518114e+02 2.134360879762164e-18 6.956001104779948e-02
0 73 2.235464012735939e+02 2.098990494151054e-18 6.955635841547708e-02
1 35 2.249785529064749e+02 3.386672767163387e-18 5.530304761257547e-02
0 74 2.265868101671351e+02 2.098771794952860e-18 6.955567125835536e-02
0 75 2.296273925256259e+02 2.205541812035785e-18 6.955861831220146e-02
1 36 2.313120847501349e+02 4.295633841886611e-18 5.530249232193788e-02
0 76 2.326678071756426e+02 2.134924715227121e-18 6.955998040372002e-02
0 77 2.357083512687703e+02 2.205287472010942e-18 6.956840500331461e-02
1 37 2.376456240637198e+02 3.316448430510097e-18 5.530230987423413e-02
0 78 2.387487464905035e+02 2.637294578102237e-18 6.957172703986904e-02
0 79 2.417892278016832e+02 2.204878506269398e-18 6.958381033639136e-02
1 38 2.439791807505356e+02 3.284820582409148e-18 5.530201607454732e-02
0 80 2.448295798986423e+02 2.416344884396353e-18 6.958879496148394e-02
0 81 2.478699833607109e+02 2.204387658039708e-18 6.960212421436102e-02
1 39 2.503127767626019e+02 5.069755011359589e-18 5.530064294351301e-02
0 82 2.509102789446814e+02 2.135055937386903e-18 6.960824054188898e-02
0 83 2.539506044493272e+02 2.026057625602316e-18 6.961979991813734e-02
1 40 2.566464354189397e+02 3.256645728840582e-18 5.529758861779660e-02
0 84 2.569908467334492e+02 2.272451984048173e-18 6.962610082316956e-02
0 85 2.600311132210044e+02 2.203564956817018e-18 6.963261601994845e-02
0 86 2.630713249059982e+02 2.203509981159021e-18 6.963683655052770e-02
1 41 2.629801640217270e+02 3.281843806107708e-18 5.529354602775262e-02
0 87 2.661115679793022e+02 2.136389532054416e-18 6.963650260193767e-02
0 88 2.691517937933075e+02 2.203574916502954e-18 6.963425343801963e-02
1 42 2.693139157896867e+02 6.799603801467973e-17 5.529402433504639e-02
0 89 2.721920488800914e+02 2.054597414609957e-18 6.962929232950155e-02
0 90 2.752323454356035e+02 2.055025356542589e-18 6.961858408538646e-02
1 43 2.756475945587420e+02 3.282649200966319e-18 5.529835898209932e-02
0 91 2.782726290705432e+02 2.204096654383799e-18 6.961252474814464e-02
0 92 2.813130298902057e+02 2.055785431044631e-18 6.959686947192952e-02
1 44 2.819811785562658e+02 3.381694923140220e-18 5.530230877719017e-02
0 93 2.843533459262509e+02 2.120800218777828e-18 6.959132334939466e-02
0 94 2.873938440994388e+02 2.373371457917716e-18 6.957620708328899e-02
1 45 2.883147052560709e+02 7.432223284467175e-16 5.530452312319336e-02
0 95 2.904341942381976e+02 2.121002603173792e-18 6.957187458807579e-02
0 96 2.934747572971024e+02 2.121226066576379e-18 6.956146945088895e-02
1 46 2.946482194827761e+02 3.271660142903103e-18 5.530486325903036e-02
0 97 2.965151407780048e+02 2.121113272097333e-18 6.955879356141764e-02
0 98 2.995557309201724e+02 2.121184812706119e-18 6.955497156968925e-02
1 47 3.009817422169482e+02 3.306802892633276e-18 5.530425334210683e-02
0 99 3.025961392882725e+02 2.057387887826176e-18 6.955423485830715e-02
0 100 3.056367220763296e+02 2.272824490151981e-18 6.955702590019334e-02
1 48 3.073152741962241e+02 4.413991412064168e-15 5.530368711413764e-02
0 101 3.086771368190501e+02 2.481046857885690e-18 6.955833811081125e-02
0 102 3.117176821603306e+02 2.057137319164501e-18 6.956664361039380e-02
1 49 3.136488132709362e+02 3.264358322321180e-18 5.530349841865694e-02
0 103 3.147580781663960e+02 2.027495361059497e-18 6.956992027430256e-02
0 104 3.177985613590476e+02 2.090037136499924e-18 6.958193867358273e-02
1 50 3.199823691743194e+02 3.467877674820170e-18 5.530322260335431e-02
0 105 3.208389147891962e+02 2.119297197432023e-18 6.958688746228867e-02
0 106 3.238793204350472e+02 2.118756573756839e-18 6.960022193713679e-02
1 51 3.263159634899174e+02 1.666980828711569e-14 5.530188506786207e-02
0 107 3.269196175624507e+02 2.026446321215621e-18 6.960631827168533e-02
0 108 3.299599450767658e+02 2.364490429371685e-18 6.961796575048783e-02
1 52 3.326496199201032e+02 3.257003232456701e-18 5.529887960231212e-02
0 109 3.330001886572435e+02 2.363204828058377e-18 6.962427865050551e-02
0 110 3.360404564453610e+02 2.142830880780667e-18 6.963095624381756e-02
0 111 3.390806686459906e+02 2.243059863197916e-18 6.963527451746501e-02
1 53 3.389833464827732e+02 3.276873140862809e-18 5.529480582879479e-02
0 112 3.421209119769073e+02 2.271872357961767e-18 6.963509977361756e-02
0 113 3.451611369501941e+02 2.239861193886930e-18 6.963305603581257e-02
1 54 3.453170985177445e+02 1.515155664679687e-14 5.529512664472971e-02
0 114 3.482013914896332e+02 2.056489172191765e-18 6.962815816202339e-02
0 115 3.512416858387861e+02 2.115492448350893e-18 6.961763067278300e-02
1 55 3.516507795822256e+02 3.256640874078115e-18 5.529944471090875e-02
0 116 3.542819686037885e+02 2.266915689234104e-18 6.961157415581963e-02
0 117 3.573223667054033e+02 2.115581019348256e-18 6.959597674256572e-02
1 56 3.579843657453706e+02 3.369769110388980e-18 5.530341406530213e-02
0 118 3.603626817439272e+02 2.026902515024411e-18 6.959040908340713e-02
0 119 3.634031776059264e+02 2.115775716366340e-18 6.957522536966387e-02
1 57 3.643178938218185e+02 3.294550708828473e-18 5.530567629699486e-02
