0 0 1.647781909464096e+00 2.531703876447718e-18 6.630694382648866e-02
1 0 3.392296913152670e+00 3.407133843872978e-18 5.370640225341626e-02
0 1 4.688145457320756e+00 2.631768693757523e-18 6.630884421699706e-02
0 2 7.728628153015022e+00 2.849284222351468e-18 6.631706842049652e-02
1 1 9.725981843624462e+00 3.365540946411354e-18 5.370655828447868e-02
0 3 1.076895313416551e+01 2.531890837193796e-18 6.632052939326895e-02
0 4 1.380940103312021e+01 2.631716169295244e-18 6.633228212194796e-02
1 2 1.605959509555790e+01 2.275893641705717e-14 5.370642409828844e-02
0 5 1.684974094963124e+01 2.368844997278821e-18 6.633700051439245e-02
0 6 1.989020183254266e+01 2.444100376090231e-18 6.634972574995339e-02
1 3 2.239298520099650e+01 3.786426617058199e-18 5.370506567072948e-02
0 7 2.293060785879987e+01 2.309060984879840e-18 6.635523324841676e-02
0 8 2.597112296434200e+01 2.532356943279799e-18 6.636547201765677e-02
1 4 2.872607238150366e+01 3.355453555360099e-18 5.370226854346835e-02
0 9 2.901163106861679e+01 2.202433706999909e-18 6.637079628600037e-02
0 10 3.205222904837593e+01 2.262611099157097e-18 6.637510694864268e-02
0 11 3.509285384145323e+01 2.369739408040723e-18 6.637757312275319e-02
1 5 3.505885549441732e+01 2.693116742859896e-15 5.369971689991465e-02
0 12 3.813354448752115e+01 2.369547640979721e-18 6.637524576507806e-02
0 13 4.117428400224743e+01 2.369384517508350e-18 6.637097907099743e-02
1 6 4.139136930842034e+01 3.543843208158110e-18 5.370260139273460e-02
0 14 4.421504590835505e+01 2.444126821301068e-18 6.636538593896352e-02
0 15 4.725587890874625e+01 2.339094187210768e-18 6.635433346704378e-02
1 7 4.772370685081609e+01 3.377843545560412e-18 5.370691184113346e-02
0 16 5.029666145585697e+01 2.339521518793170e-18 6.634847073301196e-02
0 17 5.333753908237990e+01 2.741595584040250e-18 6.633435122266902e-02
1 8 5.405606027393574e+01 5.271038083380760e-18 5.370944763420914e-02
0 18 5.637828551483784e+01 2.529184132333544e-18 6.632941875896305e-02
0 19 5.941914363624483e+01 2.531705840089396e-18 6.631644316041112e-02
1 9 6.038862815213927e+01 3.464837547765285e-18 5.370978026726673e-02
0 20 6.245980895874217e+01 2.640643058144141e-18 6.631295583042637e-02
0 21 6.550059147675148e+01 2.430881480250742e-18 6.630411149899758e-02
1 10 6.672153938956612e+01 3.367712778170519e-18 5.370868926919013e-02
0 22 6.854115093640603e+01 2.531777509179953e-18 6.630233029052263e-02
0 23 7.158182672559153e+01 2.742320150215919e-18 6.629910303584145e-02
1 11 7.305481641846403e+01 8.391904027156263e-18 5.370750528882111e-02
0 24 7.462227929301046e+01 2.742308189107123e-18 6.629912276603754e-02
0 25 7.766284777051871e+01 2.885381448677127e-18 6.630177990539450e-02
1 12 7.938837557558479e+01 3.396556978954081e-18 5.370701811191626e-02
0 26 8.070321606547765e+01 2.341177279676813e-18 6.630355299149059e-02
0 27 8.374370340543885e+01 2.753659508419851e-18 6.631142585484477e-02
1 13 8.572205853413720e+01 3.514355405404343e-18 5.370716559731208e-02
0 28 8.678402960117002e+01 2.755536341776611e-18 6.631477753850254e-02
0 29 8.982447891477464e+01 2.339518632849909e-18 6.632633822612802e-02
1 14 9.205568217923341e+01 3.621602895363373e-18 5.370708878872180e-02
0 30 9.286481615585183e+01 2.445202856528205e-18 6.633097479813775e-02
0 31 9.590527521542627e+01 2.370421766349914e-18 6.634374385525046e-02
1 15 9.838909138701491e+01 3.359461977538719e-18 5.370584623083355e-02
0 32 9.894567529450930e+01 2.445660327321137e-18 6.634921483031003e-02
0 33 1.019861858932369e+02 2.603142198571405e-18 6.635978250288621e-02
1 16 1.047222006518430e+02 3.359493834513852e-18 5.370311659288803e-02
0 34 1.050266861808456e+02 2.337032877251680e-18 6.636518245503699e-02
0 35 1.080672778626093e+02 2.130928988151895e-18 6.637002868019086e-02
1 17 1.110550041060945e+02 4.203339506063936e-17 5.370036995569708e-02
0 36 1.111078943345984e+02 2.311118769717382e-18 6.637285771870451e-02
0 37 1.141485785586617e+02 2.202208984040652e-18 6.637094749678939e-02
0 38 1.171893101593478e+02 2.370892877404056e-18 6.636725819321598e-02
1 18 1.173875357462637e+02 3.408058422747591e-18 5.370288462022010e-02
0 39 1.202300681326189e+02 2.370595251565660e-18 6.636177783284963e-02
0 40 1.232708953781914e+02 2.445173957698518e-18 6.635113850579573e-02
1 19 1.237198807095088e+02 3.402155732736379e-18 5.370723661935810e-02
0 41 1.263116780245894e+02 2.938875255958399e-18 6.634523927829494e-02
0 42 1.293525539668581e+02 2.339604447956699e-18 6.633120611305528e-02
1 20 1.300522266005788e+02 5.301975028802043e-15 5.370994517824849e-02
0 43 1.323933043568944e+02 2.369337540613162e-18 6.632618053226505e-02
0 44 1.354341653480272e+02 2.532596366036942e-18 6.631300470014162e-02
1 21 1.363847743139759e+02 3.362472202677951e-18 5.371042007874042e-02
0 45 1.384748373631415e+02 2.340897342048350e-18 6.630939635334793e-02
0 46 1.415156262045110e+02 2.852483766133319e-18 6.630017358683592e-02
1 22 1.427176590822351e+02 3.402417877000081e-18 5.370939760256442e-02
0 47 1.445561935060490e+02 2.632541266520539e-18 6.629825789907018e-02
0 48 1.475968770842894e+02 2.430009723715518e-18 6.629457878253987e-02
1 23 1.490509116701771e+02 4.199320127511744e-14 5.370817704410579e-02
0 49 1.506373368794422e+02 2.369150659738469e-18 6.629446203381854e-02
0 50 1.536779125011696e+02 2.632636029960510e-18 6.629667746081790e-02
1 24 1.553844550829681e+02 3.366264190535741e-18 5.370762779625739e-02
0 51 1.567182857559153e+02 2.533204279693127e-18 6.629832224510711e-02
0 52 1.597587779324175e+02 2.340164742347504e-18 6.630583447151585e-02
1 25 1.617181351204663e+02 3.463732924344930e-18 5.370776329693482e-02
0 53 1.627991056167379e+02 2.229708058595336e-18 6.630907519631823e-02
0 54 1.658395565754987e+02 2.426748527696037e-18 6.632042853988487e-02
1 26 1.680517683612182e+02 3.546610281007864e-18 5.370774026160272e-02
0 55 1.688798914095523e+02 2.543044265341665e-18 6.632498079250354e-02
0 56 1.719203488650818e+02 2.371849337977169e-18 6.633777292359501e-02
1 27 1.743851962477756e+02 3.358076577226892e-18 5.370661346259227e-02
0 57 1.749607431898901e+02 2.262756699295440e-18 6.634320269239101e-02
0 58 1.780012494627227e+02 2.372442024047553e-18 6.635407790151182e-02
1 28 1.807183275802939e+02 3.502256874230913e-18 5.370395936227594e-02
0 59 1.810417420177147e+02 2.312822055485482e-18 6.635954006189164e-02
0 60 1.840823275117700e+02 2.372673245228645e-18 6.636491499755498e-02
1 29 1.870511515270709e+02 3.500960970984586e-18 5.370105750587775e-02
0 61 1.871229356805428e+02 2.447019688817283e-18 6.636808073750035e-02
0 62 1.901636134287308e+02 2.534070105831900e-18 6.636660979183050e-02
0 63 1.932043370617671e+02 2.312441205440966e-18 6.636349526581428e-02
1 30 1.933837012995224e+02 3.353643677833704e-18 5.370317057268402e-02
0 64 1.962450908594694e+02 2.262503617561812e-18 6.635814616265727e-02
0 65 1.992859121404531e+02 2.425110032256478e-18 6.634794109883330e-02
1 31 1.997160546743961e+02 1.821787330666530e-14 5.370754780200701e-02
0 66 2.023266945882164e+02 2.949254590638472e-18 6.634201204517841e-02
0 67 2.053675685267719e+02 2.445925059006989e-18 6.632808987203123e-02
1 32 2.060483941142164e+02 3.463477631640660e-18 5.371042428969357e-02
0 68 2.084083226210208e+02 2.538786674576749e-18 6.632297409750426e-02
0 69 2.114491861732922e+02 2.370468871293350e-18 6.630961643848719e-02
1 33 2.123809223375667e+02 3.358075384461028e-18 5.371104554174204e-02
0 70 2.144898647237388e+02 2.370399422221708e-18 6.630588861291251e-02
0 71 2.175306596870574e+02 2.632963392713054e-18 6.629629756461217e-02
1 34 2.187137808865494e+02 5.837551357731961e-15 5.371009490965262e-02
0 72 2.205712347961452e+02 2.340692922819832e-18 6.629424799630294e-02
0 73 2.236119261104793e+02 2.533475368944383e-18 6.629011992655648e-02
1 35 2.250470086377715e+02 3.353148438299276e-18 5.370884212219960e-02
0 74 2.266523932283906e+02 2.533723424020445e-18 6.628986648325934e-02
0 75 2.296929760822206e+02 2.671201716299553e-18 6.629163705661335e-02
1 36 2.313805355575641e+02 3.384440582838281e-18 5.370824033179662e-02
0 76 2.327333545027841e+02 2.427876690952470e-18 6.629315259391103e-02
0 77 2.357738517027041e+02 2.600153463777322e-18 6.630029535539347e-02
1 37 2.377142116670071e+02 7.420851148176338e-16 5.370835169491999e-02
0 78 2.388141811471980e+02 2.264320075934635e-18 6.630342350349730e-02
0 79 2.418546339799847e+02 2.446984305879711e-18 6.631455466971697e-02
1 38 2.440478536873952e+02 3.480117980369611e-18 5.370837869491737e-02
0 80 2.448949666782229e+02 2.534818255360162e-18 6.631902018724872e-02
0 81 2.479354227500443e+02 2.424359837864994e-18 6.633181494931480e-02
1 39 2.503812998669775e+02 3.355105329875755e-18 5.370735466774809e-02
0 82 2.509758115206845e+02 2.686718515522884e-18 6.633719911881576e-02
0 83 2.540163136510181e+02 2.968579736129816e-18 6.634836014642558e-02
1 40 2.567144531586592e+02 9.780843821673114e-18 5.370479571879196e-02
0 84 2.570567985642397e+02 2.484717765651739e-18 6.635387212036319e-02
0 85 2.600973779879367e+02 2.122146854768497e-18 6.635976698990792e-02
1 41 2.630472977675826e+02 3.447191183934996e-18 5.370177689771612e-02
0 86 2.631379778734594e+02 2.374202044399590e-18 6.636324327970657e-02
0 87 2.661786491076747e+02 2.314348830540802e-18 6.636223226264293e-02
0 88 2.692193647279252e+02 2.243416129050098e-18 6.635968740400805e-02
1 42 2.693798659900626e+02 3.471464877230353e-18 5.370342323084671e-02
0 89 2.722601141176850e+02 2.269895749483377e-18 6.635448923303595e-02
0 90 2.753009292360279e+02 2.313473732073102e-18 6.634473856528890e-02
1 43 2.757122286670420e+02 1.021608767958221e-17 5.370784608553680e-02
0 91 2.783417111877242e+02 2.313066567644745e-18 6.633878688324640e-02
0 92 2.813825828079444e+02 2.203555238764618e-18 6.632500052121867e-02
1 44 2.820445627447162e+02 3.378485327157446e-18 5.371088503250758e-02
0 93 2.844233403481736e+02 2.312255844829307e-18 6.631979763019941e-02
0 94 2.874642061493255e+02 2.525937908756575e-18 6.630627712300421e-02
1 45 2.883770721242506e+02 3.377485005383209e-18 5.371165885044570e-02
0 95 2.905048910698976e+02 2.311645882545753e-18 6.630243143727362e-02
0 96 2.935456919447006e+02 2.311261654153590e-18 6.629248285343292e-02
1 46 2.947099048053386e+02 7.263109584079461e-18 5.371078075048553e-02
0 97 2.965862748175885e+02 2.160540078034447e-18 6.629030006867645e-02
0 98 2.996269738044473e+02 2.527307685569019e-18 6.628572646997256e-02
1 47 3.010431073616075e+02 3.359104681946589e-18 5.370950030737758e-02
0 99 3.026674483308742e+02 2.231218853368055e-18 6.628533617479741e-02
0 100 3.057080384955968e+02 2.534578709667053e-18 6.628665921589391e-02
1 48 3.073766170609351e+02 3.649885825936644e-18 5.370885412102228e-02
0 101 3.087484222810721e+02 2.534917468750092e-18 6.628804461355658e-02
0 102 3.117889246856584e+02 2.264443541507892e-18 6.629480954879620e-02
1 49 3.137102882388381e+02 3.027523748008239e-16 5.370893110000836e-02
0 103 3.148292561591745e+02 2.269571083639191e-18 6.629782355374161e-02
0 104 3.178697110929800e+02 2.269895503638058e-18 6.630871818481564e-02
1 50 3.200439382054788e+02 3.366922518544163e-18 5.370900428859062e-02
0 105 3.209100419290036e+02 2.337229817906522e-18 6.631309462958071e-02
0 106 3.239504968383801e+02 2.158983172358770e-18 6.632587191042584e-02
1 51 3.263774022133155e+02 3.402342868699970e-18 5.370807713342984e-02
0 107 3.269908802619758e+02 2.271889477817768e-18 6.633120634725596e-02
0 108 3.300313784355179e+02 2.202168720149614e-18 6.634263120238350e-02
1 52 3.327105773796901e+02 3.097391317084814e-15 5.370562462195374e-02
0 109 3.330718558049001e+02 2.131515342412662e-18 6.634818160317760e-02
0 110 3.361124292820380e+02 2.201748928281568e-18 6.635458583872136e-02
1 53 3.390434428353098e+02 3.437568935622443e-18 5.370252499878814e-02
0 111 3.391530209065063e+02 2.334907771986418e-18 6.635834681652256e-02
0 112 3.421936856039919e+02 2.245624353532962e-18 6.635781463608927e-02
0 113 3.452343931740536e+02 2.315910131382502e-18 6.635583182465996e-02
1 54 3.453760296638526e+02 3.353566665092426e-18 5.370368597838569e-02
0 114 3.482751379346878e+02 2.375133640254733e-18 6.635080541950028e-02
0 115 3.513159467042035e+02 2.777190865853772e-18 6.634152817290488e-02
1 55 3.517084026097924e+02 4.037992086922691e-14 5.370813222219452e-02
0 116 3.543567278634413e+02 2.895917168206537e-18 6.633556164532210e-02
0 117 3.573975968561619e+02 2.612092295518616e-18 6.632193603091879e-02
1 56 3.580407324205469e+02 3.374932998571239e-18 5.371132751189034e-02
0 118 3.604383575795743e+02 2.263473514235958e-18 6.631664926694537e-02
0 119 3.634792253142098e+02 2.373506181777947e-18 6.630298544870383e-02
1 57 3.643732237583220e+02 3.463318596435589e-18 5.371225514562099e-02
