0 0 1.560542916870100e+00 2.149064045471151e-18 6.807251463675867e-02
1 0 3.303537078247056e+00 3.445350005323612e-18 5.442917494310729e-02
0 1 4.600991418176331e+00 2.148887950228799e-18 6.807377596863497e-02
0 2 7.641677515283005e+00 2.364538275461790e-18 6.808110235593592e-02
1 1 9.636755271158256e+00 7.677826745857968e-15 5.443008138952284e-02
0 3 1.068220842471291e+01 2.268822820731280e-18 6.808421433472214e-02
0 4 1.372294435578171e+01 2.345204105377270e-18 6.809705326273420e-02
1 2 1.596971803293678e+01 3.329026149631678e-18 5.442958116135864e-02
0 5 1.676352316509317e+01 2.235562093123934e-18 6.810177210196222e-02
0 6 1.980423626354889e+01 2.147858897746810e-18 6.811719364034542e-02
1 3 2.230257050459648e+01 3.329142832425830e-18 5.442698295338427e-02
0 7 2.284481452452091e+01 2.242960921955665e-18 6.812305172104004e-02
0 8 2.588543372368587e+01 2.267908034522090e-18 6.813647057880730e-02
1 4 2.863550209389108e+01 2.863629691497185e-14 5.442269533470241e-02
0 9 2.892595798540126e+01 2.398870083953212e-18 6.814251222613399e-02
0 10 3.196644197436898e+01 2.146650391522461e-18 6.814940806975171e-02
0 11 3.500687055502634e+01 2.100792367825648e-18 6.815324594224190e-02
1 5 3.496867565368944e+01 3.309988466866342e-18 5.441880161719539e-02
0 12 3.804722089473162e+01 2.242053650994978e-18 6.815244300187803e-02
0 13 4.108754625998928e+01 2.263654755473250e-18 6.815043072128950e-02
1 6 4.130214238314215e+01 3.384761108943213e-18 5.442019090080989e-02
0 14 4.412779166493353e+01 2.145700735701455e-18 6.814541468580540e-02
0 15 4.716804440885385e+01 2.101496403529866e-18 6.813690283479286e-02
1 7 4.763586113241220e+01 3.346709709955868e-18 5.442318904210954e-02
0 16 5.020822316186166e+01 2.145385834926706e-18 6.813107833548906e-02
0 17 5.324845339700765e+01 2.699522651636666e-18 6.811875790346994e-02
1 8 5.396977728009978e+01 3.309715012996039e-18 5.442501040157193e-02
0 18 5.628861141984270e+01 2.409258448904769e-18 6.811348503946342e-02
0 19 5.932887358583554e+01 2.145192911315596e-18 6.810072739606739e-02
1 9 6.030379402586065e+01 3.470943791395760e-18 5.442572814533301e-02
0 20 6.236905902762754e+01 2.201780552337674e-18 6.809662441549227e-02
0 21 6.540940185006677e+01 2.401468515222325e-18 6.808634020890701e-02
1 10 6.663777963689692e+01 3.464164414584040e-18 5.442611362475755e-02
0 22 6.844965543423240e+01 2.746365143932758e-18 6.808380196220401e-02
0 23 7.149011245389991e+01 2.110406187999927e-18 6.807820381718198e-02
1 11 7.297159569416215e+01 3.318527830395376e-18 5.442683888807285e-02
0 24 7.453045939553286e+01 2.395371563458479e-18 6.807748047204269e-02
0 25 7.757104015871830e+01 2.144639431482329e-18 6.807800970012699e-02
1 12 7.930513599722070e+01 3.367711308096197e-18 5.442804025744071e-02
0 26 8.061148578118649e+01 2.215128083653306e-18 6.807920281686614e-02
0 27 8.365216972385549e+01 2.349359481938116e-18 6.808630692224243e-02
1 13 8.563836328441779e+01 3.309143806139560e-18 5.442896822838300e-02
0 28 8.669269868936331e+01 2.109592530760964e-18 6.808935574486522e-02
0 29 8.973343465539608e+01 2.069068354824478e-18 6.810204658699319e-02
1 14 9.197133176012773e+01 3.330086202950935e-18 5.442853205683101e-02
0 30 9.277401294463920e+01 2.249205082962987e-18 6.810671371306451e-02
0 31 9.581472848828261e+01 2.143445884033510e-18 6.812212524358527e-02
1 15 9.830418433701756e+01 3.754587380299647e-14 5.442600023230843e-02
0 32 9.885530790588224e+01 2.108670529108187e-18 6.812795270505244e-02
0 33 1.018959313216771e+02 2.142843839593268e-18 6.814153400718297e-02
1 16 1.046371101294938e+02 3.421543730323167e-18 5.442175920566539e-02
0 34 1.049364582742530e+02 2.392040323296531e-18 6.814759537625392e-02
0 35 1.079769468877488e+02 2.107579667563039e-18 6.815477313084968e-02
0 36 1.110173788989762e+02 2.241969265434766e-18 6.815875661653670e-02
1 17 1.109702742981517e+02 3.320739316291541e-18 5.441776507237318e-02
0 37 1.140577330273354e+02 2.141699995534552e-18 6.815818189312031e-02
0 38 1.170980611854584e+02 2.349858224267318e-18 6.815642030924689e-02
1 18 1.173037325600232e+02 7.158269695861462e-15 5.441897004378696e-02
0 39 1.201383091475875e+02 2.203194926560705e-18 6.815148038544715e-02
0 40 1.231785630800836e+02 2.242246681981658e-18 6.814316857903649e-02
1 19 1.236374445321242e+02 3.331458818448710e-18 5.442199559803736e-02
0 41 1.262187430283556e+02 2.798750345574957e-18 6.813734376906731e-02
0 42 1.292589726122352e+02 2.238947355194911e-18 6.812510295255360e-02
1 20 1.299713561334638e+02 3.322497273506094e-18 5.442385318330352e-02
0 43 1.322991303125860e+02 2.205930090211085e-18 6.811979893573274e-02
0 44 1.353393901558488e+02 2.200704964814146e-18 6.810700074784982e-02
1 21 1.363053720262859e+02 2.468472554351211e-15 5.442460326870223e-02
0 45 1.383795738502949e+02 2.199032044843237e-18 6.810284877414563e-02
0 46 1.414199131342747e+02 2.198161991514028e-18 6.809242706127860e-02
1 22 1.426393611084773e+02 3.331418207263745e-18 5.442498914615437e-02
0 47 1.444601639474332e+02 2.069260146088397e-18 6.808982804301697e-02
0 48 1.475006169321969e+02 2.335588732418451e-18 6.808402514167128e-02
1 23 1.489731844591605e+02 3.359256190291832e-18 5.442570810119932e-02
0 49 1.505409606929248e+02 2.231111561312443e-18 6.808323449948059e-02
0 50 1.535815378423252e+02 2.069521897642394e-18 6.808352674876125e-02
1 24 1.553067343745719e+02 5.593034649340764e-16 5.442689950380102e-02
0 51 1.566219805621388e+02 2.495069042571512e-18 6.808465155640585e-02
0 52 1.596626622840645e+02 2.194301552897847e-18 6.809153168769407e-02
1 25 1.616399708148535e+02 3.418877118737046e-18 5.442784835557532e-02
0 53 1.627031892635645e+02 2.229909075045317e-18 6.809451702211548e-02
0 54 1.657439251851459e+02 2.230045104704515e-18 6.810705593049531e-02
1 26 1.679729452196144e+02 3.375263119657547e-18 5.442747585750300e-02
0 55 1.687845029009334e+02 2.104836434702226e-18 6.811167069975033e-02
0 56 1.718252208214695e+02 2.104378523857602e-18 6.812706661028015e-02
1 27 1.743057980328483e+02 6.207875077943345e-18 5.442501237587406e-02
0 57 1.748658013410235e+02 2.229405157320343e-18 6.813286218748027e-02
0 58 1.779064289441692e+02 2.192972731174464e-18 6.814660045487822e-02
1 28 1.806387182052090e+02 3.334758211608820e-18 5.442082108767014e-02
0 59 1.809469585482011e+02 2.332487590543584e-18 6.815267845719074e-02
0 60 1.839874518065483e+02 2.067299373813887e-18 6.816013659873198e-02
0 61 1.870278872509439e+02 2.227006144549756e-18 6.816426033103430e-02
1 29 1.869718730073544e+02 3.407243230885728e-18 5.441673231726619e-02
0 62 1.900682452119130e+02 2.207858677603783e-18 6.816391861807214e-02
0 63 1.931085762129555e+02 2.067206891024585e-18 6.816240660933333e-02
1 30 1.933053227209444e+02 3.583841511233610e-18 5.441774880967219e-02
0 64 1.961488267738910e+02 2.208743178751726e-18 6.815754712354488e-02
0 65 1.991890819607420e+02 2.185741702649959e-18 6.814943867052803e-02
1 31 1.996390278750921e+02 3.350533906926809e-18 5.442079800972769e-02
0 66 2.022292631498059e+02 2.265550981964930e-18 6.814361544734054e-02
0 67 2.052694921429929e+02 2.192031439838936e-18 6.813145873123548e-02
1 32 2.059729348369209e+02 3.414375112304320e-18 5.442269106188817e-02
0 68 2.083096495683268e+02 2.217931305317716e-18 6.812612452979094e-02
0 69 2.113499071339854e+02 2.488806951126998e-18 6.811328987578284e-02
1 33 2.123069497533163e+02 4.068969216358338e-18 5.442347339924235e-02
0 70 2.143900891203960e+02 2.699742204264872e-18 6.810908949351570e-02
0 71 2.174304248878468e+02 2.591674192447183e-18 6.809853334525538e-02
1 34 2.186409421709537e+02 3.330695416513388e-18 5.442385969801884e-02
0 72 2.204706729518485e+02 2.380673055096524e-18 6.809587389628947e-02
0 73 2.235111218944677e+02 2.397299381363441e-18 6.808986803516445e-02
1 35 2.249747727170977e+02 3.332318252804060e-18 5.442457223181733e-02
0 74 2.265514624736702e+02 2.381994880090635e-18 6.808901022427101e-02
0 75 2.295920359706986e+02 2.968051198664778e-18 6.808906575810630e-02
1 36 2.313083322082105e+02 4.169628174087653e-18 5.442575273903893e-02
0 76 2.326324757647309e+02 2.486503409918561e-18 6.809012217063545e-02
0 77 2.356731552001748e+02 3.427111770442215e-18 6.809677670791280e-02
1 37 2.376415778577405e+02 3.323447506642684e-18 5.442672184898616e-02
0 78 2.387136801520589e+02 2.395839053957669e-18 6.809969823337381e-02
0 79 2.417544159496774e+02 2.256414219809941e-18 6.811208142784744e-02
1 38 2.439745583417793e+02 3.331103244836540e-18 5.442641276554198e-02
0 80 2.447949930387986e+02 2.820110813039927e-18 6.811664321602288e-02
0 81 2.478357132669419e+02 2.381225456966867e-18 6.813201792324490e-02
1 39 2.503074115862307e+02 2.915566004150170e-16 5.442401938017533e-02
0 82 2.508762948335204e+02 2.381172442997121e-18 6.813778039285502e-02
0 83 2.539169265930639e+02 2.706950349129394e-18 6.815167007904441e-02
1 40 2.566403263182650e+02 3.433640743485001e-18 5.441988088197772e-02
0 84 2.569574588081124e+02 2.698800606838881e-18 6.815776171603249e-02
0 85 2.599979567303205e+02 3.062600954336651e-18 6.816549851818077e-02
0 86 2.630383956085039e+02 2.698516192158392e-18 6.816975711324588e-02
1 41 2.629734717892073e+02 3.310155570741035e-18 5.441570390988432e-02
0 87 2.660787574461515e+02 2.586031651145047e-18 6.816965307405083e-02
0 88 2.691190913390023e+02 2.605658753403252e-18 6.816838932233954e-02
1 42 2.693069128690257e+02 4.426553255988329e-15 5.441652740145652e-02
0 89 2.721593445405741e+02 2.850080862457555e-18 6.816361468683088e-02
0 90 2.751996010475677e+02 2.820666491582952e-18 6.815571279534195e-02
1 43 2.756406111638773e+02 3.468522480732412e-18 5.441959634086756e-02
0 91 2.782397835228496e+02 3.228719983772739e-18 6.814989311273303e-02
0 92 2.812800119864513e+02 2.821801948384037e-18 6.813782496615281e-02
1 44 2.819745133939197e+02 3.341516183226272e-18 5.442152404491052e-02
0 93 2.843201691843359e+02 3.438795185235723e-18 6.813246157302363e-02
0 94 2.873604245183235e+02 4.502413764834837e-18 6.811959455769004e-02
1 45 2.883085272106323e+02 1.199111800970477e-14 5.442233851814004e-02
0 95 2.904006048364447e+02 4.039258463237993e-18 6.811534636403817e-02
0 96 2.934409371102834e+02 3.880411780506826e-18 6.810465889705700e-02
1 46 2.946425228271114e+02 3.316091125666560e-18 5.442272526910533e-02
0 97 2.964811824476669e+02 4.870395729163996e-18 6.810193936633659e-02
0 98 2.995216273419549e+02 4.690465456027552e-18 6.809573239826464e-02
1 47 3.009763604688786e+02 3.329437314333011e-18 5.442343129819920e-02
0 99 3.025619647397884e+02 5.868606182857192e-18 6.809480755393797e-02
0 100 3.056025345468006e+02 4.910940254041068e-18 6.809462670071473e-02
1 48 3.073099294961530e+02 3.009445492622690e-14 5.442460001978926e-02
0 101 3.086429713926207e+02 5.046946830992870e-18 6.809561463995109e-02
0 102 3.116836484764314e+02 4.526782454762223e-18 6.810204203559929e-02
1 49 3.136431844084661e+02 3.341029215383289e-18 5.442558878717953e-02
0 103 3.147241713595794e+02 5.425866452243643e-18 6.810489944239539e-02
0 104 3.177649069536546e+02 5.127200667757602e-18 6.811712321126505e-02
1 50 3.199761711201452e+02 3.364669594080129e-18 5.442534283644743e-02
0 105 3.208054833630892e+02 5.219690520146808e-18 6.812163141302058e-02
0 106 3.238462058285910e+02 4.741267663626948e-18 6.813697936464365e-02
1 51 3.263090249912918e+02 3.384287064419824e-18 5.442302124259306e-02
0 107 3.268867883870288e+02 5.045670818560580e-18 6.814270754404070e-02
0 108 3.299274242703490e+02 5.297860372759640e-18 6.815674303910267e-02
1 52 3.326419344675773e+02 3.309983218694562e-18 5.441893471405160e-02
0 109 3.329679590549778e+02 5.252031073503226e-18 6.816284540167758e-02
0 110 3.360084616586992e+02 4.527849121109229e-18 6.817085893867095e-02
0 111 3.390489039693193e+02 5.396540996673289e-18 6.817524700348872e-02
1 53 3.389750706478506e+02 3.310220069540211e-18 5.441467970079975e-02
0 112 3.420892697277872e+02 6.130564483895063e-18 6.817538516315250e-02
0 113 3.451296065601153e+02 5.776086692519483e-18 6.817436815403967e-02
1 54 3.453085030074770e+02 3.344148813641922e-18 5.441530602379048e-02
0 114 3.481698624443793e+02 7.240188915925903e-18 6.816968286490228e-02
0 115 3.512101203372781e+02 8.177732348526711e-18 6.816199063904749e-02
1 55 3.516421943866737e+02 3.310138380651826e-18 5.441838350351256e-02
0 116 3.542503041441047e+02 8.579705061676946e-18 6.815617650827281e-02
0 117 3.572905321397473e+02 9.487067736818902e-18 6.814420138229113e-02
1 56 3.579760918078744e+02 3.369524243477319e-18 5.442035214116564e-02
0 118 3.603306891578399e+02 9.664838203307190e-18 6.813880981579928e-02
0 119 3.633709423068890e+02 1.061181861104112e-17 6.812591456916470e-02
1 57 3.643101044018965e+02 3.309853760404287e-18 5.442119860682571e-02
