1 0 2.622827622874575e+00 5.604617549054045e-18 7.148872258791805e-02
0 0 6.596758251466187e+00 1.162286058164857e-16 5.269562394380129e-02
1 1 8.469695960891947e+00 1.703655796633766e-17 7.148999526799117e-02
1 2 1.431653989861222e+01 6.131342330976555e-17 7.149408030408358e-02
1 3 2.016330424388991e+01 2.232791594702432e-16 7.149249533196821e-02
0 1 2.117885040621769e+01 1.248218056312139e-16 5.269624650329401e-02
1 4 2.601009111163010e+01 7.311066085929052e-16 7.149042869410284e-02
1 5 3.185703608978030e+01 2.073786102278526e-15 7.148889992974505e-02
0 2 3.576099355658572e+01 1.335778154816581e-16 5.269552818589509e-02
1 6 3.770390588385485e+01 5.172142969028132e-15 7.149006592857457e-02
1 7 4.355075759354403e+01 1.145796849857410e-14 7.149425231020533e-02
1 8 4.939752302270421e+01 2.228332381562263e-14 7.149288109598342e-02
0 3 5.034307627208916e+01 1.435100310137188e-16 5.269627180720480e-02
1 9 5.524430735625340e+01 3.773733706946063e-14 7.149082097115451e-02
1 10 6.109124879980585e+01 5.485153681882905e-14 7.148907003517176e-02
0 4 6.492522488848279e+01 1.536187758805545e-16 5.269543730926806e-02
1 11 6.693812049371732e+01 5.618566987010462e-15 7.149012406946384e-02
1 12 7.278498005685812e+01 1.029562520775343e-13 7.149441010097438e-02
1 13 7.863174728834743e+01 9.852292024379795e-15 7.149324554377087e-02
0 5 7.950729828846421e+01 1.653921015733212e-16 5.269629626522510e-02
1 14 8.447852716876970e+01 3.657903606337261e-14 7.149120957942746e-02
1 15 9.032546353674347e+01 4.587047218910667e-18 7.148921449447895e-02
0 6 9.408945452066675e+01 1.776968137616340e-16 5.269536587953342e-02
1 16 9.617233706015337e+01 4.753358744745089e-18 7.149015492666590e-02
1 17 1.020192029131481e+02 4.443398064080523e-18 7.149453810224800e-02
1 18 1.078659710789944e+02 4.307750486926706e-18 7.149358351611222e-02
0 7 1.086715210740391e+02 1.907397835786351e-16 5.269632851310918e-02
1 19 1.137127460757323e+02 4.600491470456506e-18 7.149158492882590e-02
1 20 1.195596767329045e+02 3.985485553074823e-18 7.148934206005904e-02
0 8 1.232536858878012e+02 2.049747106622194e-16 5.269531325312483e-02
1 21 1.254065515472007e+02 6.200084460022804e-18 7.149017119726646e-02
1 22 1.312534217485760e+02 8.551679606445289e-18 7.149464263346079e-02
1 23 1.371001895789583e+02 4.302335393345451e-18 7.149391748251803e-02
0 9 1.378357482958033e+02 2.189395705727963e-16 5.269636185076591e-02
1 24 1.429469609868316e+02 4.123774492061035e-18 7.149195268427187e-02
1 25 1.487938871195775e+02 3.985476688347413e-18 7.148947840283447e-02
0 10 1.524179203620995e+02 2.358268117730608e-16 5.269526409614455e-02
1 26 1.546407619832637e+02 4.357678845220009e-18 7.149023850806696e-02
1 27 1.604876360079626e+02 3.985206550667748e-18 7.149472080615807e-02
1 28 1.663344028494354e+02 4.417086351428377e-18 7.149428787649575e-02
0 11 1.669999794767179e+02 2.518780487371176e-16 5.269638007996045e-02
1 29 1.721811727397998e+02 4.490011470926226e-18 7.149232373002169e-02
1 30 1.780280959703870e+02 5.799896394382632e-18 7.148965619781961e-02
0 12 1.815821561937206e+02 2.708657224039055e-16 5.269520295673347e-02
1 31 1.838749699653069e+02 4.287992674468946e-18 7.149035084580341e-02
1 32 1.897218488063924e+02 5.006452501288013e-18 7.149481820630861e-02
1 33 1.955686157102058e+02 5.823925283504493e-18 7.149466215531988e-02
0 13 1.961642107141449e+02 2.896485703406273e-16 5.269637256654071e-02
1 34 2.014153850880499e+02 6.913027431470670e-14 7.149271489131648e-02
1 35 2.072623055309253e+02 5.872508498233771e-14 7.148987725730205e-02
0 14 2.107463904382906e+02 3.109171111875180e-16 5.269512942328158e-02
1 36 2.131091786079218e+02 2.046962811555683e-14 7.149049545099012e-02
1 37 2.189560637664630e+02 6.731285725535230e-15 7.149493640871951e-02
1 38 2.248028324493053e+02 2.083958427136208e-15 7.149503045939860e-02
0 15 2.253284384655560e+02 3.322438559899093e-16 5.269634428728216e-02
1 39 2.306496003664572e+02 5.868394940857456e-16 7.149312142670437e-02
1 40 2.364965168986960e+02 1.441387823645877e-16 7.149011244114989e-02
0 16 2.399106218384621e+02 3.562836778546561e-16 5.269505949540078e-02
1 41 2.423433894597759e+02 3.102941354646664e-17 7.149064379276245e-02
1 42 2.481902817666731e+02 7.779290557349682e-18 7.149505485681029e-02
1 43 2.540370533361051e+02 6.319644631570602e-18 7.149537005205953e-02
0 17 2.544926627156323e+02 3.811067376435322e-16 5.269631157863457e-02
1 44 2.598838180265357e+02 5.283868806131061e-18 7.149352337829806e-02
1 45 2.657307290746341e+02 9.832786120265522e-18 7.149033049645695e-02
0 18 2.690748518046416e+02 4.082701290152365e-16 5.269501146720713e-02
1 46 2.715776016032335e+02 7.838522909245291e-18 7.149076578742689e-02
1 47 2.774245006757562e+02 6.033287307434358e-14 7.149514996218397e-02
1 48 2.832712750625883e+02 6.963944391992648e-15 7.149566474289158e-02
0 19 2.836568866237451e+02 4.367700881330421e-16 5.269628787308065e-02
1 49 2.891180358251282e+02 2.459618726070254e-15 7.149390331776571e-02
1 50 2.949649406144949e+02 1.408697444168162e-15 7.149052470702304e-02
0 20 2.982390826846283e+02 6.797605575197507e-17 5.269498998848873e-02
1 51 3.008118132334866e+02 4.669779231664137e-18 7.149085647525330e-02
1 52 3.066587178999516e+02 5.811408586173270e-18 7.149521616464226e-02
0 21 3.128211132896120e+02 6.699882600316940e-17 5.269627017578450e-02
1 53 3.125054943298593e+02 8.001853576889965e-18 7.149592102442362e-02
1 54 3.183522524130890e+02 7.736185506908122e-18 7.149426210452024e-02
1 55 3.241991514884083e+02 5.283984764538159e-18 7.149071823108173e-02
0 22 3.274033152576141e+02 6.669722572983159e-17 5.269498257113541e-02
1 56 3.300460237278011e+02 1.959701688731207e-17 7.149094134643619e-02
1 57 3.358929329106437e+02 7.268438758112535e-17 7.149527111361781e-02
0 23 3.419853428695467e+02 6.558432488476486e-17 5.269625029102344e-02
1 58 3.417397108525452e+02 2.764502029330144e-16 7.149616541976146e-02
1 59 3.475864685322185e+02 8.813047443232556e-16 7.149461855448638e-02
1 60 3.534333630290151e+02 2.445701092893960e-15 7.149094306429325e-02
0 24 3.565675480166856e+02 6.491790707319585e-17 5.269496801702203e-02
1 61 3.592802340326653e+02 5.968482522512272e-15 7.149105525443517e-02
1 62 3.651271473412392e+02 1.291555931238245e-14 7.149534055309485e-02
