0 0 1.279283105572795e+00 2.161903568821794e-18 9.773643587319421e-02
0 1 3.429076803320821e+00 2.284443130426069e-18 9.773832483440736e-02
1 0 3.420539620934245e+00 3.900878057914561e-18 7.308297754935593e-02
0 2 5.578874597911886e+00 2.162397309782215e-18 9.773689635209866e-02
0 3 7.728705543138132e+00 2.192445587741222e-18 9.773608963036429e-02
1 1 9.266582291777661e+00 3.977073279597531e-18 7.308239194442620e-02
0 4 9.878520128804100e+00 2.241494005061251e-18 9.773799602641867e-02
0 5 1.202832835853903e+01 2.152617547212447e-18 9.774021330926740e-02
0 6 1.417815296892180e+01 2.286722095684381e-18 9.773615864576884e-02
1 2 1.511259930897580e+01 3.830885077786325e-14 7.308166074534835e-02
0 7 1.632796843856429e+01 2.152939113209914e-18 9.773554430083214e-02
0 8 1.847778787202893e+01 2.163099813665993e-18 9.773823383042851e-02
0 9 2.062758372129738e+01 2.193318233243017e-18 9.773686137946976e-02
1 3 2.095863229063992e+01 3.895993900223089e-18 7.308321691801818e-02
0 10 2.277738488799449e+01 2.129958406673035e-18 9.773459088433135e-02
0 11 2.492721183141018e+01 2.163700817023489e-18 9.773551344786567e-02
1 4 2.680467664020036e+01 6.138098980881142e-16 7.308336207135657e-02
0 12 2.707701409126523e+01 2.099972095113780e-18 9.773814104813514e-02
0 13 2.922681440315406e+01 2.154013447826595e-18 9.773849148313440e-02
0 14 3.137664576815788e+01 2.099993350525672e-18 9.773609912121320e-02
1 5 3.265070998883847e+01 3.937763520949345e-18 7.308181807109577e-02
0 15 3.352646461251366e+01 2.291239224676773e-18 9.773694865824717e-02
0 16 3.567627895274785e+01 2.154313908255739e-18 9.773975158968201e-02
0 17 3.782609140234332e+01 2.164611828081346e-18 9.773572033554481e-02
1 6 3.849672648821745e+01 3.914033862888672e-18 7.308258964825610e-02
0 18 3.997590036344329e+01 2.164820522895379e-18 9.773413033649025e-02
0 19 4.212572272403404e+01 2.154828203661069e-18 9.773626098666303e-02
0 20 4.427551529324491e+01 2.333856578039962e-18 9.773760341354006e-02
1 7 4.434276939946092e+01 2.863020088989653e-16 7.308333576868878e-02
0 21 4.642531325395114e+01 2.155354619078709e-18 9.773580351661525e-02
0 22 4.857514352489833e+01 2.449701306497140e-18 9.773542363568449e-02
1 8 5.018881296657202e+01 3.935485710877402e-18 7.308300468620889e-02
0 23 5.072495582044522e+01 2.305446977057503e-18 9.773758003569170e-02
0 24 5.287476212028415e+01 2.129703885450041e-18 9.773948918540691e-02
0 25 5.502458914103743e+01 2.099969811823408e-18 9.773569915871025e-02
1 9 5.603483274839064e+01 6.071267743306874e-14 7.308189989742078e-02
0 26 5.717440607019157e+01 2.166020379271901e-18 9.773540180224810e-02
0 27 5.932422461045420e+01 2.089890652156549e-18 9.773818313466776e-02
0 28 6.147402340203764e+01 2.166376515480211e-18 9.773601158118024e-02
1 10 6.188086144282846e+01 3.942852543533862e-18 7.308347075922260e-02
0 29 6.362382604784317e+01 2.166625897213161e-18 9.773380397260305e-02
0 30 6.577365190790890e+01 2.464777838135093e-18 9.773504215661762e-02
1 11 6.772690580966820e+01 3.903460708117820e-18 7.308372885836592e-02
0 31 6.792345123772337e+01 2.156857614557239e-18 9.773762221107249e-02
0 32 7.007325035454299e+01 2.157087099138683e-18 9.773743362013204e-02
0 33 7.222308197335367e+01 2.099951589778255e-18 9.773550173823252e-02
1 12 7.357294283748571e+01 4.157535851542886e-16 7.308235439310511e-02
0 34 7.437290024178525e+01 2.099928135591743e-18 9.773667443359380e-02
0 35 7.652271299631711e+01 2.157384877607133e-18 9.773938073415674e-02
0 36 7.867252941538267e+01 2.089945550289347e-18 9.773516419116721e-02
1 13 7.941895790608615e+01 3.961377893790847e-18 7.308270787177044e-02
0 37 8.082234034849164e+01 2.302320150521367e-18 9.773382805373040e-02
0 38 8.297216184364876e+01 2.312619960613965e-18 9.773615464542641e-02
0 39 8.512195416728326e+01 2.129603297542189e-18 9.773681010616243e-02
1 14 8.526499904131823e+01 3.900577692976858e-18 7.308375344151685e-02
0 40 8.727175266861869e+01 2.198062590057505e-18 9.773474572957640e-02
0 41 8.942158210603854e+01 2.099947341741370e-18 9.773477066039149e-02
1 15 9.111104310160476e+01 7.339444198321707e-14 7.308358917653016e-02
0 42 9.157139175384178e+01 2.168591754430451e-18 9.773713712584267e-02
0 43 9.372119615325923e+01 2.305588587809406e-18 9.773867136131084e-02
0 44 9.587102503828554e+01 2.246912412992295e-18 9.773522497808579e-02
1 16 9.695706638990694e+01 3.896485438057288e-18 7.308219633421092e-02
0 45 9.802084308049848e+01 2.159034222356336e-18 9.773525375087906e-02
0 46 1.001706606175196e+02 2.159114769158420e-18 9.773809186950619e-02
0 47 1.023204629817382e+02 2.317332676941750e-18 9.773521233633273e-02
1 17 1.028030908297465e+02 6.831201729635806e-16 7.308367800167513e-02
0 48 1.044702672855469e+02 2.169606827903099e-18 9.773312811188858e-02
0 49 1.066200920767940e+02 2.318264726935929e-18 9.773465536747290e-02
1 18 1.086491351489957e+02 3.895872763344881e-18 7.308400966404550e-02
0 50 1.087698887636032e+02 2.169879479122219e-18 9.773706537057041e-02
0 51 1.109196870449447e+02 2.170117734793564e-18 9.773634272168508e-02
0 52 1.130695185834791e+02 2.494809523981983e-18 9.773487154827853e-02
1 19 1.144951750962461e+02 3.915335802741535e-18 7.308293086631272e-02
0 53 1.152193357417988e+02 2.310380777505525e-18 9.773635492253573e-02
0 54 1.173691467563490e+02 2.170414050695967e-18 9.773890951401237e-02
0 55 1.195189668138825e+02 2.099906819074889e-18 9.773466076230636e-02
1 20 1.203411900290684e+02 1.179366690866183e-15 7.308284334006504e-02
0 56 1.216687796787727e+02 2.160834907201423e-18 9.773360183847109e-02
0 57 1.238186003514277e+02 2.170851272893840e-18 9.773609648686614e-02
0 58 1.259683933930197e+02 2.099889032832838e-18 9.773596309265511e-02
1 21 1.261872284642392e+02 3.904688452261125e-18 7.308416063112524e-02
0 59 1.281181927637936e+02 2.353207329371533e-18 9.773374345003735e-02
0 60 1.302680212483309e+02 2.171453235215568e-18 9.773414880118078e-02
1 22 1.320332727242441e+02 2.913985327646958e-14 7.308412913410803e-02
0 61 1.324178279942936e+02 2.089924360383805e-18 9.773667313167989e-02
0 62 1.345676305976018e+02 2.201262578505630e-18 9.773776878897027e-02
0 63 1.367174608230316e+02 2.201368782295810e-18 9.773472248585202e-02
1 23 1.378793000338600e+02 3.895830398617459e-18 7.308257980636187e-02
0 64 1.388672795537980e+02 2.162087374887459e-18 9.773508234490944e-02
0 65 1.410170959386744e+02 2.172098158754929e-18 9.773793872541532e-02
0 66 1.431669022767757e+02 2.129332939792271e-18 9.773448092581059e-02
1 24 1.437253206699797e+02 3.904777481560531e-18 7.308384222206922e-02
0 67 1.453167083837777e+02 2.129354040040078e-18 9.773256806783344e-02
0 68 1.474665321512782e+02 2.089968333366134e-18 9.773435788591767e-02
1 25 1.495713647244853e+02 2.011966031717189e-16 7.308427368557453e-02
0 69 1.496163266718442e+02 2.202298776056707e-18 9.773645313160340e-02
0 70 1.517661245169520e+02 2.163222786729260e-18 9.773523741973637e-02
0 71 1.539159556990235e+02 2.163291907724524e-18 9.773421793867151e-02
1 26 1.554174067387068e+02 3.930522714489148e-18 7.308353957145157e-02
0 72 1.560657712351553e+02 2.173304534326197e-18 9.773599317022419e-02
0 73 1.582155803927311e+02 2.542999847545335e-18 9.773833591085179e-02
0 74 1.603654036389228e+02 2.089963521909751e-18 9.773419096744311e-02
1 27 1.612634228153058e+02 3.895817610841346e-18 7.308300616776621e-02
0 75 1.625152183128019e+02 2.203142219078623e-18 9.773342828551640e-02
0 76 1.646650381694697e+02 2.321654051126483e-18 9.773606180363940e-02
0 77 1.668148328951844e+02 2.164236958616833e-18 9.773509174243605e-02
1 28 1.671094576654610e+02 3.761056733203928e-14 7.308450380669736e-02
0 78 1.689646334143156e+02 2.129219329150659e-18 9.773281637026378e-02
0 79 1.711144608656932e+02 2.089982312473558e-18 9.773357643220683e-02
1 29 1.729555020122874e+02 3.895854092845372e-18 7.308461336110125e-02
0 80 1.732642645838131e+02 2.174605899977756e-18 9.773619076293931e-02
0 81 1.754140655748442e+02 2.174808858562123e-18 9.773679342859355e-02
0 82 1.775638966603865e+02 2.334865537027174e-18 9.773418357530211e-02
1 30 1.788015334905978e+02 9.419623228613257e-16 7.308302507635257e-02
0 83 1.797137155948396e+02 2.175015543103898e-18 9.773487500420869e-02
0 84 1.818635306542562e+02 2.099769313230647e-18 9.773770695105267e-02
0 85 1.840133411261634e+02 2.165484007356699e-18 9.773382424398504e-02
1 31 1.846475510492293e+02 4.019176058387002e-18 7.308397320546024e-02
0 86 1.861631491430753e+02 2.165702898937753e-18 9.773212118103605e-02
0 87 1.883129719511293e+02 2.175628544140413e-18 9.773414701406058e-02
0 88 1.904627649669377e+02 2.175878661411750e-18 9.773577047439143e-02
1 32 1.904935944925031e+02 3.931695379722506e-18 7.308459735766523e-02
0 89 1.926125627858836e+02 2.176135156817032e-18 9.773413721482653e-02
0 90 1.947623933870329e+02 2.089979891963829e-18 9.773355370002985e-02
1 33 1.963396377595158e+02 3.698355097430099e-15 7.308415421008620e-02
0 91 1.969122068341847e+02 2.099789417651393e-18 9.773559460685528e-02
0 92 1.990620140686860e+02 2.339929649138361e-18 9.773766112908819e-02
0 93 2.012118399840211e+02 2.099815234374213e-18 9.773373411520628e-02
1 34 2.021856560865609e+02 3.903243196242848e-18 7.308321304391059e-02
0 94 2.033616562535093e+02 2.176759279541687e-18 9.773328269764249e-02
0 95 2.055114752545158e+02 2.206036191274356e-18 9.773602402225010e-02
0 96 2.076612725487694e+02 2.176665989432516e-18 9.773422916802700e-02
1 35 2.080316868100146e+02 1.250231765218139e-14 7.308479508975593e-02
0 97 2.098110744499514e+02 2.129021071668010e-18 9.773198203778818e-02
0 98 2.119609008273112e+02 2.089993471548605e-18 9.773307049077420e-02
1 36 2.138777312128417e+02 3.912863442945762e-18 7.308500203386320e-02
0 99 2.141107015436375e+02 2.099774144900488e-18 9.773568724784210e-02
0 100 2.162605011850422e+02 2.128907803205091e-18 9.773575986583989e-02
0 101 2.184103327067400e+02 2.177915311879308e-18 9.773360587893540e-02
1 37 2.197237665488470e+02 3.904773243038614e-18 7.308352758214896e-02
0 102 2.205601513221467e+02 2.128916054831226e-18 9.773462450857795e-02
0 103 2.227099648765675e+02 2.178121586931564e-18 9.773738457546202e-02
0 104 2.248597794163265e+02 2.099797398927843e-18 9.773323925873283e-02
1 38 2.255697821247756e+02 7.278710054647331e-17 7.308409358501416e-02
0 105 2.270095894009232e+02 2.207660098563846e-18 9.773177722512459e-02
0 106 2.291594113177676e+02 2.207719818200987e-18 9.773401226339469e-02
0 107 2.313092036503589e+02 2.128865574069383e-18 9.773501291028058e-02
1 39 2.314158242391904e+02 3.895820152656447e-18 7.308499617068258e-02
0 108 2.334590018351712e+02 2.176357456457912e-18 9.773306225077295e-02
0 109 2.356088316763958e+02 2.536174377078991e-18 9.773289434640016e-02
1 40 2.372618681280796e+02 3.937787578439837e-18 7.308475401347329e-02
0 110 2.377586426360580e+02 2.099745280355098e-18 9.773516591434579e-02
0 111 2.399084479435640e+02 2.179485266577299e-18 9.773688947892857e-02
0 112 2.420582759821988e+02 2.089981815788313e-18 9.773327074219011e-02
1 41 2.431078896545409e+02 7.294298215368049e-14 7.308349188250102e-02
0 113 2.442080935423024e+02 2.208800798248437e-18 9.773314165779760e-02
0 114 2.463579115989690e+02 2.099720203365925e-18 9.773595721301205e-02
0 115 2.485077121882660e+02 2.128799503165053e-18 9.773340525854472e-02
1 42 2.489539161142286e+02 3.897958203637233e-18 7.308503057410941e-02
0 116 2.506575156670837e+02 2.351988295198216e-18 9.773125410725612e-02
0 117 2.528073409679503e+02 2.090002904807449e-18 9.773264444968925e-02
1 43 2.547999604458686e+02 1.029784216089594e-15 7.308531705894286e-02
0 118 2.549571388811369e+02 2.180613618078423e-18 9.773515278317356e-02
0 119 2.571069375054865e+02 2.099724237880071e-18 9.773468473988665e-02
0 120 2.592567691005398e+02 2.180923546997517e-18 9.773299234556343e-02
1 44 2.606459991165884e+02 4.058015691002954e-18 7.308409076485831e-02
0 121 2.614065868605226e+02 2.344502969655790e-18 9.773432847179642e-02
0 122 2.635563987428779e+02 2.099674165094343e-18 9.773696406450968e-02
0 123 2.657062170943992e+02 2.181341236379561e-18 9.773271462761741e-02
1 45 2.664920139567575e+02 4.082017232982012e-18 7.308421582182124e-02
0 124 2.678560290415639e+02 2.171773045398889e-18 9.773151927445956e-02
0 125 2.700058501220396e+02 2.181593202880407e-18 9.773393609880131e-02
0 126 2.721556427047888e+02 2.099731236204366e-18 9.773419128305666e-02
1 46 2.723380537706095e+02 9.397639202864802e-15 7.308540456881146e-02
0 127 2.743054416078604e+02 2.182132794392950e-18 9.773203301942185e-02
0 128 2.764552705512350e+02 2.182192038752786e-18 9.773225737073654e-02
1 47 2.781840979552836e+02 3.913968157767464e-18 7.308532303496916e-02
0 129 2.786050787168389e+02 2.172592705327541e-18 9.773471362114712e-02
0 130 2.807548821648559e+02 2.172775209933206e-18 9.773602840752417e-02
0 131 2.829047117896787e+02 2.099725224348192e-18 9.773278494239461e-02
1 48 2.840301233427991e+02 4.414100903919428e-15 7.308383216140733e-02
0 132 2.850545302511342e+02 2.099722039399519e-18 9.773298518295513e-02
0 133 2.872043472309452e+02 2.089938902090071e-18 9.773583820583591e-02
0 134 2.893541516291396e+02 2.175734206245341e-18 9.773264202260153e-02
1 49 2.898761456873735e+02 4.131763375893108e-18 7.308520787888749e-02
0 135 2.915039568474647e+02 2.128618062350916e-18 9.773064056910255e-02
0 136 2.936537811035264e+02 2.099730016906949e-18 9.773230631217901e-02
1 50 2.957221899057286e+02 3.907514253630597e-18 7.308559031284274e-02
0 137 2.958035765988645e+02 2.128531277612281e-18 9.773457149095985e-02
0 138 2.979533745904167e+02 2.099691953588291e-18 9.773358615042861e-02
0 139 3.001032059560138e+02 2.099713148001310e-18 9.773235047445678e-02
1 51 3.015682310938249e+02 1.453013950794694e-17 7.308468776423273e-02
0 140 3.022530223349776e+02 2.089972765941080e-18 9.773398842753682e-02
0 141 3.044028324080944e+02 2.184160561525253e-18 9.773644173743821e-02
0 142 3.065526541725222e+02 2.213141823758305e-18 9.773223310630230e-02
1 52 3.074142464518729e+02 3.912482737312686e-18 7.308436002792873e-02
0 143 3.087024680002210e+02 2.184511126425274e-18 9.773132547045564e-02
0 144 3.108522882693314e+02 2.184579472029556e-18 9.773389560178317e-02
0 145 3.130020820772698e+02 2.099692205069159e-18 9.773333026483903e-02
1 53 3.132602830680248e+02 8.268758631962302e-14 7.308578559350654e-02
0 146 3.151518820015498e+02 2.099720433594039e-18 9.773106972388075e-02
0 147 3.173017099483368e+02 2.175495745370912e-18 9.773166120005920e-02
1 54 3.191063274304418e+02 4.186149383340066e-18 7.308582652057877e-02
0 148 3.194515151295907e+02 2.571392371032346e-18 9.773424220859687e-02
0 149 3.216013168635679e+02 2.358897701074933e-18 9.773508846357308e-02
0 150 3.237511475719157e+02 2.185636167493753e-18 9.773226590609825e-02
1 55 3.249523569071043e+02 3.909971494608298e-18 7.308423574278775e-02
0 151 3.259009664759225e+02 2.261375707458679e-18 9.773279814297516e-02
0 152 3.280507822144344e+02 2.214554713087369e-18 9.773564800433689e-02
0 153 3.302005906963220e+02 2.175266251549033e-18 9.773195140134334e-02
1 56 3.307983757891062e+02 8.986158021638819e-16 7.308535316372236e-02
0 154 3.323503977805577e+02 2.090050309407996e-18 9.773014238598045e-02
0 155 3.345002210485738e+02 2.186372588607293e-18 9.773205705476244e-02
0 156 3.366500147004386e+02 2.128329251109380e-18 9.773392629050179e-02
1 57 3.366444196152628e+02 3.971064268585539e-18 7.308587276981901e-02
0 157 3.387998124685936e+02 2.186867483971448e-18 9.773248321357610e-02
0 158 3.409496433567030e+02 2.363218278839089e-18 9.773169151577228e-02
1 58 3.424904623912801e+02 3.933706838724609e-18 7.308529933922775e-02
0 159 3.430994578633675e+02 2.089981861227055e-18 9.773360879592811e-02
0 160 3.452492660348306e+02 2.099587093976342e-18 9.773581727945770e-02
0 161 3.473990907206804e+02 2.177696581268688e-18 9.773177441508435e-02
1 59 3.483364795018931e+02 2.105640483853395e-14 7.308455121592079e-02
0 162 3.495489062592547e+02 2.374643639130023e-18 9.773117141352812e-02
0 163 3.516987256995862e+02 2.365328458129138e-18 9.773386477507802e-02
0 164 3.538485216662149e+02 2.174981090380163e-18 9.773246201612491e-02
1 60 3.541825122578622e+02 3.922380270859623e-18 7.308610995179238e-02
0 165 3.559983228664704e+02 2.174979430663923e-18 9.773019114007998e-02
0 166 3.581481497572027e+02 2.128260409764067e-18 9.773112369521406e-02
1 61 3.600285566421594e+02 1.311644534924284e-15 7.308626066394391e-02
0 167 3.602979519045950e+02 2.099617515125994e-18 9.773375178489253e-02
0 168 3.624477521501945e+02 2.217125793414550e-18 9.773408303499607e-02
0 169 3.645975834906538e+02 2.217213648518175e-18 9.773170854892681e-02
