1 0 2.666710026073860e+00 6.351073517281889e-18 6.807176209714111e-02
0 0 6.738116302404913e+00 8.149879229704280e-18 5.274235101571770e-02
1 1 8.513662715498103e+00 7.237887496628248e-18 6.807314670993306e-02
1 2 1.436066102970486e+01 6.577527945105473e-18 6.807726666796309e-02
1 3 2.020760848843839e+01 1.526575733275967e-17 6.807508831704276e-02
0 1 2.131990283770428e+01 7.671249701641301e-18 5.274313003060441e-02
1 4 2.605453241707047e+01 8.110944083927261e-17 6.807304344188522e-02
1 5 3.190154299252949e+01 5.000750805583565e-16 6.807188307691484e-02
0 2 3.590201834859258e+01 8.577750796925784e-18 5.274218095406116e-02
1 6 3.774849659754261e+01 2.476443903607910e-15 6.807317641216042e-02
1 7 4.359550029540123e+01 1.048582982910860e-14 6.807734687372022e-02
1 8 4.944244681722478e+01 3.891149034481156e-14 6.807533466113549e-02
0 3 5.048380344796331e+01 8.586729056836928e-18 5.274316724430839e-02
1 9 5.528937074167332e+01 1.558919947477543e-15 6.807328019814037e-02
1 10 6.113638120028423e+01 8.292572700584921e-15 6.807197381375538e-02
0 4 6.506591231882231e+01 8.111078851732358e-18 5.274204521367596e-02
1 11 6.698333784963749e+01 4.812144132080347e-18 6.807317284805540e-02
1 12 7.283034663264364e+01 5.520960397954717e-18 6.807738660947092e-02
1 13 7.867729238138956e+01 4.900732204741476e-18 6.807554396421220e-02
0 5 7.964769823895287e+01 7.508769811070807e-18 5.274322414796154e-02
1 14 8.452421386988418e+01 5.720304487547530e-18 6.807349322728216e-02
1 15 9.037122277389059e+01 4.530166694692358e-18 6.807201500676704e-02
0 6 9.422980349533610e+01 7.488536188033979e-18 5.274195316136546e-02
1 16 9.621818261564803e+01 4.396360412541399e-18 6.807311859673587e-02
1 17 1.020651947336290e+02 4.388723726001679e-18 6.807736232820641e-02
1 18 1.079121385787229e+02 4.305793402615540e-18 6.807570075968081e-02
0 7 1.088115949874623e+02 7.662183746134764e-18 5.274330693874699e-02
1 19 1.137590548840997e+02 4.258450195069991e-18 6.807366237137553e-02
1 20 1.196060601388541e+02 4.190931614225020e-18 6.807200322885973e-02
0 8 1.233937020324531e+02 7.502720339480709e-18 5.274190335042928e-02
1 21 1.254530210188219e+02 4.441451752939717e-18 6.807302740244754e-02
1 22 1.313000346498554e+02 4.613856244638939e-18 6.807725552057575e-02
1 23 1.371469747676511e+02 4.500634116062225e-18 6.807583999672406e-02
0 9 1.379755041043169e+02 7.500603555393584e-18 5.274341329956437e-02
1 24 1.429938854428617e+02 4.652681023268815e-18 6.807377387295489e-02
1 25 1.488408869140449e+02 4.723439444050117e-18 6.807195664675079e-02
0 10 1.525576159371722e+02 7.944001137283924e-18 5.274188442669009e-02
1 26 1.546878460949334e+02 4.483823672311557e-18 6.807291313392932e-02
1 27 1.605348608908034e+02 4.789152695057286e-18 6.807708417663216e-02
1 28 1.663817970675545e+02 5.146890791502355e-18 6.807592933730604e-02
0 11 1.671394311728409e+02 7.496540181654352e-18 5.274353234652945e-02
1 29 1.722287045475329e+02 1.005105388174279e-14 6.807384440126991e-02
1 30 1.780757034183294e+02 4.276316359002584e-14 6.807190218656106e-02
0 12 1.817215459307496e+02 7.491671982357950e-18 5.274188389598362e-02
1 31 1.839226602625852e+02 1.470561149043061e-14 6.807278246845401e-02
1 32 1.897696771908979e+02 4.829932703571498e-15 6.807688298818700e-02
1 33 1.956166106439558e+02 1.532848053411904e-15 6.807598465093746e-02
0 13 1.963033742481299e+02 7.331662345055716e-18 5.274365114948123e-02
1 34 2.014635177072232e+02 4.605642610126141e-16 6.807390085538456e-02
1 35 2.073105158374462e+02 1.240033343174286e-16 6.807185605766876e-02
0 14 2.108854877318683e+02 7.492706796901501e-18 5.274189684966868e-02
1 36 2.131574713810590e+02 3.490463810245471e-17 6.807265281844213e-02
1 37 2.190044911661894e+02 1.322564413469640e-17 6.807668056820460e-02
1 38 2.248514228085528e+02 4.631310088788234e-18 6.807602538998112e-02
0 15 2.254673289786774e+02 7.529297038485618e-18 5.274376199191960e-02
1 39 2.306983296657066e+02 4.967428638038338e-18 6.807396684274170e-02
1 40 2.365453270838688e+02 4.677491296229373e-18 6.807181894642271e-02
0 16 2.400494397794427e+02 7.372508267009896e-18 5.274192722085105e-02
1 41 2.423922822270603e+02 4.185428236774968e-18 6.807252615571110e-02
1 42 2.482393037568401e+02 4.723405314925966e-18 6.807648610632104e-02
1 43 2.540862326951865e+02 9.821144216791603e-18 6.807605653754704e-02
0 17 2.546312964922174e+02 7.372743489329654e-18 5.274386475168192e-02
1 44 2.599331362612135e+02 6.681502383725099e-18 6.807404935604013e-02
1 45 2.657801303166784e+02 4.126849790819661e-17 6.807178028429968e-02
0 18 2.692134084791791e+02 7.372753949062252e-18 5.274198103108656e-02
1 46 2.716270843585910e+02 7.675931993581585e-18 6.807239329384571e-02
1 47 2.774741049068467e+02 2.752648909429928e-17 6.807628661684573e-02
0 19 2.837952856932886e+02 7.644216349734085e-18 5.274396347239949e-02
1 48 2.833210288554922e+02 6.877923838888241e-18 6.807606930283169e-02
1 49 2.891679252936280e+02 5.913867316817007e-18 6.807413795659203e-02
1 50 2.950149126372237e+02 6.563896646683158e-18 6.807173029772730e-02
0 20 2.983774050510423e+02 7.495777184394357e-18 5.274205795865651e-02
1 51 3.008618637502881e+02 4.930610212898191e-18 6.807224592489024e-02
1 52 3.067088810580610e+02 4.185247225204443e-18 6.807606142397218e-02
0 21 3.129593069811681e+02 7.886698031505657e-18 5.274406080955527e-02
1 53 3.125557985231351e+02 4.976525109449602e-18 6.807605368751125e-02
1 54 3.184026868623038e+02 4.185337115022075e-18 6.807421682729456e-02
1 55 3.242496665169351e+02 8.433118926015711e-18 6.807167028448971e-02
0 22 3.275414364463103e+02 7.838397317810436e-18 5.274214878254040e-02
1 56 3.300966136067026e+02 7.643823911990547e-18 6.807208685536004e-02
1 57 3.359436278535822e+02 1.309894288629300e-17 6.807580300182055e-02
0 23 3.421233632039414e+02 7.497426855657124e-18 5.274415521760288e-02
1 58 3.417905399712949e+02 4.206994650094347e-17 6.807601241728066e-02
1 59 3.476374233427144e+02 2.685413509619990e-16 6.807428061084621e-02
1 60 3.534843978158360e+02 1.446066380027239e-15 6.807161371158577e-02
0 24 3.567054991394430e+02 7.636877187490199e-18 5.274224077181809e-02
1 61 3.593313417302415e+02 6.430678348304641e-15 6.807193106605729e-02
1 62 3.651783553183905e+02 2.497382262718211e-14 6.807552776320336e-02
