0 0 1.295587037739516e+00 2.112995044168899e-18 9.821814875326855e-02
0 1 3.445377955094963e+00 2.112710358107494e-18 9.821868617590535e-02
1 0 3.603839996457987e+00 2.410752551898097e-16 7.281021453444911e-02
0 2 5.595167663426499e+00 2.115135024130899e-18 9.821611396998653e-02
0 3 7.744985043213802e+00 2.112355439830771e-18 9.821445533539370e-02
1 1 9.449884470324001e+00 3.917043087729491e-18 7.280994209463182e-02
0 4 9.894781298248578e+00 2.112064376006329e-18 9.821655453862535e-02
0 5 1.204457138858698e+01 2.114395768569338e-18 9.821926456675424e-02
0 6 1.419437828914903e+01 2.111570827130335e-18 9.821653117033360e-02
1 2 1.529591849422214e+01 3.937063175222192e-18 7.280842914024498e-02
0 7 1.634418709438536e+01 2.111382421962265e-18 9.821665113471953e-02
0 8 1.849400997623168e+01 2.113894367907432e-18 9.822049781250239e-02
0 9 2.064380603639705e+01 2.177421475864318e-18 9.821901795597494e-02
1 3 2.114194270494058e+01 2.321242007518216e-15 7.280956324954797e-02
0 10 2.279360970489421e+01 2.082479530379946e-18 9.821671838375348e-02
0 11 2.494343345124341e+01 2.176504939229384e-18 9.821659648840060e-02
1 4 2.698798631699546e+01 3.920974178833037e-18 7.280983939071010e-02
0 12 2.709322458096935e+01 2.079775820548658e-18 9.821850435174151e-02
0 13 2.924300688870516e+01 2.112776911307702e-18 9.821742531774327e-02
0 14 3.139281902750135e+01 2.082516750452923e-18 9.821505362454143e-02
1 5 3.283403206769543e+01 3.597478309356541e-15 7.280899531527289e-02
0 15 3.354262083536708e+01 2.173349667521649e-18 9.821648524003911e-02
0 16 3.569242733297894e+01 2.183392103714356e-18 9.822100888837684e-02
0 17 3.784223016653011e+01 2.109262876858971e-18 9.821846749147517e-02
1 6 3.868005374132433e+01 3.913785794164657e-18 7.280833242587573e-02
0 18 3.999204071240361e+01 2.111800518652060e-18 9.821744125815683e-02
0 19 4.214186731852278e+01 2.108992664323442e-18 9.821953275443798e-02
0 20 4.429165895914890e+01 2.109393493368595e-18 9.821957531829789e-02
1 7 4.452609008084447e+01 4.092038517170006e-18 7.280976803350132e-02
0 21 4.644145187261509e+01 2.111184636595016e-18 9.821690419748227e-02
0 22 4.859127081132728e+01 2.119152315672274e-18 9.821552546337148e-02
1 8 5.037213415375236e+01 5.717377907344975e-15 7.280957352459504e-02
0 23 5.074106564527468e+01 2.108767515477603e-18 9.821771637638380e-02
0 24 5.289085214574512e+01 2.108412011404528e-18 9.821958763546312e-02
0 25 5.504066010294409e+01 2.108273389509842e-18 9.821688012453191e-02
1 9 5.621817211394087e+01 3.908735525453419e-18 7.280804422997929e-02
0 26 5.719046758138476e+01 2.234660285739842e-18 9.821731993954629e-02
0 27 5.934028793318178e+01 2.165702453959169e-18 9.822154803289039e-02
0 28 6.149008555616052e+01 2.079735273011597e-18 9.821973850519791e-02
1 10 6.206419378823011e+01 4.864176293587542e-14 7.280884685475394e-02
0 29 6.363989164552389e+01 2.164381719912542e-18 9.821767625580868e-02
0 30 6.578971647965842e+01 2.164775646576540e-18 9.821799887242864e-02
0 31 6.793950711637278e+01 2.082457441043231e-18 9.821960875316756e-02
1 11 6.791023700649556e+01 3.908781458594467e-18 7.280932195516415e-02
0 32 7.008929064346876e+01 2.082480687817818e-18 9.821790057105910e-02
0 33 7.223910421057495e+01 2.108716308603326e-18 9.821569434389577e-02
1 12 7.375628283495155e+01 3.966107251708054e-18 7.280874138219640e-02
0 34 7.438890434716070e+01 2.106421771441467e-18 9.821736103349853e-02
0 35 7.653870591729299e+01 2.080376645719628e-18 9.822158087945655e-02
0 36 7.868851003210642e+01 2.223585398384816e-18 9.821893534352558e-02
1 13 7.960230724551884e+01 6.924948897506833e-16 7.280772745750298e-02
0 37 8.083832064535507e+01 2.082468968459418e-18 9.821823851888428e-02
0 38 8.298814689964480e+01 2.115807589254404e-18 9.822086830387466e-02
0 39 8.513793955868258e+01 2.080406299544038e-18 9.822042550812693e-02
1 14 8.544834011112953e+01 3.917069322478224e-18 7.280924288156387e-02
0 40 8.728773576649117e+01 2.110616790019509e-18 9.821776580518259e-02
0 41 8.943755621510229e+01 2.085895034395181e-18 9.821670283680155e-02
1 15 9.129438392549245e+01 3.955039195278426e-18 7.280915514442962e-02
0 42 9.158734974938174e+01 2.155925321208281e-18 9.821891975199583e-02
0 43 9.373713364245235e+01 2.104442814748814e-18 9.821989574821791e-02
0 44 9.588694269217733e+01 2.080461854415480e-18 9.821724647155564e-02
1 16 9.714042530663974e+01 8.634419259672682e-15 7.280772965146340e-02
0 45 9.803674864036611e+01 2.080443877238378e-18 9.821799389215417e-02
0 46 1.001865657519799e+02 2.155929448047075e-18 9.822249479515358e-02
0 47 1.023363649493251e+02 2.103676884794155e-18 9.822041068799343e-02
1 17 1.029864454655174e+02 3.918206623111898e-18 7.280811840723712e-02
0 48 1.044861729852869e+02 2.079753432831100e-18 9.821862018342555e-02
0 49 1.066359987027096e+02 2.080420265268595e-18 9.821942135983312e-02
0 50 1.087857891906629e+02 2.102447686745944e-18 9.822064284418203e-02
1 18 1.088324876805350e+02 9.943556357646849e-16 7.280887861673679e-02
0 51 1.109355747832902e+02 2.104884549968596e-18 9.821846732495064e-02
0 52 1.130853898632188e+02 2.152105925179832e-18 9.821645807032155e-02
1 19 1.146785330407765e+02 3.961553226614866e-18 7.280847332462077e-02
0 53 1.152351883804106e+02 2.149270953752778e-18 9.821832841017065e-02
0 54 1.173849850325393e+02 2.148404798868744e-18 9.822205804667582e-02
0 55 1.195347903208115e+02 2.080421130252313e-18 9.821934941061986e-02
1 20 1.205245610585199e+02 3.931800656088320e-18 7.280718078243556e-02
0 56 1.216846005053049e+02 2.082470889126423e-18 9.821898496897156e-02
0 57 1.238344258653914e+02 2.101661778233120e-18 9.822213829729308e-02
0 58 1.259842197798524e+02 2.200342776488062e-18 9.822124162664257e-02
1 21 1.263705902140437e+02 5.686809038774879e-15 7.280863243769008e-02
0 59 1.281340191933629e+02 2.101225355212759e-18 9.821868027119954e-02
0 60 1.302838410691479e+02 2.103181046665501e-18 9.821797006841554e-02
1 22 1.322166339480022e+02 3.910209256747404e-18 7.280869149026802e-02
0 61 1.324336334675031e+02 2.100825876721586e-18 9.822013250771450e-02
0 62 1.345834158745182e+02 2.102527644792717e-18 9.822021962168367e-02
0 63 1.367332260942973e+02 2.144709274182729e-18 9.821765977872381e-02
1 23 1.380626778691988e+02 8.606849651924338e-14 7.280744824639894e-02
0 64 1.388830303954922e+02 2.080434613677523e-18 9.821869876988851e-02
0 65 1.410328436006156e+02 2.099873588592697e-18 9.822333355006027e-02
0 66 1.431826443288034e+02 2.099687942229147e-18 9.822102813048493e-02
1 24 1.439086976851003e+02 4.006603444250764e-18 7.280740238346002e-02
0 67 1.453324537850290e+02 2.080418430899680e-18 9.821953471935299e-02
0 68 1.474822801240230e+02 2.139243457206253e-18 9.822084366448285e-02
0 69 1.496320708253729e+02 2.098459666549088e-18 9.822161027210369e-02
1 25 1.497547381270620e+02 4.043393222482909e-18 7.280848804506662e-02
0 70 1.517818591116643e+02 2.138119693510352e-18 9.821912961883274e-02
0 71 1.539316757542808e+02 2.100833791882541e-18 9.821734990637436e-02
1 26 1.556007828816513e+02 1.518182806084256e-15 7.280817140611393e-02
0 72 1.560814727205423e+02 2.098491037101265e-18 9.821938562093512e-02
0 73 1.582312647721372e+02 2.141446723753840e-18 9.822245645501591e-02
0 74 1.603810711543062e+02 2.098000399943761e-18 9.821972254733072e-02
1 27 1.614468149470244e+02 3.953962088769310e-18 7.280670052861654e-02
0 75 1.625308804825073e+02 2.079727967774751e-18 9.821968857948882e-02
0 76 1.646807043265862e+02 2.096970101631007e-18 9.822332817951192e-02
0 77 1.668304996684309e+02 2.099486009639477e-18 9.822202315069670e-02
1 28 1.672928406244650e+02 3.924929720723771e-18 7.280796936565949e-02
0 78 1.689803020522928e+02 2.133042424340890e-18 9.821962746803801e-02
0 79 1.711301252422942e+02 2.080428927175194e-18 9.821930762919777e-02
1 29 1.731388842969855e+02 2.636207297384538e-14 7.280816182381351e-02
0 80 1.732799167228190e+02 2.080404575397980e-18 9.822132145863861e-02
0 81 1.754296987988089e+02 2.098578697017330e-18 9.822058839010120e-02
0 82 1.775795102922136e+02 2.132361330559473e-18 9.821814862934286e-02
1 30 1.789849296743984e+02 3.914217777528242e-18 7.280718781620764e-02
0 83 1.797293129010664e+02 2.079735868237684e-18 9.821945934196709e-02
0 84 1.818791216433883e+02 2.095186840840708e-18 9.822406275714385e-02
0 85 1.840289238165025e+02 2.080382783327539e-18 9.822158612614974e-02
1 31 1.848309504866265e+02 4.646389179039160e-14 7.280672020365105e-02
0 86 1.861787341406651e+02 2.095548580794090e-18 9.822040755641152e-02
0 87 1.883285607683032e+02 2.095437778691497e-18 9.822224568698741e-02
0 88 1.904783520353249e+02 2.080377781131054e-18 9.822252249938605e-02
1 32 1.906769883148378e+02 3.914085416040466e-18 7.280806912611636e-02
0 89 1.926281434151724e+02 2.094401819236310e-18 9.821988273313532e-02
0 90 1.947779616294997e+02 2.079932608358986e-18 9.821836644183408e-02
1 33 1.965230325219669e+02 3.951113196371937e-18 7.280782949006936e-02
0 91 1.969277571286319e+02 2.195828889883660e-18 9.822052021403432e-02
0 92 1.990775452024823e+02 2.094171199018067e-18 9.822279842584598e-02
0 93 2.012273526425335e+02 2.094030157511975e-18 9.822007440700098e-02
1 34 2.023690687106856e+02 4.611676850370959e-15 7.280630036898304e-02
0 94 2.033771607733542e+02 2.082477804864338e-18 9.822036456974793e-02
0 95 2.055269824187565e+02 2.093133460575451e-18 9.822442634126287e-02
0 96 2.076767792932776e+02 2.092915953306677e-18 9.822276574814105e-02
1 35 2.082150915013920e+02 3.911572319448849e-18 7.280726488306434e-02
0 97 2.098265842955622e+02 2.096899818374481e-18 9.822058743094145e-02
0 98 2.119764086555433e+02 2.120347669481657e-18 9.822069523394122e-02
1 36 2.140611348901138e+02 4.323408830948489e-14 7.280763151058968e-02
0 99 2.141261994946794e+02 2.092353405259456e-18 9.822245876942687e-02
0 100 2.162759823268079e+02 2.092554899374452e-18 9.822102647115920e-02
0 101 2.184257952037890e+02 2.117947020397741e-18 9.821873744517275e-02
1 37 2.199071807753307e+02 3.932620044423119e-18 7.280693961033352e-02
0 102 2.205755961272151e+02 2.092178364838027e-18 9.822029591959582e-02
0 103 2.227254000325566e+02 2.095518882827514e-18 9.822468464828632e-02
0 104 2.248752035400761e+02 2.093796582156188e-18 9.822208320229252e-02
1 38 2.257532038106213e+02 3.931429780988238e-18 7.280608050521890e-02
0 105 2.270250141816377e+02 2.092426555475197e-18 9.822123068053104e-02
0 106 2.291748406827211e+02 2.092305001685873e-18 9.822360796656344e-02
0 107 2.313246328329853e+02 2.080361675963490e-18 9.822339154672152e-02
1 39 2.315992383188952e+02 2.692481134274152e-15 7.280757100211213e-02
0 108 2.334744274894077e+02 2.080408658218550e-18 9.822071468906177e-02
0 109 2.356242472438399e+02 2.082514030072049e-18 9.821949709624553e-02
1 40 2.374452822012057e+02 3.912889747752324e-18 7.280744311145082e-02
0 110 2.377740413821870e+02 2.081266208618112e-18 9.822170989671648e-02
0 111 2.399238263632225e+02 2.079841329146563e-18 9.822311141213308e-02
0 112 2.420736348749414e+02 2.111464183599113e-18 9.822043038254068e-02
1 41 2.432913221206292e+02 3.957255251443158e-18 7.280595268885007e-02
0 113 2.442234415613762e+02 2.090723584880185e-18 9.822103424805841e-02
0 114 2.463732602961042e+02 2.132656672193760e-18 9.822542412593056e-02
0 115 2.485230587438674e+02 2.085914313576363e-18 9.822346312215414e-02
1 42 2.491373428380136e+02 6.377553704793946e-14 7.280653756289754e-02
0 116 2.506728659233748e+02 2.092940517521684e-18 9.822154149795666e-02
0 117 2.528226912706225e+02 2.082468151735915e-18 9.822211250252347e-02
0 118 2.549724817948104e+02 2.090981249059314e-18 9.822352812500981e-02
1 43 2.549833855932802e+02 3.910227323566961e-18 7.280715766733782e-02
0 119 2.571222663201561e+02 2.111604241127246e-18 9.822155100744008e-02
0 120 2.592720806772812e+02 2.131145215839940e-18 9.821944386572215e-02
1 44 2.608294312357464e+02 1.673967917175266e-17 7.280667912045190e-02
0 121 2.614218799559669e+02 2.085973304180500e-18 9.822122134712177e-02
0 122 2.635716788992253e+02 2.093468153801993e-18 9.822520634762191e-02
0 123 2.657214836277153e+02 2.095574167580634e-18 9.822252276141580e-02
1 45 2.666754574826846e+02 3.950576090718660e-18 7.280550187642225e-02
0 124 2.678712940668755e+02 2.092257448532869e-18 9.822200174375512e-02
0 125 2.700211199389655e+02 2.109224278746762e-18 9.822491244430502e-02
0 126 2.721709132377074e+02 2.124267090239770e-18 9.822422502666325e-02
1 46 2.725214883574179e+02 3.952230803580373e-18 7.280700344565727e-02
0 127 2.743207111617346e+02 2.085977217521519e-18 9.822160848095238e-02
0 128 2.764705323885172e+02 2.094740130281274e-18 9.822072614677900e-02
1 47 2.783675321136005e+02 2.862343749083793e-15 7.280698771111163e-02
0 129 2.786203253081039e+02 2.093261767574162e-18 9.822292479930642e-02
0 130 2.807701082653018e+02 2.098137000815074e-18 9.822342577461111e-02
0 131 2.829199179088503e+02 2.096574087414303e-18 9.822081940027402e-02
1 48 2.842135749484738e+02 3.913413909923759e-18 7.280564809198523e-02
0 132 2.850697229951797e+02 2.105416621139715e-18 9.822172268900881e-02
0 133 2.872195381243249e+02 2.092214864502132e-18 9.822631567541984e-02
0 134 2.893693381267933e+02 2.095936040459836e-18 9.822410858641044e-02
1 49 2.900595947805422e+02 1.965526864791875e-14 7.280581490959105e-02
0 135 2.915191469785039e+02 2.090858365307877e-18 9.822247303942823e-02
0 136 2.936689730797057e+02 2.110571053475981e-18 9.822353911447416e-02
0 137 2.958187636453436e+02 2.105096535711952e-18 9.822452738214370e-02
1 50 2.959056361663582e+02 3.908919875167256e-18 7.280674865253267e-02
0 138 2.979685505975476e+02 2.098095910302679e-18 9.822217032884444e-02
0 139 3.001183665020653e+02 2.101301154493295e-18 9.822027713018472e-02
1 51 3.017516811795221e+02 3.928031959611329e-18 7.280639431479195e-02
0 140 3.022681641969928e+02 2.097165478113282e-18 9.822223885798642e-02
0 141 3.044179583494800e+02 2.104350205671228e-18 9.822564093047241e-02
0 142 3.065677642045337e+02 2.108202430693510e-18 9.822291446148040e-02
1 52 3.075977113428744e+02 4.052985690429315e-15 7.280499951852941e-02
0 143 3.087175739791635e+02 2.103089854340544e-18 9.822272527070648e-02
0 144 3.108673986356024e+02 2.097986113275192e-18 9.822614329126485e-02
0 145 3.130171932856977e+02 2.106625055869565e-18 9.822502479710729e-02
1 53 3.134437386371567e+02 3.931206823506996e-18 7.280636823047627e-02
0 146 3.151669943069288e+02 2.107483140230021e-18 9.822254447392105e-02
0 147 3.173168169068845e+02 2.104362414495937e-18 9.822203485660116e-02
1 54 3.192897822863634e+02 3.958405882315389e-18 7.280648549051549e-02
0 148 3.194666087991752e+02 2.106977860690328e-18 9.822413139305126e-02
0 149 3.216163908849840e+02 2.114595318599940e-18 9.822377179970752e-02
0 150 3.237662017544473e+02 2.112144061582470e-18 9.822127092432041e-02
1 55 3.251358271227061e+02 6.014810682774390e-14 7.280538580429499e-02
0 151 3.259160051640866e+02 2.113656801552186e-18 9.822245558045305e-02
0 152 3.280658160705397e+02 2.117674434469862e-18 9.822709796687379e-02
0 153 3.302156175602336e+02 2.121821878868212e-18 9.822469645737338e-02
1 56 3.309818473399391e+02 3.956723173889552e-18 7.280511017249823e-02
0 154 3.323654275407410e+02 2.120934519495035e-18 9.822336815176944e-02
0 155 3.345152540976912e+02 2.119266319661309e-18 9.822495484774806e-02
0 156 3.366650450642678e+02 2.123979086673190e-18 9.822546540258180e-02
1 57 3.368278864528691e+02 1.313076955396197e-14 7.280634299863800e-02
0 157 3.388148349503155e+02 2.129577956138280e-18 9.822288368584965e-02
0 158 3.409646524305301e+02 2.128382481603596e-18 9.822123770537115e-02
1 58 3.426739308619370e+02 4.043849753651488e-18 7.280607542353802e-02
0 159 3.431144486174946e+02 2.256610800357001e-17 9.822334107350618e-02
0 160 3.452642384621259e+02 2.210535075284460e-17 9.822600786770808e-02
0 161 3.474140453866736e+02 2.189345349122253e-17 9.822327486352243e-02
1 59 3.485199651878107e+02 3.936247850992733e-18 7.280455901459618e-02
0 162 3.495638541139177e+02 2.177145372223482e-17 9.822341318614568e-02
0 163 3.517136768969873e+02 2.172650733232583e-17 9.822728749443976e-02
0 164 3.538634730345886e+02 2.136646637967552e-17 9.822578816327363e-02
1 60 3.543659892208742e+02 1.624725721051039e-15 7.280567443252577e-02
0 165 3.560132768524543e+02 2.116793610248285e-17 9.822350245715056e-02
0 166 3.581631006966813e+02 2.118990678350584e-17 9.822340318077009e-02
1 61 3.602120327659706e+02 3.931000428802021e-18 7.280596173954539e-02
0 167 3.603128918111234e+02 2.083419149649424e-17 9.822529811605503e-02
0 168 3.624626741556589e+02 2.038851811867561e-17 9.822417649823798e-02
0 169 3.646124863611077e+02 2.025074693044609e-17 9.822181173807237e-02
