0 0 1.226922353360761e+00 1.116562900303732e-13 9.622117869472356e-02
0 1 3.376723505819487e+00 1.113394257339561e-13 9.622228074631256e-02
1 0 3.530074390015014e+00 4.059194977751862e-18 7.133496972347557e-02
0 2 5.526497907155817e+00 1.104340204539802e-13 9.622017734896376e-02
0 3 7.676295130526753e+00 1.094144698986753e-13 9.621805637471487e-02
1 1 9.376164485128543e+00 4.001241969327276e-18 7.133501841173168e-02
0 4 9.826094467397327e+00 1.086182898790192e-13 9.621979394785617e-02
0 5 1.197587992373582e+01 1.081428817228292e-13 9.622349330356679e-02
0 6 1.412565615076810e+01 1.068958349163878e-13 9.622137493452554e-02
1 2 1.522225133639923e+01 1.416583323931186e-15 7.133283043299235e-02
0 7 1.627544582219139e+01 1.055968273159166e-13 9.622102320196899e-02
0 8 1.842528177770747e+01 1.052925213129908e-13 9.622486503492933e-02
0 9 2.057507501457238e+01 1.045593455618294e-13 9.622439306284483e-02
1 3 2.106826224094139e+01 3.996777510085413e-18 7.133387174228334e-02
0 10 2.272486017357496e+01 1.032261522218156e-13 9.622212617100895e-02
0 11 2.487467990481660e+01 1.023514483579653e-13 9.622115518123026e-02
1 4 2.691431395819182e+01 1.118791920046119e-14 7.133487288165949e-02
0 12 2.702448286447638e+01 1.016553992430674e-13 9.622310191745796e-02
0 13 2.917425235246989e+01 1.004233476472371e-13 9.622280115374232e-02
0 14 3.132403477706205e+01 9.884351219586704e-14 9.622044431875026e-02
1 5 3.276042330622466e+01 4.083815753186038e-18 7.133361983865218e-02
0 15 3.347382845908807e+01 9.747498178244748e-14 9.622138440475146e-02
0 16 3.562364082034668e+01 9.701893947582813e-14 9.622676047266152e-02
0 17 3.777342275633339e+01 9.562673251185059e-14 9.622515592492915e-02
1 6 3.860646626203126e+01 4.073009617185094e-18 7.133250838359895e-02
0 18 3.992321225003521e+01 9.402824064572794e-14 9.622381967210883e-02
0 19 4.207304819314033e+01 9.351385329508361e-14 9.622526288849823e-02
0 20 4.422284807158719e+01 9.271284575711189e-14 9.622601086248506e-02
1 7 4.445248553824255e+01 4.052091254710766e-18 7.133418913022496e-02
0 21 4.637262504597206e+01 9.104538596295033e-14 9.622370482722487e-02
0 22 4.852242732724540e+01 8.967880786042333e-14 9.622174530147555e-02
1 8 5.029856730436858e+01 3.998104600142268e-18 7.133451320587764e-02
0 23 5.067222802534799e+01 8.853584277773981e-14 9.622363727826014e-02
0 24 5.282200729301493e+01 8.733266983240399e-14 9.622646477751898e-02
0 25 5.497178336541533e+01 8.544242693774587e-14 9.622424977339325e-02
1 9 5.614466431259412e+01 4.126255985527866e-18 7.133229133378491e-02
0 26 5.712157337645571e+01 8.373003886133665e-14 9.622419550649741e-02
0 27 5.927140635751515e+01 8.338666580587899e-14 9.622864746269176e-02
0 28 6.142119715968877e+01 8.216259942188403e-14 9.622787084820406e-02
1 10 6.199067789704771e+01 4.041123469913659e-18 7.133290625119254e-02
0 29 6.357098399004152e+01 8.044635261632192e-14 9.622575559518208e-02
0 30 6.572080833383247e+01 7.959169555845170e-14 9.622521265782927e-02
0 31 6.787061119363733e+01 7.867521643275065e-14 9.622700097608569e-02
1 11 6.783672137832953e+01 4.006156190027691e-18 7.133406360368948e-02
0 32 7.002038104807994e+01 7.693023317620426e-14 9.622599304354217e-02
0 33 7.217016712708578e+01 7.517796044594290e-14 9.622365861402027e-02
1 12 7.368282754376601e+01 1.026411096362745e-17 7.133325736621443e-02
0 34 7.431996245010076e+01 7.372059069996756e-14 9.622485980952834e-02
0 35 7.646976682753949e+01 7.296743243836954e-14 9.623002086662580e-02
0 36 7.861954648835156e+01 7.131922320881089e-14 9.622823806193541e-02
1 13 7.952888324899173e+01 4.015029337183772e-18 7.133170495180116e-02
0 37 8.076933606285886e+01 6.968103194716912e-14 9.622717431412710e-02
0 38 8.291917349229506e+01 6.928015193950526e-14 9.622930810723238e-02
0 39 8.506897177705271e+01 6.836536203926551e-14 9.622968984086741e-02
1 14 8.537489774927290e+01 4.023989289113884e-18 7.133335646470014e-02
0 40 8.721875136442252e+01 6.674586236417119e-14 9.622729426239866e-02
0 41 8.936855879780168e+01 6.562061553596684e-14 9.622554763862876e-02
1 15 9.122097084768009e+01 4.092403606868712e-15 7.133391273077290e-02
0 42 9.151836056857555e+01 6.462594911508533e-14 9.622754121953576e-02
0 43 9.366813507950550e+01 6.336924605968336e-14 9.622942748365823e-02
0 44 9.581791188800500e+01 6.180592407219560e-14 9.622713928710810e-02
1 16 9.706707526497060e+01 3.998451027422457e-18 7.133180880210777e-02
0 45 9.796770256101740e+01 6.048870393331748e-14 9.622738126234012e-02
0 46 1.001175311136714e+02 6.015437581392191e-14 9.623232616226290e-02
0 47 1.022673193451178e+02 5.918433435142633e-14 9.623127456299130e-02
1 17 1.029130942991990e+02 4.565897953718701e-15 7.133194905342034e-02
0 48 1.044171074256925e+02 5.801968034389375e-14 9.622935052982255e-02
0 49 1.065669359491768e+02 5.751750238723894e-14 9.622930440142949e-02
0 50 1.087167383635087e+02 5.695165647072373e-14 9.623085740324940e-02
1 18 1.087591299768289e+02 4.035034980489288e-18 7.133327863322457e-02
0 51 1.108665096010671e+02 5.594682593193545e-14 9.622929232516957e-02
0 52 1.130162999320471e+02 5.508705326590878e-14 9.622701489411079e-02
1 19 1.146052306234930e+02 4.016158462728785e-18 7.133287469819809e-02
0 53 1.151660969636854e+02 5.440078339428687e-14 9.622845586622172e-02
0 54 1.173158932504260e+02 5.401707482943590e-14 9.623316768833008e-02
0 55 1.194656710531148e+02 5.344041338578806e-14 9.623123109473442e-02
1 20 1.204512995762858e+02 6.450177407471367e-18 7.133097968462199e-02
0 56 1.216154606114716e+02 5.293623595293332e-14 9.623045193448750e-02
0 57 1.237652983910030e+02 5.272156609721870e-14 9.623329576715491e-02
0 58 1.259150947889557e+02 5.259895031932016e-14 9.623331661027727e-02
1 21 1.262973110562184e+02 4.002228961208970e-18 7.133246751453153e-02
0 59 1.280648768500402e+02 5.244475316014396e-14 9.623092282148886e-02
0 60 1.302146894163058e+02 5.231944802810010e-14 9.622944593738386e-02
1 22 1.321433753102784e+02 4.043401851767950e-18 7.133323109223522e-02
0 61 1.323644919315115e+02 5.233169533194585e-14 9.623147623743557e-02
0 62 1.345142632712023e+02 5.270559850212954e-14 9.623242038563327e-02
0 63 1.366640417367379e+02 5.318204752229613e-14 9.623008369873597e-02
1 23 1.379894840686107e+02 4.039866164599453e-18 7.133139907542987e-02
0 64 1.388138334221089e+02 5.363705369137529e-14 9.623061692202739e-02
0 65 1.409636561728779e+02 5.372691910302400e-14 9.623589063247931e-02
0 66 1.431134417738158e+02 5.460510244519496e-14 9.623459368148607e-02
1 24 1.438355112482591e+02 4.006605113001255e-18 7.133101573772403e-02
0 67 1.452632306855659e+02 5.559512171386629e-14 9.623289197775116e-02
0 68 1.474130628054900e+02 5.570791268514085e-14 9.623340982974465e-02
0 69 1.495628644299443e+02 5.656116200967614e-14 9.623466455937287e-02
1 25 1.496815396302732e+02 4.020338576832786e-18 7.133253274865314e-02
0 70 1.517126377496632e+02 5.841385118955060e-14 9.623269586484594e-02
0 71 1.538624327718739e+02 5.991166025881148e-14 9.623051437753545e-02
1 26 1.555276331978580e+02 4.008335346776494e-18 7.133245898990849e-02
0 72 1.560122314500739e+02 6.131232510051846e-14 9.623216683625362e-02
0 73 1.581620200758552e+02 6.310399157922007e-14 9.623622128475302e-02
0 74 1.603117966103607e+02 6.597009676102746e-14 9.623415429299746e-02
1 27 1.613737148407352e+02 3.996890750386356e-18 7.133032926068254e-02
0 75 1.624615862043655e+02 6.855043051971229e-14 9.623366771939661e-02
0 76 1.646114230534687e+02 6.863882940445497e-14 9.623721016238171e-02
0 77 1.667612173070409e+02 7.106802313581223e-14 9.623688795627003e-02
1 28 1.672197253637463e+02 1.016577021208073e-14 7.133152916984903e-02
0 78 1.689110015732004e+02 7.456192669518158e-14 9.623456803142105e-02
0 79 1.710608191450729e+02 7.622034877324113e-14 9.623342275804754e-02
1 29 1.730657809158541e+02 4.000401659625060e-18 7.133247942601989e-02
0 80 1.732106220602345e+02 7.859129476169607e-14 9.623541416566041e-02
0 81 1.753603917995680e+02 8.355195021797089e-14 9.623547800337488e-02
0 82 1.775101728097684e+02 8.856586701736496e-14 9.623311952616194e-02
1 30 1.789118907763090e+02 1.563240121339463e-15 7.133101852896832e-02
0 83 1.796599658283505e+02 9.280861978243630e-14 9.623393500205112e-02
0 84 1.818097816165534e+02 9.463981756193810e-14 9.623933294807679e-02
0 85 1.839595646310522e+02 1.002035697526690e-13 9.623781905927627e-02
1 31 1.847579284172940e+02 4.085619509040612e-18 7.133012367643987e-02
0 86 1.861093539998525e+02 1.058284728036545e-13 9.623636405736750e-02
0 87 1.882591889730864e+02 1.066575241166489e-13 9.623750712640061e-02
0 88 1.904089894674522e+02 1.107990303927006e-13 9.623842044125819e-02
1 32 1.906039502896091e+02 4.019529336286972e-18 7.133178073565148e-02
0 89 1.925587652660461e+02 1.185888358876228e-13 9.623619066368064e-02
0 90 1.947085652656006e+02 2.292306294242501e-14 9.623414895109333e-02
1 33 1.964500358558686e+02 6.771742333372055e-17 7.133197694932336e-02
0 91 1.968583654139411e+02 2.198127888585933e-14 9.623597595388934e-02
0 92 1.990081473027828e+02 2.087950264299420e-14 9.623921166096576e-02
0 93 2.011579233130524e+02 1.952791443868137e-14 9.623703718268767e-02
1 34 2.022961285786671e+02 4.000575507286256e-18 7.132974970611197e-02
0 94 2.033077131315619e+02 1.834091321608656e-14 9.623684736237322e-02
0 95 2.054575476546930e+02 1.806239592404807e-14 9.624103792784114e-02
0 96 2.076073395491504e+02 1.715467898137042e-14 9.624039805228307e-02
1 35 2.081421406297365e+02 2.604506230985497e-14 7.133057205576658e-02
0 97 2.097571256636216e+02 1.601270046224945e-14 9.623820838942791e-02
0 98 2.119069479995820e+02 1.549844054062789e-14 9.623746073794609e-02
0 99 2.140567509669790e+02 1.476637573018348e-14 9.623933145599661e-02
1 36 2.139881877604621e+02 3.996925151013358e-18 7.133165725253601e-02
0 100 2.162065205181819e+02 1.349972230317265e-14 9.623862618855017e-02
0 101 2.183563048704199e+02 1.237984965820854e-14 9.623627535333648e-02
1 37 2.198342956184156e+02 4.042271478135003e-18 7.133064770025023e-02
0 102 2.205060994626423e+02 1.141604276907843e-14 9.623735963766715e-02
0 103 2.226559074796068e+02 1.081350517249806e-14 9.624265043548580e-02
0 104 2.248056880869178e+02 9.779220747058283e-15 9.624094634146946e-02
1 38 2.256803455119710e+02 4.008894677840819e-18 7.132929205023987e-02
0 105 2.269554776274063e+02 8.816943029889979e-15 9.623975686219818e-02
0 106 2.291053145477306e+02 8.612762592377897e-15 9.624157467933254e-02
0 107 2.312551135835724e+02 7.984000948472205e-15 9.624212501584929e-02
1 39 2.315263620030893e+02 4.006835869790064e-18 7.133097410432139e-02
0 108 2.334048919992310e+02 7.006261761310940e-15 9.623975724669852e-02
0 109 2.355546971255369e+02 6.387147487104377e-15 9.623790440746129e-02
1 40 2.373724389816968e+02 4.063896388856154e-18 7.133142223628346e-02
0 110 2.377044984820942e+02 5.757209762004082e-15 9.623985851339011e-02
0 111 2.398542749425837e+02 4.926021324318775e-15 9.624217565227360e-02
0 112 2.420040512864358e+02 4.068353766220534e-15 9.623991680594705e-02
1 41 2.432185404260472e+02 2.284444751281175e-14 7.132925582527835e-02
0 113 2.441538416215389e+02 3.381987444598405e-15 9.624002419111413e-02
0 114 2.463036723635340e+02 3.197605986923467e-15 9.624476705701610e-02
0 115 2.484534617358653e+02 2.664747785127379e-15 9.624383845963740e-02
1 42 2.490645567279736e+02 4.015738449721958e-18 7.132961139468849e-02
0 116 2.506032492897909e+02 2.103003603854920e-15 9.624182321406820e-02
0 117 2.527530760198884e+02 1.908760157413667e-15 9.624154171562199e-02
0 118 2.549028786927614e+02 1.580652218921752e-15 9.624321131472303e-02
1 43 2.549105958071265e+02 4.492845377688486e-16 7.133085385473002e-02
0 119 2.570526492078463e+02 1.066891590408820e-15 9.624187931695342e-02
0 120 2.592024375669719e+02 7.100183386671899e-16 9.623956899446258e-02
1 44 2.607566991204752e+02 4.013281781485693e-18 7.133028074329503e-02
0 121 2.613522338572697e+02 4.490567173252374e-16 9.624090345406083e-02
0 122 2.635020337623851e+02 2.769900468111880e-16 9.624584859390282e-02
0 123 2.656518123033578e+02 9.408698126144532e-17 9.624397938113582e-02
1 45 2.666027621751776e+02 4.146210472826654e-18 7.132852846874810e-02
0 124 2.678016018556367e+02 1.156222564183808e-17 9.624306948282141e-02
0 125 2.699514396560025e+02 5.202343044909505e-18 9.624559270532744e-02
0 126 2.721012369270079e+02 9.670785352505803e-18 9.624577792909315e-02
1 46 2.724487747687386e+02 3.936890240875469e-16 7.133010109204671e-02
0 127 2.742510178943684e+02 9.812097943913406e-17 9.624337318736036e-02
0 128 2.764008281777250e+02 1.976197547902973e-16 9.624176374423368e-02
1 47 2.782948429550844e+02 3.998648942807005e-18 7.133079177464562e-02
0 129 2.785506304276860e+02 3.622485278298993e-16 9.624378565196309e-02
0 130 2.807004029979913e+02 7.232564151457385e-16 9.624515265493785e-02
0 131 2.828501805911247e+02 1.220431106876281e-15 9.624283349354366e-02
1 48 2.841409501747967e+02 2.255330370506352e-14 7.132881454233007e-02
0 132 2.849999717879458e+02 1.759892562868992e-15 9.624323481407954e-02
0 133 2.871497973232104e+02 1.978797412617385e-15 9.624838643791868e-02
0 134 2.892995840772016e+02 2.620909104180554e-15 9.624719890433807e-02
1 49 2.899869733953893e+02 4.036690393542220e-18 7.132866277693579e-02
0 135 2.914493726462349e+02 3.409398782226097e-15 9.624539275840202e-02
0 136 2.935992032561900e+02 3.666219178160742e-15 9.624564589259771e-02
0 137 2.957490052888863e+02 4.295561340193820e-15 9.624704409632645e-02
1 50 2.958330049668525e+02 4.002071160153242e-18 7.133009995778239e-02
0 138 2.978987776089824e+02 5.539218402933528e-15 9.624523945602403e-02
0 139 3.000485704849441e+02 6.617073320942061e-15 9.624300660784021e-02
1 51 3.016791018588241e+02 4.045910385128214e-18 7.132988137528851e-02
0 140 3.021983684673462e+02 7.723758988413313e-15 9.624456630660129e-02
0 141 3.043481604513290e+02 8.948075930551501e-15 9.624894306964309e-02
0 142 3.064979374407345e+02 1.072944602571766e-14 9.624693252977527e-02
1 52 3.075251779395507e+02 3.998374524649849e-18 7.132783949896022e-02
0 143 3.086477269911987e+02 1.245639092704541e-14 9.624631202159167e-02
0 144 3.107975644526121e+02 1.277688254902076e-14 9.624954421296762e-02
0 145 3.129473596844574e+02 1.423104763650877e-14 9.624937706225771e-02
1 53 3.133711886048778e+02 4.090076534746966e-18 7.132918509029006e-02
0 146 3.150971429876327e+02 1.634621056607884e-14 9.624701570854499e-02
0 147 3.172469583494369e+02 1.749599778485866e-14 9.624570944637550e-02
1 54 3.192172480337146e+02 2.751002030368391e-14 7.133005179610755e-02
0 148 3.193967611525817e+02 1.910863874433713e-14 9.624772820577890e-02
0 149 3.215465314296491e+02 2.202114032851000e-14 9.624817975959600e-02
0 150 3.236963111822552e+02 2.496602111550178e-14 9.624582600866295e-02
1 55 3.250633577383899e+02 4.052618175307349e-18 7.132840885159987e-02
0 151 3.258461035814501e+02 2.767096336989063e-14 9.624651412014941e-02
0 152 3.279959226357903e+02 2.901621803127460e-14 9.625188669010377e-02
0 153 3.301457067660372e+02 3.207042528819527e-14 9.625046922903624e-02
1 56 3.309093904523590e+02 8.286444977615011e-17 7.132775048449468e-02
0 154 3.322954959512513e+02 3.528555978391254e-14 9.624889942526799e-02
0 155 3.344453297702698e+02 3.606478547131180e-14 9.624975186076883e-02
0 156 3.365951308195109e+02 3.847012029474752e-14 9.625082591255701e-02
1 57 3.367554151556926e+02 4.002005032999033e-18 7.132935651672444e-02
0 157 3.387449054722861e+02 4.274577855038581e-14 9.624869765055322e-02
0 158 3.408947032177862e+02 4.594821603872313e-14 9.624658390980542e-02
1 58 3.426015043555767e+02 4.022752537706786e-18 7.132943115386939e-02
0 159 3.430445027629638e+02 4.926076813471455e-14 9.624833608614226e-02
0 160 3.451942875390451e+02 5.347238337689453e-14 9.625195979870353e-02
0 161 3.473440636568091e+02 5.874145958520835e-14 9.624983096867305e-02
1 59 3.484475923582084e+02 1.542209240470634e-15 7.132723731110657e-02
0 162 3.494938533369163e+02 2.142222370679172e-18 9.624950573086870e-02
0 163 3.516436891094072e+02 2.142159999565280e-18 9.625341488916161e-02
0 164 3.537934820675780e+02 2.655099412052613e-18 9.625291781809305e-02
1 60 3.542936034614174e+02 3.997117129581943e-18 7.132823866415013e-02
0 165 3.559432673851210e+02 2.413448121074810e-18 9.625066286872284e-02
0 166 3.580930876366523e+02 2.571401849912413e-18 9.624972420581453e-02
1 61 3.601396542749005e+02 1.055826132089929e-14 7.132925477504823e-02
0 167 3.602428906450718e+02 2.284535373282705e-18 9.625166020568714e-02
0 168 3.623926601270428e+02 2.201368254765703e-18 9.625128714069223e-02
0 169 3.645424428828795e+02 2.439646930489339e-18 9.624892693738629e-02
