1 0 2.769270788222653e+00 1.945051544672555e-14 6.794050702726109e-02
0 0 6.617853669411177e+00 3.947279895807651e-17 5.355689624921892e-02
1 1 8.616199708872577e+00 4.864824071581513e-14 6.794194197010904e-02
1 2 1.446313598775514e+01 4.478116981680285e-18 6.794471201798391e-02
1 3 2.031006715018487e+01 4.823478098901804e-18 6.794118135857760e-02
0 1 2.119979258496452e+01 4.130409022710116e-17 5.355944929882681e-02
1 4 2.615700210272404e+01 4.190659506027420e-18 6.793919534471392e-02
1 5 3.200401348557234e+01 4.190637620653563e-18 6.793917149951140e-02
0 2 3.578188818204679e+01 4.460024065858180e-17 5.355761126548815e-02
1 6 3.785094991349627e+01 4.631437001977893e-18 6.794051654770018e-02
1 7 4.369789068445643e+01 4.499454989658777e-18 6.794332349938834e-02
1 8 4.954481914140286e+01 4.211789489789299e-18 6.794009068614969e-02
0 3 5.036384327030734e+01 4.824498235058203e-17 5.356024022053434e-02
1 9 5.539176004917275e+01 4.576430265208752e-18 6.793812581829908e-02
1 10 6.123878086222864e+01 4.212680831327035e-18 6.793795893159907e-02
0 4 6.494591351456464e+01 5.045480558656962e-17 5.355823878532649e-02
1 11 6.708572396314941e+01 4.370421052304490e-18 6.793921494421439e-02
1 12 7.293266633322831e+01 4.224777250176051e-18 6.794205329302420e-02
1 13 7.877958943502989e+01 4.190709384601219e-18 6.793917242053087e-02
0 5 7.952788145762671e+01 5.583091179376065e-17 5.356091175268294e-02
1 14 8.462653233883023e+01 4.427493859041142e-18 6.793720199441441e-02
1 15 9.047355940763565e+01 4.373579881642830e-18 6.793689095478658e-02
0 6 9.410992398467576e+01 6.034490629894339e-17 5.355876895701222e-02
1 16 9.632050510213385e+01 4.190704359567789e-18 6.793807200389843e-02
1 17 1.021674454124416e+02 2.134906469501447e-14 6.794090692401207e-02
1 18 1.080143590000573e+02 3.692517495818157e-15 6.793843834148099e-02
0 7 1.086919032501391e+02 6.557474268536204e-17 5.356145320154115e-02
1 19 1.138613018604175e+02 2.513032277721909e-14 6.793643483903074e-02
1 20 1.197083337102763e+02 3.524383938342902e-14 6.793595952930492e-02
0 8 1.232739126249821e+02 7.152665569780899e-17 5.355920032328650e-02
1 21 1.255552813825158e+02 1.125935081253683e-13 6.793705584214665e-02
1 22 1.314022207552002e+02 3.497807285209082e-14 6.793988008737679e-02
1 23 1.372491263402914e+02 1.384438370108155e-14 6.793782382315074e-02
0 9 1.378558939146630e+02 7.585683749559417e-17 5.356186612544553e-02
1 24 1.430960726745787e+02 7.172242983782668e-15 6.793581139909409e-02
1 25 1.489431133941654e+02 4.075787306886666e-15 6.793514495644902e-02
0 10 1.524378562546591e+02 8.168878157867686e-17 5.355953409403324e-02
1 26 1.547900682318106e+02 2.206251781434545e-15 6.793614950798832e-02
1 27 1.606370143179998e+02 1.079321698085555e-15 6.793895448778732e-02
1 28 1.664839201029153e+02 4.665564064206370e-16 6.793729750081154e-02
0 11 1.670198202783355e+02 8.818730744209796e-17 5.356215860275235e-02
1 29 1.723308780635234e+02 1.886945937391689e-16 6.793530562236165e-02
1 30 1.781779357552661e+02 7.006538691605978e-17 6.793443781602131e-02
0 12 1.816017165172010e+02 9.527357425898449e-17 5.355976954485009e-02
1 31 1.840249058513922e+02 1.542385191200781e-17 6.793534543352449e-02
1 32 1.898718683143892e+02 6.593658741443346e-18 6.793812865905119e-02
1 33 1.957187845868100e+02 4.934937536633775e-18 6.793684773893567e-02
0 13 1.961836415747047e+02 1.028005596334172e-16 5.356233623689032e-02
1 34 2.015657617711060e+02 4.911976917399037e-18 6.793490899161841e-02
1 35 2.074128431878092e+02 4.190982861804939e-18 6.793384949323282e-02
0 14 2.107654558781586e+02 1.127235640767781e-16 5.355990290088846e-02
1 36 2.132598341328666e+02 4.865709101436916e-18 6.793465671027954e-02
1 37 2.191068181750189e+02 5.639638254351674e-16 6.793742461074212e-02
1 38 2.249537507703770e+02 2.279287822314390e-15 6.793649601799601e-02
0 15 2.253473282965554e+02 1.214026163160972e-16 5.356239632224189e-02
1 39 2.308007498028285e+02 2.359308122260069e-15 6.793464179201093e-02
1 40 2.366478564402175e+02 1.427544657961375e-15 6.793340639177473e-02
0 16 2.399290537260056e+02 1.326770356445758e-16 5.355992934918995e-02
1 41 2.424948683648146e+02 6.949512492948019e-16 6.793411134061322e-02
1 42 2.483418721995722e+02 4.727186818822721e-18 6.793687444513240e-02
0 17 2.545108715296154e+02 1.429891211193763e-16 5.356233102508309e-02
1 43 2.541888199652488e+02 5.440678324796210e-18 6.793628441471343e-02
1 44 2.600358384762884e+02 6.570346748180823e-18 6.793453905665829e-02
1 45 2.658829672873294e+02 6.436815927500323e-18 6.793313028938458e-02
0 18 2.690925084447650e+02 1.569686165884673e-16 5.355984700742156e-02
1 46 2.717299967770230e+02 2.208556085608681e-17 6.793373258996081e-02
1 47 2.775770151272484e+02 5.907877176614293e-17 6.793649598662023e-02
0 19 2.836742753059362e+02 1.689577206586415e-16 5.356213903435757e-02
1 48 2.834239734660826e+02 2.111723376969829e-16 6.793624378141762e-02
1 49 2.892710078369141e+02 7.664273315345699e-16 6.793462006194483e-02
1 50 2.951181552988272e+02 2.543226994817370e-15 6.793301855501183e-02
0 20 2.982558251488218e+02 1.859580112347094e-16 5.355966119820974e-02
1 51 3.009651998853440e+02 7.824440799972431e-15 6.793351914485135e-02
1 52 3.068122299775409e+02 2.283368800788502e-14 6.793627533483482e-02
0 21 3.128375409437431e+02 2.016046611400005e-16 5.356183684660241e-02
1 53 3.126591968860970e+02 6.330607721821135e-14 6.793636532091971e-02
1 54 3.185062460452229e+02 1.485891959015378e-14 6.793486550122084e-02
1 55 3.243534115908178e+02 3.829270893815224e-14 6.793303965443177e-02
0 22 3.274190017492683e+02 2.218503028079901e-16 5.355938623998639e-02
1 56 3.302004723867984e+02 5.142812160575391e-18 6.793344055241092e-02
1 57 3.360475168720173e+02 5.076589764651515e-18 6.793617062998955e-02
0 23 3.420006588387411e+02 2.408585388522766e-16 5.356145888181882e-02
1 58 3.418944958330630e+02 4.788891357452485e-18 6.793659850449295e-02
1 59 3.477415620430464e+02 5.371086106372073e-18 6.793522292853782e-02
1 60 3.535887481168486e+02 4.502850895977340e-18 6.793314914022654e-02
0 24 3.565820260403146e+02 2.658150340601522e-16 5.355904233112052e-02
1 61 3.594358284508151e+02 4.811637557052962e-18 6.793345319102327e-02
1 62 3.652828929233061e+02 4.606443977336093e-18 6.793613634209987e-02
