1 0 2.799401029060403e+00 7.078268205855439e-18 7.099763582290464e-02
0 0 6.459361070365844e+00 1.196480214781064e-16 5.323837530720645e-02
1 1 8.646225206841759e+00 4.661169755044941e-18 7.099898226842562e-02
1 2 1.449299504203222e+01 5.624744448472714e-18 7.100119439658457e-02
1 3 2.033974574225090e+01 4.010216740011736e-18 7.099807423988833e-02
0 1 2.104161145835893e+01 1.132461617823032e-16 5.324071255126977e-02
1 4 2.618663422415779e+01 4.447998120366220e-18 7.099626000326789e-02
1 5 3.203362968116436e+01 5.230933290751316e-18 7.099712715551468e-02
0 2 3.562348642568864e+01 1.033664409168704e-16 5.323823865835478e-02
1 6 3.788050199722313e+01 4.216239638882223e-18 7.099838275295751e-02
1 7 4.372731952526305e+01 4.165856579843326e-18 7.100065870377328e-02
1 8 4.957411047777473e+01 4.726930143970794e-18 7.099800579182036e-02
0 3 5.020556552603845e+01 9.731860127017975e-17 5.324049634207390e-02
1 9 5.542104317800545e+01 1.887296670161914e-17 7.099623594864964e-02
1 10 6.126809092687124e+01 7.785049708142048e-18 7.099687053894976e-02
0 4 6.478724700375456e+01 8.598802918659802e-17 5.323791901714899e-02
1 11 6.711500800322470e+01 4.517794688629367e-18 7.099804621765299e-02
1 12 7.296186897483416e+01 4.265837349390339e-18 7.100036359186289e-02
1 13 7.880869587202808e+01 4.648549141429628e-18 7.099824984281512e-02
0 5 7.936916812483425e+01 8.142514238190810e-17 5.324008459331615e-02
1 14 8.465567039477510e+01 4.390752888645970e-18 7.099645404579570e-02
1 15 9.050276823983226e+01 4.465118084344978e-18 7.099688585193020e-02
0 6 9.395066829059888e+01 7.452454388178613e-17 5.323742262504284e-02
1 16 9.634972531645488e+01 4.850428557388682e-18 7.099797654765219e-02
1 17 1.021966244669775e+02 4.088866795622568e-18 7.100032798775315e-02
1 18 1.080434820218021e+02 1.274218743936805e-13 7.099874061124506e-02
0 7 1.085324475189066e+02 6.818080639258721e-17 5.323948420627417e-02
1 19 1.138904935327326e+02 6.080654942553457e-15 7.099693444085159e-02
1 20 1.197376361802808e+02 2.643116475477981e-15 7.099714347931807e-02
0 8 1.231137831070884e+02 6.428012643195689e-17 5.323676810576038e-02
1 21 1.255846283396510e+02 9.204616758634570e-15 7.099813604118767e-02
1 22 1.314315603265135e+02 9.704411565124163e-15 7.100052999787389e-02
1 23 1.372784438382346e+02 8.975713841966758e-14 7.099942097190770e-02
0 9 1.376954375040179e+02 5.819342490564743e-17 5.323872169978536e-02
1 24 1.431254844768598e+02 4.097003006330062e-14 7.099763710298813e-02
1 25 1.489726645365273e+02 1.682176148803182e-14 7.099758191697610e-02
0 10 1.522766313561523e+02 5.228827364946640e-17 5.323599005525766e-02
1 26 1.548196856334854e+02 6.231009722976462e-15 7.099846706676269e-02
1 27 1.606666454038787e+02 2.049860689843277e-15 7.100090395113762e-02
1 28 1.665135507929852e+02 5.830312928843193e-16 7.100021880030662e-02
0 11 1.668581797848282e+02 4.694771401658813e-17 5.323784207862027e-02
1 29 1.723606118187071e+02 1.462295365271976e-16 7.099849267496940e-02
1 30 1.782078210580405e+02 3.067224954022295e-17 7.099813150863141e-02
0 12 1.814392592069587e+02 4.151591410629174e-17 5.323512981310144e-02
1 31 1.840548639157493e+02 9.298465949114120e-18 7.099890384692940e-02
1 32 1.899018462936579e+02 6.302815993836413e-18 7.100138016925543e-02
1 33 1.957487695563936e+02 6.511405864862218e-18 7.100107236577390e-02
0 13 1.960207235227042e+02 3.619057948756990e-17 5.323689315883665e-02
1 34 2.015958441416026e+02 5.302700523017456e-18 7.099943579968621e-02
1 35 2.074430754773159e+02 5.302693665994029e-18 7.099874646237560e-02
0 14 2.106017160773294e+02 3.337589597554919e-17 5.323422182023187e-02
1 36 2.132901329789310e+02 2.517046108492800e-15 7.099940421731558e-02
1 37 2.191371324221655e+02 4.477097416720152e-14 7.100191855915644e-02
0 15 2.251831209990304e+02 3.105144202136677e-17 5.323591006593886e-02
1 38 2.249840691549667e+02 1.148890724178810e-13 7.100195856659054e-02
1 39 2.308311532356926e+02 4.582713502425300e-18 7.100043276866427e-02
1 40 2.366784015495580e+02 4.010138649943629e-18 7.099941227832149e-02
0 16 2.397640517341277e+02 2.552124223059392e-17 5.323328959782101e-02
1 41 2.425254676510783e+02 5.302640396419989e-18 7.099995685554744e-02
1 42 2.483724782059278e+02 5.302548466465283e-18 7.100251314159736e-02
0 17 2.543454237272523e+02 2.310156022042351e-17 5.323491459597356e-02
1 43 2.542194233705297e+02 5.486825357837916e-18 7.100288606953567e-02
1 44 2.600665135245239e+02 2.161828171791744e-17 7.100147802751564e-02
1 45 2.659137742775949e+02 1.201402148368768e-16 7.100012208627146e-02
0 18 2.689263166256879e+02 2.203691149156363e-17 5.323235512001210e-02
1 46 2.717608438623761e+02 5.386279934888831e-16 7.100055749577867e-02
1 47 2.776078590452406e+02 2.062905888800700e-15 7.100316257466635e-02
0 19 2.835076829403726e+02 2.179888637752356e-17 5.323392890865673e-02
1 48 2.834548068227511e+02 7.022896630305593e-15 7.100385663793028e-02
1 49 2.893018971428404e+02 2.221984871440140e-14 7.100256267168605e-02
1 50 2.951491639828038e+02 6.652345402713119e-14 7.100084574353993e-02
0 20 2.980885648539968e+02 1.957422006882859e-17 5.323145040191603e-02
1 51 3.009962315828396e+02 1.850058157085310e-13 7.100117796994988e-02
1 52 3.068432441958503e+02 6.400509160029372e-18 7.100383476521253e-02
0 21 3.126699531640739e+02 2.037014958820928e-17 5.323298828668117e-02
1 53 3.126901879363739e+02 5.799355630840271e-18 7.100482923604803e-02
1 54 3.185372690071254e+02 4.669309840069400e-18 7.100364520613607e-02
1 55 3.243845327252270e+02 5.629997795373769e-18 7.100152257342761e-02
0 22 3.272508557070421e+02 1.535951336898259e-17 5.323061749436882e-02
1 56 3.302315912601878e+02 4.833215677544229e-18 7.100175893045099e-02
1 57 3.360785934706045e+02 4.092504760717081e-18 7.100446010435156e-02
0 23 3.418322938989271e+02 1.178994584437699e-17 5.323213889319872e-02
1 58 3.419255259458174e+02 4.009849347389336e-18 7.100572075521584e-02
1 59 3.477725870077977e+02 4.200861770392866e-18 7.100465287057642e-02
1 60 3.536198369659030e+02 4.564785354325857e-18 7.100208453698589e-02
0 24 3.564132508362416e+02 1.270602504238653e-17 5.322989616030088e-02
1 61 3.594668776772770e+02 4.171309420402670e-18 7.100223303034205e-02
1 62 3.653138615673790e+02 4.525334627670999e-18 7.100496018987389e-02
