1 0 2.748116617310947e+00 4.168641050093654e-14 7.128499050611313e-02
0 0 6.764726933677781e+00 8.934180924591909e-18 5.306786653462848e-02
1 1 8.594931972190269e+00 5.321949286336080e-14 7.128650046459900e-02
1 2 1.444172134988984e+01 5.069849742083528e-18 7.129017037455919e-02
1 3 2.028849214820727e+01 4.707341528189620e-18 7.128763445836755e-02
0 1 2.134693818265130e+01 7.648871946792602e-18 5.306898146033109e-02
1 4 2.613531427151896e+01 4.301499947043902e-18 7.128560408747553e-02
1 5 3.198225658130972e+01 4.078508303706286e-18 7.128464191450011e-02
0 2 3.592907847051803e+01 7.499295017693817e-18 5.306785912382861e-02
1 6 3.782907522173130e+01 4.080118609287525e-18 7.128606720089456e-02
1 7 4.367587095412978e+01 4.497975219992918e-18 7.128984792103343e-02
1 8 4.952264095175576e+01 4.978367157446078e-18 7.128751372607925e-02
0 3 5.051129164568831e+01 8.503046215129586e-18 5.306908534564397e-02
1 9 5.536946154784668e+01 4.725148443902660e-18 7.128549029639387e-02
1 10 6.121640467709090e+01 4.533716740844672e-18 7.128430018164407e-02
0 4 6.509342404220283e+01 7.644787927076519e-18 5.306784931613905e-02
1 11 6.706322711350552e+01 4.004185871867827e-18 7.128564450946459e-02
1 12 7.291002819085452e+01 4.072438864429653e-18 7.128952889180795e-02
1 13 7.875679684601312e+01 4.767845151811013e-18 7.128741361173056e-02
0 5 7.967564081198944e+01 7.285791684074423e-18 5.306917647307650e-02
1 14 8.460361376532944e+01 4.589409556271882e-18 7.128539626469915e-02
1 15 9.045055681001669e+01 4.189468147185677e-18 7.128396121587610e-02
0 6 9.425776736748448e+01 7.642085117338172e-18 5.306784923939141e-02
1 16 9.629738259763394e+01 4.262004629264510e-18 7.128524790064664e-02
1 17 1.021441865890997e+02 4.330184986989222e-18 7.128918817350778e-02
1 18 1.079909506912300e+02 5.083116954095130e-18 7.128738222381996e-02
0 7 1.088399920341978e+02 8.160431033772891e-18 5.306925903650743e-02
1 19 1.138377624772449e+02 4.458570532517709e-18 7.128530347212191e-02
1 20 1.196847049064111e+02 4.532321637559514e-18 7.128363314277550e-02
0 8 1.234221149359361e+02 7.488363067911096e-18 5.306786055880802e-02
1 21 1.255315331955220e+02 4.684226099423455e-18 7.128485753796410e-02
1 22 1.313783384211445e+02 2.151029881778981e-14 7.128883951365654e-02
1 23 1.372250959580321e+02 5.550746454624715e-14 7.128734264098943e-02
0 9 1.380043501340734e+02 7.638160778158794e-18 5.306932993815222e-02
1 24 1.430719030189247e+02 1.297255100158688e-14 7.128521710120632e-02
1 25 1.489188445758273e+02 5.913115832856738e-15 7.128332302444865e-02
0 10 1.525864696787538e+02 7.990393698657159e-18 5.306787272594324e-02
1 26 1.547656750536961e+02 4.397654569769209e-15 7.128447092212972e-02
1 27 1.606124822302368e+02 3.013115549200594e-15 7.128848599424253e-02
1 28 1.664592339908824e+02 1.715743044473044e-15 7.128728471109566e-02
0 11 1.671687136576876e+02 7.984327167492421e-18 5.306938139957477e-02
1 29 1.723060381120514e+02 8.330493572286116e-16 7.128513305181784e-02
1 30 1.781529794176889e+02 3.540394691380456e-16 7.128303819624472e-02
0 12 1.817508282212596e+02 7.874185435491651e-18 5.306787328817281e-02
1 31 1.839998120200297e+02 1.182309015865028e-16 7.128409841980662e-02
1 32 1.898466237975296e+02 4.233700547603228e-17 7.128813216203277e-02
1 33 1.956933727839152e+02 1.162155243076621e-17 7.128720421064302e-02
0 13 1.963330761231295e+02 8.069694237172551e-18 5.306940863375682e-02
1 34 2.015401755018123e+02 5.293910773081600e-18 7.128505191360074e-02
1 35 2.073871169604083e+02 5.628082495574240e-18 7.128277588526190e-02
0 14 2.109151840841499e+02 7.964768603589613e-18 5.306786033872690e-02
1 36 2.132339516977438e+02 4.743977548202172e-18 7.128374049348937e-02
1 37 2.190807703789396e+02 4.571964767773891e-18 7.128778246278808e-02
1 38 2.249275193792308e+02 6.544987651847742e-18 7.128710288885308e-02
0 15 2.254974319337754e+02 8.753988498957642e-18 5.306941460272887e-02
1 39 2.307743206299033e+02 4.619121031367434e-18 7.128497771670753e-02
1 40 2.366212615663730e+02 2.224893344065641e-15 7.128252377439252e-02
0 16 2.400795335817784e+02 7.628621407710444e-18 5.306784490974972e-02
1 41 2.424680983928937e+02 8.736385292593406e-16 7.128338809551026e-02
1 42 2.483149240155849e+02 8.567410645217779e-15 7.128743820530194e-02
0 17 2.546617812803588e+02 7.285811663597407e-18 5.306940707749945e-02
1 43 2.541616735247773e+02 4.578805903684569e-18 7.128698795202094e-02
1 44 2.600084718333209e+02 4.555345853840679e-18 7.128491602728458e-02
1 45 2.658554107433394e+02 5.294013076804724e-18 7.128227103490968e-02
0 18 2.692438788274786e+02 7.625925405539883e-18 5.306784076683810e-02
1 46 2.717022496683257e+02 4.508002906045558e-18 7.128303354569275e-02
1 47 2.775490801545599e+02 5.293817567987634e-18 7.128709856328184e-02
0 19 2.838261294550100e+02 7.624796802498446e-18 5.306939134380197e-02
1 48 2.833958284776170e+02 7.039641666766853e-18 7.128687070772415e-02
1 49 2.892426224809697e+02 2.857009666269182e-17 7.128487204512737e-02
1 50 2.950895581769254e+02 1.224371905406182e-16 7.128201927340681e-02
0 20 2.984082251426411e+02 8.069553352135186e-18 5.306785133762130e-02
1 51 3.009363994616428e+02 4.717971658995045e-16 7.128268132839102e-02
1 52 3.067832326007177e+02 1.651199711909180e-15 7.128676319246686e-02
0 21 3.129904813572223e+02 7.465008757189564e-18 5.306936634573974e-02
1 53 3.126299779360382e+02 5.297536430321282e-15 7.128676255003975e-02
1 54 3.184767677616427e+02 1.602180035211778e-14 7.128484819700512e-02
1 55 3.243237002786855e+02 4.662852013470519e-14 7.128178205470589e-02
0 22 3.275725755483276e+02 7.462927258745250e-18 5.306786646299952e-02
1 56 3.301705443718694e+02 5.998086321969187e-14 7.128234748268321e-02
1 57 3.360173797526244e+02 8.082071786691006e-18 7.128643265683890e-02
0 23 3.421548365309682e+02 8.065528220157065e-18 5.306932854491218e-02
1 58 3.418641222605793e+02 4.699066637788850e-18 7.128666825583717e-02
1 59 3.477109094054558e+02 3.998568394765029e-18 7.128484165212845e-02
1 60 3.535578397000951e+02 4.632983883085477e-18 7.128157210571646e-02
0 24 3.567369277640659e+02 8.486245723335368e-18 5.306787236982280e-02
1 61 3.594046868017859e+02 4.561495255627979e-18 7.128204671321957e-02
1 62 3.652515259686929e+02 3.998484084279744e-18 7.128610573917323e-02
