1 0 2.791508347522910e+00 5.131564649529730e-18 6.824479888928722e-02
0 0 6.805709162552540e+00 7.002518669219339e-18 5.513183657421160e-02
1 1 8.638438177609466e+00 5.065772299547393e-18 6.824650108046737e-02
1 2 1.448541214621065e+01 4.247284944229855e-18 6.824988391080326e-02
1 3 2.033239822037491e+01 4.170331829157078e-18 6.824585725449585e-02
0 1 2.138765191719986e+01 9.099209908544773e-18 5.513407817274295e-02
1 4 2.617932875661582e+01 4.636449638111985e-18 6.824367722950653e-02
1 5 3.202631732279708e+01 4.565716999816831e-18 6.824336913378289e-02
0 2 3.596991660110795e+01 7.940184297185987e-18 5.513265269507821e-02
1 6 3.787323097797011e+01 4.191437275314363e-18 6.824499269146188e-02
1 7 4.372018114868898e+01 4.424599128334141e-18 6.824837811900589e-02
1 8 4.956713608652424e+01 4.219597304700292e-18 6.824449770101386e-02
0 3 5.055198686732528e+01 7.144935996597335e-18 5.513509949080195e-02
1 9 5.541404180346279e+01 4.535676795032319e-18 6.824231585599697e-02
1 10 6.126101016259116e+01 4.796789339235277e-18 6.824189431858702e-02
0 4 6.513434275770055e+01 7.408518435096851e-18 5.513352373972967e-02
1 11 6.710790415112092e+01 4.219313734356594e-18 6.824344568514955e-02
1 12 7.295482497790086e+01 4.170252067829956e-18 6.824681240058460e-02
1 13 7.880174268030535e+01 4.756878268323058e-18 6.824316225512488e-02
0 5 7.971655103881099e+01 7.263414455999783e-18 5.513613378755491e-02
1 14 8.464861645427953e+01 4.587192616829696e-18 6.824092489887483e-02
1 15 9.049555853764677e+01 2.256551868785794e-14 6.824039788825526e-02
0 6 9.429900935394755e+01 7.002166823861782e-18 5.513442899723794e-02
1 16 9.634242601886984e+01 5.303600458831060e-18 6.824187744749201e-02
1 17 1.021893123317344e+02 4.247063224816799e-18 6.824519610232432e-02
1 18 1.080361872253381e+02 5.578673516163855e-18 6.824182266074658e-02
0 7 1.088813644535984e+02 7.260069633774977e-18 5.513716421080497e-02
1 19 1.138830237098029e+02 9.046714858925056e-14 6.823952494589079e-02
1 20 1.197299342666143e+02 6.863574890466308e-15 6.823887665274228e-02
0 8 1.234639331102428e+02 8.436869117656794e-18 5.513535542176633e-02
1 21 1.255767709896264e+02 7.793664435638816e-14 6.824027501662125e-02
1 22 1.314236217380112e+02 4.498069769535748e-14 6.824353094380523e-02
1 23 1.372704530717984e+02 2.456499788858571e-14 6.824045263928598e-02
0 9 1.380464363351185e+02 7.257011697386878e-18 5.513818237530422e-02
1 24 1.431172533892243e+02 1.254109139035081e-14 6.823811426922528e-02
1 25 1.489641336279574e+02 5.866551064248133e-15 6.823733194799597e-02
0 10 1.526291120273698e+02 7.255691786801993e-18 5.513629207229361e-02
1 26 1.548109414019545e+02 2.507773418219555e-15 6.823864223675416e-02
1 27 1.606577613632531e+02 9.652146689586203e-16 6.824182564478370e-02
1 28 1.665045542540101e+02 3.419267376752319e-16 6.823905495639347e-02
0 11 1.672117544201877e+02 7.889109823734793e-18 5.513917767487675e-02
1 29 1.723513262423496e+02 1.023131733452800e-16 6.823670030683086e-02
1 30 1.781981836356540e+02 2.599150460079160e-17 6.823578331813525e-02
0 12 1.817945222193777e+02 7.001792571274292e-18 5.513722245617241e-02
1 31 1.840449697227046e+02 4.170772738831055e-18 6.823700081879891e-02
1 32 1.898917667782358e+02 6.529652552194253e-18 6.824011525087582e-02
1 33 1.957385293229000e+02 6.942922441620762e-18 6.823765612154307e-02
0 13 1.963772879732229e+02 7.398238922906207e-18 5.514012966597283e-02
1 34 2.015852822026308e+02 4.861025203440682e-18 6.823531358805293e-02
1 35 2.074321252158257e+02 6.845919770320153e-18 6.823427136956173e-02
0 14 2.109601293875183e+02 7.397375367838791e-18 5.513812205283020e-02
1 36 2.132788972846936e+02 1.120528962228843e-17 6.823539320978608e-02
1 37 2.191256771841745e+02 1.286389304907327e-13 6.823845316946883e-02
0 15 2.255430035587940e+02 8.437195914967670e-18 5.514100944114335e-02
1 38 2.249724152950997e+02 7.648279437958732e-15 6.823630267377515e-02
1 39 2.308191534767885e+02 2.001538232394453e-14 6.823400278094750e-02
1 40 2.366659857474848e+02 1.041491287403648e-14 6.823284506169267e-02
0 16 2.401259061246763e+02 8.434482732894508e-18 5.513896286155971e-02
1 41 2.425127467064043e+02 5.425305694787030e-18 6.823386995116509e-02
1 42 2.483595096252659e+02 4.678798986126700e-18 6.823688910479996e-02
0 17 2.547088803659712e+02 7.568251245399575e-18 5.514178794643070e-02
1 43 2.542062238208341e+02 4.939998217990607e-18 6.823504465749246e-02
1 44 2.600529453086830e+02 9.078297012623416e-18 6.823281639432166e-02
1 45 2.658997644370941e+02 2.415414820155731e-17 6.823154327561533e-02
0 18 2.692918401207397e+02 7.394090828344794e-18 5.513972054968354e-02
1 46 2.717465118154592e+02 1.102898878190645e-16 6.823247129287051e-02
1 47 2.775932539202915e+02 4.252333355291086e-16 6.823545016320737e-02
0 19 2.838749110055015e+02 8.006668523527491e-18 5.514244484677031e-02
1 48 2.834399410665413e+02 1.445637187253989e-15 6.823391841533363e-02
1 49 2.892866418290956e+02 4.561740547858552e-15 6.823178426304001e-02
1 50 2.951334438614264e+02 1.361091708680434e-14 6.823038342991546e-02
0 20 2.984579256316139e+02 7.392656328738594e-18 5.514037871964389e-02
1 51 3.009801743781618e+02 3.831378863520310e-14 6.823121578868502e-02
1 52 3.068268934101853e+02 1.029729929870410e-13 6.823413830031438e-02
0 21 3.130410864620367e+02 8.452538158889681e-18 5.514297293244837e-02
1 53 3.126735522456405e+02 2.687636135399270e-14 6.823293842068433e-02
1 54 3.185202325810367e+02 6.564852782525119e-14 6.823091048462666e-02
1 55 3.243670181322402e+02 7.356571998522264e-18 6.822936337855384e-02
0 22 3.276241455937041e+02 7.998042812998878e-18 5.514092865304714e-02
1 56 3.302137333206732e+02 5.060772758088876e-18 6.823010213473128e-02
1 57 3.360604334547461e+02 4.248331719640479e-18 6.823294383109613e-02
0 23 3.422073789630868e+02 7.390840005645139e-18 5.514337664744526e-02
1 58 3.419070691640318e+02 4.250054987102603e-18 6.823210046548178e-02
1 59 3.477537363951212e+02 5.261147542220992e-18 6.823018152047954e-02
1 60 3.536005129234915e+02 4.483975249366156e-18 6.822847377931821e-02
0 24 3.567904607929614e+02 7.992889006999946e-18 5.514136639458425e-02
1 61 3.594472206843517e+02 4.599051805774340e-18 6.822912150743411e-02
1 62 3.652939122343716e+02 4.427507470007140e-18 6.823186372612026e-02
