1 0 2.676558654708600e+00 4.385172670392280e-18 7.208543274701959e-02
0 0 6.779438958261413e+00 7.232425761313860e-18 5.452198910477822e-02
1 1 8.523423626484892e+00 8.260437136933761e-18 7.208704359962627e-02
1 2 1.437028852161779e+01 6.059147624334970e-18 7.209178731482564e-02
1 3 2.021709195828972e+01 2.149365923480929e-17 7.208934657460749e-02
0 1 2.136160939794267e+01 7.322489952278603e-18 5.452232364100623e-02
1 4 2.606391722369572e+01 2.379814830918853e-16 7.208704917019233e-02
1 5 3.191086402158130e+01 1.576658729497932e-15 7.208565721051560e-02
0 2 3.594380074522289e+01 7.468585448024529e-18 5.452174409360292e-02
1 6 3.775773440499380e+01 7.638323507241768e-15 7.208716481060876e-02
1 7 4.360461070947287e+01 3.074792081537599e-14 7.209197736626743e-02
1 8 4.945141683473840e+01 4.694011171433787e-18 7.208969056761365e-02
0 3 5.052595462277171e+01 7.467321154144620e-18 5.452224313380871e-02
1 9 5.529824341476026e+01 5.988469310335623e-18 7.208739120622654e-02
1 10 6.114519259115202e+01 4.546630091033163e-18 7.208582932885402e-02
0 4 6.510813508244790e+01 8.819662853952220e-18 5.452153856461765e-02
1 11 6.699207165447002e+01 4.554741277238150e-18 7.208723295161294e-02
1 12 7.283896052126761e+01 4.038198016453716e-18 7.209210645133195e-02
1 13 7.868577111554934e+01 4.284953760754786e-18 7.208997502988554e-02
0 5 7.969027157705629e+01 7.085515449548955e-18 5.452219426714005e-02
1 14 8.453259715723281e+01 4.814604794603625e-18 7.208769346038275e-02
1 15 9.037954729823653e+01 4.178180422927843e-18 7.208594298047771e-02
0 6 9.427244449871748e+01 7.889207553893337e-18 5.452138011025785e-02
1 16 9.622643450674181e+01 3.954802970635602e-18 7.208724579750914e-02
1 17 1.020733326377421e+02 4.157012905859762e-18 7.209216753627917e-02
1 18 1.079201451469854e+02 3.969436575975261e-18 7.209020380233530e-02
0 7 1.088545699196864e+02 7.889347321741010e-18 5.452217913254338e-02
1 19 1.137669663322342e+02 3.954773923850987e-18 7.208795123010078e-02
1 20 1.196139137439745e+02 4.337873972308060e-18 7.208600701001353e-02
0 8 1.234367436887626e+02 7.309292719608975e-18 5.452126593167087e-02
1 21 1.254608045860744e+02 3.954803109066054e-18 7.208723932357990e-02
1 22 1.313077070206880e+02 4.269421376575214e-18 7.209213780959840e-02
1 23 1.371545162972328e+02 4.285355146911121e-18 7.209044664912773e-02
0 9 1.380188674260995e+02 8.019095062679806e-18 5.452219128232848e-02
1 24 1.430013297148622e+02 3.954762388617830e-18 7.208815334637007e-02
1 25 1.488482719028921e+02 3.954873319600087e-18 7.208604671250682e-02
0 10 1.526010490595065e+02 7.085370818163389e-18 5.452118545327073e-02
1 26 1.546951615409029e+02 5.481112970257503e-18 7.208721595144157e-02
1 27 1.605420656416894e+02 3.954554926825032e-18 7.209204783566364e-02
1 28 1.663888690435641e+02 4.986785904539317e-18 7.209064317049742e-02
0 11 1.671831768776178e+02 8.732810437065875e-18 5.452222013725915e-02
1 29 1.722356756785406e+02 2.834541969144224e-14 7.208831992531903e-02
1 30 1.780826126322126e+02 8.786820039271385e-15 7.208607919775517e-02
0 12 1.817653669996829e+02 7.454699534321901e-18 5.452112936989133e-02
1 31 1.839295001729845e+02 9.305752442135068e-15 7.208717030223560e-02
1 32 1.897764073866864e+02 2.938421519064229e-15 7.209191786850681e-02
1 33 1.956232066063939e+02 8.875854868339078e-16 7.209079432874896e-02
0 13 1.963474978131713e+02 7.300043729066203e-18 5.452225847057140e-02
1 34 2.014700099780408e+02 2.471924847554857e-16 7.208845940554305e-02
1 35 2.073169444490772e+02 5.934026556215567e-17 7.208610129833709e-02
0 14 2.109296918655235e+02 7.239261445168749e-18 5.452109701603633e-02
1 36 2.131638325920196e+02 1.412390340306004e-17 7.208710083644332e-02
1 37 2.190107466378526e+02 4.807846651757872e-18 7.209175730382200e-02
1 38 2.248575456706886e+02 4.431295969740204e-18 7.209089725476045e-02
0 15 2.255118208902266e+02 7.678616692635681e-18 5.452230612799393e-02
1 39 2.307043482408646e+02 4.760497118294820e-18 7.208857562135054e-02
1 40 2.365512823510878e+02 5.573582796424169e-18 7.208610038599465e-02
0 16 2.400940154099499e+02 7.240224619054463e-18 5.452109538748728e-02
1 41 2.423981741450017e+02 3.954815111952639e-18 7.208699715565225e-02
1 42 2.482450969831889e+02 4.688501801098349e-18 7.209156793105991e-02
1 43 2.540918980938953e+02 6.504650236076659e-18 7.209094796757638e-02
0 17 2.546761406434014e+02 7.292546762320003e-18 5.452236687957182e-02
1 44 2.599386986108954e+02 4.340813563689894e-16 7.208866934448875e-02
1 45 2.657856310545531e+02 3.891102890766728e-16 7.208606732171575e-02
0 18 2.692583384838787e+02 7.085330234090475e-18 5.452113057516136e-02
1 46 2.716325264935638e+02 2.369442796162476e-14 7.208685292410814e-02
1 47 2.774794559444027e+02 2.228051086096070e-14 7.209134619966495e-02
0 19 2.838404643854220e+02 8.402155266586439e-18 5.452244174064477e-02
1 48 2.833262574202909e+02 6.753762553366503e-18 7.209094759541329e-02
1 49 2.891730518321652e+02 5.260889654611196e-18 7.208874247414965e-02
1 50 2.950199784556091e+02 5.260996206088252e-18 7.208600654172219e-02
0 20 2.984226737478391e+02 7.951801432438792e-18 5.452119926390227e-02
1 51 3.008668741299431e+02 6.344412585288781e-18 7.208667585920329e-02
1 52 3.067138053304627e+02 5.260797448899784e-18 7.209109003092108e-02
0 21 3.130048087098612e+02 7.242847762074212e-18 5.452252520844784e-02
1 53 3.125606030811242e+02 7.380786747919382e-18 7.209090711823556e-02
1 54 3.184073882176736e+02 5.336823150628128e-18 7.208880138655188e-02
1 55 3.242543054579095e+02 6.284195866898379e-18 7.208593521375332e-02
0 22 3.275870368399522e+02 7.440827186439367e-18 5.452128811188465e-02
1 56 3.301011974791363e+02 5.441544563166111e-18 7.208648669732534e-02
1 57 3.359481267711068e+02 4.884916407647372e-18 7.209080543856772e-02
0 23 3.421691868669815e+02 7.439648846631970e-18 5.452260812689359e-02
1 58 3.417949181962705e+02 4.582834522150921e-17 7.209084605666567e-02
1 59 3.476416947195710e+02 4.158306596449854e-16 7.208885677861170e-02
1 60 3.534886025839397e+02 2.477652016388329e-15 7.208587238455857e-02
0 24 3.567514344428944e+02 7.889119995736789e-18 5.452138184860935e-02
1 61 3.593354899065066e+02 1.133580632990342e-14 7.208630809471263e-02
1 62 3.651824175381548e+02 2.036749748926903e-14 7.209050738887282e-02
