1 0 2.620327658699467e+00 1.194084050636095e-17 7.356370934725388e-02
0 0 6.654380243430777e+00 8.650137090522831e-18 5.329883498931087e-02
1 1 8.467155278776787e+00 5.843723226072085e-17 7.356510113702328e-02
1 2 1.431393573878404e+01 2.267427343494406e-16 7.356971103551857e-02
1 3 2.016063221449157e+01 7.885182508716692e-16 7.356815340065727e-02
0 1 2.123664967532368e+01 9.341059542211677e-18 5.329899576712682e-02
1 4 2.600736970134106e+01 2.372250504926995e-15 7.356595953777935e-02
1 5 3.185428172145887e+01 6.341091825155717e-15 7.356399932080568e-02
0 2 3.581883302503257e+01 7.988290898355087e-18 5.329868097459519e-02
1 6 3.770111200365972e+01 1.496177647222534e-14 7.356527668511346e-02
1 7 4.354790253302402e+01 3.143319638595666e-14 7.357002122477882e-02
1 8 4.939460074102941e+01 5.781064349638985e-14 7.356865627417279e-02
0 3 5.040108838449284e+01 8.433734994417342e-18 5.329894370696649e-02
1 9 5.524133466261282e+01 1.468392968052104e-15 7.356646246390507e-02
1 10 6.108824166738016e+01 5.584773152007021e-16 7.356427534967595e-02
0 4 6.498328177903748e+01 9.056550868304435e-18 5.329853049382268e-02
1 11 6.693507524220416e+01 7.248373857610725e-16 7.356543192267513e-02
1 12 7.278187684297387e+01 6.356680812666105e-14 7.357030746101176e-02
1 13 7.862857844374116e+01 1.250956256012078e-14 7.356912346770424e-02
0 5 7.956552100504994e+01 8.269045899322957e-18 5.329889471694001e-02
1 14 8.447530752211611e+01 4.184411144776681e-18 7.356695270250611e-02
1 15 9.032220818821817e+01 4.737467900161997e-18 7.356452726513128e-02
0 6 9.414772603195331e+01 8.598162816664877e-18 5.329839433593540e-02
1 16 9.616904461004137e+01 3.954890821323679e-18 7.356556241070211e-02
1 17 1.020158555749180e+02 4.602278507269245e-18 7.357056515982993e-02
1 18 1.078625596054409e+02 4.193954847731543e-18 7.356956123453812e-02
0 7 1.087299511616852e+02 9.282799643103355e-18 5.329885388160448e-02
1 19 1.137092832061773e+02 5.281773235059509e-18 7.356743306605512e-02
1 20 1.195561764055537e+02 1.121595797908386e-17 7.356477283603549e-02
0 8 1.233121693423236e+02 8.255309215373481e-18 5.329826980240659e-02
1 21 1.254030142125370e+02 4.059814159896654e-17 7.356569205680689e-02
1 22 1.312498312651512e+02 8.365589422181624e-17 7.357081163027970e-02
1 23 1.370965352105302e+02 8.197431075283552e-18 7.357000361459089e-02
0 9 1.378943848848373e+02 1.011298670158008e-17 5.329881094587336e-02
1 24 1.429432535332545e+02 6.211273384711805e-18 7.356792013512922e-02
1 25 1.487901394925895e+02 5.021674676095312e-18 7.356503819878485e-02
0 10 1.524766165473844e+02 9.621908029083413e-18 5.329814319030597e-02
1 26 1.546369766090771e+02 4.654166645574890e-18 7.356589327420104e-02
1 27 1.604837978734998e+02 4.212514567666523e-18 7.357103442021766e-02
1 28 1.663304996957411e+02 5.279397306755292e-18 7.357051060128016e-02
0 11 1.670588256520161e+02 1.092244640024423e-17 5.329874935701696e-02
1 29 1.721772137780370e+02 4.359768073746358e-18 7.356842064689308e-02
1 30 1.780240937784847e+02 4.754079414588551e-18 7.356535153292995e-02
0 12 1.816410695394877e+02 9.591753897860664e-18 5.329800298071135e-02
1 31 1.838709293408351e+02 4.508703204452989e-18 7.356615092446087e-02
1 32 1.897177558215308e+02 4.175821030482308e-18 7.357127717810527e-02
1 33 1.955644563978872e+02 4.955661871621973e-18 7.357102996066286e-02
0 13 1.962232711942341e+02 1.019274522489649e-17 5.329866174093376e-02
1 34 2.014111675611026e+02 8.365473994483004e-14 7.356894404146583e-02
1 35 2.072580423904308e+02 2.763798120900126e-14 7.356570671112309e-02
0 14 2.108055252921396e+02 1.084348363034484e-17 5.329785168632580e-02
1 36 2.131048776253974e+02 8.030641723211025e-14 7.356643534465696e-02
1 37 2.189517124526469e+02 2.872785726991646e-14 7.357153047596998e-02
1 38 2.247984150254279e+02 9.754827412623587e-15 7.357153601381156e-02
0 15 2.253877150444399e+02 1.260675987425560e-17 5.329855724202632e-02
1 39 2.306451237674450e+02 3.070309557935910e-15 7.356947125864138e-02
1 40 2.364919938036196e+02 8.667474055675312e-16 7.356606822460704e-02
0 16 2.399699780715353e+02 1.259640844703426e-17 5.329770502804382e-02
1 41 2.423388305536835e+02 2.210261183336710e-16 7.356671113915798e-02
1 42 2.481856766249855e+02 5.586082385120212e-17 7.357176728312424e-02
1 43 2.540323843106451e+02 1.035314306481694e-17 7.357199630591019e-02
0 17 2.545521517224485e+02 1.223349838624752e-17 5.329845371001025e-02
1 44 2.598790902082105e+02 4.391134285868123e-18 7.356997514613549e-02
1 45 2.657259549290380e+02 3.869947237163716e-18 7.356640733377008e-02
0 18 2.691344240852162e+02 1.336577913086098e-17 5.329757856959873e-02
1 46 2.715727939408351e+02 7.945096748745969e-18 7.356695073041532e-02
1 47 2.774196515614640e+02 1.155163294760183e-17 7.357196941360152e-02
1 48 2.832663649446606e+02 3.569324210544276e-15 7.357239725656088e-02
0 19 2.837165812538218e+02 1.271278749831455e-17 5.329836196134514e-02
1 49 2.891130672063169e+02 2.386839442449251e-15 7.357044416159898e-02
1 50 2.949599253427602e+02 5.826833916742532e-15 7.356672557211102e-02
0 20 2.982988646593144e+02 1.443152347437193e-17 5.329747388443964e-02
1 51 3.008067653350857e+02 2.912117835876062e-16 7.356715796599435e-02
1 52 3.066536318624277e+02 7.944966570891032e-18 7.357214359674706e-02
0 21 3.128810092474250e+02 1.554429051122308e-17 5.329827690776957e-02
1 53 3.125003486797732e+02 6.137259129204943e-18 7.357275667269586e-02
1 54 3.183470469314776e+02 5.197274147604046e-18 7.357089360031988e-02
1 55 3.241938972001237e+02 1.230987309701829e-17 7.356705243629982e-02
0 22 3.274633052048398e+02 1.647052188170326e-17 5.329737727948365e-02
1 56 3.300407356253855e+02 5.448956190296325e-17 7.356736580236810e-02
1 57 3.358876074541460e+02 2.166719471192805e-16 7.357231623631129e-02
0 23 3.420454423503961e+02 1.691943824517923e-17 5.329818412739577e-02
1 58 3.417343246693828e+02 7.567406459559403e-16 7.357311118936601e-02
1 59 3.475810194234751e+02 2.293011407692051e-15 7.357135402460688e-02
1 60 3.534278613234045e+02 6.115608996998825e-15 7.356741883425356e-02
0 24 3.566277507231145e+02 1.749650600595587e-17 5.329727261177555e-02
1 61 3.592746963501962e+02 1.449113512188083e-14 7.356760961207535e-02
1 62 3.651215716450232e+02 3.055211660033345e-14 7.357251145442083e-02
