0 0 1.250926354080418e+00 2.100495342309748e-18 1.026863877746286e-01
0 1 3.400685637790725e+00 2.221575637602688e-18 1.026879335091722e-01
1 0 3.541105887476538e+00 4.228327973470489e-18 6.734719878581899e-02
0 2 5.550438353145516e+00 1.984989617059219e-18 1.026857615402099e-01
0 3 7.700235838877969e+00 2.222476358355283e-18 1.026815413772885e-01
1 1 9.387175937495535e+00 1.519632298749786e-14 6.734754740538022e-02
0 4 9.850020757822739e+00 2.464662439724152e-18 1.026830730659669e-01
0 5 1.199977494021350e+01 2.166251787641087e-18 1.026842525541996e-01
0 6 1.414953228661781e+01 2.338600718363619e-18 1.026815268027237e-01
1 2 1.523325821329810e+01 1.035933262635165e-14 6.734643519412731e-02
0 7 1.629931010028369e+01 2.051629407491397e-18 1.026813011828107e-01
0 8 1.844909802283497e+01 2.870234677409375e-18 1.026878345049221e-01
0 9 2.059884266111705e+01 2.636143102266239e-18 1.026882398394291e-01
1 3 2.107933395641847e+01 4.233003968822038e-18 6.734636830342007e-02
0 10 2.274859610208836e+01 2.166203627395319e-18 1.026862658247201e-01
0 11 2.489842193918078e+01 2.099260588527253e-18 1.026855147113162e-01
1 4 2.692537747745960e+01 2.684814590446866e-17 6.734743067469690e-02
0 12 2.704819587281685e+01 2.166203486101010e-18 1.026873906400958e-01
0 13 2.919795030362176e+01 2.340550229765376e-18 1.026859975813435e-01
0 14 3.134772650004570e+01 2.052406291416051e-18 1.026817376227643e-01
1 5 3.277145633100513e+01 4.227908516128375e-18 6.734666925513146e-02
0 15 3.349751228111026e+01 3.272816385695784e-18 1.026825983374155e-01
0 16 3.564727176706371e+01 2.341407034401353e-18 1.026866107820766e-01
0 17 3.779701959465702e+01 2.166223707616189e-18 1.026853448829590e-01
1 6 3.861754328523972e+01 4.316012882964347e-18 6.734606700811351e-02
0 18 3.994678626024360e+01 2.098404162838924e-18 1.026842629614448e-01
0 19 4.209660563272237e+01 2.738542762059950e-18 1.026892497945427e-01
0 20 4.424636047724269e+01 2.229312834636300e-18 1.026906000692597e-01
1 7 4.446359010545466e+01 1.046602614294221e-14 6.734649379946443e-02
0 21 4.639611251879158e+01 3.032299126024016e-18 1.026883763732016e-01
0 22 4.854591704901239e+01 2.053248758998685e-18 1.026845545472744e-01
1 8 5.030965522094121e+01 4.251245591716657e-18 6.734714328657983e-02
0 23 5.069570039256089e+01 2.097905026485085e-18 1.026862280824023e-01
0 24 5.284545440914589e+01 2.166209825904583e-18 1.026866805759343e-01
0 25 5.499521521523239e+01 2.344152694654741e-18 1.026835403035937e-01
1 9 5.615573671264924e+01 5.102202142946575e-15 6.734595522767473e-02
0 26 5.714499553150056e+01 2.097564484339710e-18 1.026835691859316e-01
0 27 5.929477457597314e+01 2.388890363830023e-18 1.026898556723945e-01
0 28 6.144451840457940e+01 2.851617478660307e-18 1.026899199123541e-01
1 10 6.200181861340754e+01 4.372375031422558e-18 6.734577641204730e-02
0 29 6.359427389451835e+01 2.054048941974172e-18 1.026881086125832e-01
0 30 6.574410284521902e+01 2.097046071824921e-18 1.026886762819393e-01
1 11 6.784785777400204e+01 4.262712394458040e-18 6.734675186859024e-02
0 31 6.789387288740375e+01 2.166147452856720e-18 1.026905129692291e-01
0 32 7.004362710402711e+01 2.166169769613417e-18 1.026887864344115e-01
0 33 7.219340895532710e+01 2.234705557943731e-18 1.026843675817501e-01
1 12 7.369393510521763e+01 8.980716220163760e-17 6.734630597361253e-02
0 34 7.434319522764820e+01 2.591067878577197e-18 1.026854475501282e-01
0 35 7.649295209359106e+01 2.054661392160480e-18 1.026886122962095e-01
0 36 7.864270235829919e+01 1.984967424476831e-18 1.026869243681404e-01
1 13 7.954002066070817e+01 4.228314718819634e-18 6.734553821267263e-02
0 37 8.079247262272780e+01 2.593543745854477e-18 1.026860858749630e-01
0 38 8.294228379156444e+01 2.636093810575705e-18 1.026919254347823e-01
0 39 8.509203464614617e+01 2.348107926996913e-18 1.026930410035241e-01
1 14 8.538607560126503e+01 7.656820077217508e-15 6.734580286554075e-02
0 40 8.724178633302262e+01 2.166126403195534e-18 1.026908293150597e-01
0 41 8.939159792895386e+01 2.055348502328533e-18 1.026876296826638e-01
1 15 9.123213475201048e+01 4.244284791776820e-18 6.734668530998186e-02
0 42 9.154137915281606e+01 2.348947896459232e-18 1.026894115025193e-01
0 43 9.369113327228698e+01 2.884226849807287e-18 1.026892157973352e-01
0 44 9.584089796171448e+01 2.239228991585670e-18 1.026856861112529e-01
1 16 9.707821557381419e+01 4.239783992569833e-18 6.734549925483385e-02
0 45 9.799068039895155e+01 2.349953643438349e-18 1.026859665430956e-01
0 46 1.001404518720154e+02 2.381089462702814e-18 1.026917662067271e-01
0 47 1.022901959140021e+02 2.490319003153428e-18 1.026914655102663e-01
1 17 1.029243013278668e+02 4.856726659912089e-18 6.734521786526632e-02
0 48 1.044399541665206e+02 2.451306623425183e-18 1.026898441154147e-01
0 49 1.065897837102990e+02 2.166118647075753e-18 1.026918049113727e-01
0 50 1.087395494446000e+02 2.492292258381623e-18 1.026935548536789e-01
1 18 1.087703388784091e+02 4.266110184231830e-18 6.734605017926516e-02
0 51 1.108893031625908e+02 2.242001056538861e-18 1.026915853467422e-01
0 52 1.130390911654984e+02 2.056616839587086e-18 1.026871325251457e-01
1 19 1.146164138955431e+02 4.268514538686656e-18 6.734594103122192e-02
0 53 1.151888773181762e+02 1.984956304309477e-18 1.026884146285728e-01
0 54 1.173386325666205e+02 2.166138274166819e-18 1.026907334959844e-01
0 55 1.194883855682348e+02 2.243732204638790e-18 1.026886162907226e-01
1 20 1.204624978923627e+02 2.416575808316058e-14 6.734502051939666e-02
0 56 1.216381592030926e+02 2.094046222415970e-18 1.026880281052869e-01
0 57 1.237879609152723e+02 2.786473420198437e-18 1.026943928771057e-01
0 58 1.259377085138827e+02 2.244810730130614e-18 1.026952382846906e-01
1 21 1.263085618993041e+02 4.246804467025773e-18 6.734513417589204e-02
0 59 1.280874604012174e+02 2.057353083371930e-18 1.026930929927337e-01
0 60 1.302372786588537e+02 2.354256112099971e-18 1.026907495168377e-01
1 22 1.321546143471611e+02 1.776450480436332e-15 6.734616138727056e-02
0 61 1.323870572371271e+02 2.354500546246802e-18 1.026926010526959e-01
0 62 1.345368115511013e+02 2.093328347363122e-18 1.026918452004402e-01
0 63 1.366865806187014e+02 2.355252393473224e-18 1.026879671228516e-01
1 23 1.380006945270761e+02 4.232565509320603e-18 6.734508175120343e-02
0 64 1.388363647738537e+02 2.057952539378971e-18 1.026884933971670e-01
0 65 1.409861302200527e+02 2.504495438992838e-18 1.026936300505128e-01
0 66 1.431358753598890e+02 2.356147529926946e-18 1.026929434994002e-01
1 24 1.438467819443282e+02 4.299615790632856e-18 6.734467960286293e-02
0 67 1.452856369110150e+02 1.984876484898565e-18 1.026915333213483e-01
0 68 1.474354642037390e+02 2.636054500606576e-18 1.026948562815725e-01
0 69 1.495852253881915e+02 2.615292059830918e-18 1.026964729773282e-01
1 25 1.496928211063764e+02 5.199964643455771e-16 6.734534575025929e-02
0 70 1.517349784019328e+02 2.092344066558679e-18 1.026943450036431e-01
0 71 1.538847730064219e+02 2.357529039204499e-18 1.026900147940529e-01
1 26 1.555388928265460e+02 4.234572073312349e-18 6.734557047364682e-02
0 72 1.560345584169089e+02 2.058790658919232e-18 1.026914775932186e-01
0 73 1.581843127976879e+02 2.092062521468399e-18 1.026929839419847e-01
0 74 1.603340688004112e+02 2.619049444221343e-18 1.026904368576024e-01
1 27 1.613849755574981e+02 4.458616525830842e-14 6.734450932469602e-02
0 75 1.624838454704314e+02 2.091863376598611e-18 1.026901027519064e-01
0 76 1.646336373933525e+02 2.443174321927814e-18 1.026966536342879e-01
0 77 1.667833826820812e+02 2.368219842814858e-18 1.026971971251026e-01
1 28 1.672310481126028e+02 4.409737576263016e-18 6.734448945612424e-02
0 78 1.689331354956753e+02 2.253125878523470e-18 1.026951636822126e-01
0 79 1.710829594264086e+02 2.091383940529889e-18 1.026938990416219e-01
1 29 1.730770940569314e+02 4.280518661114437e-18 6.734557250111155e-02
0 80 1.732327348331318e+02 2.815894460863395e-18 1.026957774354046e-01
0 81 1.753824892629359e+02 2.091116566778158e-18 1.026945544718765e-01
0 82 1.775322632381977e+02 2.899787816283001e-18 1.026903887617012e-01
1 30 1.789231734111698e+02 6.093751447520771e-18 6.734469419385386e-02
0 83 1.796820486544850e+02 2.366065905334658e-18 1.026911522480446e-01
0 84 1.818318096134895e+02 2.166052444468192e-18 1.026955117875522e-01
0 85 1.839815565414579e+02 2.090616876229655e-18 1.026944215721645e-01
1 31 1.847692607202492e+02 4.228084218207402e-18 6.734415012438824e-02
0 86 1.861313216892202e+02 2.627518459339317e-18 1.026932389052558e-01
0 87 1.882811439288856e+02 2.521997255507485e-18 1.026977809753974e-01
0 88 1.904309005787329e+02 3.204802227650064e-18 1.026992202757121e-01
1 32 1.906153047056982e+02 4.269939099353313e-18 6.734465108018116e-02
0 89 1.925806528610931e+02 2.090126473430900e-18 1.026970104922998e-01
0 90 1.947304544186494e+02 2.363071407639998e-18 1.026929910427775e-01
1 33 1.964613720791356e+02 2.967156279426491e-15 6.734517820068904e-02
0 91 1.968802384894222e+02 2.166080736748471e-18 1.026946082985355e-01
0 92 1.990299925349774e+02 2.363651331493706e-18 1.026953588586398e-01
0 93 2.011797518437817e+02 2.730305701905995e-18 1.026923900068428e-01
1 34 2.023074538090414e+02 4.235496985823649e-18 6.734401177979615e-02
0 94 2.033295311743194e+02 2.364317437218772e-18 1.026923108974636e-01
0 95 2.054793138104561e+02 2.360994596899379e-18 1.026987332809285e-01
0 96 2.076290578455933e+02 2.089288348750129e-18 1.026989465260541e-01
1 35 2.081535333785311e+02 4.896993078619667e-16 6.734388532030097e-02
0 97 2.097788123841033e+02 2.061609565545627e-18 1.026970621986208e-01
0 98 2.119286403240065e+02 2.365338623976616e-18 1.026970595270407e-01
1 36 2.139995741171898e+02 4.246737636732359e-18 6.734490791236944e-02
0 99 2.140784120411042e+02 2.061730411874860e-18 1.026989188820097e-01
0 100 2.162281663700196e+02 2.166022113313933e-18 1.026973230525758e-01
0 101 2.183779457830765e+02 2.088883363625817e-18 1.026929542942920e-01
1 37 2.198456521543974e+02 4.306056681253624e-18 6.734431950096059e-02
0 102 2.205277319305271e+02 2.435597280356955e-18 1.026939431471403e-01
0 103 2.226774897691234e+02 2.166019795879450e-18 1.026974662611085e-01
0 104 2.248272389768079e+02 2.434796367697036e-18 1.026959582102863e-01
1 38 2.256917382898716e+02 1.973537113857326e-15 6.734362831150820e-02
0 105 2.269770077701544e+02 2.088334116300091e-18 1.026950150619939e-01
0 106 2.291268225877037e+02 2.062480662926345e-18 1.027005341429068e-01
0 107 2.312765750236643e+02 2.165942324631947e-18 1.027017551524555e-01
1 39 2.315377897123513e+02 4.228209798220309e-18 6.734396393916466e-02
0 108 2.334263267886670e+02 2.062790717841780e-18 1.026995312771855e-01
0 109 2.355761354490490e+02 2.368614305242580e-18 1.026960379630436e-01
1 40 2.373838514856578e+02 2.144759736240614e-14 6.734474401470150e-02
0 110 2.377259176218217e+02 2.087811934478330e-18 1.026977783179909e-01
0 111 2.398756716758663e+02 2.636014741366088e-18 1.026978464817053e-01
0 112 2.420254346781811e+02 2.266845321012913e-18 1.026944752893111e-01
1 41 2.432299325216208e+02 4.265254284527290e-18 6.734355174071772e-02
0 113 2.441752162892523e+02 2.369855798627154e-18 1.026946493647817e-01
0 114 2.463249907641456e+02 2.063407885428528e-18 1.027006781937078e-01
0 115 2.484747346003752e+02 2.352605464477197e-18 1.027005359945378e-01
1 42 2.490760169589520e+02 4.246816867986581e-18 6.734331553152108e-02
0 116 2.506244916247282e+02 2.913475997665755e-18 1.026988307905954e-01
0 117 2.527743212708359e+02 2.790154965441516e-18 1.027002025753636e-01
0 118 2.549240888360904e+02 2.165946743677585e-18 1.027019955705028e-01
1 43 2.549220548031624e+02 4.228182775119939e-18 6.734420450632896e-02
0 119 2.570738427796355e+02 2.165971966604903e-18 1.027001189909851e-01
0 120 2.592236281407106e+02 2.650692232272222e-18 1.026956595452323e-01
1 44 2.607681308623095e+02 4.279222028197960e-18 6.734395528565383e-02
0 121 2.613734144254946e+02 5.474510712025417e-14 1.026968583001039e-01
0 122 2.635231702569893e+02 5.015896640291846e-14 1.026995308239175e-01
0 123 2.656729220839611e+02 4.576569342176850e-14 1.026975953333191e-01
1 45 2.666142154893075e+02 4.288277134788995e-18 6.734310524048626e-02
0 124 2.678226943613590e+02 4.252085574046122e-14 1.026969000106667e-01
0 125 2.699725001344267e+02 4.078801752654322e-14 1.027030855143580e-01
0 126 2.721222489790867e+02 3.689618666665980e-14 1.027040510379547e-01
1 46 2.724602756987758e+02 6.582857009174767e-15 6.734327527194188e-02
0 127 2.742720006899939e+02 3.344699971031017e-14 1.027018714541110e-01
0 128 2.764218162486986e+02 3.249061059042814e-14 1.026991363831404e-01
1 47 2.783063309855733e+02 4.237238383855934e-18 6.734426092539274e-02
0 129 2.785715959928020e+02 3.027455673683653e-14 1.027009633717636e-01
0 130 2.807213502210018e+02 2.744452372481847e-14 1.027004337419523e-01
0 131 2.828711173860214e+02 2.522915685833474e-14 1.026966940942432e-01
1 48 2.841524114582168e+02 9.925955770275175e-17 6.734312304672785e-02
0 132 2.850209008870511e+02 2.354048504214862e-14 1.026971168205356e-01
0 133 2.871706686780069e+02 2.150627451413605e-14 1.027025490012293e-01
0 134 2.893204132661769e+02 1.912351234270783e-14 1.027020291121645e-01
1 49 2.899984984097175e+02 4.275656435610289e-18 6.734277006929061e-02
0 135 2.914701733958177e+02 1.727916773822471e-14 1.027005267492297e-01
0 136 2.936200019981605e+02 1.694945117097165e-14 1.027032880024922e-01
0 137 2.957697650862276e+02 1.532360810735146e-14 1.027049675831773e-01
1 50 2.958445364867887e+02 4.254160484946006e-18 6.734350634480722e-02
0 138 2.979195183933260e+02 1.368268085800535e-14 1.027028974336897e-01
0 139 3.000693101769718e+02 1.283979249117349e-14 1.026984905542666e-01
1 51 3.016906097610189e+02 5.713900467753659e-15 6.734359338525331e-02
0 140 3.022190959760892e+02 1.189827581914705e-14 1.026998796436854e-01
0 141 3.043688506515554e+02 1.057078311372407e-14 1.027017227638622e-01
0 142 3.065186053656728e+02 9.383965523065882e-15 1.026993561660186e-01
1 52 3.075366929263937e+02 4.242490774821444e-18 6.734258294415210e-02
0 143 3.086683808263588e+02 8.534142422354445e-15 1.026989137189383e-01
0 144 3.108181768394144e+02 7.953536712864210e-15 1.027054265063812e-01
0 145 3.129679229621804e+02 6.905321545888940e-15 1.027061031127291e-01
1 53 3.133827620202003e+02 9.288555760639558e-15 6.734262140130821e-02
0 146 3.151176752850469e+02 6.033140874583375e-15 1.027040170504833e-01
0 147 3.172674970143331e+02 5.851090688753989e-15 1.027022709546932e-01
1 54 3.192288106354991e+02 4.267570032666933e-18 6.734369564141914e-02
0 148 3.194172738048420e+02 5.278790107963824e-15 1.027041434922846e-01
0 149 3.215670281979183e+02 4.599472943691699e-15 1.027031073360999e-01
0 150 3.237168000457634e+02 4.115354222798838e-15 1.026990512243184e-01
1 55 3.250748903484076e+02 4.248343271955688e-18 6.734271767431453e-02
0 151 3.258665850057661e+02 3.739711522982763e-15 1.026997152279209e-01
0 152 3.280163476789850e+02 3.256695954045798e-15 1.027044113431985e-01
0 153 3.301660937930409e+02 2.755134254251869e-15 1.027034945270916e-01
1 56 3.309209778270989e+02 1.953962910672964e-17 6.734224184932522e-02
0 154 3.323158574288989e+02 2.390448315425196e-15 1.027022133416094e-01
0 155 3.344656821183187e+02 2.305821007998124e-15 1.027062674443265e-01
0 156 3.366154406295025e+02 1.967644445371953e-15 1.027077883087972e-01
1 57 3.367670194838107e+02 4.228599244063833e-18 6.734281668716852e-02
0 157 3.387651931892121e+02 1.655388152121935e-15 1.027056046909436e-01
0 158 3.409149917987680e+02 1.523397605818771e-15 1.027014256925938e-01
1 58 3.426130888438200e+02 1.200955914091580e-14 6.734321112289582e-02
0 159 3.430647765009583e+02 1.354495496627229e-15 1.027029809498140e-01
0 160 3.452145306390810e+02 1.125207197690519e-15 1.027040424413063e-01
0 161 3.473642885205258e+02 9.399891825874155e-16 1.027012488588582e-01
1 59 3.484591708910847e+02 1.294927229787885e-14 6.734208731221596e-02
0 162 3.495140667994342e+02 8.135495370553138e-16 1.027010613881144e-01
0 163 3.516638532264001e+02 7.096704769310308e-16 1.027075728386019e-01
0 164 3.538135976513352e+02 5.603001173475703e-16 1.027079306649810e-01
1 60 3.543052477988953e+02 4.266475263757809e-18 6.734200438536786e-02
0 165 3.559633513682140e+02 4.487976252299759e-16 1.027059788077841e-01
0 166 3.581131778896937e+02 4.316622593194519e-16 1.027054253265775e-01
1 61 3.601512904816827e+02 1.202341521832044e-17 6.734305431158781e-02
0 167 3.602629512017523e+02 3.577002357555347e-16 1.027072987316684e-01
0 168 3.624127055946101e+02 2.817296382409045e-16 1.027058500344809e-01
0 169 3.645624826589633e+02 2.350345341671993e-16 1.027015515753177e-01
