0 0 3.376845353152704e+00 3.335938809394989e-18 6.834447795455843e-02
1 0 4.064656731820923e+00 4.080411213497603e-18 6.078075391848385e-02
0 1 8.628415212415957e+00 3.309291501252945e-18 6.834017693493130e-02
1 1 1.042536287219110e+01 3.880717856732527e-17 6.078531710185721e-02
0 2 1.388119249076906e+01 3.781784291410980e-18 6.833448534642515e-02
1 2 1.678433693261655e+01 4.003251626035640e-18 6.078823004413608e-02
0 3 1.913440344976959e+01 1.754492556669604e-17 6.833692589643742e-02
1 3 2.314409444152942e+01 4.268065832293134e-18 6.078197087866230e-02
0 4 2.438647802751842e+01 7.005103583465005e-17 6.834373576994755e-02
0 5 2.963864369131750e+01 4.074330094484654e-18 6.833101897273339e-02
1 4 2.950473218186305e+01 3.890650001065058e-18 6.079006162947921e-02
0 6 3.488975467973815e+01 3.744759583953223e-18 6.842033915096687e-02
1 5 3.586742040869589e+01 5.987810292305112e-18 6.071045792936004e-02
0 7 4.013814557731076e+01 3.605854612328942e-18 6.841384369185641e-02
1 6 4.223217477058503e+01 4.108882345710821e-18 6.071664604436708e-02
0 8 4.538778726864528e+01 4.958106054709612e-18 6.840997037399676e-02
1 7 4.859560390291089e+01 4.291164207459323e-18 6.071672098567495e-02
0 9 5.063739370104145e+01 5.060777863689698e-18 6.841446857715007e-02
1 8 5.496048733161725e+01 4.101045879902105e-18 6.071036049976297e-02
0 10 5.588571148302609e+01 9.786746141616773e-18 6.842019391379119e-02
0 11 6.113811118198489e+01 3.713041455293757e-18 6.828927663762011e-02
1 9 6.132172753868659e+01 6.137707816181507e-18 6.082735679975879e-02
0 12 6.639242908190620e+01 3.945341352701802e-18 6.829779171360996e-02
1 10 6.767939162758657e+01 4.602573805242652e-18 6.082135423613377e-02
0 13 7.164688010137996e+01 4.280708961624362e-18 6.829061670345959e-02
1 11 7.403597074140501e+01 3.936198223993175e-18 6.082752400238637e-02
0 14 7.690242046343165e+01 3.476704477270482e-18 6.828890330081552e-02
1 12 8.039189274366872e+01 3.887114756331480e-18 6.082485912954892e-02
0 15 8.215748122392318e+01 1.350487364785411e-16 6.829482012891036e-02
1 13 8.674960303347295e+01 3.944865306996417e-18 6.082011270519920e-02
0 16 8.741131937838104e+01 1.226137243560611e-14 6.829822331753022e-02
0 17 9.268950888460562e+01 3.280115150456624e-15 6.784160101128453e-02
1 14 9.307904324557866e+01 4.022625304507591e-18 6.124009460782076e-02
0 18 9.796312441201316e+01 5.940818744451758e-15 6.784288810462860e-02
1 15 9.941089959747774e+01 4.061019012132628e-18 6.123974776322781e-02
0 19 1.032375075410742e+02 6.951411201100290e-15 6.783587322510770e-02
1 16 1.057411282151875e+02 3.949386051609215e-18 6.124538707650061e-02
0 20 1.085128611284700e+02 4.861883970299341e-15 6.783505270859107e-02
1 17 1.120710007481259e+02 3.977167747816516e-18 6.124191404075568e-02
0 21 1.137875882811280e+02 4.740874978688077e-15 6.784125610269168e-02
1 18 1.184027082740041e+02 3.928317466831568e-18 6.123752805842370e-02
0 22 1.190611071887182e+02 8.646034759216800e-15 6.784405315568158e-02
0 23 1.243582599381259e+02 3.456531375303929e-16 6.740036627171117e-02
1 19 1.247075606688986e+02 3.807023273851973e-18 6.164821404249270e-02
0 24 1.296469697916761e+02 2.555032453894335e-14 6.740281536828902e-02
1 20 1.310197342997977e+02 3.906647958829354e-18 6.164695821813502e-02
0 25 1.349363364347027e+02 3.281484923002009e-18 6.739575276963286e-02
1 21 1.373303775570509e+02 4.458274114709041e-18 6.165298462518985e-02
0 26 1.402267820881779e+02 4.149251502852881e-18 6.739404281819404e-02
1 22 1.436403675863453e+02 4.457570839639910e-18 6.165064938349438e-02
0 27 1.455167863158635e+02 3.645883671059104e-18 6.739967648294734e-02
1 23 1.499521101997668e+02 2.008499765492438e-14 6.164476406697189e-02
0 28 1.508054674887151e+02 3.657453099662283e-18 6.740420297669245e-02
0 29 1.561002655427529e+02 5.547077399940410e-18 6.719606084215385e-02
1 24 1.562580372867979e+02 4.425653045885746e-17 6.183407829554867e-02
0 30 1.613962691819517e+02 4.822582359154161e-17 6.720742490713764e-02
1 25 1.625610719555422e+02 3.854829236990465e-18 6.182590067710754e-02
0 31 1.666920845934455e+02 6.887787184537296e-18 6.720057537412075e-02
1 26 1.688633817174267e+02 3.969580757174238e-18 6.183238839347959e-02
0 32 1.719891639253724e+02 4.293314761841100e-18 6.719704462774817e-02
1 27 1.751644692898119e+02 3.878653657006534e-18 6.183243490510842e-02
0 33 1.772862002224911e+02 3.473403259206490e-18 6.720128830810217e-02
1 28 1.814669216766725e+02 3.843145145489267e-18 6.182577081644278e-02
0 34 1.825819249965051e+02 3.371305001568338e-18 6.720749189636646e-02
0 35 1.878782381067614e+02 3.294990156852522e-18 6.718977010972760e-02
1 29 1.877697173371737e+02 4.447192226391254e-18 6.183795037355602e-02
0 36 1.931743192501025e+02 1.061227729329020e-15 6.732195000147917e-02
1 30 1.940735293404347e+02 4.234344499639141e-18 6.171801564960992e-02
0 37 1.984666158456597e+02 2.658383679646864e-16 6.731645333751529e-02
1 31 2.003805365486088e+02 4.375357738599159e-18 6.172378200368729e-02
0 38 2.037602260377373e+02 3.527015459290350e-18 6.731116769523843e-02
1 32 2.066858641278934e+02 4.356926833111726e-18 6.172635411183308e-02
0 39 2.090542252078334e+02 3.428109847854035e-18 6.731358991649752e-02
1 33 2.129919561794145e+02 3.801490244220152e-18 6.172029094122464e-02
0 40 2.143471012379592e+02 3.286054429152211e-18 6.732035843632182e-02
1 34 2.192995433694794e+02 5.772269970015345e-18 6.172168330162687e-02
0 41 2.196393680242646e+02 3.377560885893958e-18 6.731639980103567e-02
0 42 2.249374114165887e+02 6.336496063397350e-18 6.770733417963790e-02
1 35 2.256025722484030e+02 4.045996178990206e-18 6.135962541570533e-02
0 43 2.302162261946910e+02 9.740647780687976e-18 6.770392397396491e-02
1 36 2.319273256509372e+02 4.201758108787331e-18 6.136360697101262e-02
0 44 2.354962288017529e+02 1.736500349683896e-17 6.769768046181643e-02
1 37 2.382502660275310e+02 4.027223760092447e-18 6.136765943767093e-02
0 45 2.407768815840582e+02 3.361441176248217e-17 6.769884076597804e-02
1 38 2.445735366293714e+02 4.201941498879709e-18 6.136237318627562e-02
0 46 2.460565814820510e+02 5.901435995606188e-17 6.770560710776510e-02
1 39 2.508985220111413e+02 4.362391700910580e-18 6.136138268590412e-02
0 47 2.513354016822294e+02 9.025732382202368e-17 6.770440505394922e-02
0 48 2.566255613939180e+02 1.580715359606062e-17 6.811351103743286e-02
1 40 2.572126286165450e+02 4.490010174737238e-18 6.098481660337354e-02
0 49 2.618858771149683e+02 1.643053322030206e-16 6.811043045736419e-02
1 41 2.635617930071077e+02 4.380443500102177e-18 6.098837163902761e-02
0 50 2.671473313473317e+02 3.958247721650236e-17 6.810418413111782e-02
1 42 2.699091655909965e+02 4.406707100315231e-18 6.099231606584177e-02
0 51 2.724094058201271e+02 1.037827739726447e-17 6.810559110232127e-02
1 43 2.762569556383061e+02 5.030810826665549e-17 6.098667840528934e-02
0 52 2.776704779340470e+02 3.843438344513357e-18 6.811246034835459e-02
1 44 2.826062507367622e+02 4.295577895364678e-15 6.098856127737274e-02
0 53 2.829309652898770e+02 3.332409783477333e-18 6.810807081032387e-02
0 54 2.881903582152663e+02 4.015372016087431e-18 6.834728068053232e-02
1 45 2.889586808793213e+02 4.066150492771537e-18 6.076915554283858e-02
0 55 2.934403377329365e+02 3.385001920113646e-18 6.834206158849990e-02
1 46 2.953214379423014e+02 3.890326239039122e-18 6.077445827107301e-02
0 56 2.986915684386437e+02 2.251303746208091e-14 6.833690085561123e-02
1 47 3.016825503472225e+02 4.018104807888386e-18 6.077649259406651e-02
0 57 3.039430830232758e+02 4.037350492334983e-16 6.834004723869737e-02
1 48 3.080446843675032e+02 3.884643023753298e-18 6.077000042442030e-02
0 58 3.091933906813751e+02 3.226330327160959e-18 6.834665190093019e-02
0 59 3.144445003951128e+02 3.351127189501533e-18 6.831818459380851e-02
1 49 3.144069871229532e+02 3.920145764030788e-18 6.078932227006913e-02
0 60 3.196959900702527e+02 3.802678887022155e-18 6.836056101501345e-02
1 50 3.207688451727171e+02 3.969177463205951e-18 6.075549839129168e-02
0 61 3.249462619217707e+02 6.444662425639234e-18 6.835368416284140e-02
1 51 3.271310449243683e+02 4.379855493335608e-18 6.076185711899457e-02
0 62 3.301977519490050e+02 1.104758191596806e-17 6.835051338810404e-02
1 52 3.334921210998997e+02 4.058496736373955e-18 6.076096608874088e-02
0 63 3.354490502010927e+02 1.993099109835157e-17 6.835556645815928e-02
1 53 3.398548003214060e+02 4.243981117034517e-18 6.075495625628564e-02
0 64 3.406990601042698e+02 3.249838329028051e-18 6.836062359653551e-02
0 65 3.459567700588255e+02 3.326827874740217e-18 6.813535757158011e-02
1 54 3.462095343686082e+02 4.029924809037789e-18 6.095923017284773e-02
0 66 3.512173415965972e+02 3.445870072177579e-18 6.814021476935599e-02
1 55 3.525587708210085e+02 3.933168347272332e-18 6.095586960937380e-02
0 67 3.564783296073620e+02 3.463085283339591e-18 6.813307397152106e-02
1 56 3.589066678156014e+02 3.906586766365301e-18 6.096186035507651e-02
0 68 3.617403647933827e+02 3.239453057897256e-18 6.813170935559765e-02
