0 0 3.325377418139767e+00 4.066982689358961e-18 6.430193755130209e-02
1 0 3.958031136058694e+00 2.046173297392031e-17 6.165147994646209e-02
0 1 8.589440624800437e+00 4.436397744629687e-18 6.429885025714359e-02
1 1 1.030290445082169e+01 5.520455815762385e-18 6.165708788900989e-02
0 2 1.385476820478709e+01 4.078519187609094e-15 6.429334346887162e-02
1 2 1.664595754968068e+01 3.876375627675539e-18 6.165965292141012e-02
0 3 1.912061159544224e+01 3.848846510160248e-18 6.429457576182018e-02
1 3 2.298953960116412e+01 3.892543520690405e-18 6.165376268851227e-02
0 4 2.438540232803577e+01 1.465937643268173e-15 6.430126552662579e-02
1 4 2.933455185697238e+01 3.971938560608697e-18 6.165689415471241e-02
0 5 2.964975379689643e+01 1.157900402610199e-14 6.429517614563902e-02
0 6 3.492325448113476e+01 3.937326316090038e-18 6.444843693364945e-02
1 5 3.566886239802945e+01 4.467085429367965e-18 6.151336234815118e-02
0 7 4.018984389296814e+01 3.588842371608063e-18 6.444427945298679e-02
1 6 4.201031004482773e+01 4.194492070571570e-18 6.151958033807290e-02
0 8 4.545775541051475e+01 3.953571214102132e-18 6.443917600060797e-02
1 7 4.835002379706913e+01 3.942153773505416e-18 6.152122034168342e-02
0 9 5.072602102607063e+01 3.568430223196840e-18 6.444117218039722e-02
1 8 5.469053204882941e+01 3.880792195372939e-18 6.151500313524549e-02
0 10 5.599314352633833e+01 4.160975066870990e-18 6.444786474628084e-02
1 9 6.103213264904575e+01 3.126827692253271e-14 6.152152093940549e-02
0 11 6.126020479820639e+01 3.429926591281658e-18 6.443784754695274e-02
0 12 6.653594840984952e+01 3.498227764837598e-18 6.460408863053045e-02
1 10 6.736327749815879e+01 1.675397896766632e-14 6.136585158025350e-02
0 13 7.180652674952391e+01 4.580835868997394e-18 6.459933939909378e-02
1 11 7.369941360798911e+01 6.576680100898821e-17 6.137228968283160e-02
0 14 7.707844540567599e+01 3.501809611889083e-18 6.459452615977379e-02
1 12 8.003389854171341e+01 2.349960105066916e-16 6.137335933941886e-02
0 15 8.235061936330740e+01 4.431065750625773e-18 6.459695739350592e-02
1 13 8.636932444947109e+01 2.355085612982546e-17 6.136704205561693e-02
0 16 8.762160433943744e+01 3.503556506043692e-18 6.460362003274266e-02
0 17 9.289274951397863e+01 4.128409319169457e-18 6.459152058728759e-02
1 14 9.270562214578483e+01 8.478490732391098e-17 6.137529883085022e-02
0 18 9.817161257781355e+01 3.594884129405580e-18 6.475623775869541e-02
1 15 9.903259338854754e+01 5.155384489689154e-18 6.122154683324608e-02
0 19 1.034460221939290e+02 3.496784557660795e-18 6.475128787421465e-02
1 16 1.053636728739673e+02 2.503942411948945e-17 6.122801093890187e-02
0 20 1.087217777156098e+02 3.496771381006728e-18 6.474654629205166e-02
1 17 1.116931267763537e+02 2.159882516006947e-17 6.122896721322359e-02
0 21 1.139977702295560e+02 3.852469525076527e-18 6.474904328467097e-02
1 18 1.180235442402749e+02 5.361386968340102e-17 6.122266645187882e-02
0 22 1.192725645666257e+02 3.770698525421933e-18 6.475573483414801e-02
0 23 1.245474769039564e+02 4.190056751695830e-18 6.474456195762317e-02
1 19 1.243548568330932e+02 3.083125515263064e-16 6.123037019380257e-02
0 24 1.298290568531845e+02 4.173115190127059e-18 6.491623868448776e-02
1 20 1.306783327760882e+02 6.706227034198945e-18 6.107041522380421e-02
0 25 1.351058017057431e+02 3.522853123646566e-18 6.491136705444163e-02
1 21 1.370063559409709e+02 2.527997195686149e-17 6.107679880263592e-02
0 26 1.403838944606343e+02 3.605463497225373e-18 6.490650246645796e-02
1 22 1.433327219772108e+02 9.069785426428064e-17 6.107800316366400e-02
0 27 1.456622698417017e+02 3.694559738840753e-18 6.490878713758798e-02
1 23 1.496599823646135e+02 1.043424868026304e-16 6.107178556315065e-02
0 28 1.509394652041237e+02 3.941557453511817e-18 6.491554640831058e-02
1 24 1.559883122977693e+02 6.715748826770050e-17 6.107770652705360e-02
0 29 1.562165797099181e+02 4.398417693134254e-18 6.490686121937998e-02
0 30 1.614996404591360e+02 3.918737294130503e-18 6.509557713908609e-02
1 25 1.623100128883939e+02 8.575968506519459e-15 6.090191543219235e-02
0 31 1.667766285336047e+02 4.000798024617130e-18 6.509094894297211e-02
1 26 1.686377421247452e+02 2.020400525881751e-14 6.090812291155161e-02
0 32 1.720549585821557e+02 3.623528605810745e-18 6.508587758715473e-02
1 27 1.749637614792528e+02 1.265317860851635e-14 6.090972936553817e-02
0 33 1.773336438017563e+02 3.649130038348405e-18 6.508783657450065e-02
1 28 1.812905664202330e+02 3.352281900927304e-14 6.090363780683011e-02
0 34 1.826111819451583e+02 3.630819190934726e-18 6.509464640704464e-02
1 29 1.876186133959200e+02 3.912989210557161e-18 6.090786275780648e-02
0 35 1.878884433292338e+02 3.571441226048717e-18 6.508819290600898e-02
0 36 1.931711705859086e+02 6.040294433749803e-15 6.529411296723621e-02
1 30 1.939409297589092e+02 4.103214683533837e-18 6.071618929317986e-02
0 37 1.984462737817494e+02 4.777825322025956e-15 6.528973146906632e-02
1 31 2.002711584082769e+02 3.866956340360691e-18 6.072218494932479e-02
0 38 2.037227056111309e+02 1.609777728173240e-15 6.528449338562149e-02
1 32 2.065996395485620e+02 3.927786518997724e-18 6.072410999749040e-02
0 39 2.089995492877851e+02 2.842237962917151e-16 6.528620620508432e-02
1 33 2.129288226654207e+02 4.876028310879202e-18 6.071812100200575e-02
0 40 2.142752725962997e+02 9.162460416627169e-17 6.529304055209956e-02
1 34 2.192593296378372e+02 4.856084605238408e-18 6.072151200554565e-02
0 41 2.195506234263382e+02 3.660932002506291e-17 6.528771503981620e-02
0 42 2.248306238398280e+02 3.579949953799531e-18 6.550293682264408e-02
1 35 2.255852952465050e+02 4.011072439320481e-18 6.052153970530066e-02
0 43 2.301021879197474e+02 4.294341572708378e-18 6.549859136690923e-02
1 36 2.319201838552053e+02 4.112774369971254e-18 6.052743885128758e-02
0 44 2.353750725352868e+02 1.162234702778836e-17 6.549332537280581e-02
1 37 2.382533222718143e+02 4.617562021247002e-18 6.052938663699704e-02
0 45 2.406483717827081e+02 1.058976036040860e-16 6.549505042696178e-02
1 38 2.445871677938856e+02 2.157701690017604e-14 6.052338963294718e-02
0 46 2.459205475122378e+02 1.124163402970089e-15 6.550191036752087e-02
1 39 2.509222802996949e+02 2.970865333512668e-14 6.052726311457949e-02
0 47 2.511924124973531e+02 6.559384532438988e-15 6.549612924066250e-02
0 48 2.564672729065331e+02 5.880730735285960e-15 6.569972240608327e-02
1 40 2.572548580156557e+02 1.000302207773599e-14 6.033879690702334e-02
0 49 2.617348076663249e+02 3.427335530756576e-18 6.569505825680327e-02
1 41 2.635950312358614e+02 2.816994434202769e-17 6.034483139232408e-02
0 50 2.670036699256096e+02 3.531302415249586e-18 6.568997608481204e-02
1 42 2.699335012847084e+02 9.730012238867398e-17 6.034636571868737e-02
0 51 2.722728717594069e+02 3.917171424671313e-18 6.569207591150711e-02
1 43 2.762728080446602e+02 2.257787876049501e-14 6.034024236813525e-02
0 52 2.775409077096211e+02 3.434503772764521e-18 6.569894741695226e-02
0 53 2.828089200536008e+02 3.502106519422992e-18 6.569030106650681e-02
1 44 2.826131123626141e+02 4.045829027992698e-18 6.034638308225310e-02
0 54 2.880781470538570e+02 4.515177237339798e-18 6.584385346307238e-02
1 45 2.889527846387787e+02 4.271214964613801e-18 6.020570069648400e-02
0 55 2.933427974511990e+02 3.549111464694082e-18 6.583860004214674e-02
1 46 2.952967126470248e+02 4.085800850220744e-18 6.021200441970406e-02
0 56 2.986087828704646e+02 3.440229968507042e-18 6.583395216216566e-02
1 47 3.016390587587593e+02 3.971071134329715e-18 6.021268719599371e-02
0 57 3.038749566316981e+02 3.675643598129423e-18 6.583674838491413e-02
1 48 3.079824728329254e+02 3.921619695371798e-18 6.020645961993592e-02
0 58 3.091399012651959e+02 3.621836884489565e-18 6.584351447599475e-02
0 59 3.144054581104385e+02 3.724250050950244e-18 6.582461379483368e-02
1 49 3.143262494450072e+02 4.203157599380498e-18 6.021917051344100e-02
0 60 3.196715032812746e+02 6.655989573363460e-18 6.590117372915004e-02
1 50 3.206697495776377e+02 3.997231674282562e-18 6.015369411869612e-02
0 61 3.249355091486211e+02 2.459534486578414e-17 6.589532567098855e-02
1 51 3.270144679822586e+02 4.449095779849195e-18 6.016014501215459e-02
0 62 3.302008301676071e+02 7.103548420143389e-17 6.589131796155422e-02
1 52 3.333578087829736e+02 5.762901602525412e-18 6.015972988517394e-02
0 63 3.354661456463404e+02 9.378218895781820e-18 6.589494259636362e-02
1 53 3.397024722312558e+02 4.673215023274396e-18 6.015359688792525e-02
0 64 3.407301820480885e+02 7.338056054212755e-18 6.590137992139483e-02
0 65 3.459961137169296e+02 6.239575486618895e-18 6.583721608647682e-02
1 54 3.460461172672378e+02 3.922616616987911e-18 6.020729204254272e-02
0 66 3.512625827782152e+02 5.008704072670193e-18 6.585959350617075e-02
1 55 3.523887051320102e+02 4.272010023057353e-18 6.019370982605241e-02
0 67 3.565283955325003e+02 3.442215940867049e-18 6.585336190680628e-02
1 56 3.587309897368844e+02 4.052852723585917e-18 6.020009038686432e-02
0 68 3.617954712201184e+02 3.643171023158732e-18 6.585005271895740e-02
1 57 3.650721386307201e+02 4.271333156951307e-18 6.019866137115251e-02
