0 0 3.302831299735578e+00 5.604548713450371e-18 6.138341828846167e-02
1 0 4.109876246661664e+00 1.618999218144922e-14 6.283667406589560e-02
0 1 8.576638106291515e+00 3.312755766241019e-14 6.138243863829308e-02
1 1 1.044318492713468e+01 1.393939731631896e-14 6.284123096626565e-02
0 2 1.385159731463074e+01 3.663925441244056e-14 6.137680712150084e-02
1 2 1.677466783368258e+01 3.533368850372348e-14 6.284476907083027e-02
0 3 1.912718784682478e+01 4.701688201391282e-18 6.137805191849469e-02
1 3 2.310661973422499e+01 8.965866951275472e-14 6.283980649274912e-02
0 4 2.440179905861255e+01 5.654611369298603e-18 6.138381351708729e-02
1 4 2.944023155543089e+01 3.975628699201787e-18 6.283266046749349e-02
0 5 2.967554483969720e+01 3.549311013096746e-14 6.138815742124641e-02
0 6 3.496887925302711e+01 3.993443283408819e-18 6.137076621136116e-02
1 5 3.574972366347004e+01 9.417034674346986e-16 6.284752172549321e-02
0 7 4.025777805232924e+01 3.737507435810327e-18 6.137034594604628e-02
1 6 4.206332695012968e+01 4.479996185973460e-16 6.285160781847943e-02
0 8 4.554780790560255e+01 3.993920813465030e-18 6.136448217406098e-02
1 7 4.837507240354965e+01 3.950106706525786e-18 6.285572733854616e-02
0 9 5.083858939997803e+01 3.710675982447434e-18 6.136502542773976e-02
1 8 5.468701378668159e+01 3.794820036575821e-18 6.285151668291354e-02
0 10 5.612852288118277e+01 3.681690666156810e-18 6.137067999303932e-02
1 9 6.100078953366685e+01 3.914886002590012e-18 6.284573977338831e-02
0 11 6.141731191849286e+01 4.508893660847707e-18 6.137315173169065e-02
0 12 6.671462462648668e+01 1.290263327635802e-17 6.133290400965155e-02
1 10 6.730479013634667e+01 4.080241338839976e-18 6.288281790924363e-02
0 13 7.200657869990305e+01 5.554680367045906e-17 6.133760184291265e-02
1 11 7.361468596889063e+01 5.567616220343702e-18 6.288296155121918e-02
0 14 7.729933465924863e+01 7.978003118182490e-18 6.133134220028596e-02
1 12 7.992282966947849e+01 2.562222851735306e-17 6.288838396468316e-02
0 15 8.259309057102507e+01 3.752503320624310e-18 6.133038546317376e-02
1 13 8.623060320030314e+01 1.622376928804677e-17 6.288571546039531e-02
0 16 8.788629855534147e+01 3.599674426435588e-18 6.133553745596530e-02
1 14 9.254020526377242e+01 4.022767254882713e-18 6.287920192593570e-02
0 17 9.317816836657516e+01 4.300418254784253e-18 6.133928991524889e-02
0 18 9.847432583181970e+01 2.518581018737088e-14 6.127770242977924e-02
1 15 9.884551570295933e+01 3.745792783872746e-18 6.293664799163777e-02
0 19 1.037604411494643e+02 3.828816940548137e-18 6.129517394927974e-02
1 16 1.051634755829297e+02 3.898592240623114e-18 6.292660518022208e-02
0 20 1.090465741665708e+02 3.216616412623084e-15 6.128905165218132e-02
1 17 1.114802448519212e+02 4.206409109456576e-18 6.293296521863520e-02
0 21 1.143338795705142e+02 2.708070200916826e-14 6.128672946401247e-02
1 18 1.177961486643556e+02 3.791321406559777e-18 6.293174805962996e-02
0 22 1.196209281778153e+02 2.555599749907058e-15 6.129120646459404e-02
1 19 1.241137050065343e+02 3.279748793407440e-14 6.292497645457298e-02
0 23 1.249066145559932e+02 3.818111625323703e-18 6.129585884607500e-02
0 24 1.301952032234199e+02 3.672190520386798e-18 6.120906951958789e-02
1 20 1.304287757156255e+02 7.155847962596559e-16 6.300782400599443e-02
0 25 1.354632826902278e+02 3.663730859133933e-18 6.124730997948679e-02
1 21 1.367709475856623e+02 9.598137383203263e-15 6.298179175092712e-02
0 26 1.407303917322691e+02 3.995035952029814e-18 6.124146074422309e-02
1 22 1.431127040070486e+02 4.753366338596014e-18 6.298837319816970e-02
0 27 1.459986923293791e+02 1.757005450334624e-14 6.123883234008577e-02
1 23 1.494534847689415e+02 3.917907850387228e-18 6.298735562542576e-02
0 28 1.512667822280069e+02 5.978074969042560e-16 6.124327904682795e-02
1 24 1.557959157320149e+02 4.376229523693190e-18 6.298055381397379e-02
0 29 1.565335340291542e+02 3.652708676407940e-18 6.124773153540213e-02
0 30 1.618034142913951e+02 1.162192762811076e-14 6.118553959407200e-02
1 25 1.621354901443181e+02 3.891626307533690e-18 6.303864990585514e-02
0 31 1.670618285565670e+02 1.535808066092000e-17 6.120566528900875e-02
1 26 1.684899937216531e+02 4.179513292390020e-18 6.302700169004757e-02
0 32 1.723201753426462e+02 1.831742256059675e-14 6.119952565153085e-02
1 27 1.748433269186331e+02 1.332605703011274e-17 6.303311916597040e-02
0 33 1.775796035361020e+02 3.729209319916672e-18 6.119794893260985e-02
1 28 1.811960596542001e+02 2.642373751328281e-17 6.303080677996049e-02
0 34 1.828385799069065e+02 3.705113144975884e-18 6.120302434547386e-02
1 29 1.875506048008411e+02 4.481144024435561e-18 6.302426736148641e-02
0 35 1.880962779507084e+02 3.679587312582913e-18 6.120640452206218e-02
0 36 1.933592048290847e+02 3.622785825404758e-18 6.116765326611330e-02
1 30 1.938994809302697e+02 4.283919945891714e-18 6.305974456721058e-02
0 37 1.986165909268581e+02 8.341009946284495e-18 6.117338254037180e-02
1 31 2.002548426555375e+02 4.144329544874701e-18 6.305950162879206e-02
0 38 2.038747324904791e+02 5.296079650683038e-17 6.116724751038327e-02
1 32 2.066084632086037e+02 4.109848550066689e-18 6.306444506405014e-02
0 39 2.091337377719279e+02 1.601396096032230e-17 6.116724183198455e-02
1 33 2.129620737526668e+02 1.450921420300814e-15 6.306045833991387e-02
0 40 2.143919790053820e+02 6.047222868705520e-18 6.117284491972819e-02
1 34 2.193174856317365e+02 3.656118510683617e-14 6.305424309597304e-02
0 41 2.196491628448645e+02 3.996812897175219e-18 6.117546944644235e-02
0 42 2.249178226748232e+02 3.758566941345566e-18 6.115492943503605e-02
1 35 2.256590402445578e+02 4.108281238139664e-18 6.307276304018360e-02
0 43 2.301824789231911e+02 3.709360052225819e-18 6.115485945504236e-02
1 36 2.320044692424268e+02 3.842280484043342e-18 6.307686889077595e-02
0 44 2.354482398940222e+02 3.780034312306688e-18 6.114917212929411e-02
1 37 2.383480665915227e+02 3.895640782751805e-18 6.308051707896457e-02
0 45 2.407146438159612e+02 3.677297973224606e-18 6.115037200833080e-02
1 38 2.446921154145737e+02 4.078130887804938e-18 6.307548050203449e-02
0 46 2.459800739684253e+02 3.728595985338201e-18 6.115611490294855e-02
1 39 2.510377815808817e+02 3.798704550488513e-18 6.306735156236430e-02
0 47 2.512447184553607e+02 4.168014147572915e-18 6.116142744408526e-02
0 48 2.565325248158003e+02 3.799585151699357e-18 6.116331148746458e-02
1 40 2.573545735686407e+02 4.059283739918503e-18 6.306346133963990e-02
0 49 2.618158686501907e+02 3.607327921289043e-18 6.116183180701855e-02
1 41 2.636753531876834e+02 4.023595385266935e-18 6.306842836478237e-02
0 50 2.671004070988135e+02 3.701054497065562e-18 6.115624514856995e-02
1 42 2.699942992597480e+02 3.820283592734243e-18 6.307194278673714e-02
0 51 2.723855812476323e+02 3.628672799029806e-18 6.115738112732595e-02
1 43 2.763136671399005e+02 3.789544777744464e-18 6.306710541030847e-02
0 52 2.776697972641728e+02 3.670342838935410e-18 6.116313552822737e-02
1 44 2.826347728322255e+02 3.719791096449470e-18 6.306156970116815e-02
0 53 2.829530511244113e+02 4.310683081295064e-18 6.116501423166786e-02
0 54 2.882490712659849e+02 6.226378025766649e-18 6.114315127906141e-02
1 45 2.889406290931061e+02 1.606944608559764e-14 6.308131074064027e-02
0 55 2.935403404462389e+02 5.467386680442947e-17 6.114429343242610e-02
1 46 2.952512386628389e+02 3.396358504393463e-17 6.308437299991569e-02
0 56 2.988326525838093e+02 8.217112974276253e-18 6.113825679635101e-02
1 47 3.015599931028737e+02 3.937289396016411e-18 6.308903468340972e-02
0 57 3.041258192097660e+02 3.758541178347567e-18 6.113817717695048e-02
1 48 3.078687038712085e+02 4.254759713101047e-18 6.308540226777605e-02
0 58 3.094182563385790e+02 3.777687185919573e-18 6.114367156367224e-02
1 49 3.141792821886583e+02 3.717364248652740e-18 6.307937932512543e-02
0 59 3.147094479019113e+02 4.006521605592179e-18 6.114629035925596e-02
0 60 3.200066013704937e+02 4.007937301718348e-18 6.110187260530955e-02
1 50 3.204834338967026e+02 3.977610516467419e-18 6.312043153535031e-02
0 61 3.252965320629537e+02 2.923843948938747e-17 6.111049186821155e-02
1 51 3.267961228494286e+02 5.502178221428708e-18 6.311765698935475e-02
0 62 3.305870121206247e+02 6.496058545175934e-16 6.110428416297022e-02
1 52 3.331072265929548e+02 1.656445147019836e-17 6.312353164808003e-02
0 63 3.358785764578116e+02 5.742785095774702e-17 6.110268259885819e-02
1 53 3.394177219321212e+02 1.672465380524838e-17 6.312149804294352e-02
0 64 3.411697231167885e+02 4.007027831849270e-18 6.110755505704357e-02
1 54 3.457299802852345e+02 4.479596613084598e-18 6.311481585615683e-02
0 65 3.464595133352734e+02 4.072262817283083e-18 6.111160676348035e-02
0 66 3.517529052970842e+02 3.615150256924496e-18 6.103911969982876e-02
1 55 3.520389155577157e+02 3.733793671551880e-18 6.318324789364470e-02
0 67 3.570309710452133e+02 3.954744656900253e-18 6.106344572437637e-02
1 56 3.583676009188572e+02 3.736406143685170e-18 6.316824953478649e-02
0 68 3.623086909246470e+02 3.631718792841122e-18 6.105751203300510e-02
1 57 3.646953896926615e+02 3.806561633973110e-18 6.317472177596127e-02
