0 0 3.300335748881869e+00 4.050623824199310e-15 6.309555849645881e-02
1 0 3.991744921319629e+00 3.892993531568539e-18 6.151944966438567e-02
0 1 8.567507472150359e+00 2.745119298994611e-17 6.309313698266354e-02
1 1 1.033258709435278e+01 3.887140583735086e-18 6.152486683521018e-02
0 2 1.383591577127531e+01 1.949493313523895e-15 6.308766743892501e-02
1 2 1.667161081861899e+01 4.069552583977669e-18 6.152758530904227e-02
0 3 1.910488483930755e+01 3.612373231758177e-14 6.308874785220620e-02
1 3 2.301112746564510e+01 4.230193748512552e-18 6.152204756605391e-02
0 4 2.437282224167502e+01 5.306006693770743e-15 6.309514973284105e-02
1 4 2.935217835885684e+01 4.385931223830934e-18 6.152154883677063e-02
0 5 2.964013693055365e+01 3.499418411864168e-18 6.309320679962044e-02
0 6 3.492517546040767e+01 1.373603930927275e-15 6.323418667926506e-02
1 5 3.567222328420402e+01 3.995544788295307e-18 6.138795766042964e-02
0 7 4.020087360677744e+01 6.349634653199251e-16 6.323101370797345e-02
1 6 4.200179085740864e+01 3.922795763501058e-18 6.139376180155857e-02
0 8 4.547785686012847e+01 4.024826957522516e-14 6.322566847080247e-02
1 7 4.832955898940541e+01 4.234606257925214e-18 6.139622191831971e-02
0 9 5.075536149342346e+01 1.230016071809081e-14 6.322688441545055e-02
1 8 5.465786811131294e+01 3.918693422379302e-18 6.139064384220839e-02
0 10 5.603181403681769e+01 4.989231151126384e-15 6.323332517612125e-02
1 9 6.098773248226343e+01 4.439196556058173e-18 6.139029533943508e-02
0 11 6.130761072001085e+01 2.465407912840615e-15 6.323135383606596e-02
0 12 6.659975049847502e+01 1.104229244997726e-14 6.336206207181692e-02
1 10 6.729853924407280e+01 3.918380690757224e-18 6.126672542647237e-02
0 13 7.188171050321706e+01 4.892227309942400e-15 6.335927401212747e-02
1 11 7.361994146999324e+01 3.852681815132415e-18 6.127217793543917e-02
0 14 7.716493240524188e+01 3.896186937504479e-18 6.335372150401310e-02
1 12 7.993950775563262e+01 3.995688454974909e-18 6.127516870232393e-02
0 15 8.244877852915660e+01 5.176035203056270e-18 6.335440093722226e-02
1 13 8.625941631200993e+01 4.155475937063351e-18 6.126997075999718e-02
0 16 8.773165207976537e+01 3.488029483570866e-18 6.336076110640539e-02
1 14 9.258104379683509e+01 4.595608217851193e-18 6.126820033332685e-02
0 17 9.301364051735092e+01 3.691166628552180e-18 6.336051928478002e-02
0 18 9.830936647075150e+01 3.911147573638498e-18 6.341524628283451e-02
1 15 9.888719242133502e+01 4.240039435579950e-18 6.121670973570457e-02
0 19 1.035933489608945e+02 3.756276278080750e-18 6.341377659884490e-02
1 16 1.052060568801293e+02 3.890248032024714e-18 6.122111210633818e-02
0 20 1.088784819202439e+02 3.642655736181075e-18 6.340790340723156e-02
1 17 1.115230743693636e+02 3.854723129848189e-18 6.122503728838528e-02
0 21 1.141644125505481e+02 3.579712973933504e-18 6.340768370530160e-02
1 18 1.178400954451317e+02 4.161499917097951e-18 6.122052664778362e-02
0 22 1.194495218067433e+02 5.016328591112619e-18 6.341375898699068e-02
1 19 1.241589394124643e+02 3.994408981734776e-18 6.121697318859757e-02
0 23 1.247335299913853e+02 6.816776287375468e-18 6.341558203591913e-02
0 24 1.300292335358217e+02 3.098755318789114e-17 6.337802614427217e-02
1 20 1.304651457924080e+02 3.899056499859256e-18 6.125263037473582e-02
0 25 1.353107445932621e+02 1.436331766155608e-17 6.337845258570024e-02
1 21 1.367873763729814e+02 3.832580284474500e-18 6.125549967095553e-02
0 26 1.405932007450831e+02 6.767016204665535e-18 6.337238543146961e-02
1 22 1.431078553456302e+02 4.337462223818770e-18 6.126028915907557e-02
0 27 1.458766111100378e+02 4.296891860912104e-18 6.337130135185438e-02
1 23 1.494280054251122e+02 3.832388295820620e-18 6.125652829709119e-02
0 28 1.511593620005709e+02 3.639231304641340e-18 6.337697564541429e-02
1 24 1.557499749760744e+02 4.992673852901462e-14 6.125184655110615e-02
0 29 1.564408980763901e+02 3.762696083311644e-18 6.338015307646264e-02
0 30 1.617328800594412e+02 4.837709830274853e-18 6.326640496739541e-02
1 25 1.620610570503728e+02 1.340966919456441e-17 6.135976450500891e-02
0 31 1.670077969166442e+02 3.491881907121885e-18 6.326816243046182e-02
1 26 1.683920434450463e+02 5.823462453803750e-18 6.136151233538104e-02
0 32 1.722834541309335e+02 3.845807784692345e-18 6.326208095210820e-02
1 27 1.747214198981040e+02 6.569454574504742e-18 6.136675326284999e-02
0 33 1.775601422249550e+02 3.571675472080946e-18 6.326053642370076e-02
1 28 1.810502878404732e+02 7.543943971753646e-18 6.136339006896775e-02
0 34 1.828362576206719e+02 3.597969477170512e-18 6.326599333555682e-02
1 29 1.873809483926837e+02 4.507553505409331e-18 6.135837647450371e-02
0 35 1.881111381321479e+02 4.294243300782751e-18 6.326947904845906e-02
0 36 1.933956761516829e+02 3.997566005190637e-18 6.315419394416102e-02
1 30 1.937017146978572e+02 4.061553364727517e-17 6.146801493152430e-02
0 37 1.986620720325688e+02 3.496045847594371e-18 6.315562440138554e-02
1 31 2.000439286966881e+02 5.898842232231718e-18 6.147012136433917e-02
0 38 2.039292068140166e+02 3.593482470422837e-18 6.314958597260288e-02
1 32 2.063845308588672e+02 2.855244309671239e-14 6.147523406891136e-02
0 39 2.091973384016811e+02 3.583513085820699e-18 6.314825237158136e-02
1 33 2.127247017440527e+02 4.034316602505580e-18 6.147155446969236e-02
0 40 2.144648427363265e+02 3.496196062588863e-18 6.315391696938001e-02
1 34 2.190666831785472e+02 4.021829596502069e-18 6.146712995142738e-02
0 41 2.197311772302638e+02 3.581633831776363e-18 6.315644293306054e-02
0 42 2.250063478677663e+02 3.649811873952906e-18 6.312844438308682e-02
1 35 2.253994920859760e+02 4.341202240313047e-18 6.149410784307952e-02
0 43 2.302668524353073e+02 3.876061345399535e-18 6.312819802455735e-02
1 36 2.317493728627275e+02 4.821408396285380e-18 6.149774600331665e-02
0 44 2.355283294465532e+02 7.599745285480821e-18 6.312228262437483e-02
1 37 2.380974865895279e+02 4.070059403871222e-18 6.150204050703570e-02
0 45 2.407906494580406e+02 3.036440754404921e-17 6.312184706803840e-02
1 38 2.444455112810822e+02 4.059481053038081e-18 6.149743879288001e-02
0 46 2.460521645890968e+02 3.573921429373243e-18 6.312799847118951e-02
1 39 2.507953199729421e+02 6.627362610537907e-18 6.149509372218267e-02
0 47 2.513127129257184e+02 3.520796052296453e-18 6.312786150462846e-02
0 48 2.565818677159290e+02 3.565189868539989e-18 6.318626511500174e-02
1 40 2.571356959826688e+02 1.496710995698557e-17 6.144076778464735e-02
0 49 2.618411776445749e+02 3.652522344311709e-18 6.318385158683762e-02
1 41 2.634869886747911e+02 5.621172741337456e-18 6.144607805245077e-02
0 50 2.671016943475917e+02 3.823632592501132e-18 6.317832195345208e-02
1 42 2.698364493595935e+02 4.031893168773908e-18 6.144902154785650e-02
0 51 2.723628110321050e+02 3.608450075697584e-18 6.317915052580805e-02
1 43 2.761862975389756e+02 3.906627317977246e-18 6.144344128645921e-02
0 52 2.776229199684196e+02 4.429188034737733e-18 6.318563775915191e-02
1 44 2.825376710689753e+02 4.005263666263769e-18 6.144513775333669e-02
0 53 2.828824828611833e+02 3.654721296304540e-18 6.318074137173176e-02
0 54 2.881518917754065e+02 4.639378086291204e-18 6.330188776712517e-02
1 45 2.888774032999432e+02 4.281606914038230e-18 6.133154860347748e-02
0 55 2.934146756615462e+02 1.253628481748245e-14 6.329785586745124e-02
1 46 2.952239531139118e+02 3.736099735895285e-14 6.133783440803568e-02
0 56 2.986787772402649e+02 2.350167434298478e-17 6.329290092352072e-02
1 47 3.015687724213557e+02 2.527304886037337e-16 6.133941172925379e-02
0 57 3.039432327228267e+02 3.847137509054626e-15 6.329486956467939e-02
1 48 3.079143915963543e+02 5.842958686767765e-16 6.133325689097070e-02
0 58 3.092065374755686e+02 6.658616299313458e-15 6.330137425735970e-02
0 59 3.144698821542937e+02 3.556327130237406e-18 6.329060691551829e-02
1 49 3.142610316960906e+02 3.886675939152426e-18 6.133996060272212e-02
0 60 3.197449619642098e+02 3.701639405085698e-18 6.344968115220029e-02
1 50 3.205930695813641e+02 4.464461474799002e-18 6.118994364203615e-02
0 61 3.250153703741806e+02 4.066715046193670e-18 6.344485024162601e-02
1 51 3.269294772917681e+02 4.407794999255028e-18 6.119647310296626e-02
0 62 3.302871226713047e+02 4.044926727386172e-18 6.344031352171153e-02
1 52 3.332642769213144e+02 4.825312697220030e-18 6.119726518660825e-02
0 63 3.355590886217755e+02 3.690809619565667e-18 6.344286016601297e-02
1 53 3.396000752360931e+02 3.902746475574152e-18 6.119097809044028e-02
0 64 3.408298428498459e+02 3.553391221134093e-18 6.344930788567929e-02
0 65 3.461009290636069e+02 4.210699942904400e-18 6.343604433263308e-02
1 54 3.459366036280895e+02 4.019857421204929e-18 6.119979345213640e-02
0 66 3.513835584112307e+02 4.046172081780099e-18 6.360316557466968e-02
1 55 3.522586961639651e+02 3.909790423342179e-18 6.104236665226193e-02
0 67 3.566620024882060e+02 3.884371900680571e-18 6.359821067832586e-02
1 56 3.585845368038081e+02 3.907565783411217e-18 6.104887665838533e-02
0 68 3.619418007594030e+02 3.695691869311588e-18 6.359364742264716e-02
1 57 3.649087671408860e+02 3.985319895617770e-18 6.104977575346299e-02
