0 0 3.304310029411595e+00 6.186885232911668e-15 6.504218133349177e-02
1 0 4.063015843540959e+00 3.800795649923377e-18 6.278166137375572e-02
0 1 8.576337840024614e+00 1.020311441844932e-15 6.504060153228317e-02
1 1 1.039740381674260e+01 3.960608345141574e-18 6.278603221098439e-02
0 2 1.384953174969566e+01 2.705786962030848e-16 6.503455618243337e-02
1 2 1.672996241920908e+01 2.244055909998442e-14 6.278961491120473e-02
0 3 1.912333921660635e+01 1.061566456928085e-16 6.503575921796452e-02
1 3 2.306297268313731e+01 3.477380127272278e-14 6.278415040285042e-02
0 4 2.439616887319960e+01 8.237704355145438e-18 6.504221353672958e-02
1 4 2.939763637657606e+01 4.710451379916125e-15 6.278156669061677e-02
0 5 2.966818178021474e+01 7.946338396122096e-18 6.504260643263206e-02
0 6 3.496910854725920e+01 4.092668771715631e-18 6.506166332298109e-02
1 5 3.569740443939711e+01 3.938271138566095e-18 6.276101006104216e-02
0 7 4.025975787356684e+01 3.616466919133845e-18 6.506046980121030e-02
1 6 4.200747063326313e+01 4.119066895391927e-18 6.276494357905422e-02
0 8 4.555156182475324e+01 3.890612922837363e-18 6.505418023479977e-02
1 7 4.831567488320332e+01 4.287643973464124e-18 6.276921843722762e-02
0 9 5.084411534894300e+01 3.512232286406580e-18 6.505449452254894e-02
1 8 5.462401383379235e+01 3.788871812277125e-18 6.276455393896363e-02
0 10 5.613583741444355e+01 3.711533231131866e-18 6.506078446605752e-02
1 9 6.093420861332105e+01 3.871688226497060e-18 6.276050359593578e-02
0 11 6.142641486121833e+01 5.697962543865720e-18 6.506272433803539e-02
0 12 6.672874818680359e+01 7.778909135202418e-17 6.496252864328893e-02
1 10 6.723110003757367e+01 3.982899239392502e-18 6.285415822171446e-02
0 13 7.202315477859368e+01 9.009389574884987e-18 6.496673133863909e-02
1 11 7.353656407268775e+01 3.965885308710865e-18 6.285362814097842e-02
0 14 7.731833396149096e+01 3.674259973167555e-18 6.496006857220818e-02
1 12 7.984033706569586e+01 4.011528862200456e-18 6.285945280546100e-02
0 15 8.261455110873113e+01 4.190698785092832e-18 6.495847225886567e-02
1 13 8.614357772540588e+01 4.115204137399206e-18 6.285665697694928e-02
0 16 8.791028971341336e+01 3.616671606661036e-18 6.496394723178851e-02
1 14 9.244861097116360e+01 3.061306149490478e-16 6.285063257434208e-02
0 17 9.320468758573850e+01 4.791475115428593e-18 6.496839375767392e-02
0 18 9.850408556885787e+01 4.346199819789915e-18 6.482421823149612e-02
1 15 9.874874385999610e+01 2.994476055878840e-14 6.298679467256016e-02
0 19 1.037919187269514e+02 4.505892916665750e-14 6.484205266790315e-02
1 16 1.050632441363823e+02 3.930979765480353e-18 6.297487079072991e-02
0 20 1.090795186055813e+02 3.411847158738635e-18 6.483578069285587e-02
1 17 1.113768963831231e+02 3.912966670724701e-18 6.298155580724392e-02
0 21 1.143683432370526e+02 3.628054840183163e-18 6.483249380403144e-02
1 18 1.176894470904837e+02 4.451222428466543e-18 6.298070646389553e-02
0 22 1.196570388447351e+02 3.411743902451334e-18 6.483688777051501e-02
1 19 1.240035089848544e+02 3.726784243863988e-18 6.297411894508732e-02
0 23 1.249444049307525e+02 3.772533291087186e-18 6.484251869300520e-02
0 24 1.302337647941876e+02 3.520613373611448e-18 6.471511909914437e-02
1 20 1.303163040416496e+02 3.741757751951427e-18 6.309461310182993e-02
0 25 1.355001259641978e+02 3.922265558527497e-18 6.476319890271133e-02
1 21 1.366597235073227e+02 3.727025740810732e-18 6.306074563942964e-02
0 26 1.407646277929156e+02 3.410518691580469e-18 6.475746052341927e-02
1 22 1.430037281795989e+02 3.813396603227104e-18 6.306751744390666e-02
0 27 1.460303648789959e+02 3.826648798107468e-18 6.475375910299369e-02
1 23 1.493464960818705e+02 4.110251206447893e-18 6.306703037791800e-02
0 28 1.512960390231828e+02 3.688683115015616e-18 6.475806680627910e-02
1 24 1.556907623440003e+02 4.247443583673716e-18 6.306043976281429e-02
0 29 1.565604081387615e+02 4.016713233708169e-18 6.476347404656828e-02
0 30 1.618277545745177e+02 3.646604175845925e-18 6.464209547948646e-02
1 25 1.620324974402253e+02 3.782954348726329e-18 6.317544249660473e-02
0 31 1.670819318472013e+02 4.297561599137606e-15 6.466517351329600e-02
1 26 1.683914746840777e+02 2.272751174132197e-16 6.316004589280916e-02
0 32 1.723356857141521e+02 6.142764097057108e-15 6.465885173496873e-02
1 27 1.747496875898452e+02 3.722849551675191e-18 6.316659601005653e-02
0 33 1.775905642016821e+02 4.019604196058723e-18 6.465644597997722e-02
1 28 1.811070882806671e+02 3.723145847204628e-18 6.316435110370619e-02
0 34 1.828450872394516e+02 3.839714560484562e-18 6.466177448156452e-02
1 29 1.874662615204858e+02 3.723846453307458e-18 6.315841183390460e-02
0 35 1.880983305795414e+02 3.522583418647828e-18 6.466562474541648e-02
0 36 1.933576888287960e+02 3.732924772877890e-18 6.458492709518744e-02
1 30 1.938188901924025e+02 3.762245988533285e-18 6.323360643899111e-02
0 37 1.986103830726805e+02 2.321889122005850e-17 6.459072708152842e-02
1 31 2.001792467967862e+02 4.416455892764328e-18 6.323244709857391e-02
0 38 2.038637920007422e+02 3.010625578729226e-17 6.458418553310175e-02
1 32 2.065379110391541e+02 3.982864500424267e-18 6.323768753215742e-02
0 39 2.091180729128608e+02 9.948513337056399e-18 6.458385402116297e-02
1 33 2.128964843019874e+02 4.011897752821457e-18 6.323328302180636e-02
0 40 2.143716150596062e+02 3.416515309686109e-18 6.459004283275854e-02
1 34 2.192568719852917e+02 4.453977022949475e-18 6.322936854191630e-02
0 41 2.196241212097213e+02 3.416923247073061e-18 6.459122372898626e-02
0 42 2.248915381870299e+02 3.419942099859686e-18 6.456590436291298e-02
1 35 2.255994659659511e+02 4.499670316161464e-18 6.325250118187664e-02
0 43 2.301525765144887e+02 4.871628556253699e-18 6.456503089473466e-02
1 36 2.319484022310463e+02 1.260188316141181e-15 6.325667352966301e-02
0 44 2.354147498671863e+02 3.577262220941976e-18 6.455901061190056e-02
1 37 2.382955080707333e+02 1.755362599351522e-15 6.326020888415067e-02
0 45 2.406775169467904e+02 3.595876901607616e-18 6.456034405470801e-02
1 38 2.446431104499823e+02 3.926342661629261e-18 6.325453928898231e-02
0 46 2.459392891917221e+02 5.919528020165184e-15 6.456674504036872e-02
0 47 2.512004056660444e+02 2.101694669751997e-17 6.456675693251536e-02
1 39 2.509922591728361e+02 4.212187668868334e-18 6.325202913684570e-02
0 48 2.564948803762621e+02 1.224511778229556e-14 6.469801672292688e-02
1 40 2.573005845571049e+02 4.489956923988116e-18 6.312473219379358e-02
0 49 2.617789189143600e+02 3.418446312202469e-18 6.469547751345069e-02
1 41 2.636191714105876e+02 1.480648903459256e-14 6.312990550646794e-02
0 50 2.670641944397870e+02 4.028367531393763e-18 6.468959812809065e-02
1 42 2.699359327260864e+02 4.102321026374838e-18 6.313324234851851e-02
0 51 2.723500490110700e+02 3.696646905996906e-18 6.469086970244287e-02
1 43 2.762531629419931e+02 2.469107460256363e-15 6.312775184599595e-02
0 52 2.776349194627804e+02 3.494993718266115e-18 6.469732074737949e-02
1 44 2.825721086900899e+02 1.946679358495911e-14 6.312543574160662e-02
0 53 2.829189022554229e+02 3.833810137802525e-18 6.469690483560166e-02
0 54 2.882211588375110e+02 3.641965094259639e-18 6.468666248347350e-02
1 45 2.888695872983587e+02 3.715694357804839e-18 6.313427500424552e-02
0 55 2.935146217322714e+02 3.835801735069328e-18 6.468667241125248e-02
1 46 2.951760677420472e+02 3.819288951115222e-18 6.313745143905160e-02
0 56 2.988091744039672e+02 4.673923969949942e-18 6.468025336214871e-02
1 47 3.014806875246754e+02 3.736809892111522e-18 6.314222787147875e-02
0 57 3.041045676024149e+02 9.285296778667805e-18 6.467995748863857e-02
1 48 3.077852247812827e+02 3.721385713871356e-18 6.313808565097939e-02
0 58 3.093992352123786e+02 3.840657404270073e-18 6.468604936683800e-02
1 49 3.140916416798896e+02 4.054839555002633e-18 6.313323964376349e-02
0 59 3.146926687536086e+02 3.442499277967000e-18 6.468862222129348e-02
0 60 3.199945142978046e+02 3.560625209280559e-18 6.458371115299237e-02
1 50 3.203890396813260e+02 3.779743618648344e-18 6.323170719859519e-02
0 61 3.252864827656707e+02 4.524883929949638e-18 6.459096609102993e-02
1 51 3.266977977609642e+02 3.884733131061502e-18 6.322884274750544e-02
0 62 3.305789936854620e+02 2.011148785416304e-15 6.458442647199290e-02
1 52 3.330050412907777e+02 4.247741511500258e-18 6.323504520007492e-02
0 63 3.358726150427148e+02 2.651698282213769e-15 6.458221491101850e-02
1 53 3.393115400425502e+02 1.880166982528269e-14 6.323287804192916e-02
0 64 3.411658743992569e+02 3.657116289044607e-18 6.458736199465022e-02
1 54 3.456197534761266e+02 1.097285415480786e-16 6.322652313421652e-02
0 65 3.464577899677228e+02 3.839933521838347e-18 6.459211113958385e-02
0 66 3.517541138275257e+02 3.539265431574350e-18 6.442073247764091e-02
1 55 3.519239488842097e+02 4.748502913480371e-18 6.338973308859687e-02
0 67 3.570320789719482e+02 3.530228916880382e-18 6.444201569267363e-02
1 56 3.582514914023670e+02 3.914635408387230e-18 6.337569340018928e-02
0 68 3.623095010408621e+02 3.513732368784639e-18 6.443597276570560e-02
1 57 3.645784604814225e+02 3.946977077862002e-18 6.338243086923605e-02
