0 0 3.374087258782802e+00 3.542072118925758e-18 6.268651633969893e-02
1 0 3.973353699811546e+00 4.495740444012627e-18 6.083631506515776e-02
0 1 8.639369507329599e+00 3.945162395538319e-18 6.268271617033529e-02
1 1 1.031694261620923e+01 3.954627858332432e-18 6.084205108557769e-02
0 2 1.390592393208878e+01 3.631869914751547e-18 6.267749980843432e-02
1 2 1.665873230104208e+01 4.081384478907971e-18 6.084468179049959e-02
0 3 1.917300668186966e+01 3.594951302448897e-18 6.267881147731559e-02
1 3 2.300103154663813e+01 4.439704352450026e-18 6.083906830456711e-02
0 4 2.443902205137307e+01 3.789788613706402e-18 6.268515428186031e-02
1 4 2.934478307022507e+01 3.961383046586840e-18 6.084189697573190e-02
0 5 2.970459803324601e+01 3.522131356415105e-18 6.267837849902423e-02
0 6 3.497828314768784e+01 3.732894551571277e-18 6.278972440622616e-02
1 5 3.567887279779080e+01 4.245257107311258e-18 6.073740855344322e-02
0 7 4.024609792085135e+01 5.279950084549623e-18 6.278517945420978e-02
1 6 4.201904270712926e+01 3.932937771960360e-18 6.074354021243660e-02
0 8 4.551523807908157e+01 3.419310274145998e-15 6.278034327192855e-02
1 7 4.835748571701249e+01 4.000197627485893e-18 6.074543195325927e-02
0 9 5.078476165808610e+01 1.338650308610388e-16 6.278228417430937e-02
1 8 5.469667367991028e+01 4.014483658190175e-18 6.073944451977493e-02
0 10 5.605313502333527e+01 4.564628405139007e-15 6.278862944468816e-02
1 9 6.103703260358362e+01 7.856579413833411e-15 6.074553770947089e-02
0 11 6.132140238138382e+01 5.309875430521510e-17 6.277808977317664e-02
0 12 6.659869438230237e+01 4.238318468360014e-16 6.290194376333828e-02
1 10 6.736625199710386e+01 1.003975690327702e-14 6.062884088946728e-02
0 13 7.187124930253522e+01 6.818558163772850e-17 6.289699986958794e-02
1 11 7.370013597942294e+01 9.972182091533369e-16 6.063509664365311e-02
0 14 7.714514977400584e+01 3.061801991489931e-17 6.289239203837151e-02
1 12 8.003235113198893e+01 1.187227037361406e-16 6.063660159633026e-02
0 15 8.241935954302913e+01 2.205852096757697e-17 6.289462372096091e-02
1 13 8.636541740854275e+01 2.171727455474032e-17 6.063050036787579e-02
0 16 8.769238345687093e+01 5.609500188568468e-17 6.290096518220792e-02
1 14 9.269954243232182e+01 1.464646076320563e-17 6.063767189388337e-02
0 17 9.296541711597682e+01 2.190654251628675e-16 6.288932328320278e-02
0 18 9.824745837013931e+01 5.897879283368979e-16 6.301859818201408e-02
1 15 9.902252133702942e+01 4.678661607541722e-17 6.051577407125351e-02
0 19 1.035248654801843e+02 2.986892377395859e-15 6.301360756914560e-02
1 16 1.053500303681644e+02 3.382618895098932e-16 6.052199699710938e-02
0 20 1.088036241940117e+02 1.801101175784636e-14 6.300895452875169e-02
1 17 1.116758610870700e+02 3.815771328286354e-15 6.052361437767110e-02
0 21 1.140827169584183e+02 8.050596031225635e-16 6.301105727740168e-02
1 18 1.180024957532313e+02 1.488687548633035e-14 6.051761043293541e-02
0 22 1.193606362183143e+02 4.384910854424997e-15 6.301745224746980e-02
1 19 1.243303415775744e+02 2.985042387712451e-14 6.052295782089802e-02
0 23 1.246383790122731e+02 1.495919617061556e-14 6.300819515913390e-02
0 24 1.299240975025704e+02 4.194402674817128e-18 6.313973759292496e-02
1 20 1.306486118393174e+02 4.376703188622980e-18 6.039925193100244e-02
0 25 1.352041830842220e+02 3.500354181071171e-18 6.313500811472571e-02
1 21 1.369726441171597e+02 4.018629646992245e-18 6.040530035251792e-02
0 26 1.404856103155715e+02 3.631154428417292e-18 6.313008738688358e-02
1 22 1.432949359054526e+02 4.008037793489320e-18 6.040741631960819e-02
0 27 1.457674735846036e+02 3.694709869772696e-18 6.313174106241365e-02
1 23 1.496178655280081e+02 4.065819885594744e-18 6.040168964944721e-02
0 28 1.510482184928179e+02 3.963732060983216e-18 6.313817529746019e-02
1 24 1.559422484997772e+02 3.885885444081054e-18 6.040421198235246e-02
0 29 1.563284907487901e+02 3.580566720853143e-18 6.313238196499989e-02
0 30 1.616157670855798e+02 3.660137818178808e-18 6.326338215218084e-02
1 25 1.622586601926860e+02 4.582086479806446e-18 6.028143047906360e-02
0 31 1.668954321518340e+02 3.515519947618508e-18 6.325911588776903e-02
1 26 1.685832972123265e+02 4.048269409543981e-18 6.028713873436484e-02
0 32 1.721764014623526e+02 3.721280177337481e-18 6.325387243305204e-02
1 27 1.749061361326319e+02 4.391967869299575e-18 6.028986113774010e-02
0 33 1.774579306898523e+02 3.517246940957610e-18 6.325497985247402e-02
1 28 1.812294062575321e+02 3.975571838887874e-18 6.028450599557389e-02
0 34 1.827384182558774e+02 4.043107589222180e-18 6.326137980491489e-02
1 29 1.875543011717089e+02 3.948798467922638e-18 6.028487605234836e-02
0 35 1.880182042424365e+02 4.524797817213846e-18 6.325819349648168e-02
0 36 1.933045334556779e+02 1.560717998798494e-17 6.338693301677442e-02
1 30 1.938721319450424e+02 3.950510674649429e-18 6.016450670550519e-02
0 37 1.985808103965773e+02 1.884850204237153e-17 6.338308882839706e-02
1 31 2.002012609127742e+02 4.072194228485837e-18 6.016984241039905e-02
0 38 2.038583403350406e+02 2.651343728349911e-17 6.337762255318025e-02
1 32 2.065285717133284e+02 3.957635873755892e-18 6.017298964163905e-02
0 39 2.091365163089963e+02 3.936489517341529e-17 6.337834920558066e-02
1 33 2.128561666108334e+02 4.103099987415641e-18 6.016789893369955e-02
0 40 2.144137073726869e+02 5.253483950218605e-17 6.338469991303662e-02
1 34 2.191854507733684e+02 4.068559035971493e-18 6.016737833842337e-02
0 41 2.196901008502098e+02 6.235473381538185e-17 6.338261642265501e-02
0 42 2.249726584796541e+02 4.381572331246548e-18 6.351115086693034e-02
1 35 2.255082713832943e+02 5.130346332717889e-18 6.004738692293803e-02
0 43 2.302438704195288e+02 4.344055332495181e-18 6.350737093522388e-02
1 36 2.318440739823917e+02 4.247337012931349e-18 6.005260484902807e-02
0 44 2.355163144099839e+02 4.105464169356147e-18 6.350186942635398e-02
1 37 2.381780622144290e+02 3.951829757296797e-18 6.005579404035929e-02
0 45 2.407894104070125e+02 4.014246427052267e-18 6.350258916794892e-02
1 38 2.445123307485051e+02 3.957999067817255e-18 6.005065878784172e-02
0 46 2.460615183165922e+02 6.064858512526214e-17 6.350897209692000e-02
1 39 2.508482559270744e+02 4.178043786380225e-18 6.005070174959002e-02
0 47 2.513328837910995e+02 4.081760008970547e-17 6.350626762819835e-02
0 48 2.566096785415534e+02 6.037837505414710e-17 6.363691221258394e-02
1 40 2.571784649035801e+02 3.940049365566539e-18 5.992876356578122e-02
0 49 2.618766026512229e+02 2.444628536640659e-17 6.363274298103948e-02
1 41 2.635198864085223e+02 4.007307783625547e-18 5.993423644667480e-02
0 50 2.671447927437579e+02 1.143950893039561e-17 6.362742330708386e-02
1 42 2.698595110350108e+02 4.074773982324023e-18 5.993701896795354e-02
0 51 2.724135489547363e+02 7.180191599343602e-18 6.362855867421535e-02
1 43 2.761995751366597e+02 4.086306551603344e-18 5.993153021734932e-02
0 52 2.776812503576914e+02 4.067499038398991e-18 6.363504310589080e-02
1 44 2.825411387707933e+02 4.459835839641124e-18 5.993382926654457e-02
0 53 2.829484350752664e+02 3.621845713771302e-18 6.362975938513445e-02
0 54 2.882204675680636e+02 3.527118623204988e-18 6.375662545577500e-02
1 45 2.888773271671422e+02 3.990116271964649e-18 5.981533386527264e-02
0 55 2.934856278117964e+02 3.628724311178664e-18 6.375181917529223e-02
1 46 2.952210119485385e+02 2.938433994648587e-14 5.982120101446414e-02
0 56 2.987521066271026e+02 3.638591554229872e-18 6.374688327119529e-02
1 47 3.015629607928697e+02 8.484825734774916e-15 5.982322851320158e-02
0 57 3.040189982793570e+02 3.825912154503658e-18 6.374870411547776e-02
1 48 3.079056082676267e+02 6.415255310142441e-17 5.981730803125935e-02
0 58 3.092847424329017e+02 3.463641567406582e-18 6.375523591866296e-02
1 49 3.142494114139164e+02 2.388789776111484e-14 5.982379114452699e-02
0 59 3.145503871263350e+02 3.924865701910782e-18 6.374513125873227e-02
0 60 3.198210149019204e+02 3.529686199697880e-18 6.386017776399855e-02
1 50 3.205872013707331e+02 1.996440850165123e-14 5.971611040355540e-02
0 61 3.250873455553697e+02 3.609350872095058e-18 6.385479533467933e-02
1 51 3.269292726693703e+02 4.415925300911643e-18 5.972223066897444e-02
0 62 3.303550228989436e+02 4.274549675428861e-18 6.385033824206382e-02
1 52 3.332697219110847e+02 4.442436834265891e-18 5.972341272682892e-02
0 63 3.356229455892549e+02 1.137187737836934e-14 6.385285470350793e-02
1 53 3.396111235938201e+02 3.999632459015452e-18 5.971721983975067e-02
0 64 3.408896450294313e+02 1.059028327019544e-14 6.385930914960443e-02
1 54 3.459531704621323e+02 4.258562495782036e-18 5.972930619783041e-02
0 65 3.461567988368676e+02 5.877996527849468e-17 6.384245712228763e-02
0 66 3.514296631668674e+02 5.093510901600821e-18 6.394039098373347e-02
1 55 3.522878544830744e+02 4.098577417556050e-18 5.963755032821641e-02
0 67 3.566998236220307e+02 3.294237531198258e-17 6.393465533552085e-02
1 56 3.586248288391734e+02 3.955534396505709e-18 5.964373374617801e-02
0 68 3.619713329133390e+02 5.511934834181331e-16 6.393058174037627e-02
1 57 3.649602933945777e+02 4.002307620956117e-18 5.964431029401081e-02
