0 0 3.376319123061818e+00 3.698856201875436e-18 6.520970817333377e-02
1 0 4.007637422290709e+00 3.990548976590327e-18 6.124598033311097e-02
0 1 8.638288489207607e+00 3.829651622377829e-18 6.520589175628477e-02
1 1 1.035515470965949e+01 4.114124530166989e-18 6.125117166807290e-02
0 2 1.390150940423504e+01 3.465570335558488e-18 6.520034384061159e-02
1 2 1.670087612219142e+01 4.337522057015918e-18 6.125408025745621e-02
0 3 1.916523336430324e+01 4.395498669752923e-18 6.520202876917672e-02
1 3 2.304718629430054e+01 3.984309039335586e-18 6.124816408204108e-02
0 4 2.442787894216766e+01 3.455323997317612e-18 6.520863241249197e-02
1 4 2.939484205640914e+01 5.672066270059101e-16 6.125220624011531e-02
0 5 2.969017990218452e+01 4.407722347470325e-18 6.520103329037953e-02
0 6 3.495824391658107e+01 4.546654478550227e-15 6.536049120648231e-02
1 5 3.573596302395374e+01 4.701476455221502e-18 6.110332002500592e-02
0 7 4.022035152370341e+01 4.106599796365929e-18 6.535544091925138e-02
1 6 4.208318966560139e+01 6.880547992062405e-15 6.110929664392805e-02
0 8 4.548376986452263e+01 9.790143497427444e-15 6.535057680859599e-02
1 7 4.842875696663842e+01 3.908023021538523e-18 6.111095594571902e-02
0 9 5.074746482846075e+01 3.619293168456297e-18 6.535331275366388e-02
1 8 5.477528411658370e+01 4.030149617483852e-18 6.110456375524008e-02
0 10 5.600996141231301e+01 3.604467946526603e-18 6.535976429919961e-02
0 11 6.127284431623595e+01 3.382220043750134e-18 6.534354901581454e-02
1 9 6.112247927332089e+01 4.009557295230026e-18 6.111537955168937e-02
0 12 6.654066666640118e+01 3.667904931167865e-18 6.545985292483011e-02
1 10 6.746353942114041e+01 4.025026617964970e-18 6.100762407089746e-02
0 13 7.180571768529173e+01 3.795143788714357e-18 6.545400928776834e-02
1 11 7.380679164941463e+01 4.130728612926222e-18 6.101393084972562e-02
0 14 7.707207951704768e+01 3.474104485872496e-18 6.544986749684434e-02
1 12 8.014858396432324e+01 3.890320446204738e-18 6.101443872962776e-02
0 15 8.233851480756630e+01 3.482785365038180e-18 6.545345037720357e-02
1 13 8.649162034290198e+01 3.872248811721659e-18 6.100793993175917e-02
0 16 8.760368064906338e+01 3.398138017584195e-18 6.545956964347310e-02
0 17 9.287022303004355e+01 3.603238870615211e-18 6.541961548194856e-02
1 14 9.283433293522563e+01 3.848988059154802e-18 6.103533578730062e-02
0 18 9.814110223659381e+01 3.399818506655617e-18 6.547306396573818e-02
1 15 9.917112434089844e+01 3.869575555194887e-18 6.099204632399480e-02
0 19 1.034107689617259e+02 3.474712486956516e-18 6.546684629392553e-02
1 16 1.055082410218716e+02 3.854111924166948e-18 6.099841161320656e-02
0 20 1.086817232400819e+02 3.382623101367298e-18 6.546321251418757e-02
1 17 1.118440588378081e+02 3.963581904572403e-18 6.099820739177695e-02
0 21 1.139526259981843e+02 3.432687818922678e-18 6.546726624280753e-02
1 18 1.181812709478162e+02 3.893750487939684e-18 6.099175506075610e-02
0 22 1.192222286526752e+02 3.470546098361210e-18 6.547312221238109e-02
0 23 1.244940039200193e+02 3.401209189731285e-18 6.539680493857286e-02
1 19 1.245173006842299e+02 4.386395982183160e-18 6.105305525057580e-02
0 24 1.297686734489552e+02 3.412280363891403e-18 6.542400063205359e-02
1 20 1.308490019934552e+02 4.036405895476498e-18 6.103538591795777e-02
0 25 1.350425663540132e+02 3.563165204375941e-18 6.541767785382803e-02
1 21 1.371805414496359e+02 3.903807999484442e-18 6.104177155713048e-02
0 26 1.403177363646169e+02 3.381497195801789e-18 6.541420724487683e-02
1 22 1.435108393420480e+02 4.030794724371976e-18 6.104138103459133e-02
0 27 1.455928228841618e+02 3.381117105372676e-18 6.541836433393673e-02
1 23 1.498425661460262e+02 3.849807265601543e-18 6.103493891179732e-02
0 28 1.508665987268021e+02 3.397741476511764e-18 6.542418472611239e-02
0 29 1.561425030747932e+02 3.479051133088523e-18 6.534631397344749e-02
1 24 1.561731184954712e+02 4.078544435023047e-18 6.109859520944753e-02
0 30 1.614197498157515e+02 3.477607188025496e-18 6.537397961796938e-02
1 25 1.625014815856050e+02 4.075837969068076e-18 6.108065096257113e-02
0 31 1.666961225203309e+02 3.479283009373024e-18 6.536770590414558e-02
1 26 1.688297668227195e+02 4.560190710052207e-18 6.108706257948002e-02
0 32 1.719737807887053e+02 3.408712699724382e-18 6.536411283760725e-02
1 27 1.751567754905839e+02 4.055469947094658e-18 6.108687970255744e-02
0 33 1.772513934122304e+02 3.511877548178822e-18 6.536812160930125e-02
1 28 1.814851716339114e+02 4.050262423601444e-18 6.108041429067144e-02
0 34 1.825276973724523e+02 3.382191271482002e-18 6.537407465477189e-02
0 35 1.878055517369640e+02 3.537331073171874e-18 6.532044586552244e-02
1 29 1.878129769063030e+02 3.840673719290268e-18 6.112111379693861e-02
0 36 1.930835403428541e+02 3.430947412577263e-18 6.536282343938703e-02
1 30 1.941405210475309e+02 4.008847094353795e-18 6.109055208263878e-02
0 37 1.983602301923349e+02 3.728855046531241e-18 6.535669222121410e-02
1 31 2.004684026641859e+02 3.909436016071279e-18 6.109696909980563e-02
0 38 2.036382192140968e+02 3.464184899369754e-18 6.535284978377100e-02
1 32 2.067949332797302e+02 3.844608460262695e-18 6.109715849360615e-02
0 39 2.089162300052861e+02 3.407015466750145e-18 6.535660919812965e-02
1 33 2.131227771552291e+02 3.975494084230303e-18 6.109069644980666e-02
0 40 2.141929442577808e+02 3.586976641492044e-18 6.536272221350309e-02
0 41 2.194706867707694e+02 3.480254806049528e-18 6.532920585323478e-02
1 34 2.194505500170802e+02 3.880688949505797e-18 6.111317062054479e-02
0 42 2.247474023796507e+02 3.476835998970902e-18 6.539601803064693e-02
1 35 2.257799580060647e+02 3.886834088379067e-18 6.105999123627762e-02
0 43 2.300222340777776e+02 3.898858273215352e-18 6.539004213516965e-02
1 36 2.321102919986543e+02 3.930984001582060e-18 6.106638079117310e-02
0 44 2.352983707002716e+02 3.457365045612016e-18 6.538599783215895e-02
1 37 2.384392172970187e+02 4.104749725341325e-18 6.106685884325989e-02
0 45 2.405745814877346e+02 3.482011164691188e-18 6.538957547879866e-02
1 38 2.447694017705596e+02 3.992481996425403e-18 6.106042516394489e-02
0 46 2.458495077490485e+02 3.403346756336891e-18 6.539577554521060e-02
0 47 2.511252384317333e+02 4.438583717568937e-18 6.536800272158239e-02
1 39 2.510997272014009e+02 3.928977932291591e-18 6.107816990011526e-02
0 48 2.563985091534004e+02 3.377483149382314e-18 6.544493898631649e-02
1 40 2.574337719615272e+02 4.005323227775343e-18 6.101586893882659e-02
0 49 2.616696124296207e+02 3.473241473105595e-18 6.543899708706206e-02
1 41 2.637690090569999e+02 3.921158148571408e-18 6.102225715373170e-02
0 50 2.669420143732549e+02 3.538652635328523e-18 6.543495828604864e-02
1 42 2.701028428463388e+02 3.871243029659681e-18 6.102270201075623e-02
0 51 2.722144853021359e+02 3.466613520254570e-18 6.543858993457027e-02
1 43 2.764379584650420e+02 3.914604022826128e-18 6.101627394081814e-02
0 52 2.774856681154005e+02 3.460926227268974e-18 6.544474424909479e-02
0 53 2.827578832739306e+02 3.437714073980039e-18 6.540154710849734e-02
1 44 2.827729569794411e+02 3.866813614097360e-18 6.104888360819291e-02
0 54 2.880260464105701e+02 3.559250991963013e-18 6.545131712936259e-02
1 45 2.891136057494315e+02 3.957778419131187e-18 6.101263459727021e-02
0 55 2.932925735388441e+02 3.547020426431525e-18 6.544518336855590e-02
1 46 2.954548528134574e+02 4.121627603618990e-18 6.101908974529007e-02
0 56 2.985603771307019e+02 4.292757011698906e-18 6.544149093996357e-02
1 47 3.017948058007115e+02 4.107047031189311e-18 6.101899872733334e-02
0 57 3.038281559297773e+02 7.456153291107850e-18 6.544551498845814e-02
1 48 3.081361702941324e+02 4.048479848833984e-18 6.101257914152605e-02
0 58 3.090946245773800e+02 3.918936790149953e-18 6.545139881394743e-02
0 59 3.143632750922857e+02 3.431892851334525e-18 6.535233769768939e-02
1 49 3.144760705759649e+02 4.052713135967406e-18 6.110244511126786e-02
0 60 3.196270195417765e+02 3.508253329731978e-18 6.537303425458275e-02
1 50 3.208222207818126e+02 3.688012112385071e-15 6.108881535100662e-02
0 61 3.248901080991266e+02 3.379864481236557e-18 6.536657347077997e-02
1 51 3.271679731402639e+02 4.442529010290867e-18 6.109525962736478e-02
0 62 3.301544178274054e+02 4.047156615177343e-18 6.536363090487624e-02
1 52 3.335126740548524e+02 3.696205402247695e-14 6.109412871252611e-02
0 63 3.354185205234008e+02 3.949818297605795e-18 6.536831000630208e-02
1 53 3.398589832265532e+02 4.044051269274667e-18 6.108791640583799e-02
0 64 3.406813009419561e+02 3.462695662403959e-18 6.537353297259012e-02
0 65 3.459489405923178e+02 3.499157355305075e-18 6.522168909034927e-02
1 54 3.462005432795499e+02 3.955866982165235e-18 6.122950813190520e-02
0 66 3.512110520967817e+02 3.592571082872101e-18 6.523126206291774e-02
1 55 3.525485334854207e+02 3.949421872149432e-18 6.122356981294824e-02
0 67 3.564733197623369e+02 3.456881338736874e-18 6.522459899891782e-02
1 56 3.588953436185336e+02 4.095864473987411e-18 6.122967849028750e-02
0 68 3.617367035979244e+02 3.621072409683868e-18 6.522268841458696e-02
