0 0 3.313366235158755e+00 4.501392484542316e-18 6.578062234632340e-02
1 0 4.032603464650013e+00 4.208536163704154e-18 6.157295507674466e-02
0 1 8.575328238391313e+00 1.338415255957177e-16 6.577784991117139e-02
1 1 1.037902731545240e+01 3.881387770240505e-18 6.157778476288949e-02
0 2 1.383850054658842e+01 3.557156609922099e-18 6.577205315267413e-02
1 2 1.672365028627295e+01 4.193758612126635e-18 6.158077000185535e-02
0 3 1.910220472736017e+01 4.552559381624267e-14 6.577360052201871e-02
1 3 2.306886482779708e+01 7.694090851376465e-17 6.157493768547462e-02
0 4 2.436485066519497e+01 3.990512218831661e-18 6.578027670585332e-02
0 5 2.962700570705165e+01 3.638429422807895e-18 6.577755396407145e-02
1 4 2.941547898235287e+01 8.985891763853606e-17 6.157552596933748e-02
0 6 3.489603362651134e+01 3.547177631506912e-18 6.615116396371763e-02
1 5 3.575598403743962e+01 4.352010458405401e-15 6.122813690458415e-02
0 7 4.015274699171324e+01 4.360089209242350e-18 6.614667293533405e-02
1 6 4.210924613570624e+01 4.089893627932640e-18 6.123403071481757e-02
0 8 4.541073716253948e+01 3.428851966549854e-18 6.614158889794167e-02
1 7 4.846085690860927e+01 3.934815185859806e-18 6.123557611365443e-02
0 9 5.066901502262125e+01 4.433134260282534e-18 6.614434824094496e-02
1 8 5.481347802463920e+01 3.923493014255359e-18 6.122927486334669e-02
0 10 5.592609183334136e+01 2.492865266949995e-17 6.615094039980088e-02
0 11 6.118357722287355e+01 9.592158106236623e-18 6.612831513248302e-02
1 9 6.116662036175143e+01 4.057783508466832e-18 6.124351292301142e-02
0 12 6.643573464104153e+01 5.997164336230604e-18 6.620596179066414e-02
1 10 6.752762095615756e+01 3.848154002649272e-18 6.118246411632720e-02
0 13 7.168565183202828e+01 3.423544635328486e-18 6.619993973156357e-02
1 11 7.388979406790665e+01 4.150084324854862e-18 6.118902006513768e-02
0 14 7.693681701100698e+01 3.532229371559555e-18 6.619631429050925e-02
1 12 8.025074034193663e+01 3.845910507919151e-18 6.118821195101255e-02
0 15 8.218787363352797e+01 3.403638485478233e-18 6.620074674862340e-02
1 13 8.661321714300060e+01 4.057046356407781e-18 6.118206672853732e-02
0 16 8.743763592124182e+01 1.567346796358559e-14 6.620633529224844e-02
0 17 9.269195598913429e+01 2.098192855108596e-16 6.606783558323316e-02
1 14 9.297120460372750e+01 4.530940923135771e-18 6.131082813203860e-02
0 18 9.794226815152095e+01 4.150206651890341e-18 6.607672320377324e-02
1 15 9.933370720896731e+01 3.901057036442862e-18 6.130573433167047e-02
0 19 1.031928655352309e+02 4.054594571959209e-18 6.607002954250193e-02
1 16 1.056949016368180e+02 4.228065804124410e-18 6.131162663365213e-02
0 20 1.084445053992528e+02 3.443173895896595e-18 6.606853865360132e-02
1 17 1.120556014906688e+02 3.904401160207558e-18 6.130820521904907e-02
0 21 1.136955790834172e+02 9.223938422780194e-18 6.607442676671664e-02
1 18 1.184181095045820e+02 3.846827495717886e-18 6.130385121943842e-02
0 22 1.189454807109706e+02 1.529136608188093e-16 6.607750894641388e-02
0 23 1.242117954199945e+02 9.028965092861882e-18 6.593408887137141e-02
1 19 1.247614541731748e+02 3.851826425157914e-18 6.143666439350449e-02
0 24 1.294694191528806e+02 4.944441325755397e-18 6.593420057041945e-02
1 20 1.311138119367119e+02 3.911411894047115e-18 6.143909116885033e-02
0 25 1.347280487928060e+02 3.437246999178839e-18 6.592783875594330e-02
1 21 1.374643696265712e+02 3.846806085491833e-18 6.144338974519119e-02
0 26 1.399874344112085e+02 3.658338200497955e-18 6.592820726236828e-02
1 22 1.438151003239981e+02 3.942230609005131e-18 6.143832445281541e-02
0 27 1.452459316347453e+02 4.426746061987032e-18 6.593474744469065e-02
1 23 1.501675219166208e+02 4.409675537609734e-18 6.143660091984297e-02
0 28 1.505035717149550e+02 3.917211028528045e-18 6.593477087992840e-02
0 29 1.557831935493574e+02 4.796888308714969e-18 6.615867716342871e-02
1 24 1.564947528460396e+02 4.043105542362365e-18 6.122536688197656e-02
0 30 1.610448893957093e+02 3.949602330098886e-18 6.615566255493033e-02
1 25 1.628415230294294e+02 9.851171735354277e-16 6.123017694132656e-02
0 31 1.663078002608104e+02 3.404518782471256e-18 6.614986770443340e-02
1 26 1.691864966278116e+02 5.350177797012895e-18 6.123313829996906e-02
0 32 1.715712404495578e+02 2.700624306218818e-14 6.615142440621956e-02
1 27 1.755320641466145e+02 2.315912691492778e-15 6.122729592308890e-02
0 33 1.768336163327572e+02 3.550368809594685e-18 6.615816584334389e-02
0 34 1.820955278212220e+02 3.420655108244711e-15 6.615493448326544e-02
1 28 1.818790073394727e+02 3.901032300678237e-18 6.122852982112193e-02
0 35 1.873588677176156e+02 3.559766635342847e-18 6.648725606615080e-02
1 29 1.882265987438314e+02 4.041511466558056e-18 6.092195096348361e-02
0 36 1.926116606278765e+02 3.395377177849598e-18 6.648247445668519e-02
1 30 1.945850614108969e+02 4.116744618603068e-18 6.092790181447582e-02
0 37 1.978657329113759e+02 4.110097962642461e-18 6.647753515669587e-02
1 31 2.009419094319862e+02 3.883421573623742e-18 6.092915859261414e-02
0 38 2.031200438341866e+02 3.343793137007807e-18 6.648052888605731e-02
1 32 2.072998446487057e+02 3.887361550109100e-18 6.092283806676710e-02
0 39 2.083731318087602e+02 8.472217935092404e-18 6.648709626151721e-02
0 40 2.136270412334051e+02 9.483263289598588e-17 6.644801570046600e-02
1 33 2.136578608887155e+02 3.879839696219815e-18 6.095322445248953e-02
0 41 2.188774576673595e+02 5.582458510437588e-18 6.648840941489990e-02
1 34 2.200208302716615e+02 4.199133147750308e-18 6.092491058603287e-02
0 42 2.241265862657039e+02 3.786998990647249e-18 6.648206799100456e-02
1 35 2.263840312737317e+02 3.921823755172061e-18 6.093143125128367e-02
0 43 2.293769380889118e+02 3.722221040599083e-18 6.647887349027101e-02
1 36 2.327461433589440e+02 4.049470326336045e-18 6.093001417252942e-02
0 44 2.346270765374409e+02 4.430613053361842e-18 6.648368072901276e-02
1 37 2.391098755966113e+02 4.098327598538110e-18 6.092416616205238e-02
0 45 2.398759270350691e+02 1.530784933828357e-14 6.648891656931004e-02
0 46 2.451314366365663e+02 1.680696389193425e-16 6.632102178613744e-02
1 38 2.454665392251334e+02 3.950713925057749e-18 6.107990947551039e-02
0 47 2.503836378996910e+02 3.557940089333596e-18 6.632657686878178e-02
1 39 2.518263939247521e+02 4.073084952294030e-18 6.107737962721777e-02
0 48 2.556363629814895e+02 3.454119034797980e-18 6.631986617872247e-02
1 40 2.581847560079980e+02 3.907941167440015e-18 6.108294099074951e-02
0 49 2.608900752686956e+02 3.442464133961669e-18 6.631879889744968e-02
1 41 2.645427729739910e+02 3.852294336820075e-18 6.107909222512684e-02
0 50 2.661431385654302e+02 3.923950753098888e-18 6.632490150857069e-02
1 42 2.709025949131836e+02 3.852771238813002e-18 6.107534490299796e-02
0 51 2.713950862224162e+02 3.426701049685213e-17 6.632739513429682e-02
0 52 2.766690125190374e+02 2.362591452233274e-17 6.620434367205082e-02
1 43 2.772366209358145e+02 3.862815676677382e-18 6.118842998312207e-02
0 53 2.819302401153254e+02 3.654955426335132e-18 6.620350111167625e-02
1 44 2.835841546075321e+02 4.013079562599349e-18 6.119144309333519e-02
0 54 2.871925289739773e+02 4.222785323003291e-18 6.619719538824154e-02
1 45 2.899298757359874e+02 4.501637926985229e-18 6.119557239574174e-02
0 55 2.924555505202449e+02 3.700301351958835e-18 6.619767105390428e-02
1 46 2.962758053491240e+02 3.842987576740310e-18 6.119042125094858e-02
0 56 2.977176628810462e+02 3.360142768737284e-18 6.620428097794519e-02
1 47 3.026234155911579e+02 2.566923879791172e-16 6.118910953799124e-02
0 57 3.029789330891404e+02 3.914061012091805e-18 6.620395104044481e-02
0 58 3.082574206988056e+02 3.680041240322482e-18 6.649304609209820e-02
1 48 3.089521221393044e+02 3.692155696236744e-16 6.091876964748583e-02
0 59 3.135161414675605e+02 3.508532635019768e-18 6.648979876783422e-02
1 49 3.153028315181952e+02 7.662322233793724e-17 6.092358420531512e-02
0 60 3.187760810106945e+02 3.400155609721256e-18 6.648403410073267e-02
1 50 3.216517517042407e+02 4.441332095690881e-18 6.092645319753143e-02
0 61 3.240365336462229e+02 3.543394481370472e-18 6.648567491123035e-02
1 51 3.280012932837151e+02 4.232441820201069e-18 6.092053831616347e-02
0 62 3.292959063420494e+02 4.802818305724637e-18 6.649248162425030e-02
1 52 3.343521219234933e+02 4.021539901243941e-18 6.092306287357140e-02
0 63 3.345549208962254e+02 3.501515454318457e-15 6.648782939141733e-02
0 64 3.398126148129700e+02 4.272607818906012e-16 6.672790993459411e-02
1 53 3.407065150710520e+02 3.950504616422506e-18 6.070345704958062e-02
0 65 3.450630966122427e+02 3.870402009708750e-18 6.672269351515027e-02
1 54 3.470680298646762e+02 3.905566049022850e-18 6.070956611317049e-02
0 66 3.503148650363228e+02 3.736989289786243e-18 6.671802001666999e-02
1 55 3.534279962765003e+02 3.881210454991046e-18 6.071035649500145e-02
0 67 3.555667916734969e+02 3.483583611403366e-18 6.672135953041168e-02
1 56 3.597891578649025e+02 3.955236531559515e-18 6.070401490255695e-02
0 68 3.608174701267349e+02 4.273442157819652e-18 6.672782408092803e-02
