0 0 3.291683467762381e+00 1.492825404679910e-16 6.671729082239755e-02
1 0 3.954967518416420e+00 2.716518534108581e-17 6.489598482640067e-02
0 1 8.558357263576850e+00 1.412071202600901e-15 6.671593143172926e-02
1 1 1.029659671860277e+01 1.295717327240069e-17 6.490115455488177e-02
0 2 1.382624937869705e+01 1.045441874288229e-14 6.670977500541016e-02
1 2 1.663637452323305e+01 6.035256519927887e-18 6.490412128865224e-02
0 3 1.909465407535728e+01 3.973102152041321e-18 6.671092249684514e-02
1 3 2.297664356405593e+01 4.322490998045924e-18 6.489778160656842e-02
0 4 2.436208095846841e+01 3.539406301188906e-18 6.671803894503936e-02
1 4 2.931844400697636e+01 3.870037770792801e-18 6.490114782396066e-02
0 5 2.962895180170876e+01 3.384224781966509e-18 6.671140832405299e-02
0 6 3.490979182088611e+01 3.875020156776018e-18 6.684784034043606e-02
1 5 3.564370115415532e+01 3.643430870837885e-18 6.477316297567838e-02
0 7 4.018261358925674e+01 4.791598637927696e-18 6.684538835394764e-02
1 6 4.197716616775562e+01 3.685742204193731e-18 6.477899705661519e-02
0 8 4.545670311998900e+01 3.837819378225132e-18 6.683940070006526e-02
1 7 4.830881391514360e+01 3.641886267162884e-18 6.478145551285751e-02
0 9 5.073123392793106e+01 3.530066977000915e-18 6.684093543969481e-02
1 8 5.464107134929745e+01 3.896747207207608e-18 6.477497661247636e-02
0 10 5.600474277561344e+01 3.732311922192551e-18 6.684807368996455e-02
1 9 6.097479490275381e+01 3.780792671411988e-18 6.477921862561287e-02
0 11 6.127776545497621e+01 3.733369828900370e-18 6.684059523808213e-02
0 12 6.656450053956716e+01 3.726964097785227e-18 6.699531757643079e-02
1 10 6.729235479228981e+01 3.862076972225769e-18 6.463412556953613e-02
0 13 7.184290462399616e+01 3.904142807949208e-18 6.699283568121402e-02
1 11 7.361849434812338e+01 3.649703092257210e-18 6.463988769350444e-02
0 14 7.712258265140947e+01 8.556176654227550e-15 6.698677960019356e-02
1 12 7.994280091519431e+01 4.217541257910167e-18 6.464257136241919e-02
0 15 8.240274014648914e+01 6.963832870961383e-15 6.698804753238993e-02
1 13 8.626763479149363e+01 4.325923048063316e-18 6.463622824904428e-02
0 16 8.768190260857600e+01 2.183043603502933e-16 6.699523376523657e-02
1 14 9.259405304753795e+01 5.680711176425236e-18 6.463895990833887e-02
0 17 9.296042973401487e+01 8.208891559854854e-17 6.698966554134997e-02
0 18 9.825121947130877e+01 2.658448728147155e-15 6.711879451900153e-02
1 15 9.890639668099568e+01 2.498940462973290e-17 6.451815871080370e-02
0 19 1.035323658197817e+02 3.543716026678029e-18 6.711712748731073e-02
1 16 1.052290012851653e+02 4.299725529800939e-17 6.452325660100718e-02
0 20 1.088147501977949e+02 3.534975073915910e-18 6.711085268074928e-02
1 17 1.115497312577746e+02 2.537877997394767e-17 6.452666956062431e-02
0 21 1.140977283542497e+02 3.524964356627914e-18 6.711140478082869e-02
1 18 1.178707654788138e+02 1.376668896534870e-17 6.452070134746198e-02
0 22 1.193797943769639e+02 3.366361082350908e-18 6.711855933844628e-02
1 19 1.241935365137765e+02 8.599843281786856e-18 6.452102780736911e-02
0 23 1.246610143728317e+02 3.722483699503886e-18 6.711581941626400e-02
0 24 1.299533046242136e+02 3.483051596668880e-18 6.719740560038988e-02
1 20 1.305040547589309e+02 4.342635442878376e-18 6.444501280418943e-02
0 25 1.352336930980406e+02 3.375326118727999e-18 6.719709153003328e-02
1 21 1.368277347051828e+02 3.820405156513376e-18 6.444901739152960e-02
0 26 1.405152331762675e+02 3.468313606383007e-18 6.719062967414836e-02
1 22 1.431495355778126e+02 3.723533116986659e-18 6.445325766224831e-02
0 27 1.457974961309714e+02 3.897382052309281e-18 6.719036541797885e-02
1 23 1.494713798999415e+02 4.030227003434187e-18 6.444779061137693e-02
0 28 1.510789514603320e+02 3.940724955253650e-18 6.719736267241902e-02
1 24 1.557950409495196e+02 3.819033716250613e-18 6.444623973705434e-02
0 29 1.563594115905761e+02 5.524615563470699e-18 6.719679762698799e-02
0 30 1.616503565581652e+02 1.038470741574931e-17 6.722998033035571e-02
1 25 1.621074567257735e+02 3.772593646654714e-18 6.441577650121035e-02
0 31 1.669266541967326e+02 1.150277453941657e-17 6.723091512837030e-02
1 26 1.684365728615323e+02 4.032315824132931e-18 6.441873216607864e-02
0 32 1.722040005932604e+02 1.360255596588855e-17 6.722438338024521e-02
1 27 1.747638504940563e+02 4.122843406498207e-18 6.442351580579012e-02
0 33 1.774821547316176e+02 1.492626366524468e-17 6.722357174357696e-02
1 28 1.810909915898533e+02 3.780255883769718e-18 6.441841264374006e-02
0 34 1.827595742554818e+02 1.629869442781186e-17 6.723042491161693e-02
1 29 1.874199634938048e+02 3.891474340062943e-18 6.441608512399712e-02
0 35 1.880359452856971e+02 1.708705982873686e-17 6.723073626871406e-02
0 36 1.933222654111399e+02 8.123128359640753e-17 6.724806270769948e-02
1 30 1.937384520914005e+02 3.703094107157850e-18 6.440067518680195e-02
0 37 1.985923867450864e+02 1.350215477279304e-16 6.724921063224869e-02
1 31 2.000757102442700e+02 3.705897838595960e-18 6.440344280723814e-02
0 38 2.038635247657511e+02 8.687727766794410e-18 6.724269186649864e-02
1 32 2.064111480374474e+02 3.779071893402186e-18 6.440825727664543e-02
0 39 2.091354706248377e+02 8.863123051150235e-18 6.724188858439162e-02
1 33 2.127464489207146e+02 4.099308502258102e-18 6.440307632077152e-02
0 40 2.144066742913135e+02 8.643647633228198e-18 6.724879659013373e-02
1 34 2.190835658318883e+02 3.831500291353174e-18 6.440133000063686e-02
0 41 2.196768771426983e+02 8.513481079402809e-18 6.724835220578612e-02
0 42 2.249558753489347e+02 5.051274264622090e-18 6.730504293200250e-02
1 35 2.254114101557753e+02 4.550030456608997e-18 6.434907156329654e-02
0 43 2.302205512675029e+02 4.563441887893250e-18 6.730503092116123e-02
1 36 2.317557973754746e+02 4.288096113605479e-18 6.435279370517727e-02
0 44 2.354863299634390e+02 4.571901739439017e-18 6.729859735311736e-02
1 37 2.380983253946033e+02 4.215059274209894e-18 6.435701581718835e-02
0 45 2.407528168643590e+02 3.701853079091522e-18 6.729845229525802e-02
1 38 2.444409288555849e+02 6.139157426875431e-18 6.435129434672913e-02
0 46 2.460184665474970e+02 3.378865199322164e-18 6.730559117460327e-02
1 39 2.507852702847649e+02 1.701951099903781e-17 6.435194794796058e-02
0 47 2.512832932693051e+02 3.568248583898166e-18 6.730233203202532e-02
0 48 2.565557095786447e+02 3.612841532658202e-18 6.740997910722919e-02
1 40 2.571213527068412e+02 3.177635099510201e-17 6.425206821903535e-02
0 49 2.618179686749824e+02 3.755130177117855e-18 6.740811663955314e-02
1 41 2.634688290303304e+02 1.123490706957611e-16 6.425720062238027e-02
0 50 2.670814556291597e+02 3.814287182543030e-18 6.740193790861136e-02
1 42 2.698144384994571e+02 1.738979320530705e-17 6.426027203243991e-02
0 51 2.723454706528115e+02 3.796523350663645e-18 6.740291725617752e-02
1 43 2.761604802841154e+02 4.717313822911434e-18 6.425390596567160e-02
0 52 2.776085131606116e+02 3.444542686120950e-18 6.741020243480202e-02
1 44 2.825080028482352e+02 3.806806151093311e-18 6.425933179105472e-02
0 53 2.828710970675314e+02 1.968920752986204e-14 6.740147867292955e-02
0 54 2.881409960068944e+02 1.392655458628660e-15 6.753934506840846e-02
1 45 2.888470221159576e+02 3.984899374384741e-18 6.413127261775095e-02
0 55 2.934043753891987e+02 6.050739497134832e-17 6.753581937169502e-02
1 46 2.951929052643316e+02 3.768873126043801e-18 6.413750637377166e-02
0 56 2.986690551694597e+02 2.720201347990379e-15 6.753009488258171e-02
1 47 3.015370167619395e+02 3.857258569382788e-18 6.413922033872806e-02
0 57 3.039340579578799e+02 1.030270623611467e-14 6.753226906775885e-02
1 48 3.078819239160800e+02 3.172282946882276e-15 6.413247612349518e-02
0 58 3.091979724373973e+02 3.505355697714731e-18 6.753943342492745e-02
1 49 3.142278142470853e+02 1.993353828924446e-15 6.414494879578411e-02
0 59 3.144619873702749e+02 3.345492391522146e-18 6.752251904982090e-02
0 60 3.197339650395953e+02 3.339171010970678e-18 6.766827723655014e-02
1 50 3.205638218541719e+02 1.482993750112831e-15 6.400951694363541e-02
0 61 3.250018345481452e+02 3.696479293234044e-18 6.766368988791009e-02
1 51 3.269036955411694e+02 2.466825434332462e-14 6.401624306857948e-02
0 62 3.302710181822954e+02 3.345201067082175e-18 6.765843352758324e-02
1 52 3.332419370381113e+02 1.329751106557697e-14 6.401689741347365e-02
0 63 3.355403687966433e+02 3.347236271824750e-18 6.766144881936743e-02
1 53 3.395812172537536e+02 3.725106865689323e-18 6.401010055908291e-02
0 64 3.408085641262111e+02 3.454778205162196e-18 6.766838192979216e-02
0 65 3.460773689606178e+02 3.266957445560507e-18 6.764395279008162e-02
1 54 3.459209789876572e+02 3.726365499903882e-18 6.402866253698526e-02
0 66 3.513545491121625e+02 3.359293051624543e-18 6.778039172172315e-02
1 55 3.522500214924211e+02 4.430373697013983e-18 6.390251733766006e-02
0 67 3.566287773483180e+02 3.358905987871344e-18 6.777538317531628e-02
1 56 3.585814912436537e+02 3.812651504664720e-18 6.390935117923764e-02
0 68 3.619043194389494e+02 3.360740532541582e-18 6.777032045133488e-02
1 57 3.649113962199985e+02 3.733858934052323e-18 6.390966302867417e-02
