0 0 3.326475185896071e+00 3.420087492505041e-18 6.590213741657994e-02
1 0 4.060104541514551e+00 4.017433143758951e-18 6.170339979494511e-02
0 1 8.590675962898091e+00 3.415826129696235e-18 6.589944405121873e-02
1 1 1.040347954896737e+01 2.021957449506616e-14 6.170792971863933e-02
0 2 1.385606612847231e+01 5.392201594165685e-15 6.589355381166742e-02
1 2 1.674505472922448e+01 4.185272658250108e-18 6.171122814973955e-02
0 3 1.912201431700199e+01 4.294805419226990e-18 6.589513101132445e-02
1 3 2.308719459780331e+01 8.767274479877707e-17 6.170551998278383e-02
0 4 2.438692002219710e+01 1.494238421142175e-16 6.590171537482103e-02
0 5 2.965123788295658e+01 3.534285600760596e-18 6.590010726800841e-02
1 4 2.943080635391367e+01 4.032260264616147e-18 6.170501404632659e-02
0 6 3.492843150178184e+01 2.272958545761858e-14 6.635895006849736e-02
1 5 3.576140538048438e+01 3.988402584576110e-18 6.127620710492285e-02
0 7 4.018849202970187e+01 3.397162000844697e-18 6.635476459420887e-02
1 6 4.211016317815858e+01 4.278916545790227e-18 6.128164139895492e-02
0 8 4.544980389417481e+01 3.470062117313822e-18 6.634941053230912e-02
1 7 4.845721873658734e+01 4.261485285124453e-18 6.128390047449139e-02
0 9 5.071149617803975e+01 3.408514919959745e-18 6.635188567965708e-02
1 8 5.480515650216572e+01 4.117942970891679e-18 6.127772670705393e-02
0 10 5.597202540437248e+01 3.752874020495271e-18 6.635848369664844e-02
0 11 6.123252088585584e+01 3.404729105367281e-18 6.634955808283972e-02
1 9 6.115404444766524e+01 3.857208707496794e-18 6.128150870063847e-02
0 12 6.648563894434575e+01 5.830308381384146e-18 6.651487589853389e-02
1 10 6.751428096187797e+01 8.413147647049840e-18 6.113717127436295e-02
0 13 7.173434610508291e+01 3.353108573639053e-18 6.650908821865489e-02
1 11 7.387800883644331e+01 3.932815718911741e-18 6.114354213373290e-02
0 14 7.698431024628873e+01 3.657016610119682e-18 6.650502668802280e-02
1 12 8.024036986826111e+01 3.920827373902075e-18 6.114365173339972e-02
0 15 8.223429266232112e+01 3.341009909281013e-18 6.650911280376426e-02
1 13 8.660414952903689e+01 3.989569971390792e-18 6.113727840606444e-02
0 16 8.748298219110661e+01 3.520796464231492e-18 6.651499026555005e-02
0 17 9.273465329509899e+01 3.953183868619547e-18 6.640730389878979e-02
1 14 9.296532167228874e+01 5.176730729081317e-18 6.123692892714486e-02
0 18 9.798267148870161e+01 7.180463873650370e-16 6.642051123448413e-02
1 15 9.933093712730899e+01 4.041653375734429e-18 6.122792377187212e-02
0 19 1.032306605012189e+02 3.566017965908189e-18 6.641368607766490e-02
1 16 1.056955124534275e+02 3.948847700010891e-18 6.123411832785981e-02
0 20 1.084797377144004e+02 3.535658539858274e-18 6.641192578544472e-02
1 17 1.120594663214084e+02 3.881947018874474e-18 6.123126711688410e-02
0 21 1.137283293886183e+02 3.653720300534878e-18 6.641764129936777e-02
1 18 1.184252209748950e+02 4.430089353375058e-18 6.122635772521116e-02
0 22 1.189757008914226e+02 4.232376261713516e-18 6.642121920976019e-02
0 23 1.242373775099469e+02 8.162899013675970e-18 6.625059983887463e-02
1 19 1.247742016067788e+02 3.876902421139622e-18 6.138435508059917e-02
0 24 1.294931249404257e+02 3.340595484315253e-18 6.625145602393945e-02
1 20 1.311290009505447e+02 4.178607888095410e-18 6.138579646366445e-02
0 25 1.347498030741432e+02 3.962805916643334e-18 6.624491958999697e-02
1 21 1.374820324895953e+02 4.096488925959338e-18 6.139044926712903e-02
0 26 1.400072723792639e+02 3.556395507383373e-18 6.624526354231848e-02
1 22 1.438351896058325e+02 3.891605493309939e-18 6.138560236848203e-02
0 27 1.452638813008163e+02 4.241429537603285e-18 6.625173158904560e-02
1 23 1.501900620409527e+02 5.278089840577966e-16 6.138325152664782e-02
0 28 1.505195860944173e+02 3.820057359803017e-18 6.625230533137287e-02
0 29 1.558044337106072e+02 3.425272438424504e-18 6.645101968942607e-02
1 24 1.565108995222971e+02 2.285159827859123e-14 6.119406558933509e-02
0 30 1.610688803232562e+02 3.441900088387672e-18 6.644818910368823e-02
1 25 1.628539559832743e+02 4.701792712455575e-18 6.119838492724983e-02
0 31 1.663345095722374e+02 3.533813887006681e-18 6.644222851473315e-02
1 26 1.691952112606199e+02 1.290347991426383e-16 6.120179981446126e-02
0 32 1.716007204074582e+02 3.750510382974012e-18 6.644367586438055e-02
1 27 1.755369835424742e+02 1.359938600772671e-14 6.119616477349069e-02
0 33 1.768658995778704e+02 3.589348387661560e-18 6.645034973751765e-02
1 28 1.818802518995427e+02 3.902439006320916e-18 6.119615171950103e-02
0 34 1.821304615848343e+02 3.390450459514778e-18 6.644846771503997e-02
0 35 1.873986344352386e+02 9.289878139604794e-15 6.689551518043159e-02
1 29 1.882223110669925e+02 5.198123291480182e-18 6.078257369280975e-02
0 36 1.926503791157278e+02 2.851873862941297e-16 6.689101721261502e-02
1 30 1.945821132571943e+02 3.889369907427391e-18 6.078801738808101e-02
0 37 1.979033736269302e+02 3.467315840431538e-18 6.688580857055601e-02
1 31 2.009402483502314e+02 3.905069164282672e-18 6.078995737077228e-02
0 38 2.031566927067416e+02 3.595904915557111e-18 6.688857875275972e-02
1 32 2.072993675008404e+02 3.938563861001910e-18 6.078368527739809e-02
0 39 2.084088137352917e+02 3.482309701161557e-18 6.689518578117262e-02
0 40 2.136613795358564e+02 3.458470532695783e-18 6.687039084972689e-02
1 33 2.136589532130367e+02 4.124917849296106e-18 6.080024946862285e-02
0 41 2.189099560379393e+02 1.617162033712259e-17 6.692745224931682e-02
1 34 2.200244573934792e+02 4.145584661421972e-18 6.075674094664238e-02
0 42 2.241566975195235e+02 3.303916953373025e-18 6.692103580711381e-02
1 35 2.263907613096074e+02 4.631408027110695e-18 6.076322143385920e-02
0 43 2.294046691908355e+02 3.321213942432635e-18 6.691770561931369e-02
1 36 2.327559159963310e+02 2.684998351677432e-16 6.076227476771019e-02
0 44 2.346524807753166e+02 4.010280496321526e-18 6.692243730769495e-02
1 37 2.391226634255398e+02 4.057304886080469e-18 6.075625645655432e-02
0 45 2.398989936767738e+02 3.725325950390817e-18 6.692778391711195e-02
0 46 2.451513938592138e+02 1.053836109322754e-14 6.677416201091316e-02
1 38 2.454832234895635e+02 3.863397195418002e-18 6.089820096694396e-02
0 47 2.504016730714401e+02 9.655332306444061e-15 6.678022574617441e-02
1 39 2.518455687154703e+02 3.915013564995761e-18 6.089474222625806e-02
0 48 2.556524157580031e+02 3.580354293787950e-18 6.677335802737969e-02
1 40 2.582064683856518e+02 4.041953592342361e-18 6.090042791440974e-02
0 49 2.609041509220660e+02 3.502696104662864e-18 6.677239786033912e-02
1 41 2.645670244996763e+02 3.922562298836266e-18 6.089672136232519e-02
0 50 2.661552423711495e+02 3.405480640361371e-18 6.677851464379511e-02
1 42 2.709293874420243e+02 4.038126334994205e-18 6.089287065771265e-02
0 51 2.714052138309742e+02 4.502259520656450e-18 6.678100873236914e-02
0 52 2.766819360774717e+02 3.557991144298415e-18 6.661161125306063e-02
1 43 2.772599050216879e+02 4.026483063714620e-18 6.104799578913802e-02
0 53 2.819457171796537e+02 5.839906470319784e-18 6.661059407710769e-02
1 44 2.836039631511305e+02 4.304843419329397e-18 6.105069477524502e-02
0 54 2.872105446088313e+02 1.516929130985126e-17 6.660418601634319e-02
1 45 2.899462193866982e+02 4.053918314701657e-18 6.105504050397489e-02
0 55 2.924761209393618e+02 3.440876076683842e-18 6.660472059963708e-02
1 46 2.962886646103981e+02 2.916002574710228e-14 6.105004553303249e-02
0 56 2.977408008841862e+02 3.400157896231330e-18 6.661129492509907e-02
1 47 3.026328199971193e+02 7.527769167306774e-18 6.104826469489563e-02
0 57 3.030045864790469e+02 3.925796368074101e-18 6.661136367411291e-02
0 58 3.082900914877648e+02 3.391620243091118e-18 6.691687822188629e-02
1 48 3.089529099036917e+02 2.410572076462017e-15 6.076270830997544e-02
0 59 3.135505406773402e+02 3.354357502253866e-18 6.691385043166732e-02
1 49 3.153012623083355e+02 5.009211788258832e-17 6.076691627155525e-02
0 60 3.188121683851988e+02 3.393541325012047e-18 6.690787942294857e-02
1 50 3.216478181470339e+02 4.240049120117069e-18 6.077031700477929e-02
0 61 3.240743756455253e+02 3.389847085303468e-18 6.690933118002110e-02
1 51 3.279948885283781e+02 4.391820729417467e-18 6.076461530081640e-02
0 62 3.293355419303967e+02 3.383554387407692e-18 6.691610463909869e-02
1 52 3.343433912570767e+02 4.228340689174802e-18 6.076594572478575e-02
0 63 3.345961794789055e+02 3.765450409188518e-18 6.691279822376592e-02
0 64 3.398549444063276e+02 4.621721367056111e-18 6.721016358295767e-02
1 53 3.406966236944559e+02 3.957010795050045e-18 6.049339117417372e-02
0 65 3.451035767668334e+02 8.099606928791227e-16 6.720508611665495e-02
1 54 3.470605441887288e+02 3.902288484308077e-18 6.049909170709591e-02
0 66 3.503534771235518e+02 3.003516132902973e-15 6.720017258837992e-02
1 55 3.534228590562323e+02 4.008339692448465e-18 6.050051470936221e-02
0 67 3.556036123974799e+02 3.283796439607129e-18 6.720332816043949e-02
1 56 3.597862817540138e+02 4.232675025310234e-18 6.049415068093278e-02
0 68 3.608525148701754e+02 3.473443623427058e-18 6.720986523546031e-02
