0 0 1.579969906911263e+00 3.907054903753304e-18 7.365921763817629e-02
1 0 2.203365066685129e+00 3.402295265840881e-18 6.952921247108454e-02
0 1 5.463856947800549e+00 5.436223844607049e-18 7.365432847452934e-02
1 1 7.479285927531013e+00 7.138478301150577e-17 6.953402634286686e-02
0 2 9.348287223635062e+00 6.596098538197567e-18 7.365449258954600e-02
1 2 1.275526256401465e+01 3.998314006568935e-18 6.952903325544518e-02
0 3 1.323214328896663e+01 1.013627639432650e-17 7.365971587805716e-02
0 4 1.711958860551321e+01 7.692293998408952e-18 7.367817574270082e-02
1 3 1.802814057278111e+01 3.886070512592082e-18 6.951761462455949e-02
0 5 2.100536330672206e+01 7.496030114373550e-18 7.367158999489602e-02
1 4 2.330186277491539e+01 3.281841573454208e-18 6.952109891026967e-02
0 6 2.489149769168716e+01 7.354018994176351e-18 7.367466248898420e-02
1 5 2.857608827883373e+01 3.174837716678927e-18 6.951655916969952e-02
0 7 2.877700792280701e+01 6.927279849686654e-18 7.367718597891046e-02
0 8 3.266743390405775e+01 4.121098990494963e-18 7.379929672926530e-02
1 6 3.384565307962072e+01 3.289387552743666e-18 6.943824565113774e-02
0 9 3.655627373619899e+01 3.528434043782018e-18 7.379274675332444e-02
1 7 3.911593966203736e+01 3.256598410857982e-18 6.943941056971208e-02
0 10 4.044524196077509e+01 2.788810461825786e-18 7.379799920758305e-02
0 11 4.433391385615953e+01 2.706710687624799e-18 7.376259309648338e-02
1 8 4.438682080089257e+01 5.391793414382051e-18 6.945797919440311e-02
0 12 4.821950672823132e+01 2.906777910555294e-18 7.377792191325953e-02
1 9 4.966125743748324e+01 3.485657230871961e-15 6.945568972117007e-02
0 13 5.210537213510283e+01 2.733440104667746e-18 7.377264506630607e-02
1 10 5.493508227830724e+01 3.313992979218394e-18 6.945423913259197e-02
0 14 5.599111435878963e+01 3.033459983039337e-18 7.377921587083779e-02
0 15 5.987750819277349e+01 3.254613435180314e-18 7.372046507025420e-02
1 11 6.020881742320999e+01 3.176498062949273e-18 6.949095409076067e-02
0 16 6.376131103839138e+01 3.663401553159596e-18 7.372001635842342e-02
1 12 6.548498884187876e+01 3.176221729850045e-18 6.949479196216667e-02
0 17 6.764570187243628e+01 3.427279588039548e-18 7.371711892285553e-02
1 13 7.076073581260947e+01 3.468935437060682e-18 6.949097908042474e-02
0 18 7.152971491575967e+01 3.215183366060924e-18 7.372381356117316e-02
0 19 7.541544077273414e+01 3.394828566275370e-18 7.369333283894272e-02
1 14 7.603540694433251e+01 3.252195379142812e-18 6.951012372480561e-02
0 20 7.929938580439325e+01 3.813491809045039e-18 7.368848603900617e-02
1 15 8.131126284308785e+01 6.198377650910832e-17 6.951494250351847e-02
0 21 8.318387644093357e+01 4.445686899811231e-18 7.368859941425086e-02
1 16 8.658716665163669e+01 3.406223682083684e-18 6.950995507464609e-02
0 22 8.706779475965601e+01 5.549012306023959e-18 7.369387558110042e-02
0 23 9.095529771236845e+01 4.376818744355188e-18 7.371095689208448e-02
1 17 9.185998050640012e+01 3.361154671823146e-18 6.949940532097632e-02
0 24 9.484112137108421e+01 4.167184262411428e-18 7.370437847847215e-02
1 18 9.713364629436799e+01 3.287348436724921e-18 6.950292820329314e-02
0 25 9.872730929243438e+01 4.467463865924408e-18 7.370740145065700e-02
1 19 1.024078090704967e+02 3.182538189308523e-18 6.949836704312640e-02
0 26 1.026128711599396e+02 4.034007960117659e-18 7.371002970823290e-02
0 27 1.065033928493463e+02 3.625563154379759e-18 7.383202402902914e-02
1 20 1.076772774698419e+02 3.480673859135200e-18 6.942008585465946e-02
0 28 1.103922834340014e+02 3.036940955062627e-18 7.382545497171719e-02
1 21 1.129475038264457e+02 3.621345128761780e-18 6.942130640411706e-02
0 29 1.142813080786490e+02 2.827062985900472e-18 7.383066906641257e-02
0 30 1.181700159656457e+02 2.732967441759911e-18 7.379753059710958e-02
1 22 1.182183347547515e+02 6.955667866870479e-18 6.943820202308759e-02
0 31 1.220556960366944e+02 3.152579794524762e-18 7.381416332806565e-02
1 23 1.234926830744957e+02 3.203097604250474e-15 6.943525547297927e-02
0 32 1.259416309633928e+02 2.703673502938221e-18 7.380884396181915e-02
1 24 1.287664242030934e+02 3.315723049884602e-18 6.943386472738373e-02
0 33 1.298274487491751e+02 2.730908177129800e-18 7.381539780225237e-02
0 34 1.337138915390072e+02 3.045205259488991e-18 7.375640469622675e-02
1 25 1.340400954246575e+02 3.229321926847985e-18 6.947072756079042e-02
0 35 1.375977535956503e+02 2.733043412773884e-18 7.375610541767104e-02
1 26 1.393162038660780e+02 3.235398742503363e-18 6.947449826509394e-02
0 36 1.414822015435451e+02 2.733478034558848e-18 7.375314525259534e-02
1 27 1.445918797189414e+02 3.285995999512162e-18 6.947073076013258e-02
0 37 1.453662770353762e+02 3.375614576259540e-18 7.375985821829771e-02
0 38 1.492520429428724e+02 3.291707333848663e-18 7.372820134795513e-02
1 28 1.498665006654769e+02 3.326608417905543e-18 6.949060481272938e-02
0 39 1.531360304944193e+02 2.819513676436977e-18 7.372341840166202e-02
1 29 1.551423100533425e+02 1.139003808710816e-16 6.949542988547867e-02
0 40 1.570205668685803e+02 3.577335332161743e-18 7.372345917437161e-02
1 30 1.604181559198722e+02 3.251778029402771e-18 6.949045122584999e-02
0 41 1.609045338877743e+02 3.431625912311920e-18 7.372880247447289e-02
0 42 1.647920630537093e+02 3.088348123127469e-18 7.374399687257230e-02
1 31 1.656909399218024e+02 3.199783743992323e-18 6.948109520003828e-02
0 43 1.686779064024418e+02 3.223843343643902e-18 7.373743171605021e-02
1 32 1.709645827018548e+02 3.215405733211711e-18 6.948466995342589e-02
0 44 1.725641200403477e+02 3.577946909081976e-18 7.374038696513113e-02
1 33 1.762387136011377e+02 3.215484777327476e-18 6.948008472367365e-02
0 45 1.764497055641718e+02 3.036540213102698e-18 7.374313894685244e-02
0 46 1.803403177689077e+02 2.795224957966751e-18 7.386432975798933e-02
1 34 1.815080928341969e+02 3.288922123324508e-18 6.940226395255297e-02
0 47 1.842292463008041e+02 3.038888924416531e-18 7.385773783636054e-02
1 35 1.867782729379295e+02 3.966540317758505e-18 6.940355654986244e-02
0 48 1.881183161430496e+02 3.044772741105095e-18 7.386290121824747e-02
0 49 1.920070447626590e+02 2.932749448254016e-18 7.383260074156729e-02
1 36 1.920490690753506e+02 2.120725127308299e-17 6.941833472820433e-02
0 50 1.958928153565861e+02 2.728619275109229e-18 7.385112756919203e-02
1 37 1.973233290746333e+02 1.963263258456503e-15 6.941440901676942e-02
0 51 1.997788167885485e+02 2.728920727353116e-18 7.384575483363433e-02
1 38 2.025969887877041e+02 3.201512095528756e-18 6.941309457958798e-02
0 52 2.036647087455652e+02 3.195707633960537e-18 7.385228572024174e-02
0 53 2.075511933338024e+02 2.926509647734330e-18 7.379299676698911e-02
1 39 2.078706029613929e+02 3.233043731086739e-18 6.945013964561658e-02
0 54 2.114351010305817e+02 3.099260566270200e-18 7.379288771738464e-02
1 40 2.131466652960993e+02 3.178618251182906e-18 6.945382588765889e-02
0 55 2.153195917990373e+02 3.175401070051477e-18 7.378984921365421e-02
1 41 2.184222848623616e+02 3.260131416765578e-18 6.945011570861595e-02
0 56 2.192037168610912e+02 3.053272867032898e-18 7.379658237719808e-02
0 57 2.230895018887435e+02 3.161419033631291e-18 7.376359517876607e-02
1 42 2.236968783951408e+02 3.402127326464832e-18 6.947081257458208e-02
0 58 2.269735094949732e+02 2.913933807133462e-18 7.375889377216772e-02
1 43 2.289726675919546e+02 3.217570534826560e-16 6.947564364179296e-02
0 59 2.308580696787082e+02 2.911405202900878e-18 7.375884569364287e-02
1 44 2.342484791905925e+02 3.337230790428507e-18 6.947067705081060e-02
0 60 2.347420643496375e+02 3.120683388091317e-18 7.376426531999099e-02
0 61 2.386295853044976e+02 2.910636732425001e-18 7.377721188672330e-02
1 45 2.395212712808633e+02 3.276046086410829e-18 6.946274494604325e-02
0 62 2.425154161706398e+02 3.051570708829800e-18 7.377066514466188e-02
1 46 2.447949278396998e+02 3.219356437441073e-18 6.946638025860014e-02
0 63 2.464016243259441e+02 3.332096399410060e-18 7.377353962995963e-02
1 47 2.500690617269700e+02 3.277181034890379e-18 6.946176887426712e-02
0 64 2.502872023631042e+02 2.733302621658526e-18 7.377642513726913e-02
0 65 2.541778851140632e+02 2.836600480188660e-18 7.389618921933265e-02
1 48 2.553383749348303e+02 3.286678993727654e-18 6.938480580360347e-02
0 66 2.580668280577642e+02 2.701460899774974e-18 7.388957262485202e-02
1 49 2.606085352421125e+02 3.485580895013236e-18 6.938618094333564e-02
0 67 2.619559205791792e+02 3.340912672369226e-18 7.389467681379953e-02
0 68 2.658446459304481e+02 2.860532095892154e-18 7.386750802005040e-02
1 50 2.658793228042397e+02 9.320895209857852e-17 6.939861632785907e-02
0 69 2.697304974509765e+02 2.933286205615557e-18 7.388849075818602e-02
1 51 2.711535082316505e+02 8.649306923373074e-16 6.939337008290893e-02
0 70 2.736165505658196e+02 2.801339110472071e-18 7.388305871727360e-02
1 52 2.764271028119707e+02 3.302130060319012e-18 6.939214189477205e-02
0 71 2.775025028465911e+02 2.833271663286779e-18 7.388956233589344e-02
0 72 2.813890118856972e+02 2.728097742654690e-18 7.383000110025770e-02
1 53 2.817006789124883e+02 3.244171388634559e-18 6.942935388734721e-02
0 73 2.852729444705245e+02 3.053091139595465e-18 7.383010927097987e-02
1 54 2.869767197059722e+02 3.189377206185642e-18 6.943294340207287e-02
0 74 2.891574566682928e+02 2.728588362034090e-18 7.382698433973690e-02
1 55 2.922523066334032e+02 3.543437724070736e-18 6.942929764540026e-02
0 75 2.930416107196589e+02 2.926809257812621e-18 7.383373752793899e-02
0 76 2.969273897771149e+02 2.807057556412244e-18 7.379936644931068e-02
1 56 2.975269006482923e+02 3.257156629936952e-18 6.945084903878919e-02
0 77 3.008113920749558e+02 2.846375120054851e-18 7.379475718957203e-02
1 57 3.028026990286903e+02 9.542275440285436e-16 6.945568420490418e-02
0 78 3.046959508383424e+02 2.730697380315703e-18 7.379461256502419e-02
1 58 3.080785044892125e+02 3.178507977396956e-18 6.945073250847793e-02
0 79 3.085799484530283e+02 2.838360243056624e-18 7.380011110677008e-02
0 80 3.124674300674935e+02 2.842244092409407e-18 7.381065978119963e-02
1 59 3.133513393135298e+02 3.280679889949820e-18 6.944431945400928e-02
0 81 3.163532192098770e+02 2.730887363485860e-18 7.380413480175102e-02
1 60 3.186250431278968e+02 3.184836456499836e-18 6.944801791349844e-02
0 82 3.202393929683970e+02 2.730668059965311e-18 7.380692303863196e-02
1 61 3.238992125584518e+02 3.185356848635236e-18 6.944337954867751e-02
0 83 3.241249348455552e+02 2.842299117427843e-18 7.380994176539002e-02
0 84 3.280156582121417e+02 2.850226333898132e-18 7.392787028411200e-02
1 62 3.291684933194295e+02 3.259881814545890e-18 6.936754258989494e-02
0 85 3.319045864298462e+02 2.800859649133756e-18 7.392122937845366e-02
1 63 3.344386669740622e+02 3.314906977857103e-18 6.936900300509376e-02
0 86 3.357936727642408e+02 2.938921153610807e-18 7.392627137121086e-02
0 87 3.396823671541144e+02 3.290580646255489e-18 7.390218685997431e-02
1 64 3.397094774338134e+02 3.305842816250024e-16 6.937914492667509e-02
0 88 3.435682784919214e+02 2.943617212773169e-18 7.392602376587323e-02
1 65 3.449836135810679e+02 3.107439757069446e-16 6.937229467762480e-02
0 89 3.474543591588019e+02 2.699437569388695e-18 7.392053230110024e-02
1 66 3.502571705345322e+02 3.490302915443923e-18 6.937115435353101e-02
0 90 3.513403477846710e+02 2.944169599866997e-18 7.392700695951002e-02
0 91 3.552268567303081e+02 2.851690642928897e-18 7.386726402700117e-02
1 67 3.555307363827770e+02 3.180410102151473e-18 6.940847466364315e-02
0 92 3.591107898697238e+02 3.210022710040971e-18 7.386759717647208e-02
1 68 3.608067836057677e+02 3.187638172542293e-18 6.941196285127640e-02
0 93 3.629952987658853e+02 2.940898170677016e-18 7.386438657558542e-02
