0 0 1.719852234500426e+00 1.196674123660099e-17 7.382368275516579e-02
1 0 2.177632655938468e+00 3.418172386054854e-18 6.686124103068487e-02
0 1 5.601177798718491e+00 4.639900070947617e-18 7.381705266514961e-02
1 1 7.456364639726140e+00 3.467412185086376e-18 6.686597636030418e-02
0 2 9.483078923285152e+00 3.919892541165121e-18 7.381776349126963e-02
1 2 1.273513972497520e+01 3.059004344901602e-15 6.686128072073536e-02
0 3 1.336437732620441e+01 2.927589637992262e-18 7.382185629335873e-02
0 4 1.724645387642653e+01 3.091901412754565e-18 7.386765275218507e-02
1 3 1.801365497237760e+01 3.388224032092984e-18 6.683244620335357e-02
0 5 2.112716810298776e+01 3.237991092218436e-18 7.386074785252671e-02
1 4 2.329307755061722e+01 3.363244387809743e-18 6.683560465698989e-02
0 6 2.500820375239399e+01 2.935838082091720e-18 7.386437429183416e-02
1 5 2.857298622582259e+01 3.309956106453146e-18 6.683337320388853e-02
0 7 2.888870826506702e+01 2.946597101028326e-18 7.386151980042541e-02
0 8 3.277067305796775e+01 2.782001166142072e-18 7.389800693708641e-02
1 6 3.385140834982559e+01 3.406495061821547e-18 6.681086380173960e-02
0 9 3.665266019172024e+01 2.691629859221399e-18 7.389215852189605e-02
1 7 3.912948140668846e+01 4.220705003726497e-18 6.681133804389593e-02
0 10 4.053465094572189e+01 2.753682101663104e-14 7.389795728185362e-02
0 11 4.441695718924563e+01 2.120104043264666e-14 7.385160967586739e-02
1 8 4.440788830857655e+01 1.021730719950604e-14 6.683081563685170e-02
0 12 4.830326821195790e+01 2.262297319162300e-14 7.385763456801174e-02
1 9 4.968115014903752e+01 3.513269546246259e-18 6.683097292724692e-02
0 13 5.219018031703619e+01 4.878507130134486e-14 7.385378603792953e-02
1 10 5.495379129672748e+01 3.547512813310298e-18 6.682873462906973e-02
0 14 5.607680680237007e+01 2.577620105394292e-15 7.386045028901961e-02
0 15 5.996805152809495e+01 2.698487558454026e-18 7.370512998510491e-02
1 11 6.022327071302189e+01 3.305037408685552e-18 6.693243405838957e-02
0 16 6.384893689049195e+01 8.245199339649137e-14 7.369925557877356e-02
1 12 6.550257220233078e+01 3.365192340499863e-18 6.693744420072587e-02
0 17 6.773048592516378e+01 5.828967535175279e-14 7.369798040233706e-02
1 13 7.078158422439346e+01 3.303305944403618e-18 6.693316160476488e-02
0 18 7.161152340093504e+01 1.288930181283830e-13 7.370388057721708e-02
0 19 7.549351712422872e+01 8.501421628852073e-14 7.374797838255634e-02
1 14 7.606040155281704e+01 4.709066756806344e-17 6.690498714248674e-02
0 20 7.937216124157608e+01 3.173713346029587e-15 7.374110542368241e-02
1 15 8.134219157281412e+01 3.732454596260888e-18 6.690931594559800e-02
0 21 8.325129612741274e+01 4.197631842551607e-14 7.374296640030989e-02
1 16 8.662421444096331e+01 3.397087906634305e-18 6.690502586641224e-02
0 22 8.712982186160833e+01 2.997945996572305e-18 7.374508705550685e-02
0 23 9.100927974380562e+01 3.204625594820825e-18 7.378714201642234e-02
1 17 9.190563058355161e+01 3.327411291797873e-18 6.687887540472666e-02
0 24 9.488811174200623e+01 2.694870037863511e-18 7.378054132434016e-02
1 18 9.718724332798972e+01 3.328773613784342e-18 6.688096830225712e-02
0 25 9.876713048618431e+01 2.784646707589789e-18 7.378523651354486e-02
1 19 1.024694136011912e+02 3.919930586055614e-18 6.688209773489978e-02
0 26 1.026458159294343e+02 2.790800485398159e-18 7.377477758505759e-02
0 27 1.065268152966943e+02 3.262603804622166e-18 7.380204226028723e-02
1 20 1.077488528272929e+02 1.844047155559407e-14 6.686577883494120e-02
0 28 1.104081707690912e+02 5.519325904610832e-18 7.379707332316214e-02
1 21 1.130277356463874e+02 3.440511212236644e-18 6.686486452815643e-02
0 29 1.142893818414251e+02 1.269665896481793e-17 7.380346476853854e-02
0 30 1.181734440494038e+02 1.466435172030835e-17 7.359367798005133e-02
1 22 1.183050606107160e+02 3.458374692357839e-18 6.699383930163920e-02
0 31 1.220598790974719e+02 1.291306431848202e-17 7.358931486639061e-02
1 23 1.235780852480365e+02 3.359818089748974e-18 6.699880304451586e-02
0 32 1.259469895766538e+02 1.100765691900626e-17 7.358668535258457e-02
1 24 1.288506155113159e+02 3.373169014780559e-18 6.699543194489002e-02
0 33 1.298336927859300e+02 1.009058873387312e-17 7.359320823927296e-02
0 34 1.337223878276213e+02 5.337132161631633e-18 7.360754777495439e-02
1 25 1.341221623609450e+02 3.378327968068723e-18 6.698717151380951e-02
0 35 1.376040204753511e+02 1.323201888201648e-17 7.360112507948852e-02
1 26 1.394005576837025e+02 4.173220236474691e-17 6.699207065504971e-02
0 36 1.414862617326190e+02 2.561087343891405e-17 7.360124787661079e-02
1 27 1.446788964301660e+02 3.909199399161092e-18 6.698737378923172e-02
0 37 1.453679204406233e+02 5.303410576189365e-17 7.360598221531273e-02
0 38 1.492503857330579e+02 9.407659714896158e-17 7.365101788000721e-02
1 28 1.499570196869714e+02 3.500922859598917e-18 6.695885711641894e-02
0 39 1.531310677748287e+02 2.053656548531377e-16 7.364408145899523e-02
1 29 1.552364720593652e+02 3.313247065482373e-18 6.696243044910465e-02
0 40 1.570121272967454e+02 3.988188712922676e-16 7.364717682755749e-02
1 30 1.605163450586662e+02 3.302003878677013e-18 6.695928987591027e-02
0 41 1.608926137292107e+02 7.776417444858674e-16 7.364621140603206e-02
0 42 1.647744074733623e+02 1.243604364218230e-15 7.368536777246694e-02
1 31 1.657950054673373e+02 3.440062047618763e-18 6.693510514433845e-02
0 43 1.686560378486740e+02 1.932566640282304e-15 7.367922323129955e-02
1 32 1.710734568039885e+02 3.414938443404232e-18 6.693614561196258e-02
0 44 1.725377343275230e+02 2.864979835061791e-15 7.368468364712054e-02
0 45 1.764194255243209e+02 3.823206316651866e-15 7.365881081677453e-02
1 33 1.763523970602676e+02 3.521970092057519e-18 6.694417465983248e-02
0 46 1.803045892819950e+02 1.360382606421190e-15 7.367356119610308e-02
1 34 1.816270124575818e+02 3.392146265781401e-18 6.693756058497512e-02
0 47 1.841902824191835e+02 1.323526213245508e-15 7.366927549348680e-02
1 35 1.869010018142255e+02 3.303843508696396e-18 6.693580504377458e-02
0 48 1.880757417730550e+02 1.249855852433148e-15 7.367586499234176e-02
0 49 1.919658969135761e+02 2.988063346916659e-15 7.344810973158281e-02
1 36 1.921718237843876e+02 3.295229808972788e-18 6.708442465845031e-02
0 50 1.958486764932634e+02 3.820877472489880e-15 7.344278692373660e-02
1 37 1.974489809636204e+02 3.396940603498421e-18 6.708948689445994e-02
0 51 1.997321305273750e+02 1.038490674641325e-15 7.344096333704195e-02
1 38 2.027257619971795e+02 3.295217666105994e-18 6.708550729442238e-02
0 52 2.036151121648156e+02 6.788151027504410e-16 7.344714085117211e-02
0 53 2.074992872109318e+02 5.410458154510690e-16 7.348366737622221e-02
1 39 2.080021820126826e+02 7.311499144652666e-15 6.706215293977895e-02
0 54 2.113791744195574e+02 2.098607020589832e-16 7.347697158827929e-02
1 40 2.132825543017062e+02 3.378651138512774e-18 6.706677035964646e-02
0 55 2.152596021790429e+02 8.311074730795128e-17 7.347816453662992e-02
1 41 2.185630511065017e+02 3.303548191556142e-18 6.706217451749132e-02
0 56 2.191394224438121e+02 2.801928905930748e-17 7.348142803878610e-02
0 57 2.230201323183939e+02 1.088587269604718e-17 7.352420673876243e-02
1 42 2.238430893643567e+02 3.298469369691447e-18 6.703541301487495e-02
0 58 2.268998610886697e+02 3.905427822523389e-18 7.351742993712347e-02
1 43 2.291236524985361e+02 3.493385040150399e-18 6.703813681633129e-02
0 59 2.307798531904592e+02 3.093135384299556e-18 7.352153070571016e-02
1 44 2.344047491299554e+02 2.439874840325101e-15 6.703704065641058e-02
0 60 2.346593826105801e+02 3.054107129561783e-18 7.351593013258945e-02
0 61 2.385408280168933e+02 3.184762025353211e-18 7.355016952181838e-02
1 45 2.396837322102381e+02 3.464434624096254e-18 6.701600172665632e-02
0 62 2.424224458051941e+02 2.800730214709181e-18 7.354468822459395e-02
1 46 2.449622624439073e+02 3.414791896251851e-18 6.701587137097431e-02
0 63 2.463040023548875e+02 3.234332868717479e-18 7.355076191916733e-02
0 64 2.501866150723630e+02 2.968432929947307e-18 7.344869152443889e-02
1 47 2.502406507400942e+02 3.323514524000641e-18 6.707136781962640e-02
0 65 2.540740847002438e+02 2.965048743394118e-18 7.344793748675964e-02
1 48 2.555125502870113e+02 3.320578450128565e-18 6.707540054385314e-02
0 66 2.579622001374985e+02 3.782387168199039e-18 7.344458124987545e-02
1 49 2.607838649292604e+02 3.408327239667630e-18 6.707268004800378e-02
0 67 2.618499796990967e+02 2.709754458486285e-18 7.345119744997754e-02
0 68 2.657408553622072e+02 3.174429104193504e-18 7.340377441150465e-02
1 50 2.660532875275237e+02 3.723393224723162e-18 6.710562332586728e-02
0 69 2.696220021022796e+02 2.956649066709310e-18 7.339770205308133e-02
1 51 2.713322682059645e+02 5.528417149217902e-18 6.711068021774649e-02
0 70 2.735037944423387e+02 3.055264893894274e-18 7.339696876847208e-02
1 52 2.766110481025535e+02 3.582987076231265e-18 6.710617088022157e-02
0 71 2.773850457630966e+02 2.709730060113399e-18 7.340242875162337e-02
0 72 2.812671766317488e+02 2.707622447697390e-18 7.344489963976332e-02
1 53 2.818896349733659e+02 3.388496417787907e-18 6.707906769060371e-02
0 73 2.851467854339085e+02 2.430490393727058e-14 7.343801207611776e-02
1 54 2.871703157186305e+02 3.302887787677466e-18 6.708313059258203e-02
0 74 2.890268416844139e+02 1.338482015704980e-13 7.344035960728142e-02
1 55 2.924513083950625e+02 3.593981601701065e-18 6.707917140535344e-02
0 75 2.929062971387119e+02 4.270356370164502e-14 7.344137465560772e-02
0 76 2.967868836879579e+02 1.760188455002933e-15 7.348210149840867e-02
1 56 2.977314038221908e+02 3.367452165737998e-18 6.705393136714861e-02
0 77 3.006670419099210e+02 1.663826331238023e-14 7.347567316857846e-02
1 57 3.030115106657418e+02 6.016265361954290e-15 6.705564306145444e-02
0 78 3.045473414958408e+02 1.079598419080077e-13 7.348066059259031e-02
0 79 3.084274055136052e+02 3.002217661517424e-18 7.346621925577064e-02
1 58 3.082921726367993e+02 3.296651400310416e-18 6.705843979541716e-02
0 80 3.123103431261829e+02 3.532845678537899e-18 7.349098461236624e-02
1 59 3.135693752560190e+02 3.369087827813353e-18 6.704399132072106e-02
0 81 3.161936989695349e+02 3.540068825906790e-18 7.348625788828794e-02
1 60 3.188459902185722e+02 3.372068006977586e-18 6.704278493215977e-02
0 82 3.200768797529688e+02 2.902059840607226e-18 7.349270280137118e-02
0 83 3.239638543884337e+02 2.997021471636329e-18 7.324811075994600e-02
1 61 3.241202577506218e+02 3.311867377311971e-18 6.719832097947857e-02
0 84 3.278489469311042e+02 2.912460208687811e-18 7.324306836721337e-02
1 62 3.293948019634253e+02 3.718080413594758e-18 6.720345726624069e-02
0 85 3.317347145674660e+02 2.717140596853131e-18 7.324069940372745e-02
1 63 3.346688871185258e+02 3.343720132056958e-18 6.719986630120692e-02
0 86 3.356200550624108e+02 4.006542164782959e-18 7.324707732994626e-02
0 87 3.395069537557296e+02 2.994151560903315e-18 7.326988165502500e-02
1 64 3.399423328946141e+02 3.915108241272676e-18 6.718554035254190e-02
0 88 3.433882421635996e+02 3.221951778846616e-18 7.326339521958343e-02
1 65 3.452211144446111e+02 3.399701285434468e-18 6.719038648778236e-02
0 89 3.472701168477039e+02 3.047817236713375e-18 7.326386843828944e-02
1 66 3.504998995750858e+02 3.340706626912149e-18 6.718568052010014e-02
0 90 3.511514000931685e+02 2.806825845453657e-18 7.326811452363549e-02
0 91 3.550335564400197e+02 2.960089274934810e-18 7.331056732345106e-02
1 67 3.557783455188954e+02 3.516421257422958e-18 6.715890450914158e-02
0 92 3.589142682134020e+02 2.950535423879146e-18 7.330369505020813e-02
1 68 3.610577677567073e+02 3.423171272355269e-18 6.716223838805099e-02
0 93 3.627953217168073e+02 4.913627172037951e-18 7.330710797783338e-02
