0 0 1.678287473092144e+00 2.727643795634972e-18 7.547957595883098e-02
1 0 2.132908641650586e+00 7.076446292887377e-18 6.703908121886058e-02
0 1 5.558710169753406e+00 3.158351530505639e-18 7.547315212471715e-02
1 1 7.412525139112788e+00 3.384280646048549e-18 6.704378157236467e-02
0 2 9.439711883583353e+00 4.951371529019980e-17 7.547350816910672e-02
1 2 1.269215410182229e+01 3.371664136928089e-18 6.703910311924073e-02
0 3 1.332012424262849e+01 5.574272308601851e-15 7.547822788373208e-02
0 4 1.720114095863059e+01 1.826453542216756e-15 7.553076473075601e-02
1 3 1.797173569042724e+01 2.236027565922533e-17 6.700635072700059e-02
0 5 2.108068630564887e+01 3.472485632379174e-15 7.552389155988810e-02
1 4 2.325235124103853e+01 3.855498396347183e-18 6.700925501100087e-02
0 6 2.496053517685347e+01 3.654678874880189e-16 7.552744701759360e-02
1 5 2.853343364124194e+01 3.383147876918971e-18 6.700748931664434e-02
0 7 2.883988265418494e+01 2.941533340000078e-18 7.552488874345915e-02
0 8 3.272037166696959e+01 2.929735562795223e-18 7.556071884663548e-02
1 6 3.381338018247889e+01 4.312814611228048e-18 6.698601608461253e-02
0 9 3.660094066996709e+01 2.919629762038199e-18 7.555475644100515e-02
1 7 3.909293526322049e+01 3.298455515961446e-18 6.698596655269098e-02
0 10 4.048147963214309e+01 2.635987280309788e-18 7.556083786386833e-02
0 11 4.436239311314593e+01 2.808466316442270e-18 7.551243915504464e-02
1 8 4.437277883004042e+01 6.587213648046742e-14 6.700812563084349e-02
0 12 4.824667050382228e+01 2.638733448855826e-18 7.551619302833952e-02
1 9 4.964818906331891e+01 7.126629285986645e-15 6.701012868030397e-02
0 13 5.213158923803333e+01 2.734386129266002e-18 7.551220689428480e-02
1 10 5.492296927147443e+01 3.433864117131057e-18 6.700727719438000e-02
0 14 5.601618606211640e+01 3.713968126351821e-18 7.551935622525564e-02
0 15 5.990601787968631e+01 3.922315900169476e-18 7.535963616644395e-02
1 11 6.019400006990749e+01 3.292218053739156e-18 6.711337097682965e-02
0 16 6.378577101591321e+01 2.643430524444390e-18 7.535393644385847e-02
1 12 6.547443209132813e+01 8.393591892877629e-18 6.711843757980539e-02
0 17 6.766618896547580e+01 3.597835040168948e-18 7.535262872126720e-02
1 13 7.075460310911832e+01 3.558359397430702e-18 6.711384462440165e-02
0 18 7.154607735515745e+01 4.582054740151708e-18 7.535889503964177e-02
0 19 7.542677483192605e+01 6.533119966102062e-18 7.541492144629931e-02
1 14 7.603472948343206e+01 3.368741322427070e-18 6.707847665478650e-02
0 20 7.930428977470015e+01 2.050115863480259e-17 7.540812063485669e-02
1 15 8.131766475308861e+01 6.691552035677245e-15 6.708247326099201e-02
0 21 8.318225445154785e+01 6.005052789127810e-17 7.541015561988243e-02
1 16 8.660087166268639e+01 3.434660397584058e-18 6.707868606116571e-02
0 22 8.705963752741718e+01 1.622726444803868e-16 7.541190234341698e-02
0 23 9.093779589601722e+01 3.400266649017502e-16 7.545532234783600e-02
1 17 9.188358889782231e+01 3.935910476262613e-18 6.705221713781317e-02
0 24 9.481552449176279e+01 5.797002731374190e-16 7.544879531029733e-02
1 18 9.716633842897157e+01 3.338241725734555e-18 6.705352665380256e-02
0 25 9.869336872336775e+01 2.332389788198458e-16 7.545392371647250e-02
1 19 1.024496151445352e+02 3.420089828891276e-18 6.705743947776885e-02
0 26 1.025710183364723e+02 6.608519646741937e-17 7.543885660832392e-02
0 27 1.064508528244734e+02 2.494549191658189e-17 7.545852119126659e-02
1 20 1.077301949258449e+02 3.081756439868073e-16 6.704732889523245e-02
0 28 1.103311775983383e+02 1.022880179109380e-17 7.545367226094765e-02
1 21 1.130101466040219e+02 4.030493658198402e-18 6.704544720723846e-02
0 29 1.142112832475744e+02 4.760739128682243e-18 7.546060726835349e-02
0 30 1.180955606874515e+02 3.628785860313022e-18 7.520589809766458e-02
1 22 1.182873528628796e+02 3.392916633908230e-18 6.720590811807764e-02
0 31 1.219798087905134e+02 2.993052886036804e-18 7.520105163012712e-02
1 23 1.235626855735775e+02 5.259634856026320e-18 6.721102485971037e-02
0 32 1.258647500957003e+02 2.983716603046739e-18 7.519866507721441e-02
1 24 1.288375873594910e+02 3.357754211451132e-18 6.720691118385039e-02
0 33 1.297492279414200e+02 3.106207096428547e-18 7.520554031255090e-02
0 34 1.336352451796107e+02 3.020274524196245e-18 7.525113969096686e-02
1 25 1.341119003702203e+02 3.310189242803033e-18 6.717845594746934e-02
0 35 1.375154285373373e+02 2.880286545742990e-18 7.524468085332446e-02
1 26 1.393917875973189e+02 2.973054253256711e-15 6.718311190565923e-02
0 36 1.413961728035169e+02 3.190923879372275e-18 7.524528184066918e-02
1 27 1.446717268304465e+02 3.288888194324440e-18 6.717848223003151e-02
0 37 1.452763259338479e+02 3.237292629697928e-18 7.524960384148476e-02
0 38 1.491571335309148e+02 2.806947311406969e-18 7.529942256197757e-02
1 28 1.499515243419276e+02 3.473820621244638e-18 6.714752844590806e-02
0 39 1.530366897481370e+02 2.914931945085925e-18 7.529259778888436e-02
1 29 1.552321322667513e+02 5.516225385651550e-18 6.715022648429503e-02
0 40 1.569165230603141e+02 2.968673586972936e-18 7.529638182888816e-02
1 30 1.605132302985792e+02 3.290381223149572e-18 6.714895830909842e-02
0 41 1.607958816740142e+02 2.427755138360035e-15 7.529268899609332e-02
0 42 1.646765622950786e+02 1.451022688455808e-14 7.532738117911504e-02
1 31 1.657929433448192e+02 3.501710918242856e-18 6.712822846796171e-02
0 43 1.685573869582940e+02 1.523702251465940e-15 7.532155193586118e-02
1 32 1.710722183065973e+02 1.708105964240533e-16 6.712793899898674e-02
0 44 1.724381564531405e+02 1.190271948576038e-15 7.532776161426369e-02
0 45 1.763195113802157e+02 1.390454730167399e-14 7.526420696860769e-02
1 33 1.763516566822859e+02 3.718052567204931e-18 6.715953708110303e-02
0 46 1.802047104067015e+02 2.200820760131932e-14 7.526591492412608e-02
1 34 1.816260008533553e+02 3.862418601586565e-18 6.716276153866187e-02
0 47 1.840905654104748e+02 2.237936709616585e-14 7.526209096386509e-02
1 35 1.868997260886635e+02 4.152930101062603e-18 6.715976262360442e-02
0 48 1.879760829844972e+02 2.853346527816364e-14 7.526922353499288e-02
0 49 1.918661091775174e+02 9.946271774816871e-16 7.516506092907561e-02
1 36 1.921703408866728e+02 3.448375049921689e-18 6.723029638564081e-02
0 50 1.957453233721880e+02 4.350332136589735e-16 7.515925853505924e-02
1 37 1.974513856244066e+02 3.681320868315701e-18 6.723534571815619e-02
0 51 1.996251935127169e+02 2.728020358385535e-18 7.515813704645893e-02
1 38 2.027321988856082e+02 2.050604089220098e-15 6.723069078569185e-02
0 52 2.035045268618142e+02 3.652845340781998e-18 7.516421316979002e-02
0 53 2.073846285637242e+02 3.378477501669028e-18 7.521740925617566e-02
1 39 2.080129710413784e+02 3.524863339410182e-18 6.719712506694872e-02
0 54 2.112619443371893e+02 2.912006596615001e-18 7.521061019208100e-02
1 40 2.132961355789921e+02 3.396456838169267e-18 6.720099521329055e-02
0 55 2.151396889401331e+02 2.896009603370272e-18 7.521286283351122e-02
1 41 2.185796035136335e+02 1.009790406679741e-17 6.719743901876968e-02
0 56 2.190168608202920e+02 3.067742874564511e-18 7.521402926349809e-02
0 57 2.228949060976339e+02 6.452964057225865e-18 7.525605305358854e-02
1 42 2.238624355197400e+02 3.312927348590180e-18 6.717186696479212e-02
0 58 2.267726190970216e+02 2.237303887148454e-17 7.524962071681970e-02
1 43 2.291452118373616e+02 3.359997439063434e-18 6.717296123963462e-02
0 59 2.306504231953449e+02 6.814424221110016e-17 7.525491398684586e-02
0 60 2.345281035477966e+02 1.663822642152429e-16 7.523652861624359e-02
1 44 2.344285004013022e+02 2.552614236196518e-14 6.717829134203951e-02
0 61 2.384082880007053e+02 2.814108611998768e-16 7.525423565835584e-02
1 45 2.397086669621781e+02 3.483371357487612e-18 6.716979097455381e-02
0 62 2.422889934926947e+02 4.240444244109228e-16 7.524954030156568e-02
1 46 2.449881966398026e+02 3.822228938756247e-18 6.716771800962627e-02
0 63 2.461694603741892e+02 5.804502441224520e-16 7.525651716068238e-02
0 64 2.500547877610689e+02 5.197010651562091e-16 7.499493652077285e-02
1 47 2.502643860479074e+02 3.506234686650993e-18 6.733541473326475e-02
0 65 2.539365085322650e+02 2.904305766462315e-16 7.498997929108492e-02
1 48 2.555425985284119e+02 3.468154483738853e-18 6.734054451903232e-02
0 66 2.578189168814038e+02 1.757441339439264e-16 7.498784965240494e-02
1 49 2.608204180739379e+02 5.508441784639808e-15 6.733626675600403e-02
0 67 2.617008456158300e+02 9.724220394312628e-17 7.499455263054741e-02
0 68 2.655839741107260e+02 6.652241091995093e-17 7.504222533568537e-02
1 50 2.660979097749939e+02 1.841297868046774e-14 6.730617750372823e-02
0 69 2.694624718689701e+02 1.997353418741225e-17 7.503568325666793e-02
1 51 2.713797248678984e+02 3.412196638915926e-18 6.731068050810485e-02
0 70 2.733414964406925e+02 7.512501875861393e-18 7.503673252051045e-02
1 52 2.766616629484752e+02 4.184558376346637e-18 6.730623481701635e-02
0 71 2.772199302207180e+02 2.782815780886028e-18 7.504026167359297e-02
0 72 2.810990901532468e+02 3.276786836075820e-18 7.508668001219627e-02
1 53 2.819433064288502e+02 3.309482325324058e-18 6.727759175682581e-02
0 73 2.849773451952972e+02 3.606719373790796e-18 7.507995160796237e-02
1 54 2.872254196722914e+02 3.583740579881375e-18 6.727983366513500e-02
0 74 2.888558205506089e+02 2.748649067350420e-18 7.508422418904027e-02
1 55 2.925080580134695e+02 6.445082967596048e-17 6.727990763962566e-02
0 75 2.927338978537637e+02 2.922420960258228e-18 7.507751726212851e-02
0 76 2.966136653303086e+02 2.933243897875270e-18 7.510855108003592e-02
1 56 2.977887818572419e+02 3.892479848919919e-18 6.726164200537334e-02
0 77 3.004937172856933e+02 5.709687017598919e-15 7.510306398905821e-02
1 57 3.030689775316027e+02 3.374550910341848e-18 6.726074449819859e-02
0 78 3.043736512855589e+02 8.140465688138290e-15 7.510958139550013e-02
0 79 3.082550841543029e+02 1.480694720272072e-15 7.498031667493558e-02
1 58 3.083486824925855e+02 4.752000284111546e-18 6.733568144954327e-02
0 80 3.121408980866306e+02 1.414353801853800e-15 7.497764547409140e-02
1 59 3.136222857836905e+02 3.303286859822905e-18 6.734046149333957e-02
0 81 3.160273957523883e+02 1.258475747840955e-15 7.497432950586533e-02
1 60 3.188953243587408e+02 3.579801071553056e-18 6.733700796554118e-02
0 82 3.199135079841574e+02 1.202493339979704e-15 7.498140879486113e-02
0 83 3.238024840152561e+02 4.386683204302394e-15 7.497248653942529e-02
1 61 3.241666672790125e+02 1.442386306641662e-15 6.734484116821282e-02
0 84 3.276822935444159e+02 2.310625047066468e-15 7.496645394711640e-02
1 62 3.294470105778539e+02 4.990536344904411e-18 6.734984858890862e-02
0 85 3.315627307729021e+02 1.256141603259342e-15 7.496591976923740e-02
1 63 3.347272191187790e+02 3.621027427228030e-18 6.734510452879869e-02
0 86 3.354426080900255e+02 7.024594356110288e-16 7.497145745890199e-02
0 87 3.393232044057916e+02 6.337117004690197e-14 7.502197514834835e-02
1 64 3.400073572984135e+02 6.118850518664576e-18 6.731336927605314e-02
0 88 3.432017093183586e+02 3.347749378780753e-18 7.501515780866562e-02
1 65 3.452891583829526e+02 3.351803194545599e-18 6.731687681424907e-02
0 89 3.470805935665979e+02 2.845269040842709e-18 7.501792942242157e-02
1 66 3.505713353722351e+02 3.568766518616109e-18 6.731386848500505e-02
0 90 3.509589263908953e+02 2.917995728818738e-18 7.501772123115315e-02
0 91 3.548383175701031e+02 3.160909888381738e-18 7.505788730810151e-02
1 67 3.558525940008047e+02 1.529861741734017e-15 6.728955328734944e-02
0 92 3.587175464034286e+02 2.891306011508998e-18 7.505163040089170e-02
1 68 3.611336489605731e+02 3.413769802238066e-18 6.729022686868923e-02
0 93 3.625968207505067e+02 3.847285710722289e-18 7.505722261613731e-02
