0 0 1.656036764195008e+00 8.317189198117828e-17 7.390284338640259e-02
1 0 2.195076682679339e+00 3.598457287120688e-18 6.358101281366833e-02
0 1 5.536667022387576e+00 7.997900612761187e-17 7.389623602846702e-02
1 1 7.473884508593045e+00 3.686440799116270e-17 6.358555314818405e-02
0 2 9.417926729011104e+00 9.508032744326291e-15 7.389670440374045e-02
1 2 1.275274920389495e+01 3.625410251002209e-18 6.358087138860188e-02
0 3 1.329851906248205e+01 3.059346672086014e-14 7.390234027849582e-02
0 4 1.717985241108700e+01 2.910215417804320e-18 7.399540350720403e-02
1 3 1.803172424174783e+01 3.843885440493917e-18 6.352202875825873e-02
0 5 2.105839377651167e+01 2.695374082569216e-18 7.398858792157835e-02
1 4 2.331292549660110e+01 3.480077214339613e-18 6.352505079091575e-02
0 6 2.493730927978233e+01 2.872835383184930e-18 7.399180922028395e-02
1 5 2.859462037702260e+01 3.550560922653959e-18 6.352176542569316e-02
0 7 2.881559738842850e+01 3.314554613550624e-18 7.399273975736560e-02
0 8 3.269410110715413e+01 3.179813550483136e-18 7.403027422967438e-02
1 6 3.387637674473262e+01 3.627048922801778e-18 6.349934847679239e-02
0 9 3.657254889857724e+01 3.194289085661189e-18 7.402473195965985e-02
1 7 3.915782848266048e+01 7.695326076709436e-17 6.349958702594248e-02
0 10 4.045100577453405e+01 3.134319028764165e-18 7.403023671100437e-02
0 11 4.432955050992925e+01 3.392331532671130e-18 7.399237205734033e-02
1 8 4.443963250174484e+01 3.670040600258815e-18 6.351943931406438e-02
0 12 4.820897637709751e+01 6.968966421827687e-18 7.399146214573121e-02
1 9 4.972002908888619e+01 3.520334632820950e-18 6.352281260769579e-02
0 13 5.208903316683861e+01 1.209775517877993e-17 7.398819297327340e-02
1 10 5.499989283849254e+01 3.594878450249048e-18 6.352015323497540e-02
0 14 5.596873617404962e+01 2.271493428222344e-17 7.399488435266974e-02
0 15 5.985259880741337e+01 2.826724933414869e-17 7.384473401525266e-02
1 11 6.027648792506983e+01 3.556292792728032e-18 6.361538322838575e-02
0 16 6.373470577881289e+01 3.680547546607968e-17 7.383873373623100e-02
1 12 6.555363908820576e+01 4.340469102797905e-18 6.362004046561004e-02
0 17 6.761749492651658e+01 4.429131542169743e-17 7.383811850267953e-02
1 13 7.083065441186655e+01 1.916029597413777e-16 6.361558422143070e-02
0 18 7.149967384689960e+01 2.080078093792414e-16 7.384443677417833e-02
0 19 7.538403579764707e+01 1.842585879048368e-16 7.393411437147827e-02
1 14 7.610650150819795e+01 3.497347564330392e-18 6.355885972805961e-02
0 20 7.926336159761871e+01 6.947444552087360e-17 7.392719446290751e-02
1 15 8.138678713372299e+01 3.530916775146220e-18 6.356268860693579e-02
0 21 8.314318269831877e+01 2.677056868661123e-17 7.392933046512035e-02
1 16 8.666741387128477e+01 3.504127314499034e-18 6.355845348393879e-02
0 22 8.702231879578045e+01 8.936342765038260e-18 7.393287665650881e-02
0 23 9.090162958539368e+01 3.971082147021616e-18 7.399323960798003e-02
1 17 9.194839156401278e+01 3.850104069130324e-18 6.352094000229162e-02
0 24 9.478017429553175e+01 3.032253763739227e-18 7.398702777304235e-02
1 18 9.722965696943884e+01 1.274666978715209e-16 6.352240154584844e-02
0 25 9.865888263525068e+01 2.833704881796752e-18 7.399170285589728e-02
0 26 1.025372276209766e+02 2.853101673791075e-18 7.398024107480329e-02
1 19 1.025114911481845e+02 3.521429187545648e-18 6.352452033419287e-02
0 27 1.064161739320284e+02 2.941123995241543e-18 7.398942009903967e-02
1 20 1.077925540044739e+02 3.564309166813240e-18 6.352240060622748e-02
0 28 1.102955962024632e+02 3.570138241803314e-18 7.398513745110578e-02
1 21 1.130730302379437e+02 3.481926948281116e-18 6.352085992862400e-02
0 29 1.141748063668496e+02 2.966278688216867e-18 7.399150136270716e-02
0 30 1.180557893250199e+02 3.438109824895191e-18 7.388179618534595e-02
1 22 1.183524619926350e+02 3.539564292035280e-18 6.358857944890683e-02
0 31 1.219373448323046e+02 3.472915739725596e-18 7.387677739346028e-02
1 23 1.236303012287131e+02 3.619143710763319e-18 6.359304126943734e-02
0 32 1.258195991309440e+02 8.463135849629850e-15 7.387504014668830e-02
1 24 1.289078142217671e+02 1.109156622257575e-17 6.358914776879311e-02
0 33 1.297013335406346e+02 3.129215406983044e-15 7.388172586202579e-02
0 34 1.335877354555912e+02 3.877126374349426e-15 7.388169926759196e-02
1 25 1.341817284185499e+02 3.517861595149249e-18 6.359014390484358e-02
0 35 1.374675748848962e+02 1.154918364383536e-16 7.387492736542185e-02
1 26 1.394614325933293e+02 3.584808606712590e-18 6.359452513089006e-02
0 36 1.413480068958385e+02 1.118872986392241e-16 7.387593172277349e-02
1 27 1.447412876639939e+02 3.492787283668106e-18 6.358988880074828e-02
0 37 1.452277563150627e+02 2.973540112721973e-14 7.388104028458170e-02
0 38 1.491079334819566e+02 3.290244355820426e-18 7.396317994769444e-02
1 28 1.500214558558372e+02 3.881971672698170e-18 6.353811795882910e-02
0 39 1.529861894572813e+02 3.367548395579398e-18 7.395651644208635e-02
1 29 1.553030019451570e+02 3.551794873745968e-18 6.354066285774297e-02
0 40 1.568647522218361e+02 2.783599803180063e-18 7.396024581222033e-02
0 41 1.607427472595871e+02 3.327816291568697e-18 7.395883888346992e-02
1 30 1.605850921455607e+02 3.907255199588677e-18 6.353816356658561e-02
0 42 1.646210875164315e+02 2.793534780562218e-18 7.398589840817255e-02
1 31 1.658669700616188e+02 3.769117482520695e-18 6.352297954080373e-02
0 43 1.684996062381350e+02 2.798970544147243e-18 7.398075316026778e-02
1 32 1.711483851432465e+02 3.486269692234798e-18 6.352260126038106e-02
0 44 1.723780569586991e+02 2.932676862813007e-18 7.398659959257080e-02
0 45 1.762569934673151e+02 3.912933638402999e-18 7.392768869299546e-02
1 33 1.764298653995191e+02 3.502651127874615e-18 6.355664952010864e-02
0 46 1.801369163322020e+02 5.789527939785418e-18 7.392468541469166e-02
1 34 1.817096459253221e+02 3.498483983349785e-18 6.356058937408415e-02
0 47 1.840175095830490e+02 9.877632611746468e-18 7.392193862368614e-02
1 35 1.869889525642468e+02 5.942781871234839e-16 6.355744159683398e-02
0 48 1.878976862403655e+02 1.812593520412193e-17 7.392868704793265e-02
0 49 1.917830762145389e+02 2.194060718091860e-17 7.380197386128444e-02
1 36 1.922640287186992e+02 5.761409146500024e-16 6.363877960050804e-02
0 50 1.956643860239055e+02 3.392740116217928e-17 7.379562139874228e-02
1 37 1.975420728053184e+02 3.492338441067672e-18 6.364341836444291e-02
0 51 1.995463538180067e+02 4.672701261461771e-17 7.379557630542306e-02
1 38 2.028200808736612e+02 3.527603078166208e-18 6.363880740699167e-02
0 52 2.034276778639387e+02 6.097109910327960e-17 7.380154647350382e-02
0 53 2.073102378240602e+02 2.149016470064477e-16 7.389601863047905e-02
1 39 2.080977719518909e+02 3.502478402358098e-18 6.357897095186291e-02
0 54 2.111891301460234e+02 7.642557486295063e-17 7.388913089936744e-02
1 40 2.133785611696868e+02 3.476917969921452e-18 6.358239223876742e-02
0 55 2.150684549713904e+02 2.751319041395317e-17 7.389185237629702e-02
1 41 2.186597778062215e+02 1.128950036591037e-15 6.357856058457166e-02
0 56 2.189471182494412e+02 8.390007193587573e-18 7.389413397940382e-02
0 57 2.228259985324241e+02 3.909989153655127e-18 7.394199571381434e-02
1 42 2.239411635181503e+02 8.515259157939918e-16 6.354925715995514e-02
0 58 2.267045422421369e+02 2.697188065585053e-18 7.393612165007842e-02
1 43 2.292224677821744e+02 3.499619620285248e-18 6.355007543988549e-02
0 59 2.305831670443536e+02 2.811833086824717e-18 7.394125598317997e-02
0 60 2.344616290771459e+02 2.932895164429478e-18 7.391818107762142e-02
1 44 2.345042713930478e+02 3.547838310367663e-18 6.355955364054892e-02
0 61 2.383409060928750e+02 2.945190332378266e-18 7.392095556599829e-02
1 45 2.397848910306460e+02 3.538638002577238e-18 6.356143998899405e-02
0 62 2.422207573008029e+02 3.255968283699070e-18 7.391719709069736e-02
1 46 2.450649346002156e+02 3.496755686163541e-18 6.355928754828474e-02
0 63 2.461003197679948e+02 2.784728436312573e-18 7.392375856410623e-02
0 64 2.499828742995925e+02 2.980687262633856e-18 7.378268226462337e-02
1 47 2.503428203085042e+02 1.812204571122257e-17 6.364788082036406e-02
0 65 2.538650504393455e+02 2.987949803959339e-18 7.377704507341196e-02
1 48 2.556199179729333e+02 3.770966836107201e-18 6.365251635902403e-02
0 66 2.577479223988382e+02 2.993780963114422e-18 7.377588142729211e-02
1 49 2.608967829747980e+02 3.578539058415647e-18 6.364829824698837e-02
0 67 2.616302252444873e+02 2.810213047141762e-14 7.378241161551749e-02
0 68 2.655157345627300e+02 2.057405929973435e-14 7.384393924191607e-02
1 50 2.661714962885892e+02 3.560492038276012e-18 6.360973524036596e-02
0 69 2.693952068828296e+02 1.255531531551257e-16 7.383706400001755e-02
1 51 2.714516157767748e+02 3.475060254142228e-18 6.361385387110140e-02
0 70 2.732752245985961e+02 1.504742928931180e-17 7.383864543692348e-02
1 52 2.767319848006763e+02 3.615194481920106e-18 6.360934409006336e-02
0 71 2.771545540235097e+02 1.496518124655590e-14 7.384303516716452e-02
0 72 2.810341685646528e+02 2.920904142165754e-18 7.391303950663997e-02
1 53 2.820126889685011e+02 3.186609273878738e-17 6.356546959412396e-02
0 73 2.849125486810341e+02 2.698206242708539e-18 7.390659150345048e-02
1 54 2.872941164981021e+02 3.547862598164401e-18 6.356747496410019e-02
0 74 2.887911624119176e+02 3.207531444002740e-18 7.391081882389558e-02
0 75 2.926692974506379e+02 2.698648399661290e-18 7.390553637637109e-02
1 55 2.925761171524760e+02 3.593089057288580e-18 6.356647447535349e-02
0 76 2.965479443389589e+02 2.794964550587891e-18 7.392302343514633e-02
1 56 2.978575804377315e+02 3.478317074709257e-18 6.355821510287499e-02
0 77 3.004269461816806e+02 2.800035660098839e-18 7.391830815014894e-02
1 57 3.031384896316429e+02 3.794054416635883e-18 6.355723430462412e-02
0 78 3.043058046807902e+02 2.833435659680555e-18 7.392444316235480e-02
0 79 3.081857271494081e+02 2.905478698750521e-18 7.383913313273789e-02
1 58 3.084189915982204e+02 3.631763754293049e-18 6.360865683668188e-02
0 80 3.120665800896973e+02 3.873667445824809e-18 7.383490584609041e-02
1 59 3.136976675757831e+02 4.012332361346557e-16 6.361298838831836e-02
0 81 3.159481251372792e+02 7.083226304443598e-18 7.383266659588250e-02
1 60 3.189759386987499e+02 3.475136533988873e-18 6.360943366471990e-02
0 82 3.198291988212272e+02 1.098421683624838e-17 7.383940431523842e-02
0 83 3.237155036046479e+02 1.141823865589989e-17 7.377681239108828e-02
1 61 3.242500301791800e+02 3.479002566034704e-18 6.365043919892320e-02
0 84 3.275958076384501e+02 2.344496800678547e-17 7.377021993996533e-02
1 62 3.295292125334199e+02 3.488150455880852e-18 6.365495926488147e-02
0 85 3.314767389661175e+02 3.790134531383504e-17 7.377071177516070e-02
1 63 3.348084535977605e+02 3.789434868069427e-18 6.365028595093551e-02
0 86 3.353570034439171e+02 5.945642675303927e-17 7.377624515975695e-02
0 87 3.392379963622067e+02 8.432374924323841e-17 7.386401706873766e-02
1 64 3.400877805536141e+02 4.015930481426744e-18 6.359479758091489e-02
0 88 3.431163874350671e+02 1.040241198421161e-16 7.385722582143001e-02
1 65 3.453691571286831e+02 2.099567984056217e-15 6.359778484474213e-02
0 89 3.469951459174771e+02 3.439193942520370e-17 7.386048865054423e-02
1 66 3.506510295988055e+02 3.555854394783931e-18 6.359457243724836e-02
0 90 3.508732843189650e+02 9.125769771043248e-18 7.386110481995688e-02
0 91 3.547517353885102e+02 3.605538221707377e-18 7.389786853053197e-02
1 67 3.559328354214406e+02 3.635456417062264e-18 6.357262828132178e-02
0 92 3.586301585050914e+02 2.726798027921462e-18 7.389236690017469e-02
1 68 3.612143198264899e+02 3.644479399584064e-18 6.357280990535605e-02
0 93 3.625085823306031e+02 2.918980081780646e-18 7.389790125792908e-02
