0 0 1.620296007529680e+00 2.981246347967002e-18 7.335542426155192e-02
1 0 2.112305558661987e+00 4.127121810287932e-18 6.334563424997353e-02
0 1 5.498973807387215e+00 2.967719302177795e-18 7.334914706574251e-02
1 1 7.393311122919374e+00 3.988795176178103e-18 6.335009540788629e-02
0 2 9.378292853272635e+00 3.937688593812703e-18 7.334919124610863e-02
1 2 1.267431722711783e+01 3.900234797957642e-18 6.334548831771000e-02
0 3 1.325696039747334e+01 2.837461565051863e-18 7.335514656809899e-02
0 4 1.713607874495824e+01 2.816766211364680e-18 7.342792787240238e-02
1 3 1.795560676163900e+01 4.201074482326155e-15 6.329991057048953e-02
0 5 2.101309189721813e+01 2.793974751901222e-18 7.342149870687428e-02
1 4 2.323853745685694e+01 3.713126921876413e-18 6.330234688770327e-02
0 6 2.489044095881422e+01 2.898278755997599e-18 7.342447158789467e-02
1 5 2.852191734981959e+01 3.799125443462551e-18 6.329994927629350e-02
0 7 2.876723447449317e+01 2.717552535403898e-18 7.342482304622740e-02
0 8 3.264454485919965e+01 2.910008955422921e-18 7.345732272379481e-02
1 6 3.380492467706769e+01 1.663261711250832e-17 6.328115455650070e-02
0 9 3.652196505712314e+01 3.126999286676623e-18 7.345200291552997e-02
1 7 3.908754178292368e+01 3.561367092877321e-18 6.328053635478299e-02
0 10 4.039932534507541e+01 2.844386795142693e-18 7.345756178344114e-02
0 11 4.427702894791626e+01 2.726361019514574e-18 7.341241036833093e-02
1 8 4.437037097382274e+01 1.185016401718205e-14 6.330494779751933e-02
0 12 4.815640845763247e+01 2.822067301796734e-18 7.341106020437317e-02
1 9 4.965074016996313e+01 5.540212260514374e-14 6.330929049182694e-02
0 13 5.203649179761795e+01 2.746952816446278e-18 7.340778996287925e-02
1 10 5.493054992865625e+01 3.621310150761234e-18 6.330596615360745e-02
0 14 5.591616534673275e+01 3.097636944382333e-18 7.341476322079345e-02
0 15 5.980167841661688e+01 2.751497751953166e-18 7.325641557450158e-02
1 11 6.020572387596788e+01 3.678363488899339e-18 6.340867742706736e-02
0 16 6.368162447130907e+01 2.846354350357837e-18 7.325044044885229e-02
1 12 6.548529526977049e+01 4.437108594759838e-18 6.341342022170141e-02
0 17 6.756226434385376e+01 2.958669203829765e-18 7.324969262701753e-02
1 13 7.076472241088669e+01 3.810470575054732e-18 6.340880355934729e-02
0 18 7.144228079575220e+01 2.874966325910853e-18 7.325623890134955e-02
0 19 7.532315269495122e+01 2.884521156518666e-18 7.333716616988889e-02
1 14 7.604416608323841e+01 7.642774616873124e-14 6.335779195816277e-02
0 20 7.920057657215322e+01 3.041064246438769e-18 7.333065809309640e-02
1 15 8.132660706513131e+01 4.117988184451251e-14 6.336097035556533e-02
0 21 8.307843912241769e+01 4.028096976768017e-18 7.333277876134768e-02
1 16 8.660939192154443e+01 3.580924197065863e-18 6.335749030799909e-02
0 22 8.695567938034772e+01 1.659346602568376e-15 7.333560751755863e-02
0 23 9.083331197285031e+01 3.225256757244139e-18 7.337942935178098e-02
1 17 9.189211236180888e+01 8.607843637671180e-18 6.333104050002548e-02
0 24 9.471066347412018e+01 9.630918298124478e-16 7.337368435362597e-02
1 18 9.717475028208584e+01 3.596100577992980e-18 6.333134160272139e-02
0 25 9.858807164530792e+01 3.008833568444050e-18 7.337856024820810e-02
0 26 1.024653683898539e+02 3.375346035875665e-18 7.335974382929711e-02
1 19 1.024578551526032e+02 4.235672655460869e-18 6.333826271933649e-02
0 27 1.063439669992015e+02 3.226059419682474e-18 7.336523273831716e-02
1 20 1.077391948019819e+02 3.184237053545189e-15 6.333908668999784e-02
0 28 1.102231868133603e+02 2.872533106510382e-18 7.336129397309983e-02
1 21 1.130199159415692e+02 3.504468078407048e-18 6.333645102588871e-02
0 29 1.141020892224027e+02 2.719806336774377e-18 7.336800415480153e-02
0 30 1.179849483484838e+02 2.954898976874373e-18 7.318118577770996e-02
1 22 1.182977317557375e+02 3.732035406204369e-18 6.345493963158332e-02
0 31 1.218675015499438e+02 2.871664901435779e-18 7.317569567167756e-02
1 23 1.235743501642963e+02 6.258238556987770e-18 6.345984283499323e-02
0 32 1.257507867891144e+02 2.865476937528384e-18 7.317410044758935e-02
1 24 1.288506700522856e+02 3.549504117271442e-18 6.345545571577665e-02
0 33 1.296334995015567e+02 2.830133545883574e-18 7.318102929371785e-02
0 34 1.335181851823626e+02 3.083374297003809e-18 7.325586335662138e-02
1 25 1.341260587154677e+02 3.553664001810612e-18 6.340842350014271e-02
0 35 1.373970181840749e+02 2.724368329026178e-18 7.324939235333455e-02
1 26 1.394068760576547e+02 4.794238048389753e-16 6.341234107852228e-02
0 36 1.412763999432743e+02 2.968382128094847e-18 7.325048378676745e-02
1 27 1.446878770343092e+02 3.933061005712342e-18 6.340805818764160e-02
0 37 1.451551239108371e+02 3.007954791551953e-18 7.325517484672306e-02
0 38 1.490342009747484e+02 2.816702515469787e-18 7.331294252633665e-02
1 28 1.499690603467490e+02 3.626792147914933e-18 6.337238976812115e-02
0 39 1.529122844205700e+02 3.015164475631975e-18 7.330676870615614e-02
1 29 1.552508000033046e+02 4.200226038760673e-18 6.337382741626532e-02
0 40 1.567905716693509e+02 3.928348946225196e-18 7.331069583074853e-02
1 30 1.605330593244468e+02 3.483689648181460e-18 6.337350434157227e-02
0 41 1.606684456387213e+02 3.086762685570651e-18 7.330607083139577e-02
0 42 1.645471711090758e+02 2.780835150763230e-18 7.332582968980475e-02
1 31 1.658143550092396e+02 2.178025175898865e-15 6.336368550767402e-02
0 43 1.684263068115805e+02 3.069106874815990e-18 7.332109231271738e-02
1 32 1.710950755032111e+02 3.590662939375620e-18 6.336210996358693e-02
0 44 1.723052610709529e+02 2.837014994051991e-18 7.332724989341949e-02
0 45 1.761855333464438e+02 2.833680481010109e-18 7.322936931497488e-02
1 33 1.763752551260870e+02 3.593087588710640e-18 6.342145452017924e-02
0 46 1.800677289544349e+02 2.831068994391489e-18 7.322516020610867e-02
1 34 1.816523407967889e+02 5.840890666120097e-18 6.342635871116206e-02
0 47 1.839506633075289e+02 3.070363783162720e-18 7.322257000916692e-02
1 35 1.869289598042398e+02 3.573146787127325e-18 6.342251265432376e-02
0 48 1.878331121675976e+02 2.751444746466103e-18 7.322962776500069e-02
0 49 1.917201555491289e+02 3.072463730378923e-18 7.320910095085073e-02
1 36 1.922021978374615e+02 3.596402585035133e-18 6.343750194457383e-02
0 50 1.955988287755693e+02 2.966048272027324e-18 7.320285489914184e-02
1 37 1.974832110072595e+02 3.496343000332407e-15 6.344200660120708e-02
0 51 1.994781462228292e+02 2.886736503826735e-18 7.320284222969534e-02
1 38 2.027642134678547e+02 3.888670997387770e-18 6.343737177949491e-02
0 52 2.033568149338763e+02 2.812650446198277e-18 7.320880719859861e-02
0 53 2.072359876294884e+02 4.032707450699793e-18 7.327959404615828e-02
1 39 2.080454372792503e+02 3.595150971726583e-18 6.339302482659342e-02
0 54 2.111130521009042e+02 4.967304281114004e-15 7.327317930087883e-02
1 40 2.133283086370493e+02 1.207969439750808e-17 6.339549736203823e-02
0 55 2.149904575474331e+02 1.737999919694311e-17 7.327609278407918e-02
1 41 2.186116231532064e+02 3.733310226939212e-18 6.339304339196412e-02
0 56 2.188673051662671e+02 1.181999773073809e-16 7.327662987610108e-02
0 57 2.227447209229113e+02 3.227464191110057e-18 7.331000187844365e-02
1 42 2.238945118342542e+02 4.053370045090800e-18 6.337355249570367e-02
0 58 2.266222270866942e+02 3.227717038160583e-18 7.330467191915248e-02
1 43 2.291770263730374e+02 3.175132703472524e-14 6.337299275601309e-02
0 59 2.304996800012174e+02 2.896029615090445e-18 7.331017922813689e-02
0 60 2.343774500000799e+02 2.724204509401554e-18 7.326651958341589e-02
1 44 2.344597761715557e+02 3.559499534311519e-18 6.339623378708872e-02
0 61 2.382569790277408e+02 3.732920844158481e-18 7.326548248540027e-02
1 45 2.397399801049371e+02 4.080999250648149e-18 6.340047672373197e-02
0 62 2.421372082041638e+02 2.872119036186139e-18 7.326216302623471e-02
1 46 2.450196154912612e+02 3.537890464597147e-18 6.339720386827771e-02
0 63 2.460170344856357e+02 3.062794537140237e-18 7.326911002029525e-02
0 64 2.499025628955276e+02 2.756933268250810e-18 7.311091026957943e-02
1 47 2.502947712825749e+02 3.884703898865089e-18 6.349998254252748e-02
0 65 2.537823696897467e+02 3.139011493227927e-18 7.310496453268521e-02
1 48 2.555745055661496e+02 1.721281738480219e-14 6.350477398519130e-02
0 66 2.576628733155321e+02 2.759188145415081e-18 7.310415161775238e-02
1 49 2.608540817336929e+02 4.344213062089227e-14 6.350014480695762e-02
0 67 2.615427577846499e+02 2.797130754209139e-18 7.311069572976701e-02
0 68 2.654235399148187e+02 2.780648873424814e-18 7.318834053704024e-02
1 50 2.661336227560339e+02 3.922148107482854e-18 6.345119645461016e-02
0 69 2.693008831893449e+02 2.759151872886741e-18 7.318184224724905e-02
1 51 2.714161565780954e+02 6.774961256292181e-18 6.345441195407615e-02
0 70 2.731786706282049e+02 3.268126251116864e-18 7.318390823027224e-02
1 52 2.766990249108699e+02 3.536914205499324e-18 6.345089332023936e-02
0 71 2.770558343753336e+02 3.777970294739198e-18 7.318671799120088e-02
0 72 2.809334442328766e+02 3.049126268161088e-18 7.323099482463986e-02
1 53 2.819817738877062e+02 3.628232009729865e-18 6.342414037802747e-02
0 73 2.848107498176663e+02 2.965428597163220e-18 7.322522853942934e-02
1 54 2.872644618384386e+02 4.178825655743367e-16 6.342450050086137e-02
0 74 2.886881182606926e+02 3.367744819448599e-18 7.323006266977267e-02
0 75 2.925653619703796e+02 2.833653812080746e-18 7.321220703251112e-02
1 55 2.925476232847512e+02 3.554464793825588e-18 6.343074225081140e-02
0 76 2.964439750839750e+02 2.877700187120525e-18 7.321857976973559e-02
1 56 2.978289518437226e+02 3.736828478009423e-18 6.343095008671712e-02
0 77 3.003232025351373e+02 2.822006965546945e-18 7.321460095947455e-02
1 57 3.031096585408093e+02 3.889029350119014e-18 6.342836244112156e-02
0 78 3.042021186087723e+02 2.978779446181332e-18 7.322128393370654e-02
0 79 3.080849679438357e+02 2.822634050821314e-18 7.303255060366889e-02
1 58 3.083875058661478e+02 3.556539767854628e-18 6.354819470259732e-02
0 80 3.119674159642028e+02 2.998678158487356e-18 7.302705092224934e-02
1 59 3.136642484368566e+02 2.179390184535880e-15 6.355314711874770e-02
0 81 3.158505968060856e+02 3.576825029483445e-18 7.302540224039539e-02
1 60 3.189406814284765e+02 2.675346697489757e-14 6.354875914516328e-02
0 82 3.197332097376021e+02 2.733297665126285e-18 7.303232377672091e-02
0 83 3.236177624912694e+02 3.009110234852780e-18 7.310287063586947e-02
1 61 3.242162023616842e+02 3.476594774196860e-18 6.350442881871766e-02
0 84 3.274965625118419e+02 2.945919419975384e-18 7.309642237821659e-02
1 62 3.294970590850519e+02 3.619543511937228e-18 6.350837345340112e-02
0 85 3.313759144981229e+02 5.670590418786408e-16 7.309745844497757e-02
1 63 3.347780899786637e+02 4.122505260194451e-18 6.350408230556272e-02
0 86 3.352546104064392e+02 2.864343081809703e-18 7.310218819808588e-02
0 87 3.391337150904130e+02 5.815361636847244e-16 7.315920212100256e-02
1 64 3.400592407000113e+02 3.829683313572631e-18 6.346881744272108e-02
0 88 3.430118130206142e+02 3.020342356296134e-18 7.315304169654351e-02
1 65 3.453409626144938e+02 3.138754102970148e-15 6.347030577387097e-02
0 89 3.468901194452668e+02 2.923294679065764e-18 7.315691500921764e-02
0 90 3.507680081325394e+02 2.991042297254184e-18 7.315256336824763e-02
1 66 3.506232023902303e+02 3.886955453358684e-18 6.346984035759914e-02
0 91 3.546468066899569e+02 2.976596485727043e-18 7.317350726373792e-02
1 67 3.559044172547237e+02 3.650994890878490e-18 6.345912385576810e-02
0 92 3.585260031881338e+02 2.727397951922736e-18 7.316875017819681e-02
1 68 3.611850636029857e+02 1.098879500977202e-17 6.345759533933845e-02
0 93 3.624050239141254e+02 3.158403091225300e-18 7.317487162906511e-02
