0 0 1.646610417042733e+00 2.463648961235870e-15 7.340741816478627e-02
1 0 2.130099264735839e+00 5.428858082975734e-18 6.336234398772290e-02
0 1 5.524902697762431e+00 2.938482889669918e-18 7.340094781546423e-02
1 1 7.411581718472656e+00 3.568267910256176e-18 6.336679703689273e-02
0 2 9.403831505559413e+00 3.344657879612141e-18 7.340117315245905e-02
1 2 1.269308017630759e+01 3.620473753737784e-18 6.336216437203766e-02
0 3 1.328210347719699e+01 2.986607902027301e-18 7.340685540970562e-02
0 4 1.716074444018103e+01 3.604522270863114e-18 7.347462808157834e-02
1 3 1.797490313850771e+01 1.322120758426792e-15 6.331963382950068e-02
0 5 2.103746175733975e+01 3.280009190992782e-18 7.346811619308688e-02
1 4 2.325820792555973e+01 3.563559954215453e-18 6.332216100933402e-02
0 6 2.491451200308412e+01 2.831780419711958e-18 7.347127424339490e-02
1 5 2.854197591860716e+01 3.740583922600415e-18 6.331985707444018e-02
0 7 2.879100847512035e+01 3.023808135895279e-18 7.347100198642705e-02
0 8 3.266811229068610e+01 2.900034799496135e-18 7.350108272370107e-02
1 6 3.382523675867321e+01 3.719140333462868e-18 6.330221251211976e-02
0 9 3.654535949104491e+01 5.945932677710327e-18 7.349580880475419e-02
1 7 3.910808976325745e+01 3.624246375983788e-18 6.330171380299281e-02
0 10 4.042254328577568e+01 9.493025248574739e-18 7.350146408615225e-02
0 11 4.430015801105008e+01 1.035715807174929e-17 7.345174721599339e-02
1 8 4.439110868136360e+01 2.851027020032739e-16 6.332828399470686e-02
0 12 4.817977108116460e+01 5.744979600541750e-17 7.345002208535872e-02
1 9 4.967123925022144e+01 3.630018990779794e-18 6.333257307064583e-02
0 13 5.206008496504940e+01 2.422033239103887e-17 7.344689708343090e-02
1 10 5.495082649776547e+01 3.581880499979606e-18 6.332932262903175e-02
0 14 5.593998418749561e+01 9.545952955522406e-18 7.345380789946569e-02
0 15 5.982609422687187e+01 1.167955057141634e-17 7.330906632785748e-02
1 11 6.022551010216300e+01 6.088629030966753e-18 6.342430694464916e-02
0 16 6.370477893079299e+01 4.547942680050500e-18 7.330288163438704e-02
1 12 6.550656085755536e+01 3.505026565963570e-18 6.342899804385785e-02
0 17 6.758414804071830e+01 3.049263594357566e-18 7.330237092810228e-02
1 13 7.078749365478713e+01 3.553813133658873e-18 6.342436505172873e-02
0 18 7.146288646296047e+01 2.846102131521785e-18 7.330863194007822e-02
0 19 7.534223306593357e+01 3.060756465750467e-18 7.338431477468361e-02
1 14 7.606863016939867e+01 1.130198486502365e-15 6.337662363047694e-02
0 20 7.921858046752543e+01 2.743034670093598e-18 7.337769934350667e-02
1 15 8.135234387197717e+01 3.979716027782964e-18 6.337977648232866e-02
0 21 8.309534907796757e+01 2.717958572078073e-18 7.338013872992256e-02
1 16 8.663643372710494e+01 3.621107686161822e-18 6.337647187854623e-02
0 22 8.697150200931968e+01 2.906244186818277e-18 7.338210691060029e-02
0 23 9.084812778430003e+01 3.007297711786906e-18 7.342075812127552e-02
1 17 9.192030676867363e+01 3.541253473609225e-18 6.335306675883080e-02
0 24 9.472460554424252e+01 2.403456897687572e-17 7.341509941743612e-02
1 18 9.720399497745639e+01 3.486992884609981e-18 6.335331442886365e-02
0 25 9.860111420904650e+01 4.536396767846335e-16 7.342024009908496e-02
0 26 1.024776313770736e+02 3.528275108140268e-18 7.339489284236662e-02
1 19 1.024881024855885e+02 1.129299016850715e-16 6.336372983466879e-02
0 27 1.063557921167588e+02 3.000016145702441e-18 7.339796584378946e-02
1 20 1.077699550664636e+02 4.023534975497899e-18 6.336572626041077e-02
0 28 1.102345972392529e+02 2.804503679817054e-18 7.339430911384287e-02
1 21 1.130512109984400e+02 3.491877534785776e-18 6.336299967680731e-02
0 29 1.141130572628429e+02 2.717660769061684e-18 7.340106954597941e-02
0 30 1.179969664811782e+02 2.883933611971393e-18 7.318471182432620e-02
1 22 1.183282565222791e+02 4.870051646221708e-18 6.350156308239091e-02
0 31 1.218783939476311e+02 2.968293538764655e-18 7.317879965477254e-02
1 23 1.236061870488218e+02 3.573519106043059e-18 6.350637555795606e-02
0 32 1.257605373009601e+02 2.961236214283797e-18 7.317763014677366e-02
1 24 1.288838801971710e+02 4.539662600413131e-18 6.350190195839399e-02
0 33 1.296420865157003e+02 3.142965449656614e-18 7.318426761750574e-02
0 34 1.335248001578211e+02 3.138393618612175e-18 7.326371380644071e-02
1 25 1.341613472985540e+02 3.745429535903822e-16 6.345174849358233e-02
0 35 1.374028746270726e+02 2.847116234427219e-18 7.325707473148511e-02
1 26 1.394430696405998e+02 3.607067479816469e-18 6.345549234303009e-02
0 36 1.412814598121682e+02 3.560834119016006e-18 7.325869693764432e-02
1 27 1.447250472166010e+02 3.584607730805936e-18 6.345140770402047e-02
0 37 1.451593895580413e+02 3.974233757712964e-18 7.326242842853564e-02
0 38 1.490377061080449e+02 8.448820926185924e-18 7.331142211833509e-02
1 28 1.500070651419657e+02 3.634255982969805e-18 6.342120162848580e-02
0 39 1.529153883372193e+02 1.529263178015860e-17 7.330534367858527e-02
1 29 1.552893174227206e+02 3.604804456084199e-18 6.342239552199624e-02
0 40 1.567932239547229e+02 1.134683302246279e-16 7.330974628766812e-02
1 30 1.605720955815302e+02 4.400025880293977e-16 6.342369357660183e-02
0 41 1.606707406369915e+02 3.063246719655213e-17 7.330086232941321e-02
0 42 1.645494292150809e+02 9.449910927056864e-18 7.331476058630593e-02
1 31 1.658534256078716e+02 3.523234855982618e-18 6.341773396621676e-02
0 43 1.684286190034944e+02 3.717451347152843e-18 7.331035792545676e-02
1 32 1.711341528796291e+02 3.586232015390478e-18 6.341591166617055e-02
0 44 1.723075784939221e+02 3.239655758386417e-18 7.331674393209307e-02
0 45 1.761888861829355e+02 2.848701248082119e-18 7.317030989516464e-02
1 33 1.764134903581821e+02 5.913011404701748e-18 6.350617885619357e-02
0 46 1.800722868059383e+02 2.755340755189964e-18 7.316526944731208e-02
1 34 1.816892106569290e+02 3.533829250638892e-18 6.351101185056594e-02
0 47 1.839564236062762e+02 2.859079314365683e-18 7.316313786087138e-02
1 35 1.869645278884889e+02 3.590158479262400e-18 6.350702198882328e-02
0 48 1.878400421131175e+02 2.754380569772713e-18 7.317005248539597e-02
0 49 1.917267520766150e+02 2.859425479285794e-18 7.321415778519209e-02
1 36 1.922379094543743e+02 8.327774090570655e-15 6.348044920252754e-02
0 50 1.956053145607569e+02 2.750660265743175e-18 7.320765286179112e-02
1 37 1.975190784672161e+02 4.040262011650317e-18 6.348481892333953e-02
0 51 1.994844909603727e+02 2.869149346098444e-18 7.320815059442785e-02
1 38 2.028003113065788e+02 3.877459002410245e-18 6.348022281114550e-02
0 52 2.033630068071915e+02 2.979255107797770e-18 7.321349188644742e-02
0 53 2.072419148045158e+02 3.227782690295375e-18 7.327550948129781e-02
1 39 2.080817812589744e+02 5.538139660355119e-18 6.344140700006620e-02
0 54 2.111192569150400e+02 2.722345006823004e-18 7.326907989542010e-02
1 40 2.133643771753050e+02 3.549627054359946e-18 6.344369123224947e-02
0 55 2.149968987555866e+02 4.120346901205908e-15 7.327246624501831e-02
1 41 2.186474589286968e+02 3.551821822655446e-18 6.344178237392546e-02
0 56 2.188740182032516e+02 8.767644009729266e-18 7.327117981739079e-02
0 57 2.227518895083362e+02 7.079636183935508e-15 7.329896654672628e-02
1 42 2.239298179248871e+02 9.801232447626036e-15 6.342568342133049e-02
0 58 2.266299796854248e+02 3.015266532123067e-18 7.329383886754819e-02
1 43 2.292117185405226e+02 3.889973979023118e-18 6.342496552911543e-02
0 59 2.305079783135533e+02 2.803863502688619e-18 7.329961486858787e-02
0 60 2.343865989158630e+02 3.643750809149756e-18 7.323853250308218e-02
1 44 2.344936580779827e+02 3.669236560872903e-18 6.345896552099499e-02
0 61 2.382674662213066e+02 2.888464241624458e-18 7.323594420562607e-02
1 45 2.397723414477012e+02 3.749835389438610e-18 6.346344849973479e-02
0 62 2.421490439628457e+02 3.230065036601182e-18 7.323294992689879e-02
1 46 2.450504930526092e+02 3.597014551349825e-18 6.346009588634559e-02
0 63 2.460301933395440e+02 3.290371025027607e-18 7.323985756287896e-02
0 64 2.499170428861350e+02 3.300847956438489e-18 7.313701980853403e-02
1 47 2.503242575535668e+02 1.071883410423357e-14 6.352868457569603e-02
0 65 2.537952653954812e+02 3.239907713296241e-18 7.313075902431412e-02
1 48 2.556058369208769e+02 9.325355701820329e-15 6.353339702623906e-02
0 66 2.576741642578270e+02 3.065820938406477e-18 7.313036335348279e-02
1 49 2.608873174844409e+02 3.842888585191470e-18 6.352873996066592e-02
0 67 2.615524291977084e+02 3.441964596990195e-18 7.313649050071391e-02
0 68 2.654312772104311e+02 4.006802738165897e-18 7.320713880384774e-02
1 50 2.661689849747867e+02 4.139471066815120e-18 6.348420956388366e-02
0 69 2.693074608063134e+02 9.276954364110678e-18 7.320055398409304e-02
1 51 2.714528906112889e+02 3.583234727062408e-18 6.348723573902458e-02
0 70 2.731840477642741e+02 1.942411120697544e-17 7.320313209677064e-02
1 52 2.767371895961575e+02 3.552171015120001e-18 6.348408354872075e-02
0 71 2.770600313416647e+02 1.050769726495939e-16 7.320454586178868e-02
0 72 2.809365829712986e+02 2.451204022459849e-17 7.324160110984433e-02
1 53 2.820211327056826e+02 2.067210893133380e-15 6.346178496526957e-02
0 73 2.848130547159990e+02 5.569465807495035e-18 7.323602152244982e-02
1 54 2.873048377158144e+02 3.617889227845182e-18 6.346187711911833e-02
0 74 2.886895366468249e+02 2.833348853034251e-18 7.324127339486344e-02
0 75 2.925661121642391e+02 2.857926067693364e-18 7.321124942775548e-02
1 55 2.925889226698279e+02 3.572038393588355e-18 6.347506242037063e-02
0 76 2.964445439606243e+02 2.951189175527680e-18 7.321328370334568e-02
1 56 2.978704531637885e+02 3.523095123330037e-18 6.347772208492775e-02
0 77 3.003236352726235e+02 2.724917169160704e-18 7.320973817821078e-02
1 57 3.031513925924511e+02 3.557511029368109e-18 6.347487670365259e-02
0 78 3.042023663585506e+02 2.977608086604494e-18 7.321652419918079e-02
0 79 3.080869090443113e+02 3.281796515544643e-18 7.301335146981253e-02
1 58 3.084278247014872e+02 1.563136677627616e-15 6.360622678735939e-02
0 80 3.119668629821027e+02 2.912556157813526e-18 7.300733925791313e-02
1 59 3.137074388542772e+02 3.993699479851734e-18 6.361109567412220e-02
0 81 3.158475247335176e+02 3.043567455088023e-18 7.300632753887115e-02
1 60 3.189868423299496e+02 3.493440002011253e-18 6.360655587878219e-02
0 82 3.197275839936788e+02 2.811276876996666e-18 7.301284113432933e-02
0 83 3.236085915757974e+02 9.715695325767393e-15 7.308707461735527e-02
1 61 3.242661726580327e+02 4.698982188091044e-18 6.355965323083572e-02
0 84 3.274857050204404e+02 3.003895872815939e-17 7.308045831956161e-02
1 62 3.295490013963618e+02 3.858896210925341e-18 6.356321417965637e-02
0 85 3.313633011117796e+02 3.191157424958593e-15 7.308232317640308e-02
1 63 3.348321226771844e+02 3.547447460444178e-18 6.355931699100657e-02
0 86 3.352402542503226e+02 3.526854907716114e-18 7.308549397100729e-02
0 87 3.391176853138948e+02 3.368980519848651e-18 7.313046870096429e-02
1 64 3.401151234722753e+02 2.109073451800836e-15 6.353171639582994e-02
0 88 3.429946697248314e+02 2.898446786089069e-18 7.312454001291759e-02
1 65 3.453981938200349e+02 3.762951586538080e-18 6.353260330740988e-02
0 89 3.468717656531646e+02 3.232236319135095e-18 7.312918730086249e-02
0 90 3.507486390166422e+02 2.878922575555793e-18 7.311612216001764e-02
1 66 3.506817729318522e+02 3.765221910476461e-18 6.353579124916338e-02
0 91 3.546269517487015e+02 3.105484806170291e-18 7.312665601009288e-02
1 67 3.559635064063915e+02 3.518448489384166e-18 6.353247361831535e-02
0 92 3.585058237029085e+02 3.821960082211687e-18 7.312250645408482e-02
1 68 3.612446267026310e+02 3.586511552413967e-18 6.353032655066938e-02
0 93 3.623844244030838e+02 3.704142008695889e-18 7.312903044823502e-02
