0 0 1.671714367836501e+00 3.529214800181473e-18 7.408682241652448e-02
1 0 2.241453124674310e+00 9.330583391775477e-16 6.927824815924503e-02
0 1 5.554894799705959e+00 2.530510249656703e-14 7.408084574526251e-02
1 1 7.518086471105079e+00 3.400988436378405e-18 6.928314937338770e-02
0 2 9.438611745715216e+00 5.114268317321618e-14 7.408167440628682e-02
1 2 1.279480826230854e+01 3.275951929320509e-18 6.927831278932078e-02
0 3 1.332174831275830e+01 7.010932906977431e-15 7.408581684066187e-02
0 4 1.720730535501719e+01 5.106974243653479e-15 7.412520027873841e-02
1 3 1.806965140016408e+01 4.153053090644017e-18 6.925332198034383e-02
0 5 2.109116702818741e+01 1.036153425521576e-15 7.411809109644041e-02
1 4 2.334547065543036e+01 3.284600194502114e-18 6.925696208611595e-02
0 6 2.497537277014930e+01 1.013922314865812e-15 7.412175446575893e-02
1 5 2.862182060371696e+01 3.186858268669159e-18 6.925310223964656e-02
0 7 2.885897663356991e+01 1.073885340320549e-15 7.412157776972034e-02
0 8 3.274546990381820e+01 1.028508530239126e-15 7.419805839461555e-02
1 6 3.389538793587460e+01 1.072487448502309e-16 6.920459153267443e-02
0 9 3.663131142785795e+01 1.032317376981684e-15 7.419155834063919e-02
1 7 3.916902098167026e+01 3.128647594484892e-15 6.920583094610834e-02
0 10 4.051724731716673e+01 1.037303454851376e-15 7.419719251030443e-02
0 11 4.440309647534804e+01 8.600813250829625e-16 7.415129679215048e-02
1 8 4.444317030747823e+01 3.322900403898219e-18 6.922851364213817e-02
0 12 4.828872259361541e+01 7.651935360130074e-16 7.415961345592881e-02
1 9 4.971735795451111e+01 3.243834311150130e-18 6.922873292716669e-02
0 13 5.217477703573427e+01 7.633760224334717e-16 7.415496608903907e-02
1 10 5.499091881338433e+01 3.966770955457759e-18 6.922726100761165e-02
0 14 5.606066396666613e+01 7.666719101443920e-16 7.416145482398726e-02
0 15 5.994799948438529e+01 7.482586328798314e-16 7.408034928080116e-02
1 11 6.026378519695627e+01 3.441790314355188e-18 6.927840951889740e-02
0 16 6.383168491895017e+01 8.254890245393752e-16 7.407707173735199e-02
1 12 6.553995661843970e+01 4.207519890588829e-18 6.928281892151808e-02
0 17 6.771597198686271e+01 6.159899660386935e-16 7.407515088073487e-02
1 13 7.081578519241333e+01 1.054188039206247e-14 6.927896952769712e-02
0 18 7.159984191911441e+01 2.530378147731997e-16 7.408117240407074e-02
0 19 7.548567647318065e+01 2.641481659046180e-16 7.407156556178580e-02
1 14 7.609039132945139e+01 3.351212743089814e-18 6.928463587587641e-02
0 20 7.936887060398630e+01 1.676023932438118e-16 7.406536073300456e-02
1 15 8.136699930370739e+01 3.539187321942451e-18 6.928947860457228e-02
0 21 8.325258387753536e+01 2.503050399020637e-15 7.406654590422350e-02
1 16 8.664375456472470e+01 3.320588649448610e-18 6.928463792611805e-02
0 22 8.713570291508739e+01 2.213969124789384e-14 7.407032155907604e-02
0 23 9.102133990154513e+01 2.788528790197708e-14 7.411523124944715e-02
1 17 9.191849275118551e+01 3.448366907667169e-18 6.925616487441859e-02
0 24 9.490539240304486e+01 5.334010697588145e-15 7.410811308410149e-02
1 18 9.719409678833303e+01 3.293539217001439e-18 6.925957301400090e-02
0 25 9.878976213297479e+01 1.693281807703560e-14 7.411205582424774e-02
1 19 1.024702678774628e+02 3.432141675870462e-18 6.925592164570583e-02
0 26 1.026735455229858e+02 5.962031936892369e-14 7.411121369919504e-02
0 27 1.065601899459836e+02 3.603540727473090e-14 7.418781831204700e-02
1 20 1.077436303758150e+02 1.250026040120322e-15 6.920741993800067e-02
0 28 1.104463209522167e+02 3.100952574767839e-14 7.418147585901817e-02
1 21 1.130169478793014e+02 3.408575017775922e-18 6.920835404140602e-02
0 29 1.143325169445603e+02 2.546664711627125e-14 7.418726377649126e-02
0 30 1.182187981148272e+02 1.896011189973832e-14 7.412462611276871e-02
1 22 1.182906672745390e+02 3.551644211681685e-18 6.924349537644987e-02
0 31 1.221040814687932e+02 2.763704815557635e-14 7.412854003060307e-02
1 23 1.235652102048491e+02 3.893549604182992e-18 6.924556275484642e-02
0 32 1.259898382590350e+02 2.986832180557972e-14 7.412416641052026e-02
1 24 1.288391356206548e+02 3.387189766603987e-18 6.924379006653447e-02
0 33 1.298753980616699e+02 3.617840792489578e-14 7.413067158270764e-02
0 34 1.337624836824552e+02 1.839757150915729e-14 7.405854695575888e-02
1 25 1.341122972617687e+02 3.319473084702376e-18 6.928918559832886e-02
0 35 1.376459839705408e+02 3.203328707094947e-18 7.405484632247701e-02
1 26 1.393886612027395e+02 3.427410454015612e-14 6.929375571782048e-02
0 36 1.415300848609803e+02 3.203405402476602e-18 7.405328184527858e-02
1 27 1.446647348556368e+02 2.548584038129398e-14 6.928969593441824e-02
0 37 1.454137427962461e+02 3.703778792408175e-18 7.405914134662760e-02
0 38 1.492994171434094e+02 2.986108914729235e-18 7.405629038645041e-02
1 28 1.499395158096635e+02 3.185247126622947e-18 6.929112258517510e-02
0 39 1.531826079957005e+02 3.203351178884906e-18 7.404988143548580e-02
1 29 1.552161190699534e+02 3.241168900166225e-18 6.929587899302569e-02
0 40 1.570662988647113e+02 2.692891877803015e-18 7.405142283826500e-02
1 30 1.604929283578006e+02 3.916884621421848e-18 6.929106333100316e-02
0 41 1.609493837755352e+02 2.777231830629858e-18 7.405479536714914e-02
0 42 1.648350915176226e+02 2.884879614004272e-18 7.410533322512639e-02
1 31 1.657675709024740e+02 3.289774039378712e-18 6.925903207874054e-02
0 43 1.687193237178041e+02 2.880928961422750e-18 7.409822866861511e-02
1 32 1.710429740862557e+02 3.332358986112128e-18 6.926218775749121e-02
0 44 1.726038451144535e+02 3.201764249202787e-18 7.410244338010745e-02
1 33 1.763189762518597e+02 4.257810023837790e-15 6.925876138073117e-02
0 45 1.764878018812994e+02 2.779801642928430e-18 7.410078689011956e-02
0 46 1.803745148978493e+02 3.199938577714309e-18 7.417500971119527e-02
1 34 1.815922235418434e+02 3.188324913992553e-18 6.921201919348716e-02
0 47 1.842608650256211e+02 3.015756068731799e-18 7.416884495589388e-02
1 35 1.868653074913939e+02 3.633989741992072e-18 6.921263654768163e-02
0 48 1.881472498138515e+02 2.775751218429720e-18 7.417477591206068e-02
0 49 1.920339233067654e+02 2.692462996868036e-18 7.409681417198941e-02
1 36 1.921386430425758e+02 3.607618473117694e-18 6.925914007966499e-02
0 50 1.959188411711807e+02 2.691726419085579e-18 7.409831620181735e-02
1 37 1.974135699916996e+02 3.728399473064355e-18 6.926191804843559e-02
0 51 1.998042682419382e+02 2.963153400852449e-18 7.409423757395049e-02
1 38 2.026878986787782e+02 3.298874613319953e-18 6.925983535744422e-02
0 52 2.036894679247546e+02 2.961501601453796e-18 7.410074192855133e-02
0 53 2.075762591468728e+02 2.780606191106453e-18 7.403800180978133e-02
1 39 2.079614024768983e+02 3.785227946171475e-18 6.929921176436817e-02
0 54 2.114595782874299e+02 2.871543212258019e-18 7.403388549047241e-02
1 40 2.132379548506006e+02 5.509449291434689e-16 6.930391791115258e-02
0 55 2.153434941893257e+02 2.693805887693887e-18 7.403269453075488e-02
1 41 2.185142736786374e+02 3.335855635748692e-18 6.929966247902403e-02
0 56 2.192269414284862e+02 2.951620624589646e-18 7.403836123652965e-02
0 57 2.231124669889574e+02 2.693216190296056e-18 7.404220932549448e-02
1 42 2.237892160731964e+02 3.747421634244806e-18 6.929689832730759e-02
0 58 2.269956606620899e+02 3.220495105132283e-18 7.403561629051304e-02
1 43 2.290658087879468e+02 3.818923832006245e-18 6.930153746117874e-02
0 59 2.308793330198094e+02 2.788944659620759e-18 7.403752073790781e-02
1 44 2.343426670270472e+02 3.265461764248862e-18 6.929677148036432e-02
0 60 2.347623899511172e+02 4.141321996015342e-18 7.404044021883920e-02
0 61 2.386481811644139e+02 2.933916625586742e-18 7.409683451027489e-02
1 45 2.396171973694759e+02 3.186422311300477e-18 6.926103159036236e-02
0 62 2.425326077504130e+02 3.530883745838630e-18 7.408976758520705e-02
1 46 2.448923847413477e+02 1.244225026002155e-14 6.926390949570682e-02
0 63 2.464172937662259e+02 2.928936538265096e-18 7.409425053747165e-02
0 64 2.503014452331051e+02 2.718020036435801e-18 7.409139873186259e-02
1 47 2.501681977984852e+02 1.297912522109287e-17 6.926077062965086e-02
0 65 2.541881346934912e+02 2.850761184243128e-18 7.415965496806523e-02
1 48 2.554414294258845e+02 3.208961521952694e-18 6.921837790395531e-02
0 66 2.580746244779797e+02 2.689958245591364e-18 7.415369227814624e-02
1 49 2.607143726437711e+02 3.341257415056594e-18 6.921866197162094e-02
0 67 2.619611170947588e+02 2.853746310791410e-18 7.415975644845120e-02
0 68 2.658481213892828e+02 2.933350815856939e-18 7.407045082858260e-02
1 50 2.659873928857323e+02 4.761881629761167e-18 6.927356108042308e-02
0 69 2.697326964418733e+02 2.930314135340214e-18 7.407061639646829e-02
1 51 2.712626798731226e+02 3.249547664058813e-18 6.927665548229674e-02
0 70 2.736178095407721e+02 2.854605233303227e-18 7.406685890214537e-02
1 52 2.765373964729141e+02 3.397144294658170e-18 6.927425386167113e-02
0 71 2.775026636033203e+02 3.046048768229288e-18 7.407334272743785e-02
0 72 2.813891690928075e+02 2.829404508035033e-18 7.402010890752814e-02
1 53 2.818112297707418e+02 2.166651371796179e-15 6.930754108453424e-02
0 73 2.852723492931395e+02 2.822435360072021e-18 7.401558440524486e-02
1 54 2.870879228672666e+02 1.970564279775468e-15 6.931235486384379e-02
0 74 2.891561195294659e+02 2.920411537431377e-18 7.401478499957705e-02
1 55 2.923644434180243e+02 3.293529027716298e-18 6.930792271066046e-02
0 75 2.930393956462604e+02 3.040063075494923e-18 7.402022413959841e-02
0 76 2.969248242588861e+02 2.835060481573557e-18 7.403078656828325e-02
1 56 2.976394878189246e+02 3.191372767474803e-18 6.930096714936534e-02
0 77 3.008080658614597e+02 3.802622162892097e-18 7.402403211185152e-02
1 57 3.029160198162193e+02 3.468598208675023e-18 6.930546067912977e-02
0 78 3.046917626461338e+02 3.141855980761552e-18 7.402630342589836e-02
1 58 3.081928767678504e+02 3.281527623000597e-18 6.930077937788325e-02
0 79 3.085748373320152e+02 5.227888761205162e-18 7.402871638796496e-02
0 80 3.124607596988108e+02 5.371649576337143e-18 7.409110784113515e-02
1 59 3.134672381015394e+02 3.421307355491195e-18 6.926122392987891e-02
0 81 3.163454315135112e+02 6.442444640108194e-18 7.408410363482699e-02
1 60 3.187421535684645e+02 2.662022336267469e-17 6.926380195215222e-02
0 82 3.202303315922975e+02 6.406724048676709e-18 7.408884629948972e-02
0 83 3.241147380897573e+02 7.163497870341843e-18 7.408389330778309e-02
1 61 3.240177137294415e+02 3.693287391637194e-18 6.926120541852750e-02
0 84 3.280013149898581e+02 5.510400266527255e-18 7.414187443169581e-02
1 62 3.292910265194196e+02 3.272246520877704e-18 6.922641772190306e-02
0 85 3.318878584347374e+02 6.101236947599191e-18 7.413613635744680e-02
1 63 3.345639291206484e+02 3.619364631338395e-18 6.922635768967457e-02
0 86 3.357743718562454e+02 5.537626353284137e-18 7.414231997944055e-02
0 87 3.396616163520292e+02 4.417677548316731e-18 7.404730249692654e-02
1 64 3.398367315397876e+02 3.282618733409142e-18 6.928553466211566e-02
0 88 3.435459120577496e+02 5.632928928559381e-18 7.404662387158395e-02
1 65 3.451123074679015e+02 3.877703377235753e-18 6.928895874495826e-02
0 89 3.474307683455697e+02 5.515424255107129e-18 7.404320838278697e-02
1 66 3.503873487961029e+02 3.256071045687358e-18 6.928624059962464e-02
0 90 3.513153334062857e+02 7.141631615676129e-18 7.404964973344212e-02
0 91 3.552016071383504e+02 7.148168158357297e-18 7.400563588595820e-02
1 67 3.556614477858503e+02 3.391926782338486e-16 6.931363950816095e-02
0 92 3.590847206758182e+02 1.098106178889895e-17 7.400072378460991e-02
1 68 3.609382000391593e+02 3.654983706472400e-18 6.931852662264458e-02
0 93 3.629684147831782e+02 1.283795643828752e-17 7.400032351872789e-02
