0 0 1.624744275219474e+00 2.988991335022666e-18 7.101406157106235e-02
1 0 2.275414141131646e+00 3.446771560378095e-18 6.443453970603337e-02
0 1 5.508674306046155e+00 3.712525221266097e-18 7.100789740134711e-02
1 1 7.551124395616188e+00 3.627678624560444e-18 6.443923248139853e-02
0 2 9.393224738337018e+00 4.205237067170925e-18 7.100849551469314e-02
1 2 1.282694370924652e+01 1.274080613061954e-17 6.443446243166610e-02
0 3 1.327710374387872e+01 3.062652384400639e-18 7.101417333777771e-02
0 4 1.716632839632438e+01 3.301872488117527e-18 7.105668638718586e-02
1 3 1.809802965322185e+01 3.648196130168287e-18 6.440639559378350e-02
0 5 2.105251840402057e+01 3.480039970074675e-18 7.104991711209205e-02
1 4 2.337113649687016e+01 3.427998293704506e-18 6.440998267919264e-02
0 6 2.493914765296653e+01 2.893707003636561e-18 7.105276507920821e-02
1 5 2.864475865311334e+01 4.617376657993238e-14 6.440473028278193e-02
0 7 2.882505489171915e+01 3.070119330097687e-18 7.105681355854959e-02
0 8 3.271104619717331e+01 2.804874438439968e-18 7.116569046381238e-02
1 6 3.391914381564130e+01 8.068680644546768e-16 6.433637885702452e-02
0 9 3.659574034846213e+01 3.388955123730806e-18 7.115976502665712e-02
1 7 3.919405348633637e+01 3.718538262617016e-18 6.433785973879544e-02
0 10 4.048059850831854e+01 2.976118564682637e-18 7.116442643764456e-02
0 11 4.436509188152516e+01 3.131652124064558e-18 7.113782031887229e-02
1 8 4.446953223084985e+01 3.614753620678480e-18 6.435172730505545e-02
0 12 4.824807453019078e+01 2.893854911355859e-18 7.114331822886434e-02
1 9 4.974671894012103e+01 8.875519271097680e-18 6.435226449219864e-02
0 13 5.213145330120467e+01 2.895782931964727e-18 7.113927504328033e-02
1 10 5.502334572838416e+01 3.512967990996626e-18 6.435110880676587e-02
0 14 5.601466364714151e+01 2.952489392267526e-18 7.114515194519756e-02
0 15 5.989869484019943e+01 3.043123374928069e-18 7.108833836275259e-02
1 11 6.029963308455159e+01 3.940716857932857e-18 6.438632506355776e-02
0 16 6.378147703892245e+01 2.942230417704352e-18 7.108453194644451e-02
1 12 6.557677448932272e+01 1.138918383268949e-16 6.439055237188902e-02
0 17 6.766490953350848e+01 2.960736344315936e-18 7.108296237278146e-02
1 13 7.085363173756490e+01 3.638164062330986e-18 6.438699793112453e-02
0 18 7.154785759121033e+01 3.213663271243842e-18 7.108915886193952e-02
0 19 7.543387360087556e+01 2.834653409008160e-18 7.104367339141260e-02
1 14 7.612800780862631e+01 3.959139183549034e-18 6.441571461886060e-02
0 20 7.931809537048358e+01 2.909661320172721e-18 7.103729012804905e-02
1 15 8.140337303914120e+01 4.914700255724858e-18 6.442032456457240e-02
0 21 8.320291860798952e+01 2.835389185732437e-18 7.103825398544113e-02
1 16 8.667891705061560e+01 3.575124543352269e-18 6.441542550527664e-02
0 22 8.708704889136419e+01 2.919513299239820e-18 7.104377493014716e-02
0 23 9.097650365123205e+01 3.025525731565267e-18 7.111476777213854e-02
1 17 9.194978461893768e+01 3.793591309441753e-18 6.436891268990590e-02
0 24 9.486275566371569e+01 2.832825334193590e-18 7.110804278425656e-02
1 18 9.722282764699374e+01 3.963679748658660e-18 6.437223447014047e-02
0 25 9.874941060893237e+01 2.929301563716054e-18 7.111119590179800e-02
0 26 1.026353582328875e+02 2.929785235747790e-18 7.111433108220830e-02
1 19 1.024964306998095e+02 8.357232675380079e-16 6.436704442926425e-02
0 27 1.065205640381794e+02 3.023053849385956e-18 7.119977201832293e-02
1 20 1.077715800241464e+02 3.564457814001810e-18 6.431491188609242e-02
0 28 1.104049613010717e+02 3.221318612356429e-18 7.119406921512263e-02
1 21 1.130468537839607e+02 3.591925585455603e-18 6.431601338758636e-02
0 29 1.142894748375046e+02 3.516964138664065e-18 7.119896353416762e-02
0 30 1.181737481717491e+02 3.518636257616680e-18 7.116505455379782e-02
1 22 1.183226236662476e+02 6.618811348159705e-18 6.433534803770373e-02
0 31 1.220565996756825e+02 3.767127131619238e-18 7.116769491229102e-02
1 23 1.235999049950829e+02 3.739787936606416e-18 6.433690945468802e-02
0 32 1.259399200546013e+02 3.131442307894400e-18 7.116399752915524e-02
1 24 1.288766396234381e+02 3.846070766873544e-18 6.433535138148500e-02
0 33 1.298230209317795e+02 2.892254613375982e-18 7.116999260023157e-02
0 34 1.337072002105520e+02 3.333155791153521e-18 7.111189153194748e-02
1 25 1.341528042793688e+02 1.557417643557628e-14 6.437149264654367e-02
0 35 1.375901260622925e+02 2.993656408589538e-18 7.110749987993867e-02
1 26 1.394297532946852e+02 1.566969783990190e-14 6.437592821093373e-02
0 36 1.414737090522217e+02 2.806944049497215e-18 7.110631734238937e-02
1 27 1.447064838834940e+02 3.521326394967862e-18 6.437209449438135e-02
0 37 1.453567668933665e+02 3.211284955638132e-18 7.111248015624157e-02
0 38 1.492433766625534e+02 3.281920973795474e-18 7.107410991074924e-02
1 28 1.499802509303280e+02 3.505897886393692e-18 6.439631098897175e-02
0 39 1.531280024147243e+02 2.808832243891304e-18 7.106755776870853e-02
1 29 1.552551460017208e+02 4.878390793608448e-18 6.440080670934631e-02
0 40 1.570132076967898e+02 2.837972874687919e-18 7.106887511539248e-02
1 30 1.605302867461808e+02 3.542936159773064e-18 6.439580179096518e-02
0 41 1.608977028004671e+02 3.005756795579252e-18 7.107421012355483e-02
0 42 1.647871057266273e+02 3.331060796988050e-18 7.117339813891334e-02
1 31 1.658012230657593e+02 3.845776612291658e-18 6.433114076403543e-02
0 43 1.686732792926685e+02 3.027738800255580e-18 7.116674606885788e-02
1 32 1.710743649799588e+02 1.907849175291070e-14 6.433418048404281e-02
0 44 1.725598181008150e+02 3.146145750663491e-18 7.117019093578904e-02
0 45 1.764456727344773e+02 2.873377633410036e-18 7.117162801611311e-02
1 33 1.763481040653537e+02 3.651486043262553e-18 6.432932045723365e-02
0 46 1.803302924891540e+02 2.831130224891903e-18 7.123342215716193e-02
1 34 1.816238045015774e+02 3.543458963249833e-18 6.429363508331624e-02
0 47 1.842144888120903e+02 2.862863382248121e-18 7.122795996118031e-02
1 35 1.868993351165470e+02 3.658614271762398e-18 6.429435358044207e-02
0 48 1.880987532439294e+02 2.858456715111863e-18 7.123307077665510e-02
0 49 1.919829175226778e+02 2.885683778334213e-18 7.119299061130684e-02
1 36 1.921752690759286e+02 3.915711121385269e-18 6.431802796151274e-02
0 50 1.958657445375819e+02 2.951809716539607e-18 7.119381596827790e-02
1 37 1.974525301155624e+02 3.804545462065909e-18 6.432031804263397e-02
0 51 1.997490960274282e+02 2.841414870906551e-18 7.119046531155769e-02
1 38 2.027292706868934e+02 4.545949181075436e-18 6.431837847837385e-02
0 52 2.036321788685317e+02 2.841827809302282e-18 7.119655725981396e-02
0 53 2.075166189589086e+02 2.945418165030455e-18 7.113774287427151e-02
1 39 2.080051849626647e+02 1.154159846536587e-15 6.435508399369287e-02
0 54 2.113997797509032e+02 2.857980291713949e-18 7.113286183762117e-02
1 40 2.132818409380229e+02 3.543863163457516e-18 6.435966152857922e-02
0 55 2.152835991256017e+02 2.853147962637675e-18 7.113205075147493e-02
1 41 2.185583443335069e+02 3.598587114440186e-18 6.435558780952397e-02
0 56 2.191668566236968e+02 2.959172307462748e-18 7.113815941995139e-02
0 57 2.230541610843181e+02 2.880133696245659e-18 7.110938700292618e-02
1 42 2.238313903882257e+02 1.089876805886341e-17 6.437366261884611e-02
0 58 2.269392576076154e+02 2.906347555519877e-18 7.110271479158248e-02
1 43 2.291057422784804e+02 3.699412589778285e-18 6.437802126077687e-02
0 59 2.308249100884040e+02 2.906358326374323e-18 7.110435995568726e-02
1 44 2.343804009496351e+02 3.430304592526317e-18 6.437293846794029e-02
0 60 2.347098399044179e+02 2.976692594262193e-18 7.110947653698385e-02
0 61 2.385988773180461e+02 2.884887465499510e-18 7.123067298267080e-02
1 45 2.396517219129154e+02 5.717813703322008e-14 6.429431783016741e-02
0 62 2.424848380424011e+02 2.850452141987027e-18 7.122411514788449e-02
1 46 2.449251179479715e+02 6.257692382976997e-15 6.429707234194078e-02
0 63 2.463711265699656e+02 2.835103049598408e-18 7.122782888451760e-02
0 64 2.502567633606541e+02 2.896215530071889e-18 7.122652842621040e-02
1 47 2.501991379672032e+02 3.543649938724730e-18 6.429318695890290e-02
0 65 2.541409349247991e+02 2.969610734764928e-18 7.126856606800890e-02
1 48 2.554752508079918e+02 3.487266476264752e-18 6.427130317097765e-02
0 66 2.580249594056607e+02 2.988470793530602e-18 7.126335182417191e-02
1 49 2.607510062920118e+02 7.883002647294310e-18 6.427164953277521e-02
0 67 2.619090051030316e+02 3.277460926837526e-18 7.126865733938223e-02
0 68 2.657931004784940e+02 6.817705211956285e-18 7.122364187506437e-02
1 50 2.660270569244715e+02 3.456317077498443e-18 6.429869630854329e-02
0 69 2.696759316225467e+02 4.393898493525266e-18 7.122319063854965e-02
1 51 2.713042717770098e+02 4.509919377318212e-18 6.430153230556487e-02
0 70 2.735593289833720e+02 3.550504871505762e-18 7.122018112518332e-02
1 52 2.765810007158461e+02 2.459739662808473e-16 6.429924028816734e-02
0 71 2.774424115487247e+02 3.395205664731914e-18 7.122634397828395e-02
0 72 2.813271487409088e+02 3.147545997925809e-18 7.116741836576666e-02
1 53 2.818566236384610e+02 3.846002362875098e-18 6.433613550085833e-02
0 73 2.852105610408060e+02 2.993577277104869e-18 7.116212117597030e-02
1 54 2.871329714656795e+02 3.771445860269839e-18 6.434079803178390e-02
0 74 2.890946286697801e+02 2.911340119997168e-18 7.116166623684370e-02
1 55 2.924092312728957e+02 6.170647044185073e-18 6.433652321510655e-02
0 75 2.929781020795165e+02 2.835017638479745e-18 7.116770383703970e-02
0 76 2.968661043463292e+02 3.003264062588972e-18 7.115146275053183e-02
1 56 2.976815542969464e+02 3.714142115532592e-18 6.434651166617901e-02
0 77 3.007516477419821e+02 3.058445058159348e-18 7.114471100920355e-02
1 57 3.029553932372091e+02 3.559969390810593e-18 6.435071808996161e-02
0 78 3.046377221047016e+02 3.056798903711312e-18 7.114666146600836e-02
1 58 3.082295946352326e+02 3.993508392041888e-18 6.434558224801627e-02
0 79 3.085230663328367e+02 2.971257346768001e-18 7.115159103527495e-02
0 80 3.124114516783700e+02 3.167174698134924e-18 7.128486777347769e-02
1 59 3.135015878930731e+02 1.333106765644560e-15 6.425958110840614e-02
0 81 3.162970803877993e+02 3.027260011067573e-18 7.127842678636430e-02
1 60 3.187753758551264e+02 3.509806100380390e-18 6.426204643515346e-02
0 82 3.201829993476355e+02 3.069600866620407e-18 7.128238754219161e-02
0 83 3.240683110211742e+02 3.095862608447069e-18 7.127698925185130e-02
1 61 3.240498024799120e+02 3.527774164352298e-18 6.426033187924776e-02
0 84 3.279520857214802e+02 2.871086627234394e-18 7.130411807769609e-02
1 62 3.293262827255023e+02 6.852672149806292e-18 6.424867975559642e-02
0 85 3.318359114013829e+02 2.829886874779997e-18 7.129916778530355e-02
1 63 3.346022953002898e+02 3.437035715738647e-18 6.424866016384828e-02
0 86 3.357197120355084e+02 3.318969268265407e-18 7.130464025859430e-02
0 87 3.396037236786831e+02 2.808786826794143e-18 7.125570723422918e-02
1 64 3.398784784694573e+02 3.454662387033358e-18 6.427841677889473e-02
0 88 3.434865320204679e+02 2.872632316132968e-18 7.125416246416619e-02
1 65 3.451556832646767e+02 2.027073946963927e-14 6.428169067627225e-02
0 89 3.473699377922784e+02 3.491462657039411e-18 7.125149914118925e-02
1 66 3.504324434591098e+02 1.017015893424773e-14 6.427906654268706e-02
0 90 3.512529845805674e+02 2.878653453207095e-18 7.125770696284743e-02
0 91 3.551380120518314e+02 2.803464675470781e-18 7.119936452058695e-02
1 67 3.557077850733094e+02 3.454624540459643e-18 6.431571213506132e-02
0 92 3.590216463632224e+02 2.831290394551743e-18 7.119370772928328e-02
1 68 3.609838612492818e+02 3.617058073444134e-18 6.432041355333785e-02
0 93 3.629059287064858e+02 3.395034628476009e-18 7.119360369493284e-02
