0 0 1.779469129328811e-01 3.660818205286544e-18 6.715560639176942e-02
1 0 1.463167321694711e-01 1.055889652004862e-16 5.191280814949076e-02
2 0 2.887591972493189e-01 6.766229497945220e-18 4.881945840348970e-02
0 1 5.913602326159024e+00 3.812253337895008e-18 6.715163300983897e-02
1 1 1.042512788130130e+01 2.569409623869497e-14 5.191880973288363e-02
0 2 1.164959741954982e+01 3.660329839599938e-18 6.715413183342585e-02
2 1 1.493103130440475e+01 6.778636629391650e-18 4.882140276203428e-02
0 3 1.738535531827590e+01 3.659251977191523e-18 6.716914371668901e-02
1 2 2.070535434170193e+01 5.649708373361479e-18 5.191230814033306e-02
0 4 2.312124720885387e+01 3.749606954283786e-18 6.717430784751374e-02
0 5 2.885799085447778e+01 3.838091382656576e-18 6.718370808969555e-02
2 2 2.957218640314992e+01 6.856294053436443e-18 4.881791914766428e-02
1 3 3.098366960072721e+01 5.657557565263385e-18 5.190904042150378e-02
0 6 3.459318777529175e+01 4.206412101339253e-18 6.717951528916447e-02
0 7 4.032872871652341e+01 3.815662748035708e-18 6.715332770563157e-02
1 4 4.126913222569213e+01 5.710851495978529e-18 5.193842479045113e-02
2 3 4.420434413213729e+01 6.870278740085201e-18 4.879566972109826e-02
0 8 4.606440686115815e+01 4.997548828742138e-18 6.714970277831540e-02
1 5 5.155129999191947e+01 5.697112607875142e-18 5.193138071996002e-02
0 9 5.179978506980915e+01 4.260489964852253e-18 6.715565764681934e-02
0 10 5.753532253575709e+01 4.399105330401257e-18 6.715310176061556e-02
2 4 5.883865930373196e+01 6.799119277531127e-18 4.879720418464468e-02
1 6 6.183331204049430e+01 4.923237507439694e-14 5.193688858515438e-02
0 11 6.327118398699303e+01 3.657912779618330e-18 6.715616115851940e-02
0 12 6.900703752415460e+01 4.402132085751076e-18 6.717432176200580e-02
1 7 7.211740237331753e+01 1.427193475619807e-15 5.190767102218025e-02
2 5 7.347161765516391e+01 6.800295917873319e-18 4.882344302399587e-02
0 13 7.474274102881913e+01 6.059263940693734e-14 6.717754528341255e-02
0 14 8.047965409322937e+01 4.423281401543554e-18 6.717603102544367e-02
1 8 8.239609655850538e+01 5.911150405492371e-18 5.190553649543676e-02
0 15 8.621487344588337e+01 4.464547736395582e-14 6.716920197881834e-02
2 6 8.811136430349906e+01 6.818752833956567e-18 4.882895568436969e-02
0 16 9.195003914540413e+01 2.662289247901121e-14 6.715009455473589e-02
1 9 9.267823693179118e+01 5.801581831596412e-18 5.191364250021855e-02
0 17 9.768568732341821e+01 1.851510743169215e-14 6.714715106279046e-02
2 7 1.027522769455160e+02 6.806400605402618e-18 4.882382832775195e-02
1 10 1.029580304311286e+02 5.690257713622924e-18 5.191152729436594e-02
0 18 1.034210309884490e+02 1.063966647031939e-14 6.715392807717543e-02
0 19 1.091564288909225e+02 6.000607041626724e-15 6.715673809865413e-02
1 11 1.132394611953538e+02 5.750818565580379e-18 5.193898789640818e-02
0 20 1.148922701641139e+02 4.107540473648216e-15 6.715695600378009e-02
2 8 1.173904532860349e+02 7.116539864280399e-18 4.879417587285865e-02
0 21 1.206280461799736e+02 4.292585340978354e-14 6.717610937308792e-02
1 12 1.235213985621017e+02 5.691852496924699e-18 5.192744082479833e-02
0 22 1.263635754195726e+02 2.959192813360538e-14 6.717968896632512e-02
2 9 1.320277970035009e+02 6.770277448789958e-18 4.879100942897661e-02
0 23 1.321003619062881e+02 3.291134437204141e-14 6.716366797254253e-02
1 13 1.338012925951639e+02 1.185853043715197e-17 5.194111610154113e-02
0 24 1.378356143819366e+02 1.955386545924513e-14 6.715878850325126e-02
0 25 1.435707886499148e+02 1.067268406583325e-14 6.714443768929507e-02
1 14 1.440874397356345e+02 1.412783727654088e-14 5.194957397505206e-02
2 10 1.466586495298620e+02 6.878355572402972e-18 4.878282673942287e-02
0 26 1.493063405957330e+02 6.648674815329555e-15 6.713981112286835e-02
1 15 1.543698800109273e+02 5.647240930981745e-18 5.194531322923612e-02
0 27 1.550417853106813e+02 3.801084433582312e-15 6.714827600809657e-02
0 28 1.607771310597995e+02 1.944951907127623e-15 6.715426288229998e-02
2 11 1.612921395766509e+02 7.164132676939728e-15 4.878665608792432e-02
1 16 1.646528761771251e+02 5.662982844412991e-18 5.194790361500397e-02
0 29 1.665128775681260e+02 1.180559487367718e-15 6.715603361420956e-02
0 30 1.722488910848660e+02 8.571285426363974e-16 6.717525422315175e-02
1 17 1.749370144221751e+02 5.838627074448037e-18 5.190780841252907e-02
2 12 1.759248906817924e+02 7.141036908227101e-15 4.882067261916721e-02
0 31 1.779842057610754e+02 3.276809706757106e-16 6.717622346106632e-02
0 32 1.837207014865945e+02 3.158060526484283e-16 6.715010300537451e-02
1 18 1.852157219344307e+02 5.905090979360314e-18 5.192196585452060e-02
0 33 1.894561433570732e+02 1.440508068337194e-16 6.714403235967037e-02
2 13 1.905667309526089e+02 5.409036106263942e-16 4.882839409746091e-02
0 34 1.951913344439679e+02 9.286608918978944e-17 6.713689433410396e-02
1 19 1.954967372773679e+02 7.418232130502793e-15 5.192117205372812e-02
0 35 2.009270590844033e+02 1.022939469999577e-16 6.713270745593237e-02
2 14 2.052087590824068e+02 9.712360433601045e-18 4.882096942520924e-02
1 20 2.057755612736695e+02 1.762272925054734e-15 5.192482088237860e-02
0 36 2.066626718009449e+02 1.152493761052114e-16 6.713992532260374e-02
0 37 2.123981569642876e+02 1.256242399056745e-16 6.715088302628602e-02
1 21 2.160603012079256e+02 5.720335558979004e-18 5.196609727166011e-02
0 38 2.181340053366958e+02 1.296868643272805e-16 6.715038359000652e-02
2 15 2.198399290571702e+02 7.163807016709285e-18 4.876751264700255e-02
0 39 2.238702362959215e+02 1.398890686108936e-16 6.716879295545561e-02
1 22 2.263437532031460e+02 5.787272881828501e-18 5.195193467053121e-02
0 40 2.296055771216498e+02 1.295082770363616e-16 6.716967162145952e-02
2 16 2.344717161431709e+02 7.034197223790661e-18 4.876476524639183e-02
0 41 2.353416429792932e+02 1.216332563401715e-16 6.713929205646887e-02
1 23 2.366269312801138e+02 5.645527619883065e-18 5.197389956625337e-02
0 42 2.410772588935831e+02 9.926108887913827e-17 6.713517892370936e-02
0 43 2.468126576676544e+02 6.178616399898853e-17 6.713000900382789e-02
1 24 2.469134663806675e+02 5.782689940098912e-18 5.196654572313770e-02
2 17 2.490992991020528e+02 6.827240037349235e-18 4.876887778278693e-02
0 44 2.525483746749030e+02 4.252676916869295e-17 6.712599810403258e-02
1 25 2.571963931598569e+02 6.334635216090826e-18 5.196521274200558e-02
0 45 2.582842336114444e+02 3.740104299426622e-17 6.713417732933276e-02
2 18 2.637302213897702e+02 7.036399227775103e-18 4.877348773078054e-02
0 46 2.640198493096201e+02 6.266729311009382e-17 6.714827353247045e-02
1 26 2.674803526108191e+02 2.041912370344011e-14 5.196383052860912e-02
0 47 2.697557335125373e+02 1.075923408733961e-16 6.714973848775393e-02
0 48 2.754924193152568e+02 9.035324412345070e-17 6.716168510075954e-02
1 27 2.777639752819423e+02 5.884648375684360e-15 5.192243061047556e-02
2 19 2.783613169435442e+02 7.117215592858520e-18 4.881096985716934e-02
0 49 2.812276769907151e+02 2.957808610029384e-16 6.716015977212622e-02
0 50 2.869633766456270e+02 5.454991216215879e-16 6.713363413210828e-02
1 28 2.880439241140626e+02 5.696383322507234e-18 5.193641698276059e-02
0 51 2.926990406258437e+02 9.984629064721792e-16 6.712938554390453e-02
2 20 2.930031485679741e+02 2.426284844064506e-17 4.881890234116051e-02
0 52 2.984344627798433e+02 2.010219536148708e-15 6.712961629875304e-02
1 29 2.983243641912460e+02 5.647916444080349e-18 5.193183129351156e-02
0 53 3.041702685162130e+02 2.957938832417920e-15 6.712600295440015e-02
2 21 3.076441631139448e+02 7.588874460295617e-16 4.881112174194054e-02
1 30 3.086032277157750e+02 5.664062179518610e-18 5.193757848478282e-02
0 54 3.099061752340477e+02 4.091138958653838e-15 6.713200549156562e-02
0 55 3.156419134197139e+02 6.137063159728721e-15 6.715029843610799e-02
1 31 3.188888285486519e+02 5.709951176517022e-18 5.196590931240388e-02
0 56 3.213777311871919e+02 8.469999685730523e-15 6.715073927032086e-02
2 22 3.222735161971833e+02 1.109249996596558e-15 4.877034581035310e-02
0 57 3.271146230475218e+02 6.963309104718294e-15 6.715518577994818e-02
1 32 3.291714656126408e+02 5.779988665749881e-18 5.195818539094051e-02
0 58 3.328499685490871e+02 1.207783118167714e-14 6.715247094453813e-02
2 23 3.369043503189453e+02 2.087282806288500e-15 4.876751777141818e-02
0 59 3.385852919233648e+02 1.953027360796436e-14 6.713079445217525e-02
1 33 3.394559824654495e+02 6.977950640969973e-17 5.197266244334586e-02
0 60 3.443209079679128e+02 2.762252466542755e-14 6.712787330470010e-02
1 34 3.497418256227995e+02 7.444110510034397e-15 5.195661588343372e-02
0 61 3.500563162206057e+02 4.144179068695084e-14 6.712861880677191e-02
2 24 3.515328360537333e+02 2.825806526012493e-15 4.878407342358888e-02
0 62 3.557919016365748e+02 3.608276351657867e-15 6.712800252537436e-02
1 35 3.600241466883584e+02 5.702860466558726e-18 5.195495672312420e-02
0 63 3.615278539425150e+02 4.785391078129385e-15 6.713400810924773e-02
