0 0 1.639307293139705e-01 5.239636763457617e-14 6.606592926375121e-02
1 0 1.266708946076691e-01 3.435196958923775e-16 5.588962648829220e-02
2 0 3.219162187777501e-01 7.109686258459234e-18 4.667750016497261e-02
0 1 5.899182958357365e+00 3.314157258895368e-14 6.606399360897057e-02
1 1 1.041092611065212e+01 5.609830350644878e-18 5.589355646650341e-02
0 2 1.163463242191092e+01 2.173013379190741e-14 6.606596376648455e-02
2 1 1.495438362201654e+01 7.643899284961743e-18 4.667884204518843e-02
0 3 1.737025366938703e+01 1.499044499447747e-14 6.608063976915228e-02
1 2 2.069614542317387e+01 5.309949036047757e-18 5.588725616753178e-02
0 4 2.310585979959708e+01 9.941302000044251e-15 6.608628756378995e-02
0 5 2.884175649025033e+01 7.369855397907305e-15 6.609073831426152e-02
2 2 2.958572814600567e+01 7.149948873714603e-18 4.667556274658984e-02
1 3 3.098022982033190e+01 5.263032632750522e-18 5.588822388950854e-02
0 6 3.457715067363171e+01 4.002101954133916e-15 6.608644047341319e-02
0 7 4.031317408771061e+01 3.003382683997763e-15 6.605954730984305e-02
1 4 4.126682720297149e+01 5.386347994835825e-18 5.597225719379491e-02
2 3 4.421682004748867e+01 7.217602105176949e-18 4.658566823452980e-02
0 8 4.604808537541191e+01 9.701101558765170e-16 6.605546895668546e-02
1 5 5.154768676688938e+01 5.735550642957177e-18 5.596490472217984e-02
0 9 5.178280032235032e+01 1.761195161368552e-16 6.606026865395923e-02
0 10 5.751804907643036e+01 3.362672702395865e-17 6.606244018163812e-02
2 4 5.885952241520869e+01 7.461101041765126e-18 4.658700473738613e-02
1 6 6.182771253302103e+01 2.739539837686431e-14 5.596797335838204e-02
0 11 6.325343980359948e+01 7.367309120564417e-18 6.606613667470104e-02
0 12 6.898920453188298e+01 1.400461729526251e-17 6.608067760381926e-02
1 7 7.211003362571502e+01 1.023424175799691e-14 5.592481186944448e-02
2 5 7.349890924975358e+01 7.172773994857696e-18 4.663366838920525e-02
0 13 7.472476266201171e+01 2.494819017881048e-17 6.608383375688694e-02
0 14 8.046068033355998e+01 2.988987480437620e-17 6.608517493180498e-02
1 8 8.239217364341333e+01 5.318996723519550e-18 5.591972294900299e-02
0 15 8.619592038177073e+01 3.302212779908632e-17 6.607870793493714e-02
2 6 8.813505002254685e+01 7.222605100802216e-18 4.663854802284041e-02
0 16 9.193152203252166e+01 2.782178714266275e-17 6.605181045007341e-02
1 9 9.267589115076024e+01 5.261436986296096e-18 5.593396654710315e-02
0 17 9.766657747736421e+01 1.431914297048164e-17 6.604914957261127e-02
2 7 1.027722512355122e+02 7.289167002949613e-18 4.663492204552633e-02
1 10 1.029589267666553e+02 5.250357990480250e-18 5.593184756593924e-02
0 18 1.034013650170552e+02 4.552286151459502e-18 6.605529483868315e-02
0 19 1.091366383306001e+02 4.353794370937554e-18 6.606274869096468e-02
1 11 1.132400361213171e+02 5.258893184475976e-18 5.593941159898448e-02
0 20 1.148720908258253e+02 4.048152870481091e-18 6.606345065121000e-02
2 8 1.174133252008590e+02 1.607094766066683e-14 4.662623693673755e-02
0 21 1.206077514573550e+02 5.196783285910253e-18 6.607604874353389e-02
1 12 1.235218338447126e+02 5.291739814450670e-18 5.593251800758110e-02
0 22 1.263433362814803e+02 1.313392533940968e-17 6.608034959003399e-02
0 23 1.320792849812278e+02 2.957582522149000e-17 6.607743082347337e-02
2 9 1.320530818734465e+02 2.375031807627354e-15 4.662347113256186e-02
1 13 1.338025164638770e+02 2.766356905326205e-17 5.593748343644804e-02
0 24 1.378143590645153e+02 1.364271956617928e-16 6.607212090152659e-02
0 25 1.435497126258022e+02 3.718748520318899e-16 6.604617080714739e-02
1 14 1.440930365599769e+02 1.528430631356945e-14 5.598367726513302e-02
2 10 1.466778630466676e+02 2.355655224188712e-15 4.657650841683918e-02
0 26 1.492847416458075e+02 1.147076285344677e-15 6.604129879709672e-02
1 15 1.543741959116279e+02 5.520619491362040e-18 5.597892066602037e-02
0 27 1.550196729453882e+02 3.116547940142274e-15 6.604989613417998e-02
0 28 1.607549999134435e+02 5.815927463725106e-15 6.606141731227541e-02
2 11 1.613186145158465e+02 1.542887556883182e-16 4.658040837600948e-02
1 16 1.646551798834143e+02 5.389591693696379e-18 5.597785117756446e-02
0 29 1.664904573186388e+02 9.709232977445037e-15 6.606388082084537e-02
0 30 1.722262973337831e+02 1.323903176212443e-14 6.607305653852585e-02
1 17 1.749369083591131e+02 5.248139167234913e-18 5.594609948019621e-02
2 12 1.759589094674133e+02 7.747048398134999e-18 4.661134178431968e-02
0 31 1.779618030790868e+02 2.033475212621830e-14 6.607385556833979e-02
0 32 1.836977878074982e+02 2.512652826406888e-14 6.606627637263679e-02
1 18 1.852185319952734e+02 5.431942372761189e-18 5.594705339513297e-02
0 33 1.894327336297966e+02 4.553058101646037e-14 6.606066651940748e-02
2 13 1.905964122725235e+02 7.188841810616490e-18 4.661824587233699e-02
0 34 1.951677227237176e+02 3.098990389364613e-14 6.604468413918183e-02
1 19 1.955026586621688e+02 5.287629805942682e-18 5.595246779213820e-02
0 35 2.009029956599442e+02 3.658970351112501e-18 6.604013556188380e-02
2 14 2.052341251067317e+02 2.181378784469795e-17 4.661198443565397e-02
1 20 2.057848203717359e+02 1.053729601741204e-17 5.595592475080159e-02
0 36 2.066380757243054e+02 3.658597091978274e-18 6.604712771189390e-02
0 37 2.123734968955980e+02 3.877861903270141e-18 6.606140976174302e-02
1 21 2.160650611087400e+02 5.375920139628405e-18 5.597524256134373e-02
0 38 2.181090157471873e+02 4.478641922800881e-18 6.606219559610861e-02
2 15 2.198779165748856e+02 1.371391493444179e-15 4.658574963912607e-02
0 39 2.238448276141805e+02 5.045034925563108e-18 6.607054364867648e-02
1 22 2.263451477415947e+02 5.411671746833802e-18 5.596822942598299e-02
0 40 2.295804380364237e+02 5.038310211510769e-18 6.607171293198193e-02
2 16 2.345211142011747e+02 1.992174631121392e-15 4.658322243108948e-02
0 41 2.353164468479305e+02 4.048385819260818e-18 6.605708087021041e-02
1 23 2.366243261141540e+02 5.241087557328284e-18 5.597993010291239e-02
0 42 2.410513169777150e+02 3.884173547010816e-18 6.605210151001256e-02
0 43 2.467861474425574e+02 3.887178839605748e-18 6.604202515122180e-02
1 24 2.469154062907551e+02 5.297091370609811e-18 5.594881076603327e-02
2 17 2.491449133133221e+02 5.241771008079997e-15 4.661979106157722e-02
0 44 2.525213669289669e+02 4.717253282063434e-18 6.603866795766193e-02
1 25 2.571995788344720e+02 5.244673195650700e-18 5.594689862451870e-02
0 45 2.582566510925455e+02 3.658547394005726e-18 6.604767840374567e-02
0 46 2.639921469365918e+02 3.875994449197940e-18 6.606333867694142e-02
2 18 2.637769226635924e+02 1.154366703455198e-15 4.662445399503643e-02
1 26 2.674841840172861e+02 9.269912437855899e-15 5.594439523969059e-02
0 47 2.697276893923170e+02 3.891507275956365e-18 6.606501859398724e-02
0 48 2.754636428998551e+02 3.874229221692300e-18 6.606780417925917e-02
1 27 2.777684417625707e+02 1.045939241932789e-15 5.592418124358894e-02
2 19 2.784099655102157e+02 2.850587679732931e-15 4.664121017906356e-02
0 49 2.811991021881054e+02 3.873361686857775e-18 6.606611049825550e-02
0 50 2.869350790957900e+02 3.812349716466612e-18 6.604787882746553e-02
1 28 2.880525389510550e+02 5.599505180760131e-18 5.593334750709163e-02
0 51 2.926699200858494e+02 4.258412841038680e-18 6.604353603674466e-02
2 20 2.930416802715294e+02 7.142582883497028e-18 4.664830285987420e-02
0 52 2.984046497586157e+02 3.721696357577984e-18 6.604145781599009e-02
1 29 2.983392976867361e+02 5.796120770827107e-18 5.592925233709913e-02
0 53 3.041400261227099e+02 3.722043709753846e-18 6.603888970245829e-02
2 21 3.076727109405787e+02 7.223780471458476e-18 4.664120468795539e-02
1 30 3.086237914353450e+02 5.271005469238074e-18 5.593443571093741e-02
0 54 3.098753411389753e+02 3.805109953754324e-18 6.604512325957825e-02
0 55 3.156108947818300e+02 3.803037246812260e-18 6.606221369661350e-02
1 31 3.189068829385704e+02 5.340437230313779e-18 5.597616691936158e-02
0 56 3.213464277167430e+02 4.531028223310800e-18 6.606371377661299e-02
2 22 3.223107240447223e+02 7.230465925482923e-18 4.658691254294026e-02
0 57 3.270823576021358e+02 4.412556609387124e-18 6.606576248748561e-02
1 32 3.291876890471736e+02 5.597609020408350e-18 5.597019289159104e-02
0 58 3.328178638634922e+02 3.864272042914316e-18 6.606242065294503e-02
2 23 3.369512018361550e+02 7.179791793800724e-18 4.658450435998578e-02
0 59 3.385536499949773e+02 4.408349867320669e-18 6.603829156858876e-02
1 33 3.394682935103160e+02 1.226129092178946e-14 5.598723822147744e-02
0 60 3.442884854264743e+02 3.863450086204516e-18 6.603468559805846e-02
1 34 3.497561404467867e+02 5.459083652779904e-15 5.593293851948822e-02
0 61 3.500231945082234e+02 3.861888333352220e-18 6.603525010313183e-02
2 24 3.515809352459282e+02 7.133142220332235e-18 4.664829544675703e-02
0 62 3.557584767578398e+02 4.392890099954365e-18 6.603853290934873e-02
1 35 3.600414332899788e+02 5.843061285732160e-18 5.592815505622858e-02
0 63 3.614939569932367e+02 3.658647021562803e-18 6.604525778001044e-02
