0 0 1.676142721741267e-01 1.520955115192055e-14 6.409788114473595e-02
1 0 1.879502001980583e-01 5.449692470891265e-18 5.678268294520659e-02
2 0 3.025595944382393e-01 6.997426543351432e-18 4.727621867434522e-02
0 1 5.902351983398330e+00 7.542083193978993e-15 6.409604719410156e-02
1 1 1.047304123478948e+01 9.050270157308691e-17 5.678745644332717e-02
0 2 1.163726352550079e+01 3.611910356583119e-15 6.409866952764459e-02
2 1 1.493474320893150e+01 7.002411766929205e-18 4.727662033896621e-02
0 3 1.737266103190749e+01 2.062631521958322e-15 6.411277166591987e-02
1 2 2.075852223195779e+01 1.338991644159952e-14 5.678131208843372e-02
0 4 2.310799178619477e+01 4.401442800494073e-14 6.411820011275669e-02
0 5 2.884346319448297e+01 3.051424689323532e-14 6.411984086024598e-02
2 2 2.956566547589143e+01 7.006195112433246e-18 4.727380470537769e-02
1 3 3.104314616738903e+01 5.790931436899466e-18 5.678375040137291e-02
0 6 3.457867888217891e+01 1.871287072388062e-14 6.411566786048460e-02
0 7 4.031432865659666e+01 1.345990933293385e-14 6.409634278281451e-02
1 4 4.132898764623534e+01 5.359863301773927e-18 5.685324423504679e-02
2 3 4.419821205849210e+01 7.079906215837908e-18 4.719642277500268e-02
0 8 4.604871473217978e+01 5.019604219935615e-15 6.409231147825517e-02
1 5 5.161090971485867e+01 5.185668176534032e-18 5.684583861481488e-02
0 9 5.178299819377771e+01 1.414703432356687e-15 6.409639535717168e-02
0 10 5.751798828044977e+01 5.035618298631392e-16 6.409956359179064e-02
2 4 5.883976416306975e+01 6.998378952734597e-18 4.719807882377171e-02
1 6 6.189159131127977e+01 5.641596249635572e-18 5.684844230500956e-02
0 11 6.325305959383493e+01 1.286020369558664e-16 6.410306056593390e-02
0 12 6.898869573924497e+01 4.027297877156503e-17 6.411567848602727e-02
1 7 7.217470950655003e+01 5.660490429522976e-18 5.679810169541809e-02
2 5 7.347736687073085e+01 7.070946235093207e-18 4.725467254052931e-02
0 13 7.472413479762056e+01 7.183052308849596e-18 6.411903986844007e-02
0 14 8.045974990089914e+01 1.115534025385807e-17 6.411980077459660e-02
1 8 8.245800078616870e+01 9.232076937552369e-18 5.679348097940079e-02
0 15 8.619501094942126e+01 2.095172602312407e-17 6.411328827861591e-02
2 6 8.811089492704915e+01 6.987418693299669e-18 4.725948863808947e-02
0 16 9.193056564161044e+01 2.777797473402925e-17 6.409054997067903e-02
1 9 9.274238903109205e+01 5.447397385843777e-18 5.680523463309134e-02
0 17 9.766501604650941e+01 2.325525923120712e-17 6.408721533384064e-02
2 7 1.027456499263471e+02 6.988569435757453e-18 4.725627147793515e-02
1 10 1.030272147240542e+02 5.392946620447715e-18 5.680299641031002e-02
0 18 1.033992884880789e+02 5.849150411074690e-17 6.409304707959008e-02
0 19 1.091344290256268e+02 1.890236282871708e-16 6.410365167592597e-02
1 11 1.133099445324408e+02 5.163914927322830e-18 5.680953749938204e-02
0 20 1.148696845031550e+02 4.972035184011844e-16 6.410467442861796e-02
2 8 1.173826108294002e+02 6.989909714748326e-18 4.724513223507862e-02
0 21 1.206052610985362e+02 9.119020011723072e-16 6.411458327064382e-02
1 12 1.235931402594534e+02 5.190006091313178e-18 5.680420460406915e-02
0 22 1.263407761782456e+02 1.645975462228987e-15 6.411831338054250e-02
0 23 1.320764126280457e+02 2.664186535652993e-15 6.411641841919297e-02
2 9 1.320182939104381e+02 7.483024607625904e-18 4.724286009500822e-02
1 13 1.338755467160418e+02 5.217478007383549e-18 5.680838133179445e-02
0 24 1.378115395788156e+02 5.318039169820869e-15 6.411140323230914e-02
0 25 1.435470141229468e+02 8.535568836103643e-15 6.408562987668709e-02
1 14 1.441644877289484e+02 5.202860092654327e-18 5.686457129435257e-02
2 10 1.466449389684593e+02 7.097412619161515e-18 4.718501144077843e-02
0 26 1.492813587856707e+02 2.079618415062694e-14 6.408065893921501e-02
1 15 1.544457949125254e+02 1.200254063950654e-16 5.685962761481499e-02
0 27 1.550156688444702e+02 4.525799881615444e-14 6.408850250371620e-02
0 28 1.607508257222367e+02 3.370245056057319e-15 6.410270532201279e-02
2 11 1.612876977914155e+02 1.863080103185792e-15 4.718954518612350e-02
1 16 1.647260359217283e+02 5.296810029635071e-18 5.685637194838233e-02
0 29 1.664860100593764e+02 6.214283452474908e-15 6.410519121281451e-02
0 30 1.722216014636070e+02 9.260711291571254e-15 6.411191335348719e-02
1 17 1.750071321332033e+02 5.522254609507824e-18 5.682277380074623e-02
2 12 1.759299802509593e+02 7.236650090027473e-16 4.722421134024200e-02
0 31 1.779569577648944e+02 1.453328616831255e-14 6.411295304154657e-02
0 32 1.836925385231627e+02 2.035733846921202e-14 6.410889213362629e-02
1 18 1.852887535598268e+02 5.168271217128292e-18 5.682120743537251e-02
0 33 1.894274191456461e+02 3.501968711383701e-14 6.410290850300064e-02
2 13 1.905681594015795e+02 8.534571978232280e-17 4.723152617170924e-02
0 34 1.951624460681177e+02 3.769407550744669e-18 6.408192026438528e-02
1 19 1.955722295655129e+02 5.325583773490324e-18 5.683089670974844e-02
0 35 2.008969158848459e+02 4.149507950399857e-18 6.407713344344211e-02
2 14 2.052066862532647e+02 8.591121108774515e-18 4.722530881832516e-02
1 20 2.058552680078632e+02 5.243006883046700e-18 5.683421098229810e-02
0 36 2.066312680117280e+02 3.927422771013668e-18 6.408386016743246e-02
0 37 2.123664320579275e+02 3.982835058856043e-18 6.410052989422110e-02
1 21 2.161361734584806e+02 4.547177516943331e-15 5.685153166456514e-02
0 38 2.181015918330357e+02 3.981460994378103e-18 6.410111425404047e-02
2 15 2.198493109212535e+02 7.466094948527114e-18 4.719885986949090e-02
0 39 2.238369847107163e+02 3.767882540987569e-18 6.410620499496943e-02
1 22 2.264170795869345e+02 1.983070230561939e-15 5.684654160830813e-02
0 40 2.295722888113917e+02 4.830322907575019e-18 6.410705246995989e-02
2 16 2.344914731321256e+02 7.094238314498914e-18 4.719671015271396e-02
0 41 2.353077557497569e+02 4.364495273703912e-18 6.409847125955709e-02
1 23 2.366972442030181e+02 5.281687246065253e-18 5.685409761641134e-02
0 42 2.410423589117147e+02 3.828643698148647e-18 6.409395930982559e-02
0 43 2.467770388250258e+02 3.830402074082401e-18 6.407863725032054e-02
1 24 2.469881560155008e+02 5.159902683231446e-18 5.684060067790324e-02
2 17 2.491163357945191e+02 1.040676533746923e-17 4.721657599136801e-02
0 44 2.525115324322734e+02 3.913008483772595e-18 6.407449247928221e-02
1 25 2.572711349929601e+02 5.190593977472890e-18 5.683890851148923e-02
0 45 2.582461015792684e+02 3.831248566969644e-18 6.408244036108625e-02
0 46 2.639813022359646e+02 4.326797976977082e-18 6.409877174968526e-02
2 18 2.637540218927625e+02 1.459151560984961e-16 4.722182598789944e-02
1 26 2.675537810248041e+02 5.270231587572999e-18 5.683576457660543e-02
0 47 2.697164622599799e+02 4.500703562669081e-18 6.410081424140066e-02
0 48 2.754519270349406e+02 3.831348043907994e-18 6.410157640589828e-02
1 27 2.778363715596172e+02 5.255597863239401e-18 5.681589222498738e-02
2 19 2.783926454763354e+02 9.837379478137914e-16 4.723903750120875e-02
0 49 2.811870885212457e+02 4.311162983413575e-18 6.410010508351820e-02
0 50 2.869225597424502e+02 3.902028911218603e-18 6.408867202047623e-02
1 28 2.881192593237251e+02 2.213700993630794e-16 5.681995559463140e-02
0 51 2.926569582989633e+02 3.833795815485441e-18 6.408410599019304e-02
2 20 2.930286122430827e+02 3.194769080839846e-15 4.724667355129381e-02
0 52 2.983913203743656e+02 3.769779725367091e-18 6.407923022835374e-02
1 29 2.984047821690710e+02 6.514156781456862e-15 5.681736890154994e-02
0 53 3.041261544915136e+02 5.123184542428689e-18 6.407719146845658e-02
2 21 3.076639377388975e+02 1.857552309471940e-15 4.723906576952938e-02
1 30 3.086882716605226e+02 5.535237937533600e-18 5.682310569084926e-02
0 54 3.098609376831473e+02 3.892676737028318e-18 6.408324660328180e-02
0 55 3.155963079753246e+02 4.270058160929234e-18 6.409951510969818e-02
1 31 3.189703062501276e+02 5.357576050106389e-18 5.685847933270579e-02
0 56 3.213315845732322e+02 3.956095452462807e-18 6.410067635673726e-02
2 22 3.223042969399663e+02 7.210952648973586e-18 4.719321135886367e-02
0 57 3.270670759474916e+02 4.601877093465767e-18 6.410073206513442e-02
1 32 3.292508341334901e+02 5.216698617835951e-18 5.685371878109338e-02
0 58 3.328023721874023e+02 4.747634377860383e-18 6.409801033775614e-02
2 23 3.369465120334693e+02 7.040276853619494e-18 4.719055604759444e-02
0 59 3.385378617568697e+02 4.149282428313439e-18 6.408086514151899e-02
1 33 3.395308976474163e+02 5.673171164792071e-18 5.686625936004464e-02
0 60 3.442721978207291e+02 4.830442765184481e-18 6.407748756878677e-02
0 61 3.500064706904698e+02 3.880681438079111e-18 6.407664795185009e-02
1 34 3.498199696778235e+02 5.447227456123762e-18 5.680593045371479e-02
2 24 3.515756412101533e+02 7.079206673059654e-18 4.726180102800513e-02
0 62 3.557414544332563e+02 4.428391349261088e-18 6.408118233763199e-02
1 35 3.601046477461055e+02 7.438740922516934e-18 5.680055871720566e-02
0 63 3.614765663887698e+02 3.769007590829817e-18 6.408748909384089e-02
