0 0 8.981430227438959e-02 4.651463565599005e-18 6.445789397244812e-02
1 0 2.865729722249684e-01 5.333452703724757e-18 5.506902188259225e-02
2 0 6.009011043324379e-01 7.002900154653786e-18 4.721648000747285e-02
0 1 5.824640661556757e+00 3.934955584941103e-18 6.445332154082378e-02
1 1 1.057105644552568e+01 5.384979885825872e-18 5.507415119628928e-02
0 2 1.155968901924498e+01 3.933422180678425e-18 6.445592855206690e-02
2 1 1.523482280942097e+01 6.982114415210473e-18 4.721717326098345e-02
0 3 1.729562399797017e+01 3.862463238549480e-18 6.447914940665715e-02
1 2 2.085531289001734e+01 5.460267045904795e-18 5.506198466106364e-02
0 4 2.303128403548253e+01 4.420588452730214e-18 6.448674946697865e-02
0 5 2.876737090882591e+01 4.129366620289972e-18 6.448300047144542e-02
2 2 2.986756632610217e+01 7.011998843848979e-18 4.721256305378894e-02
1 3 3.113844520680598e+01 4.030862165208858e-16 5.506778647530573e-02
0 6 3.450309364019980e+01 4.217753623258775e-18 6.447881218020896e-02
0 7 4.023887200429970e+01 4.527069767921495e-18 6.446218753764578e-02
1 4 4.142824702921824e+01 1.297020816677513e-14 5.513479043075897e-02
2 3 4.449100440220814e+01 7.029378247029004e-18 4.713326099257805e-02
0 8 4.597420620084225e+01 4.412385564894623e-18 6.445825859883009e-02
0 9 5.170944021351794e+01 4.576665620002889e-18 6.446312721090003e-02
1 5 5.171155494084007e+01 5.519669577543660e-18 5.512870785126125e-02
0 10 5.744428463875755e+01 4.714679241304221e-18 6.446316055728302e-02
2 4 5.912503453188728e+01 7.047986856231021e-18 4.713338097859159e-02
1 6 6.199586236591870e+01 5.636771085001112e-18 5.513525564988535e-02
0 11 6.317932960829698e+01 3.820073563438249e-18 6.446652178640006e-02
0 12 6.891548527186308e+01 4.129275171924973e-18 6.448438939131179e-02
1 7 7.228058941017891e+01 5.346167134409051e-18 5.509434640857472e-02
2 5 7.375698360104877e+01 7.030533667769845e-18 4.717297125624358e-02
0 13 7.465110259399029e+01 4.026022813373183e-18 6.448762764613247e-02
0 14 8.038704406798739e+01 3.922232450628451e-18 6.448286207258863e-02
1 8 8.256467570069353e+01 5.381626576292043e-18 5.509370364642194e-02
0 15 8.612268478946393e+01 4.181007309808072e-18 6.447810372720569e-02
2 6 8.838775439573017e+01 7.019574016262444e-18 4.717648142222439e-02
0 16 9.185830398994690e+01 4.178137325919887e-18 6.446297581678923e-02
1 9 9.285002956634165e+01 5.378165082769897e-18 5.510017059217068e-02
0 17 9.759364409161194e+01 3.847487727340967e-18 6.445826234044948e-02
2 7 1.030198169418370e+02 7.291054685924247e-18 4.717400989319523e-02
0 18 1.033288032482590e+02 3.822544504879776e-18 6.446321994790445e-02
1 10 1.031344760276508e+02 1.993895839220309e-15 5.509735519969253e-02
0 19 1.090636985407068e+02 4.485323590660082e-18 6.446996735829258e-02
1 11 1.134176176118048e+02 2.604832280223820e-14 5.510804816831382e-02
0 20 1.147987922383400e+02 3.915892441910453e-18 6.447218518572220e-02
2 8 1.176579690428875e+02 6.998322403484745e-18 4.716307417543703e-02
0 21 1.205349030507334e+02 4.077281300415563e-18 6.448653008878827e-02
1 12 1.236998414902021e+02 6.114024374011319e-18 5.509981119887244e-02
0 22 1.262707170730261e+02 3.914058890237559e-18 6.449053429509528e-02
0 23 1.320066520574207e+02 3.838640618611915e-18 6.448232993849817e-02
2 9 1.322946748885884e+02 7.081214700638216e-18 4.716176256103809e-02
1 13 1.339815643345720e+02 5.326262742044679e-18 5.510750951812662e-02
0 24 1.377422201123257e+02 4.129714631782877e-18 6.447686653093009e-02
0 25 1.434777631692388e+02 4.041588290781129e-18 6.446107168995496e-02
1 14 1.442734029341542e+02 5.329596084685764e-18 5.511438470844524e-02
2 10 1.469132000520365e+02 7.127844608286082e-18 4.715649733083831e-02
0 26 1.492128462976652e+02 4.135181166576104e-18 6.445630742977740e-02
1 15 1.545598382351468e+02 5.378040625572745e-18 5.510950479589032e-02
0 27 1.549480672840196e+02 3.825292093822656e-18 6.446606061525063e-02
0 28 1.606832245517132e+02 3.824729745605260e-18 6.448074550919679e-02
2 11 1.615396971193878e+02 7.197682766176417e-18 4.716059074326984e-02
1 16 1.648470256564995e+02 5.451247828058787e-18 5.510669859156495e-02
0 29 1.664184222247983e+02 3.907112792077577e-18 6.448273613490300e-02
0 30 1.721546083350615e+02 3.824766283060659e-18 6.448984521082837e-02
1 17 1.751333379381813e+02 1.498584123973680e-14 5.507859285207663e-02
2 12 1.761669564438070e+02 7.149240608637459e-18 4.718755965828308e-02
0 31 1.778902963092131e+02 3.919878433601074e-18 6.449111548894859e-02
0 32 1.836261942412762e+02 3.920620060413190e-18 6.448497812121537e-02
1 18 1.854193021707596e+02 1.728808946238497e-15 5.508006409372274e-02
0 33 1.893617180212287e+02 4.471802168356101e-18 6.447996594476044e-02
2 13 1.907935039480986e+02 7.078844136270043e-18 4.719232672750948e-02
0 34 1.950971569163131e+02 3.904706776741241e-18 6.446693532322072e-02
1 19 1.957066158185737e+02 5.419731893249275e-18 5.508457178694297e-02
0 35 2.008321971867702e+02 3.844249627422694e-18 6.446018664877810e-02
2 14 2.054207862204752e+02 7.027073267125920e-18 4.718675711725728e-02
1 20 2.059932208497000e+02 5.455956951716350e-18 5.508811084224923e-02
0 36 2.065672340756071e+02 3.842235614769886e-18 6.446687918413810e-02
0 37 2.123025812151726e+02 3.767133486102948e-18 6.449004423065410e-02
1 21 2.162776531328443e+02 5.329648608920758e-18 5.511644002107253e-02
0 38 2.180378652131612e+02 3.767050260662659e-18 6.449204511811416e-02
2 15 2.200557932195876e+02 7.181504032563783e-18 4.713985816356656e-02
0 39 2.237739901695408e+02 3.766945689404331e-18 6.449590758188219e-02
1 22 2.265601241210636e+02 5.329691694198181e-18 5.511238987822489e-02
0 40 2.295098051443196e+02 4.231843452463104e-18 6.449505332675548e-02
2 16 2.346914763274665e+02 7.054775241807458e-18 4.714036468517135e-02
0 41 2.352456037579367e+02 3.747245658135599e-18 6.448402769604936e-02
1 23 2.368424796221452e+02 5.325040796716700e-18 5.512091781156428e-02
0 42 2.409809912945251e+02 3.835418746472871e-18 6.447964899063648e-02
0 43 2.467163208659962e+02 4.812006756957508e-18 6.446939266991054e-02
1 24 2.471316254910529e+02 6.144463813064000e-14 5.509034197150410e-02
2 17 2.493154888890803e+02 7.026041004817011e-18 4.717914100504259e-02
0 44 2.524511864339044e+02 3.974917611771958e-18 6.446461377363089e-02
1 25 2.574187399291201e+02 5.427171060199983e-17 5.508846668306727e-02
0 45 2.581863415429373e+02 3.892886404324433e-18 6.447188292846159e-02
0 46 2.639220064849344e+02 3.984524893659686e-18 6.449639444383083e-02
2 18 2.639411086372887e+02 7.209505675305919e-18 4.718605561191808e-02
1 26 2.677059230952022e+02 5.604864779378624e-18 5.507916828105121e-02
0 47 2.696573868652245e+02 3.827052030592826e-18 6.449791764990478e-02
0 48 2.753935099899474e+02 4.572640204495010e-18 6.449618038782749e-02
1 27 2.779919117168161e+02 5.386324566843478e-18 5.506484591688917e-02
2 19 2.785686200124510e+02 7.122655550199357e-18 4.719909863016082e-02
0 49 2.811292365064907e+02 4.152571245538752e-18 6.449509856391497e-02
0 50 2.868651583194498e+02 3.991047365492043e-18 6.448566488744523e-02
1 28 2.882772064273594e+02 5.347134561698579e-18 5.506893712541904e-02
0 51 2.926005796075059e+02 3.831990229073444e-18 6.448108188116045e-02
2 20 2.931971340221762e+02 7.382838727920025e-18 4.720497990611014e-02
0 52 2.983358709670554e+02 4.129927049647630e-18 6.447489137460322e-02
1 29 2.985638857086996e+02 5.394860194913685e-18 5.506863186301104e-02
0 53 3.040707534466338e+02 4.136003191345427e-18 6.446953066817525e-02
2 21 3.078255017883051e+02 7.422194942337007e-18 4.719776380605217e-02
1 30 3.088501828690435e+02 5.549562413434927e-18 5.507571853319404e-02
0 54 3.098057810857679e+02 3.819988195955533e-18 6.447553514241555e-02
0 55 3.155417586683077e+02 4.256294906325248e-18 6.450366658674858e-02
1 31 3.191371086384985e+02 5.462237451349334e-18 5.513374562040541e-02
0 56 3.212772984338779e+02 3.881246633849689e-18 6.450556496477115e-02
2 22 3.224545669731111e+02 6.996381745885237e-18 4.711048967041960e-02
0 57 3.270133938175833e+02 4.427006963353588e-18 6.450079971754105e-02
1 32 3.294191062913154e+02 8.417605886896377e-18 5.513231953092482e-02
0 58 3.327491868514306e+02 3.986251376832800e-18 6.449660831303786e-02
2 23 3.370909067392831e+02 7.091407643560934e-18 4.711063289592550e-02
0 59 3.384849158798272e+02 4.129312176686977e-18 6.448361779812468e-02
1 33 3.397012774434905e+02 5.598594044062905e-18 5.514109225840719e-02
0 60 3.442202309601007e+02 4.632254269131816e-18 6.448226806257176e-02
0 61 3.499554541275346e+02 4.129643532581392e-18 6.448107682964994e-02
1 34 3.499869768675649e+02 5.611884699551669e-18 5.510367310536022e-02
2 24 3.517223035796800e+02 6.999478180273288e-18 4.715223849424309e-02
0 62 3.556903104223766e+02 4.621115883961500e-18 6.448018595540220e-02
1 35 3.602723303348967e+02 5.354426867729688e-18 5.510302483622437e-02
0 63 3.614254476788926e+02 4.770414752368908e-18 6.448409867470208e-02
