0 0 1.143136650730912e-01 3.939759706398785e-18 6.216798222379615e-02
1 0 1.807052688104535e-01 1.390763336152185e-14 5.171535230651661e-02
2 0 1.658320916162495e-01 1.408292793984706e-14 4.663871416180065e-02
0 1 5.849544702103319e+00 4.507371350690457e-18 6.216474631759761e-02
1 1 1.046399709684096e+01 1.011267916665139e-17 5.172311393733432e-02
0 2 1.158508086398557e+01 4.251969723309377e-18 6.216708958302022e-02
2 1 1.479962681941718e+01 3.926945370339408e-14 4.663715923447107e-02
0 3 1.732087344900456e+01 4.083432567174451e-18 6.218449266914720e-02
1 2 2.074804895247004e+01 6.173743024121582e-18 5.171443037622510e-02
0 4 2.305670717683718e+01 4.023895990842258e-18 6.218902047937681e-02
0 5 2.879326194810888e+01 4.365821606035580e-18 6.218959510397010e-02
2 2 2.943185729905778e+01 7.692143972834828e-14 4.663443191304087e-02
1 3 3.103020922340091e+01 5.853654626855401e-18 5.171773027412233e-02
0 6 3.452901475232049e+01 4.618349633561586e-18 6.218596999331001e-02
0 7 4.026493356894452e+01 3.882073875100266e-18 6.216621113725831e-02
1 4 4.131634619353757e+01 5.681836211008396e-18 5.175327593453882e-02
2 3 4.406040991735258e+01 8.743432502950422e-14 4.659950735296047e-02
0 8 4.600035651340684e+01 4.022675196549878e-18 6.216248805106434e-02
0 9 5.173555174310549e+01 3.941993809731860e-18 6.216747009408782e-02
1 5 5.160006822546983e+01 5.767829384770532e-18 5.174625094757766e-02
0 10 5.747078895745665e+01 4.433548988499927e-18 6.216661776151082e-02
2 4 5.869256359300183e+01 2.335874320425474e-14 4.660103813925524e-02
1 6 6.188377957946510e+01 6.017600221361611e-18 5.175182149131846e-02
0 11 6.320629294200412e+01 5.342134403990855e-18 6.216952888964772e-02
0 12 6.894234462872666e+01 3.941499191415368e-18 6.218753165836476e-02
1 7 7.217012946132361e+01 7.742103143673819e-15 5.170379273070077e-02
2 5 7.332088082137898e+01 2.620269958708801e-14 4.665184776818390e-02
0 13 7.467818546480437e+01 4.076340622922118e-18 6.219027662943762e-02
0 14 8.041476943899403e+01 4.250934092679047e-18 6.218667594186181e-02
1 8 8.245093200765385e+01 1.394070775701705e-16 5.170285396657303e-02
0 15 8.615050676129378e+01 4.076333434049202e-18 6.218077739074319e-02
2 6 8.795654949407276e+01 7.144210347099730e-18 4.665683884777898e-02
0 16 9.188611449721598e+01 4.865189942378342e-18 6.216312406761065e-02
1 9 9.273393450692151e+01 5.799522256921381e-18 5.171055307066295e-02
0 17 9.762154165562760e+01 5.049610164676770e-18 6.215993717321099e-02
2 7 1.025932990334236e+02 7.359948020372532e-18 4.665296239752852e-02
1 10 1.030159629552165e+02 5.770896670260432e-18 5.170920200025369e-02
0 18 1.033567501787366e+02 3.944309543825669e-18 6.216606633742884e-02
0 19 1.090920544036654e+02 4.072844292263180e-18 6.217145219431401e-02
1 11 1.132997580823392e+02 5.675400534757670e-18 5.172763644363171e-02
0 20 1.148277076941394e+02 4.251706186376403e-18 6.217180172769340e-02
2 8 1.172263623103801e+02 7.113697213232965e-18 4.663078406811139e-02
0 21 1.205638444702245e+02 3.880806762977939e-18 6.218766199167283e-02
1 12 1.235833938827290e+02 5.811715548078594e-18 5.171790842853272e-02
0 22 1.262997374140064e+02 3.943665812956372e-18 6.219068189956001e-02
0 23 1.320362279597317e+02 3.944172612848652e-18 6.218184812956068e-02
2 9 1.318583432518809e+02 7.221464328787380e-18 4.662876308491420e-02
1 13 1.338657732104973e+02 5.790710974011418e-18 5.172705795678351e-02
0 24 1.377718816765892e+02 4.006959988211999e-18 6.217782693970669e-02
0 25 1.435074160818649e+02 3.945921200256064e-18 6.216190888957537e-02
1 14 1.441529383010168e+02 2.370647542461794e-14 5.174802034456760e-02
2 10 1.464857026274743e+02 7.177298729604642e-18 4.660595342524052e-02
0 26 1.492427215865324e+02 4.005489677839907e-18 6.215707554880771e-02
1 15 1.544358410580937e+02 1.743713742699443e-15 5.174371926984759e-02
0 27 1.549779981068775e+02 4.130806862932494e-18 6.216472788516775e-02
0 28 1.607133568934398e+02 4.536397868928906e-18 6.217453399042433e-02
2 11 1.611195295297586e+02 7.119141851767778e-18 4.661040739924829e-02
1 16 1.647190643014155e+02 5.715705387152660e-18 5.174390002465306e-02
0 29 1.664490079439990e+02 4.372410132439722e-18 6.217645866435965e-02
0 30 1.721854133940098e+02 4.064677636877359e-18 6.218880060195660e-02
1 17 1.750029887361279e+02 5.967630516338531e-18 5.169517435465908e-02
2 12 1.757519467484923e+02 7.163755087846356e-18 4.666073302431572e-02
0 31 1.779212606049824e+02 4.369050431621675e-18 6.218944372597703e-02
0 32 1.836576563523597e+02 3.881444268804401e-18 6.217692536236236e-02
1 18 1.852843585846847e+02 5.682725046574761e-18 5.169968479902579e-02
0 33 1.893932365374902e+02 4.772919153854592e-18 6.217197987874031e-02
2 13 1.903869979928685e+02 7.127322450055388e-18 4.666907411808285e-02
0 34 1.951285379504397e+02 5.407547336026327e-18 6.216210691326660e-02
1 19 1.955681296825033e+02 5.727872747177396e-18 5.170123903140465e-02
0 35 2.008638970730114e+02 4.062894721436328e-18 6.215749420944958e-02
2 14 2.050222357614409e+02 7.155846520306614e-18 4.666231228825223e-02
1 20 2.058505413251429e+02 5.798571447350502e-18 5.170506019228769e-02
0 36 2.065992179780173e+02 4.061513680358624e-18 6.216394907271911e-02
0 37 2.123347357276018e+02 4.251389853943338e-18 6.217870938949255e-02
1 21 2.161350760702655e+02 2.663669736219774e-15 5.172862155703332e-02
0 38 2.180704690441495e+02 3.948443529910013e-18 6.217875560803261e-02
2 15 2.196537657356318e+02 7.265815339292698e-18 4.662861388265570e-02
0 39 2.238069012683013e+02 4.250869057607359e-18 6.218762324668257e-02
1 22 2.264182982761015e+02 1.875400627146133e-14 5.172102284512524e-02
0 40 2.295428010273348e+02 3.948097123862428e-18 6.218817401933132e-02
2 16 2.342855315142530e+02 7.223565859667209e-18 4.662657897155910e-02
0 41 2.352790083103002e+02 3.881750427577673e-18 6.217193851689912e-02
1 23 2.367011792058885e+02 5.748555017417138e-18 5.173372707345927e-02
0 42 2.410145477157662e+02 4.337819256976726e-18 6.216858016300460e-02
0 43 2.467498211767957e+02 4.252430380488722e-18 6.216131416642193e-02
1 24 2.469890638522884e+02 5.702286449034430e-18 5.173131830159553e-02
2 17 2.489117667984706e+02 7.114198255878101e-18 4.662633826638145e-02
0 44 2.524850512742820e+02 3.951060811464819e-18 6.215690452359699e-02
1 25 2.572713528264698e+02 5.726975953666194e-18 5.173036993921552e-02
0 45 2.582204794002881e+02 4.520632446035182e-18 6.216414260890250e-02
2 18 2.635470274100775e+02 7.240864047247604e-18 4.663180088366325e-02
0 46 2.639561224945463e+02 3.984277278688844e-18 6.218167117785718e-02
1 26 2.675540717836279e+02 5.716567083685419e-18 5.172593099822411e-02
0 47 2.696918936829331e+02 4.052554929726720e-18 6.218354086044861e-02
0 48 2.754285128611012e+02 4.148545345088457e-18 6.218541551423926e-02
1 27 2.778358374739603e+02 5.718280635783732e-18 5.169963048263224e-02
2 19 2.781828811968268e+02 7.100668332821815e-18 4.665566413840565e-02
0 49 2.811643038270490e+02 4.149489314903817e-18 6.218385366334087e-02
0 50 2.869003350900443e+02 4.457287544377905e-18 6.216723157307180e-02
1 28 2.881181348141463e+02 1.221715990632255e-16 5.170721064784604e-02
0 51 2.926357858521647e+02 4.656121902118208e-18 6.216374154098145e-02
2 20 2.928171478173846e+02 7.239077488358366e-18 4.666468284674651e-02
0 52 2.983709669777534e+02 4.252377831081314e-18 6.216282437378968e-02
1 29 2.984024785749189e+02 4.139850442809176e-15 5.170294286202540e-02
0 53 3.041062986317373e+02 4.049872525661156e-18 6.215914942076644e-02
2 21 3.074504932940540e+02 7.136920956476276e-18 4.665658720602716e-02
1 30 3.086855032242624e+02 5.672878010028524e-18 5.170972939190910e-02
0 54 3.098417574196772e+02 4.223851694778707e-18 6.216440198747074e-02
0 55 3.155776003975971e+02 4.046982624953204e-18 6.218421904026140e-02
1 31 3.189708308519871e+02 5.696175252681775e-18 5.173274157503031e-02
0 56 3.213133931749256e+02 4.251030927428380e-18 6.218536174495828e-02
2 22 3.220801885791452e+02 7.094268568786249e-18 4.662161832326595e-02
0 57 3.270499651535404e+02 3.881042532873424e-18 6.218348082790477e-02
1 32 3.292537146966959e+02 5.687685039984038e-18 5.172981285614676e-02
0 58 3.327858153129861e+02 3.974483184944945e-18 6.218082354129523e-02
2 23 3.367118684457451e+02 7.139137076685741e-18 4.661878654556746e-02
0 59 3.385216112396394e+02 3.974675913516213e-18 6.216336812027581e-02
1 33 3.395371740742712e+02 5.736856145513326e-18 5.174181891436871e-02
0 60 3.442570350865508e+02 4.280700224329486e-18 6.216071448228724e-02
0 61 3.499922169314669e+02 3.972006644181177e-18 6.216141531527836e-02
1 34 3.498250886417215e+02 5.803923741920215e-18 5.171491471754491e-02
2 24 3.513379778544444e+02 7.088671755322905e-18 4.664958276759078e-02
0 62 3.557274597057016e+02 4.043237397682479e-18 6.216166211148500e-02
1 35 3.601071053692232e+02 2.106226468582355e-17 5.171344100058736e-02
0 63 3.614630660058217e+02 4.042126829839403e-18 6.216688701631716e-02
