0 0 1.543910493051763e-01 7.996900827984855e-15 6.841297943067902e-02
1 0 1.087391163085383e-01 5.782901285448162e-14 5.556647744049441e-02
2 0 3.009061856843380e-01 6.982122425881695e-18 4.737396065543723e-02
0 1 5.889820938972849e+00 4.981680506474223e-15 6.841042136243597e-02
1 1 1.039224752871743e+01 5.358106104922577e-18 5.557088024032149e-02
0 2 1.162548494955298e+01 3.347880067876811e-15 6.841220473300923e-02
2 1 1.493440993791808e+01 6.988021259571674e-18 4.737582789398711e-02
0 3 1.736112478842773e+01 2.200959789038732e-15 6.842804953186919e-02
1 2 2.067708887975025e+01 5.284503881709537e-18 5.556394410379795e-02
0 4 2.309673889082062e+01 1.347014407962602e-15 6.843395049548148e-02
0 5 2.883279145420385e+01 1.032594892360922e-15 6.844047973484249e-02
2 2 2.956680384349666e+01 7.053047828035756e-18 4.737206245214794e-02
1 3 3.096063812523464e+01 5.297201663788703e-18 5.556362767585763e-02
0 6 3.456807814317580e+01 4.440953842811592e-16 6.843593039590985e-02
0 7 4.030404127182135e+01 2.797011046419687e-16 6.840539538936938e-02
1 4 4.124900542127830e+01 5.481136380774181e-18 5.563586724031510e-02
2 3 4.419380716203097e+01 7.000041180102573e-18 4.729911705099448e-02
0 8 4.603938023741628e+01 9.512583601021830e-17 6.840127558799455e-02
1 5 5.153148016098319e+01 5.321158106493378e-18 5.562865282998631e-02
0 9 5.177447725796792e+01 2.357188741294549e-17 6.840650777587376e-02
0 10 5.750989537798994e+01 3.630352389444643e-17 6.840739781230754e-02
2 4 5.883068551476472e+01 7.074082057006212e-18 4.730030164235895e-02
1 6 6.181353349933570e+01 2.044066556354314e-16 5.563250532414420e-02
0 11 6.324549690904086e+01 9.258519633065422e-17 6.841115879774055e-02
0 12 6.898133736275709e+01 1.660670556992643e-16 6.842795919024885e-02
1 7 7.209805175995982e+01 2.773214735389612e-14 5.558945878353298e-02
2 5 7.346445568546865e+01 7.030250514000622e-18 4.734529660547616e-02
0 13 7.471692909625872e+01 3.463401365058831e-16 6.843122727273550e-02
0 14 8.045308722602360e+01 4.446990874078242e-16 6.843273260044266e-02
1 8 8.238134506831086e+01 5.508238913850444e-18 5.558459216363317e-02
0 15 8.618828406217229e+01 1.057948672010437e-15 6.842600190992545e-02
2 6 8.809718726517406e+01 6.974020862757999e-18 4.735049326067964e-02
0 16 9.192381024631517e+01 1.772895595883723e-15 6.839936853722614e-02
1 9 9.266665164505882e+01 5.281573436662507e-18 5.559801855208234e-02
0 17 9.765934186334810e+01 2.961600520903525e-15 6.839689273493191e-02
2 7 1.027307642729880e+02 7.124320781133208e-18 4.734615151750556e-02
1 10 1.029502738937755e+02 5.300416957977904e-18 5.559608081863644e-02
0 18 1.033945615022512e+02 5.529526076155337e-15 6.840334933594569e-02
0 19 1.091300027437842e+02 8.638762648530474e-15 6.840901445318345e-02
1 11 1.132323819183258e+02 5.501479427214496e-18 5.560805293963814e-02
0 20 1.148656693888646e+02 1.207962229344397e-14 6.840954994909898e-02
2 8 1.173687079916842e+02 7.031155918543286e-18 4.733434276394659e-02
0 21 1.206014662609175e+02 1.610658016534205e-14 6.842511814712260e-02
1 12 1.235152709279634e+02 5.276700039841247e-18 5.559918350806134e-02
0 22 1.263371198270226e+02 2.210399479094944e-14 6.842974891544744e-02
0 23 1.320733797855643e+02 2.418800998219034e-14 6.842471159023560e-02
2 9 1.320052374322098e+02 7.070861866758723e-18 4.733108459370514e-02
1 13 1.337968437155638e+02 7.362372763140518e-17 5.560579301079972e-02
0 24 1.378085147992326e+02 4.717881168348954e-17 6.841924378804477e-02
0 25 1.435438739569328e+02 1.470849344245921e-16 6.839557495604187e-02
1 14 1.440880459664085e+02 4.981513782690576e-14 5.562964934634999e-02
2 10 1.466273717491671e+02 7.196982855676363e-18 4.731012265066042e-02
0 26 1.492793605946225e+02 3.418937582832069e-16 6.839063980430117e-02
1 15 1.543714931348867e+02 5.274931375123068e-18 5.562476961216134e-02
0 27 1.550147164906834e+02 7.631314410194601e-16 6.839975313510480e-02
0 28 1.607501773899345e+02 1.412954170542308e-15 6.840979172436484e-02
2 11 1.612604505401838e+02 6.990546756316187e-18 4.731371926990572e-02
1 16 1.646553012874130e+02 5.345085914658788e-18 5.562490247558585e-02
0 29 1.664858184664755e+02 2.293679800801303e-15 6.841229903565231e-02
0 30 1.722218290082686e+02 2.948598704421274e-15 6.842470701207347e-02
1 17 1.749398030103762e+02 5.303209205792919e-18 5.559073162435852e-02
2 12 1.758932672653255e+02 7.118513355071021e-18 4.734527757226626e-02
0 31 1.779573962570722e+02 4.727127194118664e-15 6.842551316468198e-02
0 32 1.836936890338591e+02 5.290180079614667e-15 6.841364452565077e-02
1 18 1.852233880962682e+02 5.332932498141040e-18 5.559521438216741e-02
0 33 1.894288011020227e+02 9.996843478807564e-15 6.840812983526760e-02
2 13 1.905251186267402e+02 7.069220296428694e-18 4.735207517244083e-02
0 34 1.951639169083089e+02 1.740243400365783e-14 6.839454830701204e-02
1 19 1.955095902719972e+02 5.422673777054849e-18 5.559853063662925e-02
0 35 2.008995627793102e+02 2.400585190275078e-14 6.838969587895925e-02
2 14 2.051568076306165e+02 7.272422240541288e-18 4.734560361342210e-02
1 20 2.057934946141162e+02 1.466241084720738e-17 5.560193282440956e-02
0 36 2.066349858243458e+02 3.501409862003907e-14 6.839697164330143e-02
0 37 2.123704671235334e+02 3.933142037606924e-18 6.841044970405702e-02
1 21 2.160763835784737e+02 5.766465914704196e-18 5.563132267439892e-02
0 38 2.181060855014581e+02 3.700427872100612e-18 6.841145358106017e-02
2 15 2.197941942629510e+02 7.018547462302686e-18 4.730763721578931e-02
0 39 2.238420451255483e+02 3.699074142061170e-18 6.842351688612264e-02
1 22 2.263586103699963e+02 5.491854087428778e-18 5.562174830428036e-02
0 40 2.295776654377955e+02 3.697875826383870e-18 6.842472081497360e-02
2 16 2.344314333182036e+02 8.001007806175935e-16 4.730499622750074e-02
0 41 2.353138758406533e+02 3.698555096363917e-18 6.840443451466295e-02
1 23 2.366399654706703e+02 5.317001538926083e-18 5.563730184426001e-02
0 42 2.410489923719483e+02 4.529920032772623e-18 6.839953356272935e-02
0 43 2.467840375912863e+02 4.349134097380565e-18 6.839039630680149e-02
1 24 2.469300411992527e+02 5.336380689477905e-18 5.560620142719130e-02
2 17 2.490556337547361e+02 3.333160732869243e-15 4.734170589211664e-02
0 44 2.525195291925460e+02 3.694467552970871e-18 6.838651953929703e-02
1 25 2.572148450991935e+02 5.462145134229653e-18 5.560401962065938e-02
0 45 2.582550811658052e+02 3.755475844659989e-18 6.839603365247907e-02
2 18 2.636848883749708e+02 2.997962145912258e-15 4.734619306041929e-02
0 46 2.639905756427287e+02 3.690570590665392e-18 6.841190430793562e-02
1 26 2.675005809497528e+02 5.322136582813573e-18 5.560151222766479e-02
0 47 2.697261433084637e+02 3.689183207877273e-18 6.841379063691977e-02
0 48 2.754622271214550e+02 3.688302267315052e-18 6.841967374567208e-02
1 27 2.777857046188489e+02 1.343868907399596e-17 5.558004102660784e-02
2 19 2.783154450152825e+02 1.604882323004623e-15 4.736212121510761e-02
0 49 2.811976368485691e+02 4.329849219444188e-18 6.841786798423075e-02
0 50 2.869336898960270e+02 3.594747728137796e-18 6.839459602744530e-02
1 28 2.880702726533972e+02 8.521768321083109e-14 5.559349224461033e-02
0 51 2.926688552659030e+02 4.141852676832369e-18 6.839046927786399e-02
2 20 2.929462423918753e+02 4.301477428317459e-15 4.736843809596211e-02
0 52 2.984038805372379e+02 3.684408730978050e-18 6.838852742632764e-02
1 29 2.983568290853522e+02 5.393971638926522e-18 5.558917975554387e-02
0 53 3.041394710718890e+02 3.683313719199070e-18 6.838424913339858e-02
2 21 3.075760295343410e+02 3.400691279244596e-15 4.736181181111170e-02
1 30 3.086414274861093e+02 5.353852672914176e-18 5.559472779890577e-02
0 54 3.098750148600049e+02 3.747381766216525e-18 6.839068214597442e-02
0 55 3.156105724654246e+02 3.679478067807675e-18 6.840926189087622e-02
1 31 3.189270010455030e+02 5.276273638705696e-18 5.564539627495920e-02
0 56 3.213461081501533e+02 3.784765935552782e-18 6.841122725279022e-02
2 22 3.222086924878838e+02 1.228554718408004e-15 4.729433381629216e-02
0 57 3.270822080610261e+02 3.677273165012472e-18 6.841565171179481e-02
1 32 3.292089790302938e+02 5.287035527473253e-18 5.563779030992426e-02
0 58 3.328176718341458e+02 4.220956089446951e-18 6.841177210563795e-02
2 23 3.368455912927030e+02 2.660411256122524e-16 4.729246886644310e-02
0 59 3.385534435062991e+02 4.043261268765232e-18 6.838459469418610e-02
1 33 3.394911680225985e+02 5.271362273756014e-18 5.565644549280016e-02
0 60 3.442886877435121e+02 3.934495599275787e-18 6.838122797646981e-02
1 34 3.497778174140522e+02 1.631887875584842e-17 5.561139818581656e-02
0 61 3.500237684002569e+02 3.673381402896036e-18 6.838195675415616e-02
2 24 3.514759549021418e+02 1.937745841098221e-16 4.734486853674318e-02
0 62 3.557592559108544e+02 4.228952205175742e-18 6.838309006972326e-02
1 35 3.600621638752860e+02 5.821109873910822e-18 5.560794597191421e-02
0 63 3.614949863396216e+02 3.670464754508194e-18 6.838987238844878e-02
