0 0 9.867246279032148e-02 3.872366961695728e-18 6.460677682298807e-02
1 0 3.153993186495238e-01 5.602050779144317e-18 5.277727813737120e-02
2 0 3.264101140230513e-01 6.853697530680789e-18 4.848355220244211e-02
0 1 5.833842644441750e+00 3.806351365205985e-18 6.460195591063635e-02
1 1 1.059784713974802e+01 5.663207529241958e-18 5.278577379898396e-02
0 2 1.156936327954350e+01 3.935243230998685e-18 6.460451254672051e-02
2 1 1.496200411217208e+01 6.960761365018504e-18 4.848245021058035e-02
0 3 1.730520958030083e+01 3.933223004494664e-18 6.462997749374197e-02
1 2 2.088113203564540e+01 5.613933581664210e-18 5.277187309090086e-02
0 4 2.304079012137435e+01 3.865661566585361e-18 6.463569487488290e-02
0 5 2.877723850474315e+01 3.932487226628462e-18 6.462950330098140e-02
2 2 2.959607749741103e+01 6.968651413229347e-18 4.847913153818706e-02
1 3 3.116263180825953e+01 2.900180434656518e-14 5.277879131988786e-02
0 6 3.451304188139667e+01 4.444414217330908e-18 6.462554135262884e-02
0 7 4.024883159419323e+01 3.932278087003776e-18 6.460950883418679e-02
1 4 4.144816603627925e+01 1.424070066242427e-17 5.280674618734534e-02
2 3 4.422561978522307e+01 6.869836032656204e-18 4.845019586120086e-02
0 8 4.598441262304198e+01 4.181516184547395e-18 6.460569081599285e-02
0 9 5.171986354517338e+01 4.176698555206280e-18 6.461045090757342e-02
1 5 5.173138528183916e+01 5.600348802875845e-18 5.280067578937249e-02
0 10 5.745499755786226e+01 4.238342885081408e-18 6.460804046239225e-02
2 4 5.885745718687376e+01 6.872537994055912e-18 4.845115939774772e-02
1 6 6.201522526236879e+01 5.998652274346673e-18 5.280798418306172e-02
0 11 6.319042560641384e+01 3.859791300597015e-18 6.461095212113374e-02
0 12 6.892665861614955e+01 4.638936259322988e-18 6.463594119048024e-02
1 7 7.230104727604832e+01 5.580635201246269e-18 5.276295571612752e-02
2 5 7.348643078921543e+01 7.224320446631968e-18 4.849120662340970e-02
0 13 7.466226161523149e+01 3.807281726188704e-18 6.463925103307225e-02
0 14 8.039858243288094e+01 4.227631435091418e-18 6.463079829747573e-02
1 8 8.258075556299099e+01 5.658711126180677e-18 5.276529644659497e-02
0 15 8.613440933334277e+01 3.808390889030343e-18 6.462526252395057e-02
2 6 8.812543864735883e+01 6.875302539212323e-18 4.849551718138194e-02
0 16 9.187003751060575e+01 3.740291075249869e-18 6.461129739080748e-02
1 9 9.286205704568982e+01 5.847644342177665e-18 5.277058702738385e-02
0 17 9.760562517473336e+01 4.984678218945747e-18 6.460729611462260e-02
2 7 1.027656053462369e+02 7.029002729081352e-18 4.849167485424023e-02
0 18 1.033410506154866e+02 4.532419165747720e-18 6.461284095716170e-02
1 10 1.031421958250965e+02 1.383233240857106e-14 5.276870595281569e-02
0 19 1.090761524360143e+02 4.010829109599874e-18 6.461731488567414e-02
1 11 1.134260392913142e+02 4.684133024792153e-15 5.279134610312773e-02
0 20 1.148116040981133e+02 4.405097952238760e-18 6.461850207689872e-02
2 8 1.173992073558982e+02 7.222519932529470e-18 4.846534413918773e-02
0 21 1.205480375810633e+02 4.509177079050340e-18 6.463937976717431e-02
1 12 1.237090606912004e+02 5.823764616911489e-18 5.277807923567127e-02
0 22 1.262838213084372e+02 3.918966007710397e-18 6.464275890027785e-02
0 23 1.320199946305617e+02 4.501110757916521e-18 6.463039294713328e-02
2 9 1.320315869338770e+02 6.886497724901814e-18 4.846310518816540e-02
1 13 1.339915399573192e+02 5.614573563217387e-18 5.278872629128347e-02
0 24 1.377557499169403e+02 3.739503747973288e-18 6.462575468283338e-02
0 25 1.434913598630305e+02 4.763378035157112e-18 6.461263340520437e-02
1 14 1.442776635682587e+02 5.564755443622498e-18 5.280529530351482e-02
2 10 1.466600701893622e+02 7.127609599709784e-18 4.844422826249988e-02
0 26 1.492267994760474e+02 4.188952031342821e-18 6.460763560547099e-02
1 15 1.545604922206952e+02 5.590394894298276e-18 5.280107712606494e-02
0 27 1.549623200925618e+02 3.916947375448272e-18 6.461570512895813e-02
0 28 1.606974973820689e+02 4.457568497142224e-18 6.462594486891379e-02
2 11 1.612926876317591e+02 1.773928423940130e-14 4.844866286801821e-02
1 16 1.648443928531882e+02 5.605875197551241e-18 5.280162882228615e-02
0 29 1.664328850987729e+02 3.913786140902479e-18 6.462773852442795e-02
0 30 1.721695438416150e+02 3.840498463786260e-18 6.464058826178190e-02
1 17 1.751286216887292e+02 1.803709933851802e-15 5.274961225493074e-02
2 12 1.759236815612838e+02 2.066247344092220e-14 4.850260919832336e-02
0 31 1.779053337280337e+02 3.839566479423076e-18 6.464171865023635e-02
0 32 1.836414351945439e+02 3.913018290009448e-18 6.462967596016068e-02
1 18 1.854085159821403e+02 6.308147334511775e-14 5.275387058776892e-02
0 33 1.893771904521407e+02 4.122371711986264e-18 6.462418275032783e-02
2 13 1.905629800390339e+02 3.392931303347113e-15 4.850995879815382e-02
0 34 1.951126959735587e+02 4.024475204667061e-18 6.461491420163196e-02
1 19 1.956898512483004e+02 5.681835264315999e-18 5.275563505229038e-02
0 35 2.008481388685756e+02 3.740419399700127e-18 6.460929612542850e-02
2 14 2.052027081046029e+02 2.185806113695616e-16 4.850382675723781e-02
1 20 2.059700629493614e+02 5.946703001254892e-18 5.275893283721137e-02
0 36 2.065836262046897e+02 5.063848626812430e-18 6.461599170470199e-02
0 37 2.123189935780038e+02 3.908056139928236e-18 6.463545706808640e-02
1 21 2.162543376194321e+02 5.626761238615196e-18 5.278172583976266e-02
0 38 2.180544429688785e+02 4.028553535234761e-18 6.463603948929955e-02
2 15 2.198356353803476e+02 4.232881679204470e-17 4.846663803274628e-02
0 39 2.237910836510675e+02 3.906986362396209e-18 6.464133748773761e-02
1 22 2.265367033948252e+02 5.662959246090950e-18 5.277614532543150e-02
0 40 2.295270084202922e+02 4.450054951704065e-18 6.464146880439937e-02
2 16 2.344684637266773e+02 7.070190931084385e-18 4.846512693670137e-02
0 41 2.352629372184216e+02 3.906774537152652e-18 6.462740715423808e-02
1 23 2.368192528273884e+02 5.822885410759718e-18 5.278682948732785e-02
0 42 2.409986235355380e+02 4.799570757016279e-18 6.462389822321239e-02
0 43 2.467341336131435e+02 4.352145447789824e-18 6.461677372839272e-02
1 24 2.471051111113710e+02 7.999274216797985e-17 5.278855656887421e-02
2 17 2.490976630187886e+02 7.033498715633625e-18 4.846023927342141e-02
0 44 2.524694296125321e+02 3.828411405803072e-18 6.461179875975882e-02
1 25 2.573868830534107e+02 6.096393415835456e-18 5.278764995573697e-02
0 45 2.582050064525900e+02 4.122627484858387e-18 6.461899512443178e-02
0 46 2.639406014897501e+02 4.121063694354460e-18 6.464315960936855e-02
2 18 2.637332305634000e+02 6.870289405291484e-18 4.846581687189003e-02
1 26 2.676694720638166e+02 5.611045213744217e-18 5.277924726256392e-02
0 47 2.696760458246486e+02 4.951982739443503e-18 6.464495945168534e-02
0 48 2.754126631984259e+02 4.338313914253536e-18 6.464106093018344e-02
1 27 2.779513358838365e+02 5.567014725963893e-18 5.274396378948665e-02
2 19 2.783691523310796e+02 7.035217092914894e-18 4.850670316537175e-02
0 49 2.811485289095316e+02 4.947093107691592e-18 6.463971180662303e-02
0 50 2.868844111569255e+02 4.038880357085685e-18 6.462728335271115e-02
1 28 2.882319325462263e+02 5.751032554704801e-18 5.274812168760837e-02
0 51 2.926200289838491e+02 3.817661520269527e-18 6.462291326856860e-02
2 20 2.930075499431503e+02 9.392151575197228e-17 4.851530629282248e-02
0 52 2.983554519291214e+02 4.041823149780062e-18 6.462050227153235e-02
1 29 2.985137968717119e+02 6.364082880542402e-18 5.274576523598660e-02
0 53 3.040907244626389e+02 4.466384560269749e-18 6.461584898348174e-02
2 21 3.076454640337461e+02 1.479914440862848e-15 4.850776782842315e-02
1 30 3.087949088484087e+02 2.099266423229335e-14 5.275263929096637e-02
0 54 3.098262159070698e+02 3.837652815123328e-18 6.462150621927049e-02
0 55 3.155621844616422e+02 3.894665444913077e-18 6.465037308436782e-02
1 31 3.190792307257380e+02 2.558739527544694e-15 5.276833628953378e-02
0 56 3.212977179336084e+02 4.029066517807005e-18 6.465129111600296e-02
2 22 3.222773604077610e+02 3.319768870854630e-15 4.847393392017200e-02
0 57 3.270341486726289e+02 3.894239474999125e-18 6.464217264588192e-02
1 32 3.293615839507203e+02 5.689258574289070e-18 5.276956578115728e-02
0 58 3.327700692934053e+02 3.758851493493446e-18 6.463898961221715e-02
2 23 3.369104055515939e+02 8.105563187287522e-15 4.847204520577841e-02
0 59 3.385057700143360e+02 4.004388456726960e-18 6.462619146210390e-02
1 33 3.396443045658575e+02 5.952944773292441e-18 5.277834786402200e-02
0 60 3.442413360787245e+02 4.020658586412440e-18 6.462403883740064e-02
0 61 3.499767742060826e+02 4.241576096061127e-18 6.462390473766683e-02
1 34 3.499300879891072e+02 5.573732789774853e-18 5.276308883271314e-02
2 24 3.515399013006868e+02 9.444324215459880e-15 4.848739057595781e-02
0 62 3.557119248289824e+02 3.809836182141344e-18 6.462302022725118e-02
1 35 3.602111999073093e+02 5.609789107445344e-18 5.276283731073141e-02
0 63 3.614474621915541e+02 3.988563505280098e-18 6.462785090369892e-02
