0 0 1.612144789283794e-01 7.434336331678547e-17 6.300901572093373e-02
2 0 3.193265390296990e-01 6.678117479708021e-18 4.970973079660042e-02
1 0 4.368276211214771e-01 6.031087066441035e-16 5.369319338382712e-02
0 1 5.896128673857667e+00 3.852074989263306e-14 6.300371993290857e-02
1 1 1.072181856766631e+01 5.724791661067554e-18 5.370542094900615e-02
0 2 1.163141372781915e+01 2.563590735578920e-14 6.300694520890826e-02
2 1 1.494968110160752e+01 6.862785923948030e-18 4.970244731410173e-02
0 3 1.736759669660101e+01 2.291877769010211e-14 6.303266545068312e-02
1 2 2.100648374385225e+01 5.725870316699085e-18 5.369092882953064e-02
0 4 2.310337619945750e+01 1.777263461670474e-14 6.303774643005081e-02
0 5 2.883968587713138e+01 1.684355799035614e-14 6.303201697703027e-02
2 2 2.957859726206033e+01 6.673195973698118e-18 4.970041904263404e-02
1 3 3.129013392261315e+01 5.584616572855780e-18 5.369614167559964e-02
0 6 3.457553135339909e+01 1.330848765475068e-14 6.302833255345661e-02
0 7 4.031130675619258e+01 1.018891833867871e-14 6.301466325215950e-02
1 4 4.157656582994599e+01 5.499468605971901e-18 5.371967423297294e-02
2 3 4.420518999252925e+01 6.675157030149450e-18 4.967523671876935e-02
0 8 4.604672530380468e+01 6.464177731093918e-15 6.301088309177331e-02
0 9 5.178213563057369e+01 3.949906122264886e-15 6.301302677371602e-02
1 5 5.186156379725941e+01 5.641961410566437e-18 5.371475069928965e-02
0 10 5.751710281520270e+01 1.812144384519247e-15 6.300899226699853e-02
2 4 5.883285541302549e+01 6.684033178000884e-18 4.967752101337137e-02
1 6 6.214736311381460e+01 9.383761462210063e-14 5.372278690514567e-02
0 11 6.325231773222406e+01 8.265221675368592e-16 6.301173902951600e-02
0 12 6.898877431992237e+01 7.936267788260935e-16 6.303391636277189e-02
1 7 7.243466160619531e+01 5.440308599825684e-15 5.368064829698003e-02
2 5 7.345755671823461e+01 6.839995602156783e-18 4.971620684056048e-02
0 13 7.472459620842932e+01 4.964009122575695e-16 6.303767229444836e-02
0 14 8.046085070162955e+01 4.212399296743588e-16 6.303257919564723e-02
1 8 8.271292435227288e+01 5.499217742787010e-18 5.368020717364404e-02
0 15 8.619676246869834e+01 2.699286792465007e-16 6.302690092129784e-02
2 6 8.809994235844900e+01 6.937814275190924e-18 4.972099942289555e-02
0 16 9.193244205863714e+01 1.366656911113100e-16 6.301300710627883e-02
1 9 9.299262479549118e+01 5.514782108125361e-18 5.368557504478665e-02
0 17 9.766783661514670e+01 3.754514238293174e-17 6.300867273155805e-02
2 7 1.027437667104145e+02 6.739980277057153e-18 4.971807359249084e-02
1 10 1.032715431418587e+02 5.792069883809972e-18 5.368261264454841e-02
0 18 1.034031793557563e+02 1.200561509432210e-17 6.301331669461532e-02
0 19 1.091382101770391e+02 2.997667756565598e-17 6.301850197704491e-02
1 11 1.135557723115613e+02 5.483298660680019e-18 5.370478402409491e-02
0 20 1.148735814410881e+02 9.415006129912259e-17 6.301991247807158e-02
2 8 1.173764704711846e+02 6.642962857919854e-18 4.969094413759925e-02
0 21 1.206101432678590e+02 8.628042918032151e-17 6.303541581258941e-02
1 12 1.238386894915634e+02 6.012878419257729e-18 5.369482517626800e-02
0 22 1.263460944463363e+02 1.355794736259993e-16 6.303844499557999e-02
2 9 1.320081992089925e+02 6.947551304343630e-18 4.968890914160064e-02
0 23 1.320821657507741e+02 1.868327239372992e-16 6.303006103424427e-02
1 13 1.341214524298971e+02 3.569023268562037e-14 5.370212087834722e-02
0 24 1.378179266753721e+02 3.211834618941068e-16 6.302591159649748e-02
0 25 1.435536126722018e+02 5.497090016934554e-16 6.301226118749341e-02
1 14 1.444065623511204e+02 4.693452634189752e-15 5.372109099338132e-02
2 10 1.466382675727354e+02 7.027884565893199e-18 4.966763608853376e-02
0 26 1.492888928499827e+02 1.161625851388898e-15 6.300709130780970e-02
1 15 1.546891650979209e+02 5.778180341217669e-18 5.371672281587163e-02
0 27 1.550242969760834e+02 2.054579150099718e-15 6.301382938954361e-02
0 28 1.607594937531733e+02 3.733660199179999e-15 6.302543349256984e-02
2 11 1.612719896578502e+02 6.888209618194566e-18 4.967314626695209e-02
1 16 1.649725662657718e+02 5.643624660909000e-18 5.371608121938656e-02
0 29 1.664948354390160e+02 6.238734944502491e-15 6.302726263213117e-02
0 30 1.722314176273269e+02 5.963579178747445e-15 6.303571044932027e-02
1 17 1.752576333643221e+02 6.254319543116445e-18 5.364803437257420e-02
2 12 1.759021869233141e+02 6.677618108672450e-18 4.975204049771428e-02
0 31 1.779673226354148e+02 3.660527403497318e-14 6.303730826312143e-02
0 32 1.837033211234588e+02 9.335392586565873e-15 6.302869293139360e-02
1 18 1.855349688687019e+02 5.496133287669952e-18 5.364890752371180e-02
0 33 1.894389945663390e+02 1.280132502441622e-14 6.302231854501313e-02
2 13 1.905479632900636e+02 8.959687527085201e-15 4.976099843213957e-02
0 34 1.951744698790116e+02 1.847562740781145e-14 6.301060256452853e-02
1 19 1.958137053388719e+02 5.809187161023786e-18 5.365263911249902e-02
0 35 2.009096202289180e+02 2.940716884929712e-14 6.300522086898240e-02
2 14 2.051943009759468e+02 1.638622879502464e-15 4.975494814063336e-02
1 20 2.060917235946982e+02 2.902726660130062e-15 5.365490922787955e-02
0 36 2.066448902876245e+02 6.424230426237705e-17 6.301184058558588e-02
0 37 2.123804361727199e+02 1.477491523482488e-16 6.303476776600053e-02
1 21 2.163732542187036e+02 5.500545928388437e-18 5.366819310784154e-02
0 38 2.181159654017329e+02 3.055109331883669e-16 6.303477418213788e-02
2 15 2.198328004149205e+02 1.558095896918504e-16 4.972701498635061e-02
0 39 2.238524011488232e+02 3.174073148848311e-16 6.303659699217024e-02
1 22 2.266536948718235e+02 5.532137693278361e-18 5.366451144243520e-02
0 40 2.295883003560502e+02 4.742124197169091e-16 6.303711842321047e-02
2 16 2.344709151736925e+02 9.142824262813238e-18 4.972511367499022e-02
0 41 2.353240727115905e+02 7.303475969472338e-16 6.302672180007769e-02
1 23 2.369342829640197e+02 5.589647750478072e-18 5.367247145678167e-02
0 42 2.410596087861921e+02 1.256364021418760e-15 6.302363519079640e-02
0 43 2.467950950178238e+02 2.049458176473957e-15 6.301380103583101e-02
1 24 2.472171133219130e+02 5.482308766094388e-18 5.368370975079889e-02
2 17 2.491074140876878e+02 6.698972591573512e-18 4.971044417746551e-02
0 44 2.525300904569910e+02 4.117350931275708e-15 6.300843212317517e-02
1 25 2.574963792254504e+02 5.522033951522148e-18 5.368290116146962e-02
0 45 2.582653534921112e+02 6.975339296299511e-15 6.301494718339039e-02
0 46 2.640012337433407e+02 8.913621082520126e-15 6.304178737558874e-02
2 18 2.637506480731406e+02 1.087268859276023e-16 4.971599163925196e-02
1 26 2.677753039314192e+02 4.057988985873724e-14 5.367240452966225e-02
0 47 2.697368566900925e+02 1.227407365173858e-14 6.304400764886084e-02
0 48 2.754733031676213e+02 1.252331808170926e-14 6.303984844331030e-02
1 27 2.780553076155626e+02 1.443805155413748e-13 5.361632269301335e-02
2 19 2.783926918028349e+02 3.366378974492618e-15 4.978180893394774e-02
0 49 2.812091950802837e+02 1.544557149849084e-14 6.303887280805322e-02
0 50 2.869449800780370e+02 1.937599952857610e-14 6.302808004832187e-02
1 28 2.883347400837397e+02 5.789667317448845e-18 5.361822026328468e-02
0 51 2.926804125392057e+02 2.705882961412493e-14 6.302303563008153e-02
2 20 2.930341219075810e+02 8.854134981243188e-15 4.979155371887746e-02
0 52 2.984157724970060e+02 4.045262343329050e-18 6.301836524335579e-02
1 29 2.986155582514845e+02 5.463592701312295e-18 5.361783841227674e-02
0 53 3.041507785626055e+02 5.394038534926580e-18 6.301424219242062e-02
2 21 3.076750176120346e+02 6.884545489211772e-18 4.978386300380625e-02
1 30 3.088959604234276e+02 5.554744094439757e-18 5.362429738488408e-02
0 54 3.098860177268182e+02 3.831086749670442e-18 6.301988509671275e-02
0 55 3.156223365639279e+02 4.770698717500252e-18 6.304699189583408e-02
1 31 3.191778433760998e+02 5.475736693774633e-18 5.363358896589533e-02
0 56 3.213581332448967e+02 5.128757898161494e-18 6.304697569056888e-02
2 22 3.223106362057604e+02 6.726963338735700e-18 4.975990144381390e-02
0 57 3.270944076547378e+02 3.983184676131624e-18 6.303921839240338e-02
1 32 3.294592346382692e+02 3.736656123411805e-15 5.363319487891547e-02
0 58 3.328303141346062e+02 4.432326952313290e-18 6.303702596395198e-02
2 23 3.369463101052341e+02 6.852463000396939e-18 4.975731724288745e-02
0 59 3.385659930948101e+02 3.888456603039994e-18 6.302562827160453e-02
1 33 3.397408147108125e+02 6.049622502047658e-18 5.364122262484596e-02
0 60 3.443014186993519e+02 3.889027620108516e-18 6.302301056189051e-02
0 61 3.500368511847223e+02 4.462169189191417e-18 6.302070961894783e-02
1 34 3.500248928800549e+02 5.504856068843770e-18 5.363930896515047e-02
2 24 3.515800426085901e+02 6.647512416918254e-18 4.975722023328957e-02
0 62 3.557718090033307e+02 4.842015322547548e-18 6.302006163886434e-02
1 35 3.603039216175805e+02 5.670034076608589e-18 5.363919171841142e-02
0 63 3.615070909067002e+02 4.035482154233243e-18 6.302507099129115e-02
