0 0 3.859205615355072e-02 1.073953968288984e-17 6.724093548621919e-02
1 0 2.193417763659299e-01 5.507883746145054e-18 5.449337813966644e-02
2 0 4.378270635071611e-01 3.874945666857546e-17 4.643709971716514e-02
0 1 5.773754374434661e+00 1.145989739509242e-17 6.723677058906036e-02
1 1 1.050357924449632e+01 5.534924869256231e-18 5.449826344091144e-02
0 2 1.150915342617044e+01 1.252639347983785e-17 6.723857085237438e-02
2 1 1.507101388733284e+01 7.103114843928981e-17 4.643883079083221e-02
0 3 1.724491697246209e+01 1.512186148903666e-17 6.726506382592769e-02
1 2 2.078884332310774e+01 5.531367738596709e-18 5.448414684673705e-02
0 4 2.298032370567888e+01 1.658866074553655e-17 6.727269327505332e-02
0 5 2.871655380416458e+01 1.803668111492708e-17 6.726711279388738e-02
2 2 2.970299793200046e+01 6.905023331325831e-17 4.643388748709155e-02
1 3 3.107231874843669e+01 5.728690535881153e-18 5.449204141951694e-02
0 6 3.445223597719993e+01 1.910301058569491e-17 6.726270599914275e-02
0 7 4.018804767977186e+01 1.977682976960173e-17 6.724372119066234e-02
1 4 4.136009158953077e+01 5.450748245088664e-18 5.455784916891287e-02
2 3 4.433104506052430e+01 5.455314112023015e-17 4.635859410291215e-02
0 8 4.592369004176979e+01 2.234440681828539e-17 6.723957203446088e-02
0 9 5.165911212997054e+01 2.485440960668212e-17 6.724524335283405e-02
1 5 5.164156151250105e+01 5.399802036858577e-18 5.455147623128333e-02
0 10 5.739416596868421e+01 2.837142801228339e-17 6.724546189434780e-02
2 4 5.896909204922305e+01 3.580387488097183e-16 4.635874645698206e-02
1 6 6.192395614052739e+01 5.487446745557597e-18 5.455779203704921e-02
0 11 6.312944687605633e+01 3.249911864468006e-17 6.724894381783111e-02
0 12 6.886560667553310e+01 3.482321064295543e-17 6.727280573802802e-02
1 7 7.220800557739489e+01 5.703011582714829e-18 5.450855828684908e-02
2 5 7.360383145390163e+01 3.251160284375322e-15 4.640494571658392e-02
0 13 7.460108129830344e+01 3.791856684829689e-17 6.727577628933000e-02
0 14 8.033720604200028e+01 3.894121837990400e-17 6.726616962475253e-02
1 8 8.249107257114211e+01 5.593456702095782e-15 5.451118069373538e-02
0 15 8.607290116921021e+01 4.211131299132391e-17 6.726117185055647e-02
2 6 8.823714213672487e+01 1.166874620392236e-14 4.640879710003158e-02
0 16 9.180855661002647e+01 4.687914828661856e-17 6.724637207749423e-02
1 9 9.277552782121889e+01 2.649278785838417e-17 5.451701818001745e-02
0 17 9.754432170479255e+01 4.970337489170584e-17 6.724259411962936e-02
1 10 1.030585883769841e+02 5.434868315584302e-18 5.451506668776031e-02
2 7 1.028711766869235e+02 3.659592356004202e-14 4.640567867433203e-02
0 18 1.032798059928049e+02 5.536610353654404e-17 6.724834710970316e-02
0 19 1.090148723863038e+02 6.564267231342570e-17 6.725367466923847e-02
1 11 1.133413752549061e+02 5.742308218065198e-18 5.452616801981422e-02
0 20 1.147501457106122e+02 7.396632525619948e-17 6.725551876962291e-02
2 8 1.175096325218705e+02 1.546911026815900e-14 4.639505862052606e-02
0 21 1.204863881515623e+02 7.497175519149724e-17 6.727649368721760e-02
1 12 1.236237129639108e+02 5.386442303808577e-18 5.451351527450991e-02
0 22 1.262221138315088e+02 8.018051696678508e-17 6.728172893641446e-02
0 23 1.319582047275973e+02 8.287434000016774e-17 6.726876148039795e-02
2 9 1.321464145984894e+02 7.151543369347762e-18 4.639208467037666e-02
1 13 1.339052922400344e+02 5.483308491866376e-18 5.452501681083410e-02
0 24 1.376939225384670e+02 8.932201194786321e-17 6.726320702256722e-02
0 25 1.434295494822800e+02 9.761369107106735e-17 6.724851873865370e-02
1 14 1.441956161047040e+02 5.383241654984601e-18 5.454813000906893e-02
2 10 1.467688051988862e+02 2.591028128098431e-14 4.636502007603886e-02
0 26 1.491650588926442e+02 1.073806230400914e-16 6.724363655306009e-02
1 15 1.544785953514562e+02 2.400320097755781e-15 5.454359490009480e-02
0 27 1.549005924051370e+02 1.189001307838709e-16 6.725435230449273e-02
0 28 1.606357086209354e+02 1.386827142241922e-16 6.726731786376566e-02
2 11 1.614027255937031e+02 7.258786362895611e-18 4.636781274662950e-02
1 16 1.647629680230349e+02 2.909309508206132e-16 5.454268843582030e-02
0 29 1.663709332942321e+02 1.572032291815051e-16 6.726942393846795e-02
0 30 1.721073566964961e+02 1.553634250420278e-16 6.728057778903031e-02
1 17 1.750465960274326e+02 5.516919937782475e-18 5.450893533219137e-02
2 12 1.760367595762164e+02 7.173366217559560e-18 4.639909655206097e-02
0 31 1.778430064764907e+02 1.678264217483257e-16 6.728133500966148e-02
0 32 1.835789785136196e+02 1.750377898481564e-16 6.726948576110491e-02
1 18 1.853302460011193e+02 5.427849104187787e-18 5.451381123233653e-02
0 33 1.893146586539406e+02 1.886366872020983e-16 6.726474402168101e-02
2 13 1.906691700401718e+02 7.168938613466435e-18 4.640438362896701e-02
0 34 1.950501861196151e+02 2.080796160951006e-16 6.725505601646051e-02
1 19 1.956151683181451e+02 5.386847840439863e-18 5.451592439188763e-02
0 35 2.007857105869819e+02 2.281184334828229e-16 6.724797771032172e-02
2 14 2.053018189745491e+02 7.296647963423462e-18 4.639970486419512e-02
1 20 2.058989004898286e+02 5.424014205455606e-18 5.451958108776107e-02
0 36 2.065211818540629e+02 2.518511360560950e-16 6.725486060971216e-02
0 37 2.122564152857178e+02 2.880732431074842e-16 6.727555082050705e-02
1 21 2.161821217203529e+02 5.433288827588270e-18 5.454077865656544e-02
0 38 2.179916360855631e+02 3.249670497775946e-16 6.727761600194897e-02
2 15 2.199402488720604e+02 7.213221253125865e-18 4.636472952645103e-02
0 39 2.237280215154451e+02 3.217781639048839e-16 6.728356994998341e-02
1 22 2.264635121270137e+02 2.148564774181056e-16 5.453546313458799e-02
0 40 2.294639089917649e+02 3.371388475199778e-16 6.728292918215190e-02
2 16 2.345782150162173e+02 7.162475788909573e-18 4.636438818546041e-02
0 41 2.351998365864706e+02 3.524823731341791e-16 6.726757107301934e-02
1 23 2.367447908035311e+02 3.262533010632644e-15 5.454698618015124e-02
0 42 2.409355011050095e+02 3.801773920940811e-16 6.726268877513142e-02
0 43 2.466710019348997e+02 4.193799828062294e-16 6.725594155586280e-02
1 24 2.470340891962744e+02 5.868611905798311e-18 5.451790609055410e-02
2 17 2.492020483269786e+02 7.155613350413617e-18 4.639865680323854e-02
0 44 2.524063197573571e+02 4.690528875241282e-16 6.725150560441727e-02
1 25 2.573191721124657e+02 5.386967232942973e-18 5.451627469852192e-02
0 45 2.581419462354704e+02 5.062303154610722e-16 6.726063239534157e-02
0 46 2.638774570388711e+02 5.581483368358333e-16 6.728588996363852e-02
2 18 2.638309572789594e+02 7.121128586484442e-18 4.640378942131788e-02
1 26 2.676054279796298e+02 5.388032471912066e-18 5.450726086214082e-02
0 47 2.696127273882851e+02 6.230855515330035e-16 6.728727504049047e-02
0 48 2.753491020425121e+02 3.652550092677236e-16 6.728374668511279e-02
1 27 2.778901036366697e+02 5.404193470994285e-18 5.449268057509779e-02
2 19 2.784616529636746e+02 7.138357049061862e-18 4.641881530000088e-02
0 49 2.810848629519631e+02 3.531753771387104e-16 6.728206835174638e-02
0 50 2.868207980650033e+02 3.449155336718562e-16 6.727087765829969e-02
1 28 2.881747923531077e+02 5.515503669022902e-18 5.449807649660097e-02
0 51 2.925564425448746e+02 3.344306639350527e-16 6.726667670035984e-02
2 20 2.930917764649558e+02 7.109435983983975e-18 4.642436627210559e-02
0 52 2.982919001245427e+02 3.264822097408987e-16 6.726398016915376e-02
1 29 2.984606273223797e+02 1.153465498567316e-15 5.449571635473779e-02
0 53 3.040271564395563e+02 3.140239224387880e-16 6.725830701793484e-02
2 21 3.077216780205773e+02 7.110848814037525e-18 4.641771799042601e-02
1 30 3.087457736573977e+02 4.356457150840190e-16 5.450266341903331e-02
0 54 3.097625707939125e+02 2.991292352552776e-16 6.726435110252320e-02
0 55 3.154983304597726e+02 2.920965047016945e-16 6.729553016992593e-02
1 31 3.190310096457704e+02 5.877610693632383e-18 5.454284353267671e-02
0 56 3.212336342944967e+02 2.757718776993003e-16 6.729767554275025e-02
2 22 3.223553254565543e+02 7.130806911594411e-18 4.635176664203087e-02
0 57 3.269698760187746e+02 2.643400121286978e-16 6.728955815884938e-02
1 32 3.293124788016843e+02 5.437008769038502e-18 5.454393507913539e-02
0 58 3.327057250617543e+02 2.535900186101547e-16 6.728410163817741e-02
2 23 3.369931388033351e+02 7.135595291246947e-18 4.635183757526666e-02
0 59 3.384414797942563e+02 2.450250875247457e-16 6.726974623924233e-02
1 33 3.395941039325301e+02 5.382467156867276e-18 5.455355382566043e-02
0 60 3.441770283353362e+02 2.347345407621219e-16 6.726744021569483e-02
0 61 3.499124276559517e+02 2.248822886292892e-16 6.726867377324647e-02
1 34 3.498802252142699e+02 5.427834849830164e-18 5.450925278479131e-02
2 24 3.516235029443771e+02 7.128461347396653e-18 4.640261318631374e-02
0 62 3.556475387573041e+02 2.123597369906640e-16 6.726848796312308e-02
1 35 3.601653373043096e+02 5.466615070887404e-18 5.450811916771493e-02
0 63 3.613830498215364e+02 1.996797631823436e-16 6.727267400713634e-02
