0 0 1.121197121911247e-01 3.721215765863315e-18 6.605454977303851e-02
1 0 3.448151153669086e-01 5.463395634177036e-18 5.426196160741057e-02
2 0 4.276660536168379e-01 8.243241142979653e-18 4.868801830308800e-02
0 1 5.847226018727659e+00 3.899129821420762e-18 6.604946563382288e-02
1 1 1.062757105466610e+01 5.416135169345634e-18 5.426873436029569e-02
0 2 1.158266083177735e+01 4.701670372078377e-18 6.605197450076304e-02
2 1 1.506327627274790e+01 1.058500119635048e-17 4.868883448504412e-02
0 3 1.731856203035303e+01 3.869393826266176e-18 6.607900549934639e-02
1 2 2.091095247730321e+01 5.433741905448923e-18 5.425396740951623e-02
0 4 2.305408932578118e+01 3.900508869761977e-18 6.608556998074540e-02
0 5 2.879033223401635e+01 3.657891198092562e-18 6.607938684903390e-02
2 2 2.969755229898911e+01 5.009570384038546e-17 4.868500331282073e-02
1 3 3.119292506087835e+01 5.611924048870393e-18 5.426076447049558e-02
0 6 3.452604475409364e+01 4.176239220458511e-18 6.607522140759535e-02
0 7 4.026179280540393e+01 3.804276624435176e-18 6.605867738020058e-02
1 4 4.147912472605919e+01 1.236214145710587e-14 5.429553620023205e-02
2 3 4.432661949439502e+01 5.355913425489361e-17 4.864739071711741e-02
0 8 4.599731541493833e+01 4.183693123476999e-18 6.605468097637780e-02
0 9 5.173274294660995e+01 3.906970109979259e-18 6.605918929538188e-02
1 5 5.176224553520881e+01 1.652777520003690e-15 5.428974418722401e-02
0 10 5.746781095613620e+01 3.723955677806793e-18 6.605711398801295e-02
2 4 5.895934102350351e+01 5.876133022938203e-17 4.864808354488259e-02
1 6 6.204611506400744e+01 5.538410139422810e-18 5.429703684059108e-02
0 11 6.320315068283219e+01 3.724145916679253e-18 6.606023015304703e-02
0 12 6.893942948996597e+01 4.150364368041131e-18 6.608500704489384e-02
1 7 7.233183279903059e+01 5.514791244054570e-18 5.424730856080683e-02
2 5 7.358875947139671e+01 4.092745260487915e-17 4.869375071193049e-02
0 13 7.467499256271529e+01 4.864530079614500e-18 6.608859479974395e-02
0 14 8.041112380578042e+01 3.795270070970539e-18 6.608073590092625e-02
1 8 8.261335673929892e+01 5.425212532750555e-18 5.424891546941601e-02
0 15 8.614685445792672e+01 3.860596284684300e-18 6.607522105935516e-02
2 6 8.822447052353461e+01 1.427426621798241e-16 4.869792189743705e-02
0 16 9.188247753305016e+01 3.725184642169949e-18 6.606064144195810e-02
1 9 9.289626137375294e+01 5.455556277895095e-18 5.425468502495009e-02
0 17 9.761805177180537e+01 4.201165706573931e-18 6.605637797130610e-02
2 7 1.028613564571174e+02 4.305754282743357e-15 4.869413971737040e-02
0 18 1.033534720109492e+02 3.791877612628024e-18 6.606159545743349e-02
1 10 1.031779190872650e+02 5.606540010502718e-18 5.425255601915448e-02
0 19 1.090885198060478e+02 4.189828595304471e-18 6.606630665716580e-02
1 11 1.134616364897213e+02 1.756288346073029e-16 5.427186916226255e-02
0 20 1.148238663843056e+02 4.184818921132528e-18 6.606780752032500e-02
2 8 1.174960824587064e+02 1.956219634072808e-14 4.867286268470120e-02
0 21 1.205602686013374e+02 4.553080150301086e-18 6.608779170002255e-02
1 12 1.237445094914009e+02 4.823701923284151e-14 5.425940792647072e-02
0 22 1.262960271135362e+02 3.785641624895103e-18 6.609170613367187e-02
0 23 1.320320625914748e+02 4.373661489792797e-18 6.608011706978389e-02
2 9 1.321294551577946e+02 5.312055959381840e-14 4.867062172490820e-02
1 13 1.340270211376932e+02 5.532943222279993e-18 5.426924573709806e-02
0 24 1.377677372786247e+02 4.176124350708653e-18 6.607496928007336e-02
0 25 1.435033515126319e+02 4.104386206195493e-18 6.606062118183494e-02
1 14 1.443138636100117e+02 5.419525497116725e-18 5.428848141337863e-02
2 10 1.467572240039786e+02 5.321072865816455e-14 4.864932293368353e-02
0 26 1.492387747110652e+02 3.925312587369462e-18 6.605554060702895e-02
1 15 1.545966587135509e+02 5.411759838848160e-18 5.428409135906343e-02
0 27 1.549742968256470e+02 3.926236210834297e-18 6.606413825191006e-02
0 28 1.607094569504689e+02 4.498147842698567e-18 6.607561829441289e-02
2 11 1.613904200421386e+02 6.972951439141877e-14 4.865355652206745e-02
1 16 1.648806108897397e+02 5.459704402175524e-18 5.428386130503932e-02
0 29 1.664447607293929e+02 3.728219202895731e-18 6.607754631339087e-02
0 30 1.721813144757326e+02 4.353043445212557e-18 6.608869158657724e-02
1 17 1.751645598245692e+02 5.409734198308313e-18 5.423676390157116e-02
2 12 1.760225527603820e+02 7.069503745746334e-18 4.870172612467503e-02
0 31 1.779170455312914e+02 4.078974826061861e-18 6.609008086347566e-02
0 32 1.836530251869415e+02 3.776258638535239e-18 6.607941996478967e-02
1 18 1.854462056485662e+02 9.531918144771391e-16 5.424027829359267e-02
0 33 1.893886963278693e+02 3.658258420493766e-18 6.607378861061669e-02
2 13 1.906585513580351e+02 6.927824257335597e-18 4.870813937720222e-02
0 34 1.951242206243360e+02 3.846183311111421e-18 6.606309901838789e-02
1 19 1.957290957428738e+02 5.560545611424918e-18 5.424309763059976e-02
0 35 2.008596518821670e+02 3.845453950401954e-18 6.605698103592879e-02
2 14 2.052949754360390e+02 7.024228031283612e-18 4.870226902985655e-02
1 20 2.060108614307526e+02 5.667008872514474e-18 5.424630646026453e-02
0 36 2.065951087150500e+02 3.658875834105450e-18 6.606380961503418e-02
0 37 2.123304631133298e+02 4.048066600794371e-18 6.608517510173177e-02
1 21 2.162954369007011e+02 5.440352360645727e-18 5.427048533108101e-02
0 38 2.180658189115069e+02 3.937530174871921e-18 6.608626818702075e-02
2 15 2.199279388046938e+02 6.827290247564033e-18 4.866173748747196e-02
0 39 2.238022954520000e+02 4.048697379647094e-18 6.609075804556154e-02
1 22 2.265782235117551e+02 5.455914937556997e-18 5.426548806969790e-02
0 40 2.295381523912963e+02 3.766931677323312e-18 6.609083533399593e-02
2 16 2.345608009886660e+02 6.841681404195477e-18 4.866063080307705e-02
0 41 2.352739817147463e+02 3.766853325728721e-18 6.607734015858986e-02
1 23 2.368611535738114e+02 5.471055877021942e-18 5.427560556719951e-02
0 42 2.410095660000364e+02 4.113231680116150e-18 6.607330303505535e-02
0 43 2.467450606919411e+02 3.765174313410372e-18 6.606484064539599e-02
1 24 2.471482226364266e+02 5.453000304471587e-18 5.427370134686758e-02
2 17 2.491881385515671e+02 7.166672954013552e-18 4.866176919695116e-02
0 44 2.524803205771758e+02 4.315817529619654e-18 6.605977816550881e-02
1 25 2.574308620961164e+02 2.106285078847163e-16 5.427238185849662e-02
0 45 2.582158522124497e+02 4.269247706504816e-18 6.606731352023949e-02
0 46 2.639514599183861e+02 3.759549763486402e-18 6.609314643581607e-02
2 18 2.638222067738003e+02 6.836694671949026e-18 4.866746771812956e-02
1 26 2.677142595695216e+02 5.678460720377141e-18 5.426292055380891e-02
0 47 2.696868179239320e+02 3.732172746735364e-18 6.609493676974662e-02
0 48 2.754232320601913e+02 3.833375816318628e-18 6.609095362226206e-02
1 27 2.779968510155690e+02 5.463408727859494e-18 5.423488645285265e-02
2 19 2.784572250917012e+02 6.791014999570333e-18 4.869881667062499e-02
0 49 2.811590009987417e+02 3.832774901259938e-18 6.608975082434247e-02
0 50 2.868948200030796e+02 4.419939653728043e-18 6.607796671390087e-02
1 28 2.882788241500530e+02 5.575737280797990e-18 5.423912117125507e-02
0 51 2.926303562795866e+02 4.297771298732562e-18 6.607323181657850e-02
2 20 2.930931679744073e+02 6.835124081443983e-18 4.870627825068486e-02
0 52 2.983657671175521e+02 4.294468922146112e-18 6.606936925094981e-02
1 29 2.985619094872006e+02 5.413912603007900e-18 5.423774276325202e-02
0 53 3.041009877318734e+02 3.954316476753359e-18 6.606421000846471e-02
2 21 3.077286674170407e+02 6.806804083672534e-18 4.869910621492855e-02
1 30 3.088443142107221e+02 5.883377526620164e-18 5.424449541941222e-02
0 54 3.098363905787828e+02 3.955417950484841e-18 6.607018907052653e-02
0 55 3.155723658752235e+02 4.062946727685561e-18 6.610070927899758e-02
1 31 3.191294185952633e+02 8.840191377152584e-14 5.426636977292897e-02
0 56 3.213078286089563e+02 3.734264462353090e-18 6.610202525648134e-02
2 22 3.223595060342846e+02 6.810455987486912e-18 4.865583354226964e-02
0 57 3.270440858005521e+02 4.047658708077287e-18 6.609357784999902e-02
1 32 3.294123480571273e+02 1.355195647908486e-17 5.426692176081747e-02
0 58 3.327799233322750e+02 3.747729135722481e-18 6.609000059412637e-02
2 23 3.369921918218110e+02 6.789106373470105e-18 4.865465763800089e-02
0 59 3.385155854578530e+02 3.747379178716862e-18 6.607684659529273e-02
1 33 3.396955389590645e+02 5.544541422119846e-18 5.427586717891710e-02
0 60 3.442510794420791e+02 3.658211447143168e-18 6.607471287833655e-02
0 61 3.499864964162534e+02 3.658388076250789e-18 6.607395525811878e-02
1 34 3.499823399265475e+02 5.673998278543271e-18 5.425160620316916e-02
2 24 3.516200516805887e+02 6.800870198121023e-18 4.868129169029882e-02
0 62 3.557216071437657e+02 3.737614306982225e-18 6.607283793715760e-02
1 35 3.602650021900145e+02 5.428229786306735e-18 5.425123009954363e-02
0 63 3.614570633774532e+02 3.741460721677763e-18 6.607768367585050e-02
