0 0 9.729014817943822e-02 4.194122197585127e-18 6.608131424576706e-02
1 0 3.320212213580562e-01 5.451881522781634e-18 5.441009745123493e-02
2 0 2.764555320606122e-01 7.004755999586916e-18 4.719127028031445e-02
0 1 5.832395953877688e+00 4.048311010171618e-18 6.607666798206813e-02
1 1 1.061694139099385e+01 5.439532468446439e-18 5.441729506303487e-02
0 2 1.156783834425669e+01 4.213666097590702e-18 6.607850315528842e-02
2 1 1.490757233342084e+01 6.998476635756229e-18 4.719064691982700e-02
0 3 1.730377653523039e+01 3.852862439303304e-18 6.610570452061230e-02
1 2 2.090257478433237e+01 5.428783693300322e-18 5.440216783395384e-02
0 4 2.303928655383140e+01 3.851572486954923e-18 6.611184341207485e-02
0 5 2.877551413175966e+01 3.919745267746311e-18 6.610619449129060e-02
2 2 2.953726158351884e+01 6.998596853953306e-18 4.718702412533908e-02
1 3 3.118673771590231e+01 5.444365489779251e-18 5.440944419559839e-02
0 6 3.451125927217367e+01 4.103346002404601e-18 6.610222975754335e-02
0 7 4.024708282933788e+01 4.170095569769757e-18 6.608570158827953e-02
1 4 4.147297593695646e+01 1.505371823341157e-15 5.444851537435005e-02
2 3 4.416647154649366e+01 7.016648805915532e-18 4.714402878298353e-02
0 8 4.598264881775646e+01 4.097247203807830e-18 6.608147803267651e-02
0 9 5.171809129924644e+01 4.161940439234327e-18 6.608512607325556e-02
1 5 5.175609131929499e+01 1.376160300747206e-14 5.444287118479736e-02
0 10 5.745313200563543e+01 3.778230611958516e-18 6.608350139733170e-02
2 4 5.880016605564883e+01 7.005944095416447e-18 4.714507366175698e-02
1 6 6.204000072100452e+01 5.696967426242184e-18 5.445009414098170e-02
0 11 6.318844359245539e+01 3.846945716561619e-18 6.608676090148612e-02
0 12 6.892478426832642e+01 3.655816881184291e-18 6.611203790268047e-02
1 7 7.232737277706335e+01 5.500235900171766e-18 5.437697270746938e-02
2 5 7.342739347292355e+01 6.996202717182221e-18 4.722040090346376e-02
0 13 7.466038186588695e+01 3.844487017577010e-18 6.611544761883134e-02
0 14 8.039653156720358e+01 4.143852103494497e-18 6.610717735201313e-02
1 8 8.261138255621145e+01 5.412585091564839e-18 5.437848799082706e-02
0 15 8.613229106967948e+01 3.930397508840382e-18 6.610146557643583e-02
2 6 8.805781530589428e+01 7.026265464343874e-18 4.722510266038549e-02
0 16 9.186795727614320e+01 4.138369513156908e-18 6.608694709545024e-02
1 9 9.289681498489483e+01 5.396423737958394e-18 5.438393051433054e-02
0 17 9.760358322318841e+01 3.843704372151582e-18 6.608348278393501e-02
2 7 1.026890470113937e+02 6.998052597664105e-18 4.722152707255816e-02
0 18 1.033390447960847e+02 4.047914641779200e-18 6.608863768454477e-02
1 10 1.031810107682251e+02 5.519203805725221e-18 5.438237445063145e-02
0 19 1.090741007923714e+02 3.729401047017884e-18 6.609322666950947e-02
1 11 1.134672565239956e+02 4.278162806595991e-15 5.439805454132025e-02
0 20 1.148094302692689e+02 3.766563088357343e-18 6.609411505466971e-02
2 8 1.173182312855356e+02 7.000412206495932e-18 4.720437826244430e-02
0 21 1.205458460971403e+02 3.728678193859733e-18 6.611406512136384e-02
1 12 1.237528100434133e+02 2.800843041921445e-15 5.438549912163648e-02
0 22 1.262816191359404e+02 3.728662019797141e-18 6.611851728742534e-02
0 23 1.320176890843990e+02 4.113427624713841e-18 6.610771217520102e-02
2 9 1.319458999567291e+02 7.001907279866129e-18 4.720183602150470e-02
1 13 1.340379028387559e+02 5.906947122485318e-18 5.439549364660810e-02
0 24 1.377534233952589e+02 4.036966785924391e-18 6.610292573595908e-02
0 25 1.434891090761532e+02 3.731063483922676e-18 6.608762087561183e-02
1 14 1.443262368606504e+02 5.457707901945576e-18 5.442752503884367e-02
2 10 1.465707670860895e+02 7.001880659735404e-18 4.716468170353365e-02
0 26 1.492245747362780e+02 3.762573038859174e-18 6.608231726376607e-02
1 15 1.546088588951514e+02 5.435194182164437e-18 5.442302900545540e-02
0 27 1.549600975295664e+02 3.731697594505726e-18 6.609070788291940e-02
0 28 1.606952395886740e+02 4.046990246913491e-18 6.610259713423410e-02
2 11 1.612053132119727e+02 7.069540650502847e-18 4.716876131635676e-02
1 16 1.648927401667963e+02 5.502258637704619e-18 5.442288248467698e-02
0 29 1.664305287526137e+02 3.831999214936342e-18 6.610488392003590e-02
0 30 1.721671267930790e+02 3.655628405328057e-18 6.611575534872330e-02
1 17 1.751765406523061e+02 5.935665504647095e-18 5.437328542544223e-02
2 12 1.758387976024299e+02 6.992936655301952e-18 4.721878103300728e-02
0 31 1.779028978877400e+02 3.731129214183464e-18 6.611691033238136e-02
0 32 1.836388995863968e+02 4.418389624777538e-18 6.610602253287941e-02
1 18 1.854615384449669e+02 9.540847949134549e-15 5.437655622044869e-02
0 33 1.893746052571651e+02 3.754708247433470e-18 6.610103606207465e-02
2 13 1.904673096581750e+02 7.041141758164596e-18 4.722586509137461e-02
0 34 1.951101775976389e+02 3.950733402872241e-18 6.609010072568045e-02
1 19 1.957478851114788e+02 7.830415910171661e-16 5.437923235082631e-02
0 35 2.008456790730910e+02 4.047981636467710e-18 6.608406394772598e-02
2 14 2.050957511855011e+02 7.009404590998758e-18 4.721991491159155e-02
1 20 2.060331170347094e+02 5.668959592996138e-18 5.438259594443851e-02
0 36 2.065811661671536e+02 3.953324556461826e-18 6.609065170354390e-02
0 37 2.123164984941822e+02 3.953633974473241e-18 6.611093051135461e-02
1 21 2.163199942172165e+02 5.503941060540027e-18 5.439963140274698e-02
0 38 2.180518233920931e+02 3.824885249910142e-18 6.611224857017456e-02
2 15 2.197236754371368e+02 7.108361915506680e-18 4.718996835336776e-02
0 39 2.237883023623759e+02 3.746999800875415e-18 6.611744365585828e-02
1 22 2.266052852420964e+02 5.426866926735261e-18 5.439429490905597e-02
0 40 2.295242142447746e+02 3.746250004735001e-18 6.611818820911941e-02
2 16 2.343511878489386e+02 6.997741532506886e-18 4.718842941340139e-02
0 41 2.352601088640203e+02 3.734357882662618e-18 6.610499222025808e-02
1 23 2.368906440004932e+02 5.417443740278481e-18 5.440443413582961e-02
0 42 2.409957591351710e+02 4.350276250224469e-18 6.610093191862745e-02
0 43 2.467312938394738e+02 3.744771087049696e-18 6.609129662640606e-02
1 24 2.471812097886778e+02 5.450136462216716e-18 5.440536459379203e-02
2 17 2.489716459944106e+02 7.028280605674561e-18 4.718772551819555e-02
0 44 2.524665779082534e+02 3.822480576669212e-18 6.608592558498864e-02
1 25 2.574639176938542e+02 1.403979635116434e-13 5.440379078713378e-02
0 45 2.582021195416174e+02 3.957602519074067e-18 6.609408103002709e-02
2 18 2.636064254519420e+02 6.997702605291936e-18 4.719312452657787e-02
0 46 2.639377004211490e+02 4.046122849895937e-18 6.611993596382275e-02
1 26 2.677475698983171e+02 5.429570273444238e-18 5.439421117186235e-02
0 47 2.696730566236361e+02 4.026742760898086e-18 6.612217859484329e-02
0 48 2.754094949558282e+02 3.737734485878454e-18 6.611824413942410e-02
1 27 2.780299129371874e+02 5.795462378936127e-18 5.437912377827182e-02
2 19 2.782425837261398e+02 7.146265342521644e-18 4.720541279583614e-02
0 49 2.811452996822312e+02 3.964920152400220e-18 6.611688607095703e-02
0 50 2.868811536702014e+02 3.962022811021241e-18 6.610546502032778e-02
1 28 2.883144638537144e+02 5.465605373696817e-18 5.438426383946560e-02
0 51 2.926167395212667e+02 3.676944671847591e-18 6.610150767117907e-02
2 20 2.928729698437095e+02 7.014308142985526e-18 4.721227837077271e-02
0 52 2.983521951457864e+02 3.656836201910475e-18 6.609715492053585e-02
1 29 2.986002478649423e+02 5.396649998190870e-18 5.438300501660644e-02
0 53 3.040874549504752e+02 3.733460357529781e-18 6.609083418428847e-02
2 21 3.075024152318115e+02 7.019811248808978e-18 4.720533753791542e-02
1 30 3.088853637308311e+02 5.477959523922496e-18 5.439002076252890e-02
0 54 3.098228635189078e+02 4.196840087824351e-18 6.609656994516279e-02
0 55 3.155587780568007e+02 3.750109523962083e-18 6.612688165994701e-02
1 31 3.191713720956564e+02 5.393622793703385e-18 5.440793454995704e-02
0 56 3.212942171590162e+02 3.748678877967597e-18 6.612914329905574e-02
2 22 3.221317413754695e+02 7.013158609426636e-18 4.716775468369858e-02
0 57 3.270304931654030e+02 3.748917956670310e-18 6.612190614819136e-02
1 32 3.294551364480350e+02 1.142533978324291e-13 5.440811827530104e-02
0 58 3.327664030136991e+02 3.655522934637006e-18 6.611821155193441e-02
2 23 3.367631592771338e+02 7.013008605967338e-18 4.716643841845591e-02
0 59 3.385021348305176e+02 3.748292900091688e-18 6.610476894537276e-02
1 33 3.397391503796642e+02 6.412501618112097e-18 5.441703997692581e-02
0 60 3.442376730999212e+02 3.809632434082007e-18 6.610206437624629e-02
0 61 3.499731022181487e+02 3.920329901118756e-18 6.610093789658114e-02
1 34 3.500289298771951e+02 5.568912094017829e-18 5.436866502503703e-02
2 24 3.513858630935146e+02 6.996124078503330e-18 4.722583002609599e-02
0 62 3.557082043185503e+02 3.842812049197303e-18 6.609887632401958e-02
1 35 3.603127947802087e+02 5.869021534331024e-18 5.436863800980945e-02
0 63 3.614436820313078e+02 3.677585935440500e-18 6.610416313914616e-02
