0 0 3.198852466221084e-01 6.825960138781773e-17 8.089185468711134e-02
1 0 1.811319121199428e+00 8.850303563754228e-14 4.563673773103678e-02
0 1 3.563343346259316e+00 6.820681267184914e-17 8.089187426823939e-02
0 2 6.806800975109833e+00 6.811623156504739e-17 8.089175646756269e-02
0 3 1.005025946544008e+01 6.820658695555075e-17 8.089204030262437e-02
0 4 1.329372067620897e+01 6.811123404116392e-17 8.089203671499423e-02
0 5 1.653718019899854e+01 6.830702766738762e-17 8.089171423565646e-02
0 6 1.978063635412857e+01 6.812073990105494e-17 8.089182554337107e-02
1 1 2.111452913152508e+01 5.396824395179274e-14 4.563686838115170e-02
0 7 2.302409453157704e+01 6.811074595456182e-17 8.089181442444571e-02
0 8 2.626755211417860e+01 6.810568158628863e-17 8.089172060163369e-02
0 9 2.951101073629055e+01 6.790947594327357e-17 8.089200668735715e-02
0 10 3.275447201013940e+01 6.795739879238318e-17 8.089197880021996e-02
0 11 3.599793131553314e+01 6.786173589367592e-17 8.089165969799708e-02
0 12 3.924138747088902e+01 6.810536373464423e-17 8.089179603879249e-02
1 2 4.041773981773235e+01 3.143557942379122e-14 4.563712511861514e-02
0 13 4.248484571243169e+01 6.810044486305572e-17 8.089175452549305e-02
0 14 4.572830325599502e+01 6.774593327218150e-17 8.089168588172803e-02
0 15 4.897176201511723e+01 6.785593202926329e-17 8.089197214368321e-02
0 16 5.221522333874869e+01 6.795184383100675e-17 8.089191997095896e-02
0 17 5.545868242168702e+01 6.795654106085017e-17 8.089160660988824e-02
0 18 5.870213859710690e+01 6.790352959246750e-17 8.089176587683448e-02
1 3 5.972095158678032e+01 1.732649083622601e-14 4.563747876164843e-02
0 19 6.194559688857598e+01 6.779804032286755e-17 8.089169482517036e-02
0 20 6.518905440105412e+01 6.794646580108997e-17 8.089165221248333e-02
0 21 6.843251330172960e+01 6.788440424837778e-17 8.089193660452908e-02
0 22 7.167597466115527e+01 6.799915087611274e-17 8.089186030798713e-02
0 23 7.491943351822061e+01 6.794640634846933e-17 8.089155505988709e-02
0 24 7.816288973281057e+01 6.769207523208016e-17 8.089173476301881e-02
1 4 7.902416471670274e+01 8.920007345121973e-15 4.563788667647292e-02
0 25 8.140634805987729e+01 6.768271130905332e-17 8.089163556002230e-02
0 26 8.464980554983983e+01 6.759555631759536e-17 8.089161949328644e-02
0 27 8.789326459588494e+01 6.763438761305169e-17 8.089190000866907e-02
0 28 9.113672597650553e+01 6.764367177686658e-17 8.089179989894750e-02
0 29 9.438018460599355e+01 6.789314086208766e-17 8.089150512490439e-02
0 30 9.762364087785456e+01 6.752877813215993e-17 8.089170241290888e-02
1 5 9.832737931821134e+01 4.213093861475983e-15 4.563830058771565e-02
0 31 1.008670992263135e+02 6.759034475763557e-17 8.089157694649404e-02
0 32 1.041105567028261e+02 6.767301062687147e-17 8.089158761928059e-02
0 33 1.073540158972888e+02 6.748469538338916e-17 8.089186230096919e-02
0 34 1.105974772839816e+02 6.763382857229121e-17 8.089173883805666e-02
0 35 1.138409356859582e+02 6.758104565943484e-17 8.089145686860638e-02
0 36 1.170843920319220e+02 6.763786078538426e-17 8.089166856061257e-02
1 6 1.176305953283086e+02 1.778088428790759e-15 4.563867509427592e-02
0 37 1.203278503879631e+02 6.752798302769969e-17 8.089151917898015e-02
0 38 1.235713078604730e+02 6.737859542283624e-17 8.089155648231186e-02
0 39 1.268147672055932e+02 6.757602280924711e-17 8.089182343261665e-02
0 40 1.300582285828077e+02 6.777358936738114e-17 8.089167722576208e-02
0 41 1.333016867591506e+02 6.777789180418876e-17 8.089141033977702e-02
0 42 1.365451431945327e+02 6.747044853287232e-17 8.089163296740964e-02
1 7 1.369338125348606e+02 6.435654534110187e-16 4.563897458195196e-02
0 43 1.397886015449958e+02 6.747897447259622e-17 8.089146242865559e-02
0 44 1.430320590232261e+02 6.741752448243120e-17 8.089152597180888e-02
0 45 1.462755185203966e+02 6.751852438214568e-17 8.089178336133625e-02
0 46 1.495189798722570e+02 6.742187459256328e-17 8.089161516834698e-02
0 47 1.527624378266816e+02 6.727231432761705e-17 8.089136557065321e-02
0 48 1.560058943650558e+02 6.731615375236257e-17 8.089159543002770e-02
1 8 1.562370306233321e+02 1.873840977258406e-16 4.563917731351301e-02
0 49 1.592493526976623e+02 6.732024988730164e-17 8.089140684296738e-02
0 50 1.624928101915131e+02 6.732843313231811e-17 8.089149597560484e-02
0 51 1.657362698412439e+02 6.737265748958722e-17 8.089174205159140e-02
0 52 1.689797311516587e+02 6.736856684915895e-17 8.089155277747810e-02
0 53 1.722231888897243e+02 6.730740021392221e-17 8.089132257525464e-02
0 54 1.754666455427261e+02 6.711733072064474e-17 8.089155578804212e-02
1 9 1.755402492331446e+02 3.952821087656243e-17 4.563927576498852e-02
0 55 1.787101038462831e+02 6.720595170375896e-17 8.089135254566242e-02
0 56 1.819535613657421e+02 6.705603562743853e-17 8.089146638069790e-02
0 57 1.851970211676266e+02 6.710866767662776e-17 8.089169947477175e-02
0 58 1.884404824204032e+02 6.706434965668945e-17 8.089149016969661e-02
0 59 1.916839399495014e+02 6.700326871280099e-17 8.089128134773023e-02
1 10 1.948434680058300e+02 9.748307484640408e-18 4.563927215337506e-02
0 60 1.949273967266653e+02 6.720954515771469e-17 8.089151392988067e-02
0 61 1.981708549912372e+02 6.710010221714357e-17 8.089129963723667e-02
0 62 2.014143125462979e+02 6.700265049285599e-17 8.089143707395274e-02
0 63 2.046577724989829e+02 6.716058430882972e-17 8.089165560936014e-02
0 64 2.079012336779484e+02 6.710803765728309e-17 8.089142746584523e-02
0 65 2.111446910072703e+02 6.710383218597687e-17 8.089124186075775e-02
1 11 2.141466866047072e+02 8.667193621091401e-18 4.563917193917329e-02
0 66 2.143881479159047e+02 6.679959252050195e-17 8.089146979698483e-02
0 67 2.176316061329523e+02 6.684418425996752e-17 8.089124819571140e-02
0 68 2.208750637335390e+02 6.690444256289233e-17 8.089140794275103e-02
0 69 2.241185238346996e+02 6.700582886063574e-17 8.089161044108877e-02
0 70 2.273619849238252e+02 6.705074369968533e-17 8.089136479043713e-02
0 71 2.306054420643071e+02 6.689260882936585e-17 8.089120406404304e-02
1 12 2.334499047110224e+02 8.661633004136335e-18 4.563898195274090e-02
0 72 2.338488991094113e+02 6.695274116257246e-17 8.089142338580727e-02
0 73 2.370923572718936e+02 6.683962413317375e-17 8.089119827765241e-02
0 74 2.403358149277944e+02 6.663270118426907e-17 8.089137887559031e-02
0 75 2.435792751741129e+02 6.658770551975153e-17 8.089156396307287e-02
0 76 2.468227361576421e+02 6.689600168024436e-17 8.089130227095735e-02
0 77 2.500661931218890e+02 6.679425956960410e-17 8.089116788296570e-02
1 13 2.527531220284323e+02 8.662183955536455e-18 4.563871334683951e-02
0 78 2.533096503061153e+02 6.643682737329487e-17 8.089137474748291e-02
0 79 2.565531084085553e+02 6.672998790532827e-17 8.089114991935446e-02
0 80 2.597965661293601e+02 6.688776162315056e-17 8.089134976263526e-02
0 81 2.630400265165113e+02 6.693301714538115e-17 8.089151617592760e-02
0 82 2.662834873790904e+02 6.674108713662262e-17 8.089124003710003e-02
0 83 2.695269441812765e+02 6.677501836031354e-17 8.089113321744788e-02
1 14 2.720563383050612e+02 8.828417147970590e-18 4.563838372809066e-02
0 84 2.727704015049362e+02 6.673688240149401e-17 8.089132398522181e-02
0 85 2.760138595434515e+02 6.657881870383837e-17 8.089110313814539e-02
0 86 2.792573173384959e+02 6.657864032217545e-17 8.089132049622720e-02
0 87 2.825007778611383e+02 6.662770103484349e-17 8.089146708786239e-02
0 88 2.857442385879490e+02 6.673664377841994e-17 8.089117821993827e-02
0 89 2.889876952436944e+02 6.652225224541567e-17 8.089109994112383e-02
1 15 2.913595533593844e+02 8.732110096893834e-18 4.563801679653842e-02
0 90 2.922311527048096e+02 6.642393225232499e-17 8.089127124964453e-02
0 91 2.954746106771100e+02 6.626585478214425e-17 8.089105793375906e-02
0 92 2.987180685554222e+02 6.641652651665674e-17 8.089129097135518e-02
0 93 3.019615292071969e+02 6.667620891791988e-17 8.089141671475519e-02
0 94 3.052049897840883e+02 6.647276798879913e-17 8.089111695102413e-02
0 95 3.084484463103128e+02 6.667255621325934e-17 8.089106790090318e-02
1 16 3.106627671019142e+02 9.702985730939639e-18 4.563764114083980e-02
0 96 3.116919039047121e+02 6.657409357493174e-17 8.089121673244022e-02
0 97 3.149353618100650e+02 6.677416671273526e-17 8.089101428973886e-02
0 98 3.181788197803179e+02 6.641251090158663e-17 8.089126108608888e-02
0 99 3.214222805538537e+02 6.641940018168290e-17 8.089136508020016e-02
0 100 3.246657409674744e+02 6.637023833817269e-17 8.089105636142162e-02
0 101 3.279091973822279e+02 6.631389414872629e-17 8.089103691704956e-02
1 17 3.299659795519168e+02 5.857366138113846e-17 4.563728893250156e-02
0 102 3.311526551036829e+02 6.647159151588968e-17 8.089116065883645e-02
0 103 3.343961129428538e+02 6.631354279598146e-17 8.089097217485340e-02
0 104 3.376395710133176e+02 6.625413135816413e-17 8.089123074198593e-02
0 105 3.408830319002457e+02 6.636941757329897e-17 8.089131221553426e-02
0 106 3.441264921381735e+02 6.621490450939674e-17 8.089099658066909e-02
0 107 3.473699484604437e+02 6.630332640517404e-17 8.089100678388411e-02
1 18 3.492691908485895e+02 2.747641726985727e-16 4.563699412276623e-02
0 108 3.506134063008431e+02 6.600382680115418e-17 8.089110327939852e-02
0 109 3.538568640760120e+02 6.631284110742410e-17 8.089093154449678e-02
0 110 3.571003222545100e+02 6.631269670473460e-17 8.089119984446591e-02
0 111 3.603437832454854e+02 6.635893377756768e-17 8.089125815983184e-02
0 112 3.635872432963542e+02 6.615168033081345e-17 8.089093773567092e-02
