0 0 2.896297605310782e-01 2.971322027664698e-18 7.889717274056196e-02
1 0 1.682480159406368e+00 4.511691815174520e-17 4.745297156376953e-02
0 1 3.533085337927571e+00 2.893350409451648e-18 7.889711414702057e-02
0 2 6.776540685829587e+00 2.786312589490126e-18 7.889713744659267e-02
0 3 1.001999808984321e+01 2.971342054387800e-18 7.889735715759796e-02
0 4 1.326345555241755e+01 2.864283669203152e-18 7.889734129963191e-02
0 5 1.650691299640323e+01 3.430253893896848e-18 7.889708261438493e-02
0 6 1.975036799198947e+01 3.456964530940090e-18 7.889718686467978e-02
1 1 2.098565596046238e+01 1.378376366673635e-17 4.745323812397451e-02
0 7 2.299382353410413e+01 2.971382504963398e-18 7.889709120232193e-02
0 8 2.623727899425417e+01 3.222830653537118e-18 7.889714436915007e-02
0 9 2.948073641845291e+01 2.786302903930729e-18 7.889735592084256e-02
0 10 3.272419388760284e+01 2.786302898595136e-18 7.889732710036906e-02
0 11 3.596765126050708e+01 2.866837448622764e-18 7.889706382024143e-02
0 12 3.921110620118061e+01 2.759698307923146e-18 7.889720006753198e-02
1 2 4.028883290814043e+01 8.404275404530435e-18 4.745359209895650e-02
0 13 4.245456169503493e+01 2.864263765666580e-18 7.889706978187744e-02
0 14 4.569801727534031e+01 2.759696172680393e-18 7.889715130377814e-02
0 15 4.894147471329413e+01 2.893488783552848e-18 7.889735397511234e-02
0 16 5.218493219067762e+01 3.457643204007827e-18 7.889731210252955e-02
0 17 5.542838948142051e+01 3.347400155924936e-18 7.889704593460863e-02
0 18 5.867184438602925e+01 2.759698253420288e-18 7.889721189487722e-02
1 3 5.959201122706803e+01 8.341435863862599e-18 4.745398887013234e-02
0 19 6.191529982089840e+01 2.893539765803014e-18 7.889705025595850e-02
0 20 6.515875552759161e+01 3.145303555118729e-18 7.889715828984546e-02
0 21 6.840221297402920e+01 2.893551395385573e-18 7.889735146140088e-02
0 22 7.164567046153948e+01 3.145352032975653e-18 7.889729645134252e-02
0 23 7.488912765941087e+01 2.893573814622821e-18 7.889702929060992e-02
0 24 7.813258254718276e+01 2.864229843265973e-18 7.889722191203143e-02
1 4 7.889519097502416e+01 8.365816365536994e-18 4.745438471325251e-02
0 25 8.137603791504198e+01 3.458304828723093e-18 7.889703292767990e-02
0 26 8.461949375267170e+01 3.536306608900669e-18 7.889716537464207e-02
0 27 8.786295120348149e+01 2.893614102744257e-18 7.889734851852404e-02
0 28 9.110640870315548e+01 2.867025524297831e-18 7.889728029363506e-02
0 29 9.434986579799187e+01 2.759699982496657e-18 7.889701422127220e-02
0 30 9.759332068791825e+01 3.223576159821030e-18 7.889722971666240e-02
1 5 9.819837206015139e+01 8.459489824276173e-18 4.745474249637006e-02
0 31 1.008367759837659e+02 2.864210668633477e-18 7.889701802431159e-02
0 32 1.040802319552034e+02 2.759695858465515e-18 7.889717260019743e-02
0 33 1.073236894073786e+02 3.432248905208675e-18 7.889734526998038e-02
0 34 1.105671469212625e+02 2.786286326362086e-18 7.889726376561032e-02
0 35 1.138106039036027e+02 3.536862187883761e-18 7.889700104272454e-02
0 36 1.170540588137841e+02 3.145878948003418e-18 7.889723495259808e-02
1 6 1.175015542738870e+02 8.637031516508087e-18 4.745503463871623e-02
0 37 1.202975140358289e+02 2.893729502993986e-18 7.889700569137149e-02
0 38 1.235409701422859e+02 2.759695751693730e-18 7.889717999136300e-02
0 39 1.267844275938217e+02 3.145987103505685e-18 7.889734181224224e-02
0 40 1.300278851238016e+02 2.864178929099702e-18 7.889724698206459e-02
0 41 1.332713419850255e+02 2.893763890581970e-18 7.889699003806928e-02
0 42 1.365147969320157e+02 2.988372651427075e-18 7.889723732387455e-02
1 7 1.368047373312567e+02 1.760177966585549e-17 4.745524429075976e-02
0 43 1.397582520817257e+02 3.432977429104697e-18 7.889699599002299e-02
0 44 1.430017083227831e+02 3.146184829260374e-18 7.889718754625429e-02
0 45 1.462451657725362e+02 2.893802566021897e-18 7.889733820553983e-02
0 46 1.494886233201437e+02 3.661790942706960e-18 7.889723002809994e-02
0 47 1.527320800525992e+02 3.095888476912172e-18 7.889698144298123e-02
0 48 1.559755350507836e+02 2.988333446873203e-18 7.889723660794065e-02
1 8 1.561079209140176e+02 6.209296913434459e-17 4.745536503918886e-02
0 49 1.592189901327981e+02 3.095901308603263e-18 7.889698889817447e-02
0 50 1.624624465064477e+02 2.988315415271461e-18 7.889719522991516e-02
0 51 1.657059039539711e+02 2.867286090456623e-18 7.889733446797689e-02
0 52 1.689493615201756e+02 2.867295907824327e-18 7.889721295416638e-02
0 53 1.721928181172997e+02 2.893890623524633e-18 7.889697543390334e-02
0 54 1.754362731783461e+02 2.893901968000511e-18 7.889723266680282e-02
1 9 1.754111047081013e+02 2.058386750903081e-16 4.745539749050066e-02
0 55 1.786797282002604e+02 3.146595657890540e-18 7.889698431546575e-02
0 56 1.819231847029638e+02 2.893923284923016e-18 7.889720297176907e-02
0 57 1.851666421483307e+02 2.759692877492505e-18 7.889733057351768e-02
0 58 1.884100997333337e+02 2.893937708515932e-18 7.889719577495967e-02
0 59 1.916535561897753e+02 2.786275255539060e-18 7.889697211943897e-02
1 10 1.947142884156960e+02 5.714912789328274e-16 4.745534268800765e-02
0 60 1.948970113221885e+02 2.971816427352822e-18 7.889722545495333e-02
0 61 1.981404662942295e+02 3.120245737432430e-18 7.889698207205115e-02
0 62 2.013839229209977e+02 3.348816636189066e-18 7.889721066704504e-02
0 63 2.046273803646304e+02 2.864108132444384e-18 7.889732645401744e-02
0 64 2.078708379676758e+02 3.146896448652517e-18 7.889717847233473e-02
0 65 2.111142942794244e+02 3.224780180470136e-18 7.889697153522909e-02
1 11 2.140174717384871e+02 1.372949821063765e-15 4.745519909936614e-02
0 66 2.143577494882345e+02 3.095977260575182e-18 7.889721502321556e-02
0 67 2.176012044228472e+02 2.864102981637810e-18 7.889698194079692e-02
0 68 2.208446611673492e+02 3.120499399091266e-18 7.889721818201237e-02
0 69 2.240881186098638e+02 3.120523920952935e-18 7.889732200511293e-02
0 70 2.273315762290780e+02 3.147116623045027e-18 7.889716100203548e-02
0 71 2.305750323936032e+02 2.894080092568727e-18 7.889697364230747e-02
1 12 2.333206543689853e+02 2.961039733278807e-15 4.745496755113381e-02
0 72 2.338184876802041e+02 2.894090875414452e-18 7.889720151808770e-02
0 73 2.370619425915773e+02 2.786263375815474e-18 7.889698365222579e-02
0 74 2.403053994462781e+02 3.539527975991168e-18 7.889722536248782e-02
0 75 2.435488568883594e+02 2.971934450326803e-18 7.889731709542551e-02
0 76 2.467923145206334e+02 2.786257456439982e-18 7.889714330367102e-02
0 77 2.500357705370331e+02 2.894142996308240e-18 7.889697832862357e-02
1 13 2.526238360130195e+02 5.855042066207080e-15 4.745465739217975e-02
0 78 2.532792258991832e+02 2.867595003799186e-18 7.889718517666623e-02
0 79 2.565226808027418e+02 3.225287210628650e-18 7.889698691128076e-02
0 80 2.597661377590750e+02 3.225310823760385e-18 7.889723204477937e-02
0 81 2.630095952013865e+02 2.894178618569697e-18 7.889731157823213e-02
0 82 2.662530528423084e+02 2.894189099244978e-18 7.889712531306749e-02
0 83 2.694965087114626e+02 3.147602399429864e-18 7.889698541320962e-02
1 14 2.719270164289720e+02 1.080494738092139e-14 4.745428868701446e-02
0 84 2.727399641434474e+02 3.147646445165930e-18 7.889716631769081e-02
0 85 2.759834190553397e+02 3.349536084010969e-18 7.889699141480686e-02
0 86 2.792268761039125e+02 2.867682322271551e-18 7.889723806800517e-02
0 87 2.824703335470476e+02 2.894241012180621e-18 7.889730530453508e-02
0 88 2.857137911908905e+02 2.894251769912362e-18 7.889710697589858e-02
0 89 2.889572469156121e+02 3.349640794301789e-18 7.889699465232761e-02
1 15 2.912301954682593e+02 1.884003054689384e-14 4.745389194691291e-02
0 90 2.922007024085594e+02 2.972064247639163e-18 7.889714532955495e-02
0 91 2.954441573451651e+02 2.972076020076993e-18 7.889699686855045e-02
0 92 2.986876144759922e+02 2.988041714117745e-18 7.889724328659774e-02
0 93 3.019310719204656e+02 2.786241354385403e-18 7.889729813633488e-02
0 94 3.051745295602325e+02 3.225771516454082e-18 7.889708826135954e-02
0 95 3.084179851454020e+02 2.894330941969451e-18 7.889700574688008e-02
1 16 3.105333731111741e+02 2.258317290624796e-14 4.745350663597435e-02
0 96 3.116614406877339e+02 3.121541370407784e-18 7.889712265623403e-02
0 97 3.149048956652140e+02 2.894356490355221e-18 7.889700300248356e-02
0 98 3.181483528679746e+02 2.864005260021113e-18 7.889724758178282e-02
0 99 3.213918103142498e+02 2.867822604619860e-18 7.889728995889578e-02
0 100 3.246352679417716e+02 2.867834509904965e-18 7.889706917463779e-02
0 101 3.278787233944408e+02 2.894393394826224e-18 7.889701835044234e-02
1 17 3.298365494925712e+02 3.853765742486736e-14 4.745317767205274e-02
0 102 3.311221789724398e+02 3.226064629634651e-18 7.889709878202636e-02
0 103 3.343656340063430e+02 3.463726371544701e-18 7.889700958337922e-02
0 104 3.376090912706494e+02 2.987964079971356e-18 7.889725087093399e-02
0 105 3.408525487191942e+02 2.786232780687564e-18 7.889728069089935e-02
0 106 3.440960063252767e+02 2.894439630154369e-18 7.889704976702304e-02
0 107 3.473394616547219e+02 2.867918820492106e-18 7.889703207742307e-02
1 18 3.491397249079333e+02 8.328390215521508e-18 4.745294898467369e-02
0 108 3.505829172531813e+02 2.894467936048038e-18 7.889707421580910e-02
0 109 3.538263723581171e+02 2.894480643042026e-18 7.889701642377019e-02
0 110 3.570698296737857e+02 3.464186258758422e-18 7.889725311388088e-02
0 111 3.603132871251459e+02 3.148622376537221e-18 7.889727029156324e-02
0 112 3.635567446997529e+02 3.096189975459112e-18 7.889703014268655e-02
