0 0 2.505471750446037e-01 2.315623211391476e-14 8.361874270701791e-02
1 0 1.560589959566150e+00 1.565031571947144e-15 4.526456215681084e-02
0 1 3.494007092133078e+00 2.315408586572278e-14 8.361862474232581e-02
0 2 6.737464229737967e+00 2.311204134160795e-14 8.361857709134635e-02
0 3 9.980925531784917e+00 2.312791527616742e-14 8.361895349581178e-02
0 4 1.322438944929196e+01 2.319038754134893e-14 8.361885680979873e-02
0 5 1.646784796895895e+01 2.317251063609528e-14 8.361855696272046e-02
0 6 1.971130750049140e+01 2.316293461609459e-14 8.361880661546878e-02
1 1 2.086378333433628e+01 4.247752659431825e-15 4.526485474574574e-02
0 7 2.295476725835532e+01 2.315625394179320e-14 8.361866232251289e-02
0 8 2.619822441914165e+01 2.311604680990172e-14 8.361864387096880e-02
0 9 2.944168602203398e+01 2.313467808193219e-14 8.361901879578416e-02
0 10 3.268514977955927e+01 2.319402165171855e-14 8.361888897377871e-02
0 11 3.592860813473244e+01 2.317491741339353e-14 8.361861133484530e-02
0 12 3.917206782620348e+01 2.316491062097038e-14 8.361886888662491e-02
1 2 4.016697784454329e+01 9.880027319564717e-15 4.526519996514804e-02
0 13 4.241552741401057e+01 2.315777667441958e-14 8.361870055357258e-02
0 14 4.565898462036752e+01 2.311704472708058e-14 8.361871186637475e-02
0 15 4.890244651884827e+01 2.314237059182393e-14 8.361908256003915e-02
0 16 5.214591008975408e+01 2.319766302898037e-14 8.361892063605579e-02
0 17 5.538936830617094e+01 2.317687038388763e-14 8.361866758054158e-02
0 18 5.863282815083667e+01 2.316926703892251e-14 8.361892935404397e-02
1 3 5.947017362341273e+01 2.055837412192555e-14 4.526557053621223e-02
0 19 6.187628755984824e+01 2.315970552526879e-14 8.361873961383744e-02
0 20 6.511974483419731e+01 2.311899123637756e-14 8.361878097257441e-02
0 21 6.836320702071825e+01 2.315075855049556e-14 8.361914468521063e-02
0 22 7.160667038014442e+01 2.320292132797366e-14 8.361895199012877e-02
0 23 7.485012848421748e+01 2.317838167704579e-14 8.361872564063276e-02
0 24 7.809358847313882e+01 2.317317945460136e-14 8.361898788095244e-02
1 4 7.877337070355100e+01 3.931603333116275e-14 4.526593811390140e-02
0 25 8.133704769682004e+01 2.316163205921389e-14 8.361877966467259e-02
0 26 8.458050506144463e+01 2.312235920531548e-14 8.361885107690058e-02
0 27 8.782396752616137e+01 2.315467221927236e-14 8.361920507938429e-02
0 28 9.106743065132399e+01 2.320541987110409e-14 8.361898323268899e-02
0 29 9.431088866979485e+01 2.318262036364915e-14 8.361878543759353e-02
0 30 9.755434879196582e+01 2.317816449492817e-14 8.361904436443171e-02
1 5 9.807656901551896e+01 7.036443753984631e-14 4.526627426581423e-02
0 31 1.007978078260648e+02 2.316301993839799e-14 8.361882085009513e-02
0 32 1.040412653029422e+02 2.312461083242432e-14 8.361892205984220e-02
0 33 1.072847280337249e+02 2.316284045091315e-14 8.361926366354168e-02
0 34 1.105281909041915e+02 2.320920371131342e-14 8.361901456162271e-02
0 35 1.137716488637885e+02 2.318480066977961e-14 8.361884687603481e-02
0 36 1.170151091062854e+02 2.318138081580177e-14 8.361909873874124e-02
1 6 1.173797683911385e+02 1.193558342998151e-13 4.526655194024602e-02
0 37 1.202585679488790e+02 2.316352478603955e-14 8.361886329674496e-02
0 38 1.235020255595151e+02 2.312845915723202e-14 8.361899379587918e-02
0 39 1.267454885419781e+02 2.317031489494235e-14 8.361932037293125e-02
0 40 1.299889511399156e+02 2.321162900464065e-14 8.361904617398422e-02
0 41 1.332324090670211e+02 2.318390864231265e-14 8.361890984320978e-02
0 42 1.364758694151733e+02 2.318565188581421e-14 8.361915097756177e-02
1 7 1.366829685744938e+02 2.973615604757208e-14 4.526674765317115e-02
0 43 1.397193280666819e+02 2.316450098443422e-14 8.361890711410536e-02
0 44 1.429627858319492e+02 2.313130237756289e-14 8.361906615429378e-02
0 45 1.462062490495003e+02 2.317634135253287e-14 8.361937515831531e-02
0 46 1.494497113598905e+02 2.321505950630534e-14 8.361907826395337e-02
0 47 1.526931692802231e+02 2.318750716380197e-14 8.361897420953116e-02
0 48 1.559366297178041e+02 2.318714928687654e-14 8.361920109500484e-02
1 8 1.559861692416964e+02 8.727193530182815e-18 4.526684344413080e-02
0 49 1.591800881809739e+02 2.316547626514897e-14 8.361895239489474e-02
0 50 1.624235461209536e+02 2.313610453852329e-14 8.361913899995238e-02
0 51 1.656670095548655e+02 2.318285250098949e-14 8.361942798705950e-02
0 52 1.689104715656845e+02 2.321812442318769e-14 8.361911102080545e-02
0 53 1.721539295039983e+02 2.318999319431546e-14 8.361903982911564e-02
1 9 1.752893700213360e+02 8.805979850974681e-18 4.526682676192779e-02
0 54 1.753973900134356e+02 2.319291626512521e-14 8.361924914531446e-02
0 55 1.786408482932926e+02 2.316905310939660e-14 8.361899921555531e-02
0 56 1.818843064271211e+02 2.313831406427607e-14 8.361921219404533e-02
0 57 1.851277700566262e+02 2.318984028918312e-14 8.361947884402128e-02
0 58 1.883712317589838e+02 2.322036383473010e-14 8.361914462690834e-02
0 59 1.916146897387901e+02 2.319282685383819e-14 8.361910654037123e-02
1 10 1.945925705075780e+02 8.725505784698326e-18 4.526669014906230e-02
0 60 1.948581503013932e+02 2.319587450169745e-14 8.361929522126001e-02
0 61 1.981016084051687e+02 2.316813710582289e-14 8.361904763678238e-02
0 62 2.013450667508892e+02 2.314265272474430e-14 8.361928559478574e-02
0 63 2.045885305532993e+02 2.319776733906802e-14 8.361952773221576e-02
0 64 2.078319919415360e+02 2.322182984259651e-14 8.361917925577819e-02
0 65 2.110754499848503e+02 2.319714547767910e-14 8.361917416667268e-02
1 11 2.138957702825506e+02 8.736012371719459e-18 4.526643623868657e-02
0 66 2.143189105810535e+02 2.319831127482273e-14 8.361933945130672e-02
0 67 2.175623685180860e+02 2.317053002957075e-14 8.361909770405059e-02
0 68 2.208058270925061e+02 2.314652343310397e-14 8.361935905806786e-02
0 69 2.240492910433583e+02 2.320363207407122e-14 8.361957467322850e-02
0 70 2.272927521150989e+02 2.322441363904782e-14 8.361921507021844e-02
0 71 2.305362102422141e+02 2.319957639444236e-14 8.361924251718708e-02
1 12 2.331989689669230e+02 8.738628782713909e-18 4.526608466586524e-02
0 72 2.337796708518327e+02 2.320115443772138e-14 8.361938199573020e-02
0 73 2.370231286334484e+02 2.317227615072674e-14 8.361914944811827e-02
0 74 2.402665874520042e+02 2.315205073057028e-14 8.361943243810203e-02
0 75 2.435100515252331e+02 2.321078482353110e-14 8.361961970737240e-02
0 76 2.467535122813942e+02 2.322711866919199e-14 8.361925222057642e-02
0 77 2.499969705106827e+02 2.320265417506066e-14 8.361931138792053e-02
1 13 2.525021662849396e+02 8.725178688213990e-18 4.526567257406503e-02
0 78 2.532404311131787e+02 2.320648648071654e-14 8.361942304188874e-02
0 79 2.564838887525547e+02 2.317295482641262e-14 8.361920288549723e-02
0 80 2.597273478291817e+02 2.315711490681404e-14 8.361950558804263e-02
0 81 2.629708119973196e+02 2.321681974676292e-14 8.361966289357886e-02
0 82 2.662142724420719e+02 2.322969909797250e-14 8.361929084313999e-02
0 83 2.694577307898177e+02 2.320563100592444e-14 8.361938056307075e-02
1 14 2.718053621462397e+02 8.725791951270687e-18 4.526524915071728e-02
0 84 2.727011913645713e+02 2.320938856648440e-14 8.361946279891551e-02
0 85 2.759446488765847e+02 2.317463925518821e-14 8.361925801888752e-02
0 86 2.791881082235973e+02 2.316099955150511e-14 8.361957836063071e-02
0 87 2.824315724579993e+02 2.322149283663550e-14 8.361970430903108e-02
0 88 2.856750325986858e+02 2.323210369191891e-14 8.361933105871068e-02
0 89 2.889184910789454e+02 2.321025892335427e-14 8.361944981677391e-02
1 15 2.911085565738161e+02 8.072180196989435e-15 4.526486605554365e-02
0 90 2.921619516055299e+02 2.321080591175550e-14 8.361950149210474e-02
0 91 2.954054090065959e+02 2.317633010342093e-14 8.361931483759152e-02
0 92 2.986488686345747e+02 2.316819723169555e-14 8.361965060887527e-02
0 93 3.018923329056692e+02 2.323007218527908e-14 8.361974404854948e-02
0 94 3.051357927526794e+02 2.323428617349264e-14 8.361937297136768e-02
0 95 3.083792513771726e+02 2.321364599906719e-14 8.361951891532472e-02
1 16 3.104117497613100e+02 1.218937241276000e-13 4.526456481146363e-02
0 96 3.116227118356277e+02 2.321612981895146e-14 8.361953935726327e-02
0 97 3.148661691435310e+02 2.317659992116314e-14 8.361937331792178e-02
0 98 3.181096290612186e+02 2.317331443233944e-14 8.361972218680139e-02
0 99 3.213530933387812e+02 2.323536830212503e-14 8.361978222374691e-02
0 100 3.245965529053843e+02 2.323502043357873e-14 8.361941666744972e-02
0 101 3.278400116834140e+02 2.321656251999127e-14 8.361958761993989e-02
1 17 3.297149420429749e+02 7.134327673205699e-14 4.526437317947614e-02
0 102 3.310834720545135e+02 2.321754139221362e-14 8.361957663527196e-02
0 103 3.343269292882334e+02 2.317953785378627e-14 8.361943342362227e-02
0 104 3.375703895024404e+02 2.317811204078180e-14 8.361979295028259e-02
0 105 3.408138537558876e+02 2.324215962291191e-14 8.361981896197253e-02
0 106 3.440573130580277e+02 2.323742400528649e-14 8.361946221475872e-02
0 107 3.473007719964271e+02 2.322042620718743e-14 8.361965569009951e-02
1 18 3.490181338308668e+02 3.938105402639217e-14 4.526430373469319e-02
0 108 3.505442322619375e+02 2.321907790332270e-14 8.361961356705938e-02
0 109 3.537876894414713e+02 2.318005071013112e-14 8.361949510632423e-02
0 110 3.570311499569905e+02 2.318581135461825e-14 8.361986275798138e-02
0 111 3.602746141556906e+02 2.324694503167949e-14 8.361985440507357e-02
0 112 3.635180732117470e+02 2.324030055836066e-14 8.361950966199430e-02
