0 0 2.249636836918113e-01 2.601114970693725e-18 8.365172726463493e-02
1 0 1.804515528716969e+00 8.427697738038743e-18 4.691688019035879e-02
0 1 3.468424927205960e+00 2.890832135622210e-18 8.365162717088546e-02
0 2 6.711881648656440e+00 2.687404161706860e-18 8.365161466755802e-02
0 3 9.955345902966169e+00 2.890822069001408e-18 8.365203828850547e-02
0 4 1.319880875957236e+01 3.272972201761359e-18 8.365186418670116e-02
0 5 1.644226753942109e+01 2.890834892263896e-18 8.365166539965863e-02
0 6 1.968572785374946e+01 2.687393766856859e-18 8.365187255898264e-02
1 1 2.110769721954840e+01 8.427245777166480e-18 4.691704015810837e-02
0 7 2.292918887739595e+01 3.933026668875567e-18 8.365173316682538e-02
0 8 2.617264573111130e+01 2.923075575091187e-18 8.365177129162436e-02
0 9 2.941611022986536e+01 2.687382333040356e-18 8.365217195564544e-02
0 10 3.265957281650302e+01 3.126503550920400e-18 8.365197959924427e-02
0 11 3.590303153712367e+01 2.601110848088452e-18 8.365179517762805e-02
0 12 3.914649201969529e+01 2.687386015206946e-18 8.365201722144866e-02
1 2 4.041087968347362e+01 6.611799171746720e-14 4.691728087840445e-02
0 13 4.238995279510203e+01 2.890844249328811e-18 8.365184005153019e-02
0 14 4.563340983303002e+01 2.890832302866358e-18 8.365192903484321e-02
0 15 4.887687453825403e+01 2.890835210688775e-18 8.365230404062508e-02
0 16 5.212033685361137e+01 3.273052530522615e-18 8.365209531813171e-02
0 17 5.536379553084603e+01 2.804569792336902e-18 8.365192631794743e-02
0 18 5.860725618201314e+01 3.126499325048663e-18 8.365216094996578e-02
1 3 5.971406315211995e+01 3.957262480998877e-14 4.691757834854380e-02
0 19 6.185071668363582e+01 2.890850143898893e-18 8.365194829977302e-02
0 20 6.509417395565065e+01 2.601101205256992e-18 8.365208756412003e-02
0 21 6.833763882891112e+01 2.923016977164874e-18 8.365243460366978e-02
0 22 7.158110087375465e+01 2.923016476908086e-18 8.365221141337432e-02
0 23 7.482455952349854e+01 2.923023264368985e-18 8.365205883691507e-02
0 24 7.806802034184511e+01 3.359357787919925e-18 8.365230341701443e-02
1 4 7.901724776973744e+01 2.255151973256561e-14 4.691790834954469e-02
0 25 8.131148054760720e+01 2.890855932625507e-18 8.365205834117466e-02
0 26 8.455493810059974e+01 2.890843065776433e-18 8.365224653806079e-02
0 27 8.779840310348659e+01 2.890848329022747e-18 8.365256369622756e-02
0 28 9.104186488050807e+01 2.890858897690034e-18 8.365232793452139e-02
0 29 9.428532351861921e+01 2.804587795358761e-18 8.365219272862014e-02
0 30 9.752878450076153e+01 2.687362939840044e-18 8.365244427931554e-02
1 5 9.832043359420211e+01 1.211095214887610e-14 4.691824679050683e-02
0 31 1.007722443926543e+02 2.890861621803908e-18 8.365217055255136e-02
0 32 1.040157022696912e+02 2.687362601315085e-18 8.365240561350948e-02
0 33 1.072591673642458e+02 2.687352028018183e-18 8.365269136179666e-02
0 34 1.105026288778946e+02 2.804599555480532e-18 8.365244491292571e-02
0 35 1.137460875200935e+02 2.601094005115133e-18 8.365232796626312e-02
0 36 1.169895486604743e+02 2.601089638614306e-18 8.365258319062477e-02
1 6 1.176236205989138e+02 6.043358140676906e-15 4.691856963063211e-02
0 37 1.202330082251014e+02 2.890867220551127e-18 8.365228525316749e-02
0 38 1.234764664646745e+02 2.687354245742617e-18 8.365256445280320e-02
0 39 1.267199316137653e+02 2.922964988375678e-18 8.365281763825115e-02
0 40 1.299633928700731e+02 2.890871006674197e-18 8.365256236544016e-02
0 41 1.332068515318378e+02 2.687352918598326e-18 8.365246450470974e-02
0 42 1.364503128225271e+02 2.601085547060492e-18 8.365271981700775e-02
1 7 1.369268086750883e+02 2.747613530110612e-15 4.691885298176493e-02
0 43 1.396937720515809e+02 2.804610092332024e-18 8.365240270265722e-02
0 44 1.429372306869671e+02 2.890859732809078e-18 8.365272273140520e-02
0 45 1.461806958546147e+02 2.687337148378656e-18 8.365294256132594e-02
0 46 1.494241568610174e+02 2.687343375213421e-18 8.365268029919437e-02
0 47 1.526676155574771e+02 2.601085438020231e-18 8.365260228392210e-02
0 48 1.559110769879918e+02 2.601081506257129e-18 8.365285385366268e-02
1 8 1.562299976360993e+02 1.104785800614341e-15 4.691907398923629e-02
0 49 1.591545358786494e+02 3.126487974160759e-18 8.365252310123815e-02
0 50 1.623979949373955e+02 2.601076916463230e-18 8.365288014550276e-02
0 51 1.656414600890497e+02 2.804618333682253e-18 8.365306616884315e-02
0 52 1.688849208542137e+02 2.922934730416996e-18 8.365279871702996e-02
0 53 1.721283796000452e+02 3.273276966959848e-18 8.365274123283911e-02
0 54 1.753718411572037e+02 2.601077520020422e-18 8.365298504214946e-02
1 9 1.755331872269784e+02 3.755583931527732e-16 4.691921248930635e-02
0 55 1.786152997124270e+02 2.687340686615379e-18 8.365264659174300e-02
0 56 1.818587592159719e+02 2.601072155032871e-18 8.365303641911044e-02
0 57 1.851022243187466e+02 2.601069699332424e-18 8.365318850517649e-02
0 58 1.883456848524049e+02 2.804637018202925e-18 8.365291762308245e-02
0 59 1.915891436617357e+02 2.804632999667616e-18 8.365288127319936e-02
0 60 1.948326053295602e+02 2.804635401625171e-18 8.365311318672572e-02
1 10 1.948363771389112e+02 1.006913075951540e-16 4.691925166861730e-02
0 61 1.980760635582921e+02 2.601080266451745e-18 8.365277326293184e-02
0 62 2.013195235217318e+02 2.687320920059075e-18 8.365319131021620e-02
0 63 2.045629885446028e+02 3.126469176252554e-18 8.365330962545164e-02
0 64 2.078064488574042e+02 3.126475151156400e-18 8.365303702800517e-02
0 65 2.110499077437264e+02 2.890891827861237e-18 8.365302232281140e-02
1 11 2.141395670180192e+02 2.149754950598282e-17 4.691917673413463e-02
0 66 2.142933695034076e+02 2.890893517182791e-18 8.365323816850578e-02
0 67 2.175368274206528e+02 2.601076017616669e-18 8.365290315355858e-02
0 68 2.207802878526503e+02 2.890883332574974e-18 8.365334461555844e-02
0 69 2.240237527666211e+02 3.126466061835458e-18 8.365342959900741e-02
0 70 2.272672128699982e+02 2.687314535000427e-18 8.365315695336184e-02
0 71 2.305106718460932e+02 3.359643238812771e-18 8.365316429782595e-02
1 12 2.334427564635497e+02 8.933302910883471e-18 4.691897743703149e-02
0 72 2.337541336760289e+02 2.804655258936893e-18 8.365335995629231e-02
0 73 2.369975913028113e+02 2.890899561332574e-18 8.365303625670403e-02
0 74 2.402410522056483e+02 2.890889497557589e-18 8.365349617369658e-02
0 75 2.434845169838875e+02 2.687300537648636e-18 8.365354851172049e-02
0 76 2.467279768899448e+02 2.687307268000982e-18 8.365327743478010e-02
0 77 2.499714359678217e+02 2.804660699251503e-18 8.365330711364197e-02
1 13 2.527459450491554e+02 8.429213462074697e-18 4.691865804474623e-02
0 78 2.532148978437372e+02 2.804665248589518e-18 8.365347861315986e-02
0 79 2.564583552069300e+02 3.126470304015338e-18 8.365317252395894e-02
0 80 2.597018165766922e+02 2.890895758771536e-18 8.365364586615771e-02
0 81 2.629452811946470e+02 2.687293297347512e-18 8.365366646690318e-02
0 82 2.661887409160690e+02 2.804674509895533e-18 8.365339852358321e-02
0 83 2.694322001069136e+02 2.804670046022590e-18 8.365345068423030e-02
1 14 2.720491323934831e+02 8.423891717596915e-18 4.691824564754529e-02
0 84 2.726756620020700e+02 2.804675255799177e-18 8.365359429824559e-02
0 85 2.759191191340962e+02 2.687302875801245e-18 8.365331186916708e-02
0 86 2.791625809609781e+02 2.890902105746478e-18 8.365379361658522e-02
0 87 2.824060453964661e+02 2.890914366936154e-18 8.365378358463427e-02
0 88 2.856495049464451e+02 2.890919076632602e-18 8.365352028675031e-02
0 89 2.888929642605781e+02 2.601055096107039e-18 8.365359491981302e-02
1 15 2.913523182498951e+02 8.424197288428343e-18 4.691778836810392e-02
0 90 2.921364261460691e+02 2.601054783260167e-18 8.365370726357728e-02
0 91 2.953798830844733e+02 2.804678585252647e-18 8.365345417154893e-02
0 92 2.986233453531899e+02 3.126451537880009e-18 8.365393938795850e-02
0 93 3.018668095864693e+02 2.890920985437847e-18 8.365389999952522e-02
0 94 3.051102689786503e+02 3.359799781194783e-18 8.365364280521047e-02
0 95 3.083537284254895e+02 3.126456549432181e-18 8.365373972303097e-02
1 16 3.106555025700567e+02 8.494756171329383e-18 4.691734456884779e-02
0 96 3.115971902706235e+02 2.890925998925055e-18 8.365381784620088e-02
0 97 3.148406470575221e+02 2.601053643399682e-18 8.365359927817495e-02
0 98 3.180841097478053e+02 2.890915004739406e-18 8.365408317811020e-02
0 99 3.213275737616238e+02 2.890927575403634e-18 8.365401585707999e-02
0 100 3.245710330100624e+02 3.126455538568507e-18 8.365376617062500e-02
0 101 3.278144925980854e+02 2.601046413229148e-18 8.365388498390627e-02
1 17 3.299586855150815e+02 1.010727955388222e-17 4.691696870467873e-02
0 102 3.310579543708471e+02 2.922796305814082e-18 8.365392645621450e-02
0 103 3.343014110522642e+02 2.804695714137406e-18 8.365374700587043e-02
0 104 3.375448741394258e+02 2.687263937682758e-18 8.365422501389452e-02
0 105 3.407883379190484e+02 2.687264552184384e-18 8.365413130894402e-02
0 106 3.440317970381776e+02 2.890936962244677e-18 8.365389048094699e-02
0 107 3.472752567748768e+02 2.687267483763357e-18 8.365403057408716e-02
1 18 3.492618674144592e+02 3.452697062833263e-17 4.691669994951466e-02
0 108 3.505187184424589e+02 2.601043988283561e-18 8.365403356162193e-02
0 109 3.537621750675623e+02 2.922791066484873e-18 8.365389714274683e-02
0 110 3.570056385231014e+02 2.890928082029165e-18 8.365436494446263e-02
0 111 3.602491020563144e+02 2.890940627168756e-18 8.365424650744491e-02
0 112 3.634925610609143e+02 2.922769192996529e-18 8.365401583516070e-02
