0 0 2.991682414606299e-01 2.704476346126029e-18 8.309899259599923e-02
1 0 1.737699433645163e+00 5.954188396872461e-16 4.628881001167839e-02
0 1 3.542627556141968e+00 2.653563463819363e-18 8.309896571537381e-02
0 2 6.786084580545240e+00 2.891524008838367e-18 8.309885952920971e-02
0 3 1.002954379857985e+01 2.741457426694451e-18 8.309919038603215e-02
0 4 1.327300594600979e+01 2.891502196521510e-18 8.309915978588363e-02
0 5 1.651646498504877e+01 2.704489365555511e-18 8.309881822186634e-02
0 6 1.975992176836570e+01 2.704497365157706e-18 8.309899390776951e-02
1 1 2.104089151498343e+01 1.280661459460021e-15 4.628899351101904e-02
0 7 2.300338107712829e+01 3.009534908405192e-18 8.309893157100806e-02
0 8 2.624683804441830e+01 3.009565270028857e-18 8.309885530169640e-02
0 9 2.949029747821352e+01 2.704504620354413e-18 8.309918574343554e-02
0 10 3.273375961938892e+01 2.704498899944044e-18 8.309912813444620e-02
0 11 3.597721841974932e+01 2.704511222309167e-18 8.309879398313998e-02
0 12 3.922067530701631e+01 2.623487770082133e-18 8.309899434360347e-02
1 2 4.034408442865089e+01 2.526646177851861e-15 4.628927878138736e-02
0 13 4.246413458740909e+01 2.822490533188088e-18 8.309889773457471e-02
0 14 4.570759151621515e+01 2.741455161864134e-18 8.309885226477159e-02
0 15 4.895105116578496e+01 2.704525160291511e-18 8.309917995037923e-02
0 16 5.219451328308514e+01 2.734593043967911e-18 8.309909559443544e-02
0 17 5.543797184779677e+01 2.653563898208520e-18 8.309877149730910e-02
0 18 5.868142885685495e+01 2.734611175962442e-18 8.309899356953038e-02
1 3 5.964727848185024e+01 4.656036441679092e-15 4.628963887072738e-02
0 19 6.192488808717642e+01 2.921772222705594e-18 8.309886448086917e-02
0 20 6.516834499667148e+01 2.704553178718358e-18 8.309885029821680e-02
0 21 6.841180486060779e+01 2.734616739965675e-18 8.309917294239420e-02
0 22 7.165526693641112e+01 3.151491694897560e-18 8.309906226564077e-02
0 23 7.489872527038355e+01 2.704554879659036e-18 8.309875084616253e-02
0 24 7.814218241710110e+01 2.741446331163121e-18 8.309899126458167e-02
1 4 7.895047386769016e+01 8.111058885225309e-15 4.629003836637239e-02
0 25 8.138564157679352e+01 2.734635656082459e-18 8.309883205999176e-02
0 26 8.462909848644890e+01 2.822528877879866e-18 8.309884927740042e-02
0 27 8.787255856195411e+01 2.891794159212999e-18 8.309916466218682e-02
0 28 9.111602057873814e+01 2.653554913558024e-18 8.309902825495294e-02
0 29 9.435947868877446e+01 2.734646219946013e-18 8.309873209595063e-02
0 30 9.760293598676533e+01 3.009780573839192e-18 8.309898713042554e-02
1 5 9.825367064265973e+01 1.347904856595169e-14 4.629043715802909e-02
0 31 1.008463950567826e+02 2.734655950506368e-18 8.309880069518898e-02
0 32 1.040898519861351e+02 2.734663397568697e-18 8.309884907436917e-02
0 33 1.073333122690594e+02 2.623481985111767e-18 8.309915505981243e-02
0 34 1.105767742095021e+02 2.704584336736327e-18 8.309899367598331e-02
0 35 1.138202321042946e+02 2.822547391534800e-18 8.309871529549784e-02
0 36 1.170636895646657e+02 2.704602259961242e-18 8.309898090112428e-02
1 6 1.175568687205351e+02 8.554878419438718e-18 4.629079524108397e-02
0 37 1.203071485278056e+02 2.653559641298622e-18 8.309877058162946e-02
0 38 1.235506054962391e+02 2.734682948295818e-18 8.309884955886745e-02
0 39 1.267940659811238e+02 2.653549231389210e-18 8.309914409283227e-02
0 40 1.300375278282076e+02 2.734673059774552e-18 8.309895864862343e-02
0 41 1.332809855183148e+02 2.734686792351615e-18 8.309870047429740e-02
0 42 1.365244431494514e+02 2.623489259951468e-18 8.309897235247531e-02
1 7 1.368600678856668e+02 8.550554269262317e-18 4.629107807792844e-02
0 43 1.397679019906472e+02 2.704630669699590e-18 8.309874188595602e-02
0 44 1.430113590171909e+02 2.734702452682464e-18 8.309885059928492e-02
0 45 1.462548196973158e+02 2.734693513801329e-18 8.309913172645690e-02
0 46 1.494982814344336e+02 3.009922266794934e-18 8.309892329854640e-02
0 47 1.527417389322374e+02 2.734707018487522e-18 8.309868764062037e-02
0 48 1.559851967396328e+02 2.623489669567002e-18 8.309896131035920e-02
1 8 1.561632678260354e+02 8.545129610752753e-18 4.629126161542708e-02
0 49 1.592286554461968e+02 3.122051493500773e-18 8.309871474646999e-02
0 50 1.624721125493403e+02 2.623490002257672e-18 8.309885206354098e-02
0 51 1.657155734167764e+02 2.653547305466572e-18 8.309911793368056e-02
0 52 1.689590350278388e+02 2.892051390912883e-18 8.309888775664435e-02
0 53 1.722024923474791e+02 2.922149327033381e-18 8.309867677967067e-02
0 54 1.754459503336153e+02 2.704665319447257e-18 8.309894765750986e-02
1 9 1.754664681791481e+02 8.536583901177174e-18 4.629133467082377e-02
0 55 1.786894088954303e+02 3.152244543540961e-18 8.309868927381012e-02
0 56 1.819328660929572e+02 3.240159651424230e-18 8.309885381990413e-02
0 57 1.851763271386222e+02 2.653546396915457e-18 8.309910269540116e-02
0 58 1.884197886081664e+02 2.892120668544922e-18 8.309885215840161e-02
0 59 1.916632457654538e+02 2.734747332600640e-18 8.309866785182578e-02
1 10 1.947696685713173e+02 8.534955719315919e-18 4.629129576907497e-02
0 60 1.949067039297368e+02 2.741415436947306e-18 8.309893133819310e-02
0 61 1.981501623393921e+02 2.734757392227293e-18 8.309866555200765e-02
0 62 2.013936196482308e+02 3.240281505947337e-18 8.309885573775691e-02
0 63 2.046370808619490e+02 2.653545524991774e-18 8.309908600053728e-02
0 64 2.078805421752481e+02 3.240234363911968e-18 8.309881664319890e-02
0 65 2.111239991875519e+02 2.653556513801873e-18 8.309866079101294e-02
1 11 2.140728686558525e+02 8.536186106042726e-18 4.629114524869108e-02
0 66 2.143674575263078e+02 3.010159160842089e-18 8.309891236040784e-02
0 67 2.176109157791785e+02 2.704717538020526e-18 8.309864363981466e-02
0 68 2.208543732152715e+02 2.653549793818521e-18 8.309885768830065e-02
0 69 2.240978345858363e+02 2.734770677943784e-18 8.309906784612675e-02
0 70 2.273412957290095e+02 2.734774102512357e-18 8.309878135354455e-02
0 71 2.305847526151213e+02 2.922356093479961e-18 8.309865550328605e-02
1 12 2.333760680843170e+02 8.537548449571733e-18 4.629089681401011e-02
0 72 2.338282111216507e+02 2.822642441972983e-18 8.309889079542027e-02
0 73 2.370716692159209e+02 2.704739201153551e-18 8.309862357222554e-02
0 74 2.403151267941107e+02 2.922411446425469e-18 8.309885954521298e-02
0 75 2.435585883093513e+02 3.240491601604017e-18 8.309904823742284e-02
0 76 2.468020492694730e+02 2.734794422262042e-18 8.309874643423314e-02
0 77 2.500455060494449e+02 2.734807421555894e-18 8.309865186567610e-02
1 13 2.526792665475534e+02 8.550309916879547e-18 4.629057071830536e-02
0 78 2.532889647141393e+02 2.653550086505609e-18 8.309886677464733e-02
0 79 2.565324226507710e+02 2.734818035394110e-18 8.309860536212070e-02
0 80 2.597758803847033e+02 2.892421546880708e-18 8.309886118525193e-02
0 81 2.630193420315533e+02 2.734809468166731e-18 8.309902718796958e-02
0 82 2.662628027967617e+02 2.734814771022918e-18 8.309871203142102e-02
0 83 2.695062594917198e+02 2.704770833642499e-18 8.309864972540763e-02
1 14 2.719824638146612e+02 8.540473110879082e-18 4.629019584688893e-02
0 84 2.727497183022347e+02 2.623493051356099e-18 8.309884048413893e-02
0 85 2.759931760848863e+02 2.623497255779959e-18 8.309858900198101e-02
0 86 2.792366339869296e+02 2.653545774228575e-18 8.309886248881308e-02
0 87 2.824800957514987e+02 3.152885129040054e-18 8.309900471966443e-02
0 88 2.857235563111024e+02 2.734835144721858e-18 8.309867829162197e-02
0 89 2.889670129430349e+02 2.704792143808897e-18 8.309864889958404e-02
1 15 2.912856597614900e+02 1.362400854595097e-14 4.628980620367735e-02
0 90 2.922104718845187e+02 2.704792536763042e-18 8.309881215708245e-02
0 91 2.954539295194176e+02 2.734858295008519e-18 8.309857446562982e-02
0 92 2.986973876005972e+02 2.653544455051790e-18 8.309886334044390e-02
0 93 3.019408494682460e+02 2.704794009621654e-18 8.309898086280286e-02
0 94 3.051843098128280e+02 2.704801143585088e-18 8.309864536061708e-02
0 95 3.084277664043489e+02 2.922630323148829e-18 8.309864917546952e-02
1 16 3.105888543855301e+02 1.005104668063480e-14 4.628943729511605e-02
0 96 3.116712254597207e+02 2.734867375416676e-18 8.309878206489786e-02
0 97 3.149146829554975e+02 2.623498116111247e-18 8.309856170997132e-02
0 98 3.181581412254439e+02 2.704823728678181e-18 8.309886362931312e-02
0 99 3.214016031808610e+02 2.741377855909640e-18 8.309895565609841e-02
0 100 3.246450633023783e+02 2.892609336410177e-18 8.309861338227653e-02
0 101 3.278885198764697e+02 2.734886800174744e-18 8.309865031149145e-02
1 17 3.298920478077288e+02 5.942288518533172e-15 4.628912298354589e-02
0 102 3.311319790267409e+02 2.653547293203844e-18 8.309875050753424e-02
0 103 3.343754363942296e+02 2.734898387726831e-18 8.309855067669757e-02
0 104 3.376188948611407e+02 2.623490694116130e-18 8.309886324963629e-02
0 105 3.408623568884225e+02 2.892670198128068e-18 8.309892914667420e-02
0 106 3.441058167803018e+02 2.922731123100240e-18 8.309858249728876e-02
0 107 3.473492733600339e+02 2.704855758771098e-18 8.309865203910510e-02
1 18 3.491952402630839e+02 3.338873397540157e-15 4.628889268174777e-02
0 108 3.505927325846662e+02 2.653546657960662e-18 8.309871780358312e-02
0 109 3.538361898366799e+02 2.741376707659087e-18 8.309854129394799e-02
0 110 3.570796485072950e+02 2.734914647886424e-18 8.309886210106403e-02
0 111 3.603231105900286e+02 2.704856962369864e-18 8.309890139002728e-02
0 112 3.635665702472547e+02 2.704866729084456e-18 8.309855284180281e-02
