0 0 2.984259691826071e-01 2.991934394869652e-18 7.451094439861040e-02
1 0 1.287008358585906e+00 8.423293504306125e-18 4.679583639383061e-02
0 1 3.541876131773839e+00 3.012194043248116e-18 7.451081899585857e-02
0 2 6.785328991023379e+00 3.015074044738702e-18 7.451090944543023e-02
0 3 1.002878229473215e+01 3.194711896424425e-18 7.451100686776775e-02
0 4 1.327223444673777e+01 2.915528188614672e-18 7.451104669071840e-02
0 5 1.651569026519691e+01 3.012264085434148e-18 7.451075979027534e-02
0 6 1.975914146039783e+01 2.969106570555526e-18 7.451090511053977e-02
1 1 2.059018170350905e+01 8.421557407783635e-18 4.679627067870814e-02
0 7 2.300259177737602e+01 3.149496435615168e-18 7.451076365912017e-02
0 8 2.624604487053962e+01 2.908752084685765e-18 7.451086442340109e-02
0 9 2.948949819958789e+01 2.992127804448440e-18 7.451095806663945e-02
0 10 3.273295050334227e+01 3.012370024431134e-18 7.451099299534143e-02
0 11 3.597640654403612e+01 3.012386773161042e-18 7.451068677347449e-02
0 12 3.921985755985472e+01 2.985417329957075e-18 7.451086375854478e-02
1 2 3.989335489361713e+01 8.420138172086415e-18 4.679665551303754e-02
0 13 4.246330802629934e+01 3.012439581991451e-18 7.451071091503363e-02
0 14 4.570676132945133e+01 3.195508103258513e-18 7.451082040654713e-02
0 15 4.895021466606419e+01 3.274831499960381e-18 7.451091039858100e-02
0 16 5.219366712583624e+01 2.908752155345001e-18 7.451093961067227e-02
0 17 5.543712333668951e+01 3.091760033662982e-18 7.451061666373505e-02
0 18 5.868057419107343e+01 3.405997662179241e-18 7.451081898383506e-02
1 3 5.919652782023985e+01 6.238472189129850e-15 4.679696619006424e-02
0 19 6.192402479508772e+01 2.908760019434474e-18 7.451065949734613e-02
0 20 6.516747827541768e+01 2.985589634664676e-18 7.451077618229902e-02
0 21 6.841093159454886e+01 2.935737711929416e-18 7.451086267951325e-02
0 22 7.165438420707524e+01 2.992402750115912e-18 7.451088523771091e-02
0 23 7.489784052376285e+01 3.175902631050392e-18 7.451054882682213e-02
0 24 7.814129122789593e+01 2.992448007997694e-18 7.451076957000154e-02
1 4 7.849970049287653e+01 2.301303893980632e-14 4.679719499342536e-02
0 25 8.138474195240423e+01 2.969050133811307e-18 7.451060812414360e-02
0 26 8.462819557039209e+01 2.985717241614167e-18 7.451073054351527e-02
0 27 8.787164884176215e+01 3.149745656772996e-18 7.451081372359400e-02
0 28 9.111510159805582e+01 3.196485675348902e-18 7.451082857699336e-02
0 29 9.435855794683732e+01 2.915534738964137e-18 7.451048262002526e-02
0 30 9.760200850636748e+01 2.935733905344129e-18 7.451071454847306e-02
1 5 9.780287299591396e+01 4.204672789796994e-14 4.679734425844880e-02
0 31 1.008454593313975e+02 2.992599935964741e-18 7.451055561281938e-02
0 32 1.040889130435454e+02 2.985844402300600e-18 7.451068239805263e-02
0 33 1.073323662342460e+02 2.908758879461437e-18 7.451076245272990e-02
0 34 1.105758191219329e+02 2.985884081756870e-18 7.451076844102227e-02
0 35 1.138192754232400e+02 2.935729860772272e-18 7.451041747703750e-02
0 36 1.170627258401336e+02 2.969020614895972e-18 7.451065328563555e-02
1 6 1.171060454929296e+02 5.808614689085282e-14 4.679742117706783e-02
0 37 1.203061767453687e+02 3.197128879199153e-18 7.451050098408563e-02
0 38 1.235496305072510e+02 3.072675443702216e-18 7.451063086811772e-02
0 39 1.267930835846806e+02 3.014877133418164e-18 7.451070799584597e-02
0 40 1.300365365906272e+02 2.992778294784619e-18 7.451070385698774e-02
0 41 1.332799927631416e+02 2.915535493265177e-18 7.451035297997069e-02
1 7 1.364092182053449e+02 6.839085159195335e-14 4.679743173776375e-02
0 42 1.365234430379193e+02 2.908768259094644e-18 7.451058554356618e-02
0 43 1.397668940052807e+02 2.992850812358372e-18 7.451044354592468e-02
0 44 1.430103477746451e+02 2.915528614905489e-18 7.451057537027549e-02
0 45 1.462538007095072e+02 3.013069077221680e-18 7.451064976879103e-02
0 46 1.494972538224702e+02 3.013087069351973e-18 7.451063415068414e-02
0 47 1.527407097873804e+02 2.986160735934564e-18 7.451028891071639e-02
1 8 1.557123913517783e+02 7.209364509721637e-14 4.679737525226347e-02
0 48 1.559841599214572e+02 3.197885579295726e-18 7.451051150888112e-02
0 49 1.592276109374675e+02 3.092273299141299e-18 7.451038295016643e-02
0 50 1.624710646771137e+02 3.171088300322852e-18 7.451051566874686e-02
0 51 1.657145174462050e+02 3.013190218640805e-18 7.451058752750889e-02
0 52 1.689579706592290e+02 2.935703272999244e-18 7.451055900425974e-02
0 53 1.722014263443401e+02 2.908774037765761e-18 7.451022527600357e-02
1 9 1.750155650786353e+02 6.964683055711075e-14 4.679724653555685e-02
0 54 1.754448763421910e+02 3.013255885120674e-18 7.451043178710544e-02
0 55 1.786883273998907e+02 2.908771327026344e-18 7.451031921679846e-02
0 56 1.819317810800713e+02 2.908767856292279e-18 7.451045189703989e-02
0 57 1.851752336686059e+02 3.277614153667448e-18 7.451052138953196e-02
0 58 1.884186869809169e+02 3.198595776426031e-18 7.451047848284176e-02
0 59 1.916621423242944e+02 3.171721201682215e-18 7.451016230327996e-02
1 10 1.943187394169862e+02 6.233238702793887e-14 4.679704243099262e-02
0 60 1.949055921951950e+02 3.013379837243946e-18 7.451034736299016e-02
0 61 1.981490432954193e+02 3.013402070449712e-18 7.451025272400884e-02
0 62 2.013924968955546e+02 2.986492426138770e-18 7.451038454584182e-02
0 63 2.046359492988094e+02 2.986514700864574e-18 7.451045182172093e-02
0 64 2.078794027169951e+02 2.986533665567552e-18 7.451039302791881e-02
0 65 2.111228576698623e+02 3.511546763120276e-18 7.451010040760811e-02
1 11 2.136219142741852e+02 5.185362970084970e-14 4.679676639002889e-02
0 66 2.143663074290073e+02 2.935696839195462e-18 7.451025953004270e-02
0 67 2.176097585808910e+02 3.092566544115311e-18 7.451018416503531e-02
0 68 2.208532120904446e+02 3.013542222890498e-18 7.451031441817241e-02
0 69 2.240966643145782e+02 3.199409879703822e-18 7.451037959526824e-02
0 70 2.273401178529101e+02 2.935685035512887e-18 7.451030341841056e-02
0 71 2.305835723815802e+02 3.013605098678429e-18 7.451004013289231e-02
1 12 2.329250894492390e+02 3.999780148070112e-14 4.679643135311844e-02
0 72 2.338270220504561e+02 3.013633026000585e-18 7.451016979504725e-02
0 73 2.370704732711011e+02 3.092667025541482e-18 7.451011447591945e-02
0 74 2.403139266895473e+02 2.935681800698301e-18 7.451024255582761e-02
0 75 2.435573787515151e+02 2.986786683626366e-18 7.451030571200085e-02
0 76 2.468008324313459e+02 3.199920081126158e-18 7.451021070333025e-02
0 77 2.500442865180533e+02 3.013733707589277e-18 7.450998207358561e-02
1 13 2.522282646684032e+02 2.837454118435673e-14 4.679606302960960e-02
0 78 2.532877361240234e+02 3.200087643672526e-18 7.451007976537007e-02
0 79 2.565311874373442e+02 3.013782606495421e-18 7.451004474093470e-02
0 80 2.597746407732348e+02 3.013798469306080e-18 7.451017014381935e-02
0 81 2.630180926998094e+02 3.013820443687988e-18 7.451023130870431e-02
0 82 2.662615465480669e+02 2.908778694062895e-18 7.451011611256879e-02
0 83 2.695050001906559e+02 3.013863534223436e-18 7.450992678528037e-02
1 14 2.715314396442485e+02 1.822979727735960e-14 4.679570298213046e-02
0 84 2.727484497658047e+02 2.908786989355354e-18 7.450999102824681e-02
0 85 2.759919012006433e+02 3.013912090301847e-18 7.450997608453404e-02
0 86 2.792353544698682e+02 3.092883585671992e-18 7.451009840159362e-02
0 87 2.824788062958555e+02 2.987064338416986e-18 7.451015754826441e-02
0 88 2.857222603427376e+02 3.279773686540001e-18 7.451002095433872e-02
0 89 2.889657135532703e+02 2.987110523797238e-18 7.450987469400469e-02
1 15 2.908346141548345e+02 1.032935927938552e-14 4.679540763351570e-02
0 90 2.922091631326313e+02 2.908789650592031e-18 7.450990503195121e-02
0 91 2.954526147203032e+02 2.935665633553683e-18 7.450990955992579e-02
0 92 2.986960679437121e+02 2.987180239200001e-18 7.451002847108935e-02
0 93 3.019395197095282e+02 3.014081102744062e-18 7.451008550771530e-02
0 94 3.051829739855835e+02 3.014098365568883e-18 7.450992650903536e-02
0 95 3.084264267880198e+02 3.174485776439022e-18 7.450982601447199e-02
1 16 3.101377881205116e+02 4.934026349776434e-15 4.679523792448376e-02
0 96 3.116698764073764e+02 2.987281533508591e-18 7.450982297866116e-02
0 97 3.149133281788668e+02 3.410281297684741e-18 7.450984604471640e-02
0 98 3.181567813794791e+02 3.201603335302199e-18 7.450996131202588e-02
0 99 3.214002331283112e+02 3.014549541207198e-18 7.451001607360183e-02
0 100 3.246436876611512e+02 2.908787903159929e-18 7.450983392951928e-02
0 101 3.278871400883374e+02 3.201819047060266e-18 7.450978068683137e-02
1 17 3.294409616343501e+02 1.827497625240513e-15 4.679523894300142e-02
0 102 3.311305897818309e+02 2.987421300001005e-18 7.450974573793039e-02
0 103 3.343740417648947e+02 3.175133228151930e-18 7.450978615339056e-02
0 104 3.376174949649612e+02 2.908788637072134e-18 7.450989761415282e-02
0 105 3.408609467397733e+02 3.438296500587137e-18 7.450994985442078e-02
0 106 3.441044015507024e+02 2.935648303552976e-18 7.450974415709957e-02
0 107 3.473478536409613e+02 3.202275424395607e-18 7.450973833973606e-02
1 18 3.487441349081898e+02 4.449499375942861e-16 4.679541955829056e-02
0 108 3.505913034387567e+02 3.438738473285366e-18 7.450967378800820e-02
0 109 3.538347556551898e+02 3.281298545295159e-18 7.450973017480014e-02
0 110 3.570782088733838e+02 3.014448214680821e-18 7.450983773459960e-02
0 111 3.603216607140417e+02 3.014470022090664e-18 7.450988711831269e-02
0 112 3.635651158149079e+02 3.014486839555999e-18 7.450965786084690e-02
