0 0 2.936022952340627e-01 2.849487782067815e-18 7.991975383943271e-02
1 0 1.651909952950188e+00 1.617017607818956e-14 4.568900868195640e-02
0 1 3.537059515935360e+00 2.849496384927530e-18 7.991970612995536e-02
0 2 6.780516170484168e+00 2.725938827594990e-18 7.991966402292176e-02
0 3 1.002397482498145e+01 2.821721498191390e-18 7.991992294982572e-02
0 4 1.326743491283851e+01 2.753714925310561e-18 7.991990856208638e-02
0 5 1.651089370106141e+01 2.849513924233589e-18 7.991960508268720e-02
0 6 1.975435005481617e+01 2.753720312124119e-18 7.991975275674731e-02
1 1 2.095510868442348e+01 8.515752781411308e-15 4.568928798005097e-02
0 7 2.299780725695559e+01 3.045773472967917e-18 7.991967722344864e-02
0 8 2.624126395765539e+01 3.073586070347394e-18 7.991965926293139e-02
0 9 2.948472271572266e+01 2.821759520601582e-18 7.991991660453338e-02
0 10 3.272818282557150e+01 2.849539143291355e-18 7.991988095182537e-02
0 11 3.597164145373613e+01 2.753720175144184e-18 7.991958173227029e-02
0 12 3.921509782039772e+01 3.073649283706721e-18 7.991975062600426e-02
1 2 4.025830853259274e+01 4.144585652737385e-15 4.568964946190449e-02
0 13 4.245855499459130e+01 3.155015579783008e-18 7.991964893982292e-02
0 14 4.570201175110556e+01 3.323486826077394e-18 7.991965523171926e-02
0 15 4.894547060990574e+01 2.821797548708038e-18 7.991990946382060e-02
0 16 5.218893073526880e+01 3.155050565867775e-18 7.991985244860775e-02
0 17 5.543238919845376e+01 2.849586517066926e-18 7.991956001727285e-02
0 18 5.867584559152066e+01 2.753715808467517e-18 7.991974715850941e-02
1 3 5.956150971769603e+01 1.820674465791874e-15 4.569005083979157e-02
0 19 6.191930272939335e+01 3.046029738976559e-18 7.991962146816038e-02
0 20 6.516275955083481e+01 2.753713898387196e-18 7.991965183776298e-02
0 21 6.840621850736497e+01 2.849609795922555e-18 7.991990147871392e-02
0 22 7.164967864131242e+01 2.753709648254142e-18 7.991982311810197e-02
0 23 7.489313693591882e+01 2.849622798290061e-18 7.991954002644541e-02
0 24 7.813659336756089e+01 2.725940531774009e-18 7.991974209062631e-02
1 4 7.886471230452850e+01 6.956864710929676e-16 4.569044972835234e-02
0 25 8.138005046195936e+01 2.753714796903380e-18 7.991959497161151e-02
0 26 8.462350735679421e+01 2.821876038550186e-18 7.991964898928737e-02
0 27 8.786696640792225e+01 2.821873627927886e-18 7.991989260305554e-02
0 28 9.111042654305840e+01 2.849646870654649e-18 7.991979303492240e-02
0 29 9.435388466692636e+01 2.849659064319915e-18 7.991952183057399e-02
0 30 9.759734114775191e+01 2.849667011309207e-18 7.991973519263805e-02
1 5 9.816791621275486e+01 2.185914335411305e-16 4.569080903314317e-02
0 31 1.008407981929218e+02 2.821907738592427e-18 7.991956958723873e-02
0 32 1.040842551688945e+02 3.074083866533416e-18 7.991964659496030e-02
0 33 1.073277143113885e+02 2.930992127958643e-18 7.991988279375692e-02
0 34 1.105711744398457e+02 2.821913751519763e-18 7.991976228282199e-02
0 35 1.138146323923533e+02 2.931005218644597e-18 7.991950548029240e-02
0 36 1.170580889312110e+02 2.849702889074676e-18 7.991972627688494e-02
1 6 1.174711212442282e+02 4.998529407335004e-17 4.569110031866653e-02
0 37 1.203015459229334e+02 2.725943578918763e-18 7.991954542654102e-02
0 38 1.235450029870107e+02 2.835010971617920e-18 7.991964456450210e-02
0 39 1.267884622175623e+02 2.835005381302704e-18 7.991987201108007e-02
0 40 1.300319223310054e+02 2.821952323991420e-18 7.991973095477947e-02
0 41 1.332753801131479e+02 2.753710513614197e-18 7.991949100397826e-02
0 42 1.365188367169709e+02 2.725941802735293e-18 7.991971520465757e-02
1 7 1.367743271201234e+02 1.037858950886396e-17 4.569130553678532e-02
0 43 1.397622936526561e+02 3.046542278657474e-18 7.991952257649250e-02
0 44 1.430057508109908e+02 2.821990461729672e-18 7.991964280919757e-02
0 45 1.462492101262318e+02 2.821987826438116e-18 7.991986021892469e-02
0 46 1.494926702158729e+02 2.821990929819743e-18 7.991969915294955e-02
0 47 1.527361278303179e+02 2.822004350716004e-18 7.991947840576177e-02
0 48 1.559795845040154e+02 2.849774715409727e-18 7.991970189135730e-02
1 8 1.560775335218540e+02 8.724506513052814e-18 4.569141686684223e-02
0 49 1.592230413827517e+02 2.849786081071869e-18 7.991950110094696e-02
0 50 1.624664986406636e+02 2.753702021687341e-18 7.991964124230923e-02
0 51 1.657099580371754e+02 2.753697278913902e-18 7.991984738511886e-02
0 52 1.689534180938006e+02 3.352678883711817e-18 7.991966698845701e-02
0 53 1.721968755449168e+02 2.822043125467820e-18 7.991946766369379e-02
1 9 1.753807401254669e+02 8.666032213998436e-18 4.569143330696553e-02
0 54 1.754403322913164e+02 3.046763163395259e-18 7.991968630952703e-02
0 55 1.786837891138737e+02 2.822062773213957e-18 7.991948104228247e-02
0 56 1.819272464758465e+02 3.074580612787823e-18 7.991963977939345e-02
0 57 1.851707059501627e+02 2.822064028771883e-18 7.991983348170410e-02
0 58 1.884141659641713e+02 3.285340321975695e-18 7.991963458101566e-02
0 59 1.916576232580285e+02 3.046860127892971e-18 7.991945872812883e-02
1 10 1.946839466136147e+02 8.646835723585302e-18 4.569135550567144e-02
0 60 1.949010800778701e+02 2.753700886801499e-18 7.991966848950334e-02
0 61 1.981445368466608e+02 3.046926430741958e-18 7.991946242318075e-02
0 62 2.013879943163524e+02 2.822104710964996e-18 7.991963833852052e-02
0 63 2.046314538649545e+02 2.849858443845671e-18 7.991981848521090e-02
0 64 2.078749138264113e+02 2.725941653566189e-18 7.991960205835527e-02
0 65 2.111183709707477e+02 2.849876163009511e-18 7.991945152038517e-02
1 11 2.139871526678158e+02 8.652270635384095e-18 4.569118484127396e-02
0 66 2.143618278627314e+02 3.074773163972239e-18 7.991964851761288e-02
0 67 2.176052845817298e+02 2.964420201196820e-18 7.991944524845539e-02
0 68 2.208487421619956e+02 2.725941124388146e-18 7.991963684040412e-02
0 69 2.240922017813020e+02 2.849894029016850e-18 7.991980237692284e-02
0 70 2.273356616800026e+02 2.834962409977183e-18 7.991956955544796e-02
0 71 2.305791186841605e+02 3.074869437671194e-18 7.991944593176158e-02
1 12 2.332903579718626e+02 8.737742560185161e-18 4.569092770829108e-02
0 72 2.338225756450438e+02 3.047145815719779e-18 7.991962653203029e-02
0 73 2.370660323196701e+02 2.725946605730923e-18 7.991942950687088e-02
0 74 2.403094900125964e+02 2.725941328756414e-18 7.991963520845113e-02
0 75 2.435529496989457e+02 2.849929633968865e-18 7.991978514312938e-02
0 76 2.467964095244951e+02 2.822184441370680e-18 7.991953721353003e-02
0 77 2.500398663993222e+02 2.849948287020541e-18 7.991944182300588e-02
1 13 2.525935622392491e+02 1.049728875415723e-17 4.569059929715293e-02
0 78 2.532833234240654e+02 2.822205051262857e-18 7.991960271660896e-02
0 79 2.565267800610388e+02 3.435052505178303e-18 7.991941517291019e-02
0 80 2.597702378679841e+02 3.075076512893842e-18 7.991963336874705e-02
0 81 2.630136976176121e+02 2.822216649999184e-18 7.991976677537614e-02
0 82 2.662571573595173e+02 2.849971727290026e-18 7.991950517892427e-02
0 83 2.695006141172339e+02 3.353914619405806e-18 7.991943902434027e-02
1 14 2.718967652503090e+02 4.550781481966805e-17 4.569022428094764e-02
0 84 2.727440711991874e+02 2.725945809207175e-18 7.991957729312946e-02
0 85 2.759875278063552e+02 2.822255876610241e-18 7.991940220846104e-02
0 86 2.792309857279989e+02 2.753687819963443e-18 7.991963124999088e-02
0 87 2.824744455370111e+02 3.047453812495918e-18 7.991974727071402e-02
0 88 2.857179051847847e+02 2.931251466395354e-18 7.991947360166732e-02
0 89 2.889613618388183e+02 2.850020280316552e-18 7.991943733616047e-02
1 15 2.911999668873218e+02 1.928941777826839e-16 4.568983566527550e-02
0 90 2.922048189699471e+02 3.075273556305118e-18 7.991955051251366e-02
0 91 2.954482755560958e+02 2.822294389718502e-18 7.991939056440694e-02
0 92 2.986917335924916e+02 3.075324207708394e-18 7.991962878339781e-02
0 93 3.019351934568314e+02 2.931272984312593e-18 7.991972663195759e-02
0 94 3.051786530001079e+02 2.822300884089545e-18 7.991944263395519e-02
0 95 3.084221095648961e+02 3.060687577752701e-18 7.991943653053149e-02
1 16 3.105031671629941e+02 6.185915780753799e-16 4.568947245814815e-02
0 96 3.116655667360336e+02 2.753689152121275e-18 7.991952264558394e-02
0 97 3.149090233106903e+02 2.725948116045052e-18 7.991938018212130e-02
0 98 3.181524814613219e+02 2.822332906373178e-18 7.991962590259130e-02
0 99 3.213959413767354e+02 2.834910175098091e-18 7.991970486795989e-02
0 100 3.246394008053983e+02 2.850080481315645e-18 7.991941242842653e-02
0 101 3.278828572961629e+02 2.822352169493330e-18 7.991943635359873e-02
1 17 3.298063662374987e+02 1.630833288360566e-15 4.568917573244483e-02
0 102 3.311263144972874e+02 2.850099463102088e-18 7.991949397390942e-02
0 103 3.343697710705159e+02 3.354741992694751e-18 7.991937099485717e-02
0 104 3.376132293343572e+02 3.060708568993815e-18 7.991962254349495e-02
0 105 3.408566892963557e+02 2.850107993829689e-18 7.991968199390692e-02
0 106 3.441001486006720e+02 3.075584342147541e-18 7.991938313629840e-02
0 107 3.473436050331677e+02 3.047884185338425e-18 7.991943652902284e-02
1 18 3.491095644169546e+02 3.744721494519179e-15 4.568898284801007e-02
0 108 3.505870622536956e+02 2.822398875561850e-18 7.991946478121925e-02
0 109 3.538305188358957e+02 3.047948372132363e-18 7.991936292905055e-02
0 110 3.570739772114683e+02 2.753678520499910e-18 7.991961864425373e-02
0 111 3.603174372152901e+02 2.850143740006790e-18 7.991965803163906e-02
0 112 3.635608963860523e+02 2.822417496825392e-18 7.991935490538035e-02
