0 0 2.655926640803619e-01 2.811211673214168e-18 8.630366928615271e-02
1 0 1.623150764662182e+00 8.619648094515821e-18 4.583815200877670e-02
0 1 3.509054175534486e+00 2.616045243535857e-18 8.630356984907622e-02
0 2 6.752511611016157e+00 2.811217849327610e-18 8.630346201590730e-02
0 3 9.995972836958275e+00 2.523633297406236e-18 8.630388636638636e-02
0 4 1.323943825135688e+01 3.163579747642182e-18 8.630379558864647e-02
0 5 1.648289710628309e+01 2.718800587976763e-18 8.630343625003618e-02
0 6 1.972635649092019e+01 2.811201285147063e-18 8.630371723337975e-02
1 1 2.092633552746185e+01 8.621233741984612e-18 4.583839602901048e-02
0 7 2.296981786242857e+01 2.867205238982720e-18 8.630358434171116e-02
0 8 2.621327522917385e+01 3.163618532376689e-18 8.630350902948329e-02
0 9 2.945673682621529e+01 3.163591565731049e-18 8.630393480329594e-02
0 10 3.270020210705887e+01 3.163537467866945e-18 8.630380552047466e-02
0 11 3.594366069228597e+01 2.811195600863223e-18 8.630346943049602e-02
0 12 3.918712032545730e+01 3.062354494234130e-18 8.630376352747918e-02
1 2 4.022952124733249e+01 8.621000212213893e-18 4.583871039621897e-02
0 13 4.243058153483699e+01 2.718782788993008e-18 8.630359925199391e-02
0 14 4.567403885978169e+01 2.523641826505748e-18 8.630355762203547e-02
0 15 4.891750082832137e+01 3.255955310616792e-18 8.630398151412703e-02
0 16 5.216096593981181e+01 2.811175043623105e-18 8.630381476752644e-02
0 17 5.540442428403812e+01 2.523643308712308e-18 8.630350477798353e-02
0 18 5.864788416608778e+01 2.811180561405540e-18 8.630380794783153e-02
1 3 5.953270813469810e+01 1.011708564278596e-13 4.583907307478485e-02
0 19 6.189134519324229e+01 2.718770073819159e-18 8.630361481002255e-02
0 20 6.513480250415485e+01 2.718778054713977e-18 8.630360768231787e-02
0 21 6.837826484155276e+01 3.507089394413015e-18 8.630402637296965e-02
0 22 7.162172974937597e+01 2.616051612107293e-18 8.630382354437634e-02
0 23 7.486518788318631e+01 3.062357856008201e-18 8.630354224905706e-02
0 24 7.810864801111823e+01 2.616050594341281e-18 8.630385030158402e-02
1 4 7.883589631440078e+01 6.167250393405150e-14 4.583945702057655e-02
0 25 8.135210883827762e+01 2.811172628850480e-18 8.630363122954778e-02
0 26 8.459556616352435e+01 2.616051870328450e-18 8.630365908817379e-02
0 27 8.783902886405603e+01 2.616043944582341e-18 8.630406926815960e-02
0 28 9.108249353576001e+01 2.616054700520307e-18 8.630383206995722e-02
0 29 9.432595149125058e+01 2.811166458606903e-18 8.630358177962395e-02
0 30 9.756941185879280e+01 2.811159951685517e-18 8.630389042893735e-02
1 5 9.813908580890072e+01 3.590001082785289e-14 4.583983047368613e-02
0 31 1.008128724707210e+02 3.421140034196043e-18 8.630364870671088e-02
0 32 1.040563298390307e+02 3.255870754315411e-18 8.630371170734223e-02
0 33 1.072997928938661e+02 2.718731098014160e-18 8.630411010370377e-02
0 34 1.105432572992214e+02 3.062351693620518e-18 8.630384056534830e-02
0 35 1.137867151096118e+02 2.616060814537467e-18 8.630362328510960e-02
0 36 1.170301757073183e+02 3.062350971116079e-18 8.630392820777680e-02
1 6 1.174422765245598e+02 1.975861502844208e-14 4.584015858280804e-02
0 37 1.202736360914843e+02 2.811153827755381e-18 8.630366741921867e-02
0 38 1.235170935317126e+02 2.523635957952183e-18 8.630376539827968e-02
0 39 1.267605569289223e+02 2.523626042736634e-18 8.630414880057904e-02
0 40 1.300040210402613e+02 2.718710887587912e-18 8.630384925153176e-02
0 41 1.332474787395003e+02 3.255782783118759e-18 8.630366666067123e-02
0 42 1.364909395548919e+02 2.811139502615053e-18 8.630396355737595e-02
1 7 1.367454682469715e+02 1.014171624257414e-14 4.584040718997576e-02
0 43 1.397343997016042e+02 2.811144426031085e-18 8.630368752586595e-02
0 44 1.429778572424992e+02 2.718723497340171e-18 8.630382001100043e-02
0 45 1.462213209670899e+02 2.811128957124316e-18 8.630418529787537e-02
0 46 1.494647847596182e+02 2.523634096040406e-18 8.630385834714972e-02
0 47 1.527082423819876e+02 2.811136753830593e-18 8.630371178146390e-02
0 48 1.559517033997293e+02 2.811129350205181e-18 8.630399644094813e-02
1 8 1.560486606525814e+02 4.758971039577585e-15 4.584054826812548e-02
0 49 1.591951633022320e+02 2.718706752859919e-18 8.630370916633248e-02
0 50 1.624386209722019e+02 3.421164114934962e-18 8.630387538793678e-02
0 51 1.656820850061805e+02 2.718688023242358e-18 8.630421955375928e-02
0 52 1.689255484582573e+02 2.867299001259455e-18 8.630386806628730e-02
0 53 1.721690060379784e+02 2.616066990659607e-18 8.630375850296750e-02
1 9 1.753518533375572e+02 1.980222189509328e-15 4.584056380186710e-02
0 54 1.754124672400924e+02 2.718687232322616e-18 8.630402686686893e-02
0 55 1.786559268946226e+02 2.616068764079946e-18 8.630373246118020e-02
0 56 1.818993847215051e+02 2.523631310839239e-18 8.630393136482391e-02
0 57 1.851428490439748e+02 2.616057098290159e-18 8.630425154623875e-02
0 58 1.883863121373555e+02 2.616069674352820e-18 8.630387861631419e-02
0 59 1.916297697082034e+02 2.523634924152492e-18 8.630380666140651e-02
1 10 1.946550458526777e+02 6.931702335070494e-16 4.584044694183931e-02
0 60 1.948732310743157e+02 2.811109206791947e-18 8.630405488848111e-02
0 61 1.981166904801224e+02 3.255663516972386e-18 8.630375751199869e-02
0 62 2.013601484909575e+02 2.867295556846850e-18 8.630398777161573e-02
0 63 2.046036130782452e+02 2.718659599739431e-18 8.630428127370868e-02
0 64 2.078470757982842e+02 3.255607476337149e-18 8.630389019581074e-02
0 65 2.110905333932140e+02 2.718669080167269e-18 8.630385607429725e-02
1 11 2.139582377406850e+02 1.852270390443780e-16 4.584020530627807e-02
0 66 2.143339949008306e+02 3.255613711802357e-18 8.630408060247208e-02
0 67 2.175774540601575e+02 2.867319250899604e-18 8.630378440165569e-02
0 68 2.208209122809639e+02 2.811104300859860e-18 8.630404443344497e-02
0 69 2.240643771067789e+02 2.523621593407719e-18 8.630430875527090e-02
0 70 2.273078394425886e+02 2.523632489046794e-18 8.630390299261111e-02
0 71 2.305512970933768e+02 2.718655541078333e-18 8.630390654117923e-02
1 12 2.332614285930879e+02 2.991271057972075e-17 4.583986465866439e-02
0 72 2.337947587181867e+02 2.867328737886827e-18 8.630410414591336e-02
0 73 2.370382176362201e+02 2.523634681220190e-18 8.630381319462063e-02
0 74 2.402816760917759e+02 2.811093623183559e-18 8.630410117163217e-02
0 75 2.435251411274020e+02 2.811076258286285e-18 8.630433403081825e-02
0 76 2.467686030719651e+02 2.811081557190480e-18 8.630391718198470e-02
0 77 2.500120608088698e+02 2.523630931348054e-18 8.630395784458914e-02
1 13 2.525646181182149e+02 8.624954737243132e-18 4.583946577880817e-02
0 78 2.532555225250706e+02 2.523628153777064e-18 8.630412569212982e-02
0 79 2.564989812098548e+02 2.811087640876405e-18 8.630384393734387e-02
0 80 2.597424399234849e+02 2.616068570157214e-18 8.630415780475879e-02
0 81 2.629859051380022e+02 2.718617539811134e-18 8.630435716088113e-02
0 82 2.662293666882365e+02 2.616080847484667e-18 8.630393292498061e-02
0 83 2.694728245396801e+02 2.616077113639100e-18 8.630400975135480e-02
1 14 2.718678061859638e+02 8.661692579568231e-18 4.583905550653985e-02
0 84 2.727162863203208e+02 2.811069608733423e-18 8.630414544564122e-02
0 85 2.759597447826459e+02 2.867352335459638e-18 8.630387665867666e-02
0 86 2.792032037760140e+02 2.811072132979528e-18 8.630421414981111e-02
0 87 2.824466691365522e+02 2.718603694411694e-18 8.630437822623951e-02
0 88 2.856901302933255e+02 2.718610386702131e-18 8.630395036695236e-02
0 89 2.889335882856022e+02 2.616079159435865e-18 8.630406201428201e-02
1 15 2.911709928341260e+02 9.002401337492588e-18 4.583867762383979e-02
0 90 2.921770501029393e+02 2.811059851906307e-18 8.630416363645704e-02
0 91 2.954205083562020e+02 2.616082553759703e-18 8.630391137032972e-02
0 92 2.986639676491124e+02 2.867352232334796e-18 8.630427002340453e-02
0 93 3.019074331211324e+02 2.523619076628164e-18 8.630439732730440e-02
0 94 3.051508938892292e+02 2.523630248547444e-18 8.630396963627508e-02
0 95 3.083943520462386e+02 2.811055162809400e-18 8.630411437431527e-02
1 16 3.104741782443895e+02 8.703990106905038e-18 4.583836697117246e-02
0 96 3.116378138721000e+02 2.718594165251648e-18 8.630418051403450e-02
0 97 3.148812719321440e+02 2.867374185806747e-18 8.630394806736749e-02
0 98 3.181247315423506e+02 2.718596389345444e-18 8.630432524308930e-02
0 99 3.213681970899533e+02 2.523618573281171e-18 8.630441458327426e-02
0 100 3.246116574779911e+02 2.867391696646440e-18 8.630399084325818e-02
0 101 3.278551158210015e+02 2.718587047961581e-18 8.630416656323249e-02
1 17 3.297773627034053e+02 8.629028586781094e-18 4.583814723797014e-02
0 102 3.310985776271532e+02 3.162923895780313e-18 8.630419634118663e-02
0 103 3.343420355120905e+02 3.255407495857115e-18 8.630398672873670e-02
0 104 3.375854954551174e+02 2.811039635791873e-18 8.630437962874001e-02
0 105 3.408289610413757e+02 2.616080783991810e-18 8.630443013108158e-02
0 106 3.440724210616762e+02 2.811035013849730e-18 8.630401407925981e-02
0 107 3.473158796091183e+02 2.616085428790167e-18 8.630421830693583e-02
1 18 3.490805465617422e+02 8.623783984535715e-18 4.583803137304936e-02
0 108 3.505593413676294e+02 2.616087800862980e-18 8.630421138821404e-02
0 109 3.538027990976456e+02 2.718578689154627e-18 8.630402731783685e-02
0 110 3.570462593866189e+02 2.616078595674399e-18 8.630443300402603e-02
0 111 3.602897249739316e+02 2.718549271336818e-18 8.630444412413951e-02
0 112 3.635331846423452e+02 2.718560061300698e-18 8.630403941599166e-02
