0 0 3.048861495157390e-01 2.884508925206994e-18 8.554081621231384e-02
1 0 1.546467893142711e+00 1.145250241724498e-17 4.577389889105089e-02
0 1 3.548346827049575e+00 2.790371488722324e-18 8.554074480124747e-02
0 2 6.791804515692365e+00 2.790398324997946e-18 8.554061895434661e-02
0 3 1.003526352230334e+01 3.008901148338537e-18 8.554094635259352e-02
0 4 1.327872803797961e+01 2.830039492372234e-18 8.554097336753901e-02
0 5 1.652218775347570e+01 3.520930765428016e-18 8.554050689025863e-02
0 6 1.976564531227487e+01 2.830074303038688e-18 8.554078167748150e-02
1 1 2.084965075348926e+01 9.639761973696482e-17 4.577419408287719e-02
0 7 2.300910592983936e+01 3.323215525194186e-18 8.554067833337793e-02
0 8 2.625256351766653e+01 3.063353260894300e-18 8.554057615964046e-02
0 9 2.949602277273484e+01 2.619246209387175e-18 8.554091295061168e-02
0 10 3.273948739855426e+01 2.611448272976541e-18 8.554090146757480e-02
0 11 3.598294668296608e+01 3.212370583928436e-18 8.554045139766533e-02
0 12 3.922640448823675e+01 2.886921977382358e-18 8.554074538463019e-02
1 2 4.015283475012077e+01 5.029511926862113e-16 4.577456362098328e-02
0 13 4.246986502483367e+01 2.741911530430518e-18 8.554061227141192e-02
0 14 4.571332252630778e+01 3.131584289381594e-18 8.554053468390244e-02
0 15 4.895678204331208e+01 2.884547353142618e-18 8.554087875568576e-02
0 16 5.220024674461141e+01 2.945005755939902e-18 8.554082783800708e-02
0 17 5.544370561395079e+01 3.008873497804066e-18 8.554039883344577e-02
0 18 5.868716367652785e+01 3.033608958866905e-18 8.554070714618196e-02
1 3 5.945602009213896e+01 1.753924201084669e-15 4.577497647889244e-02
0 19 6.193062411285182e+01 3.212415707936935e-18 8.554054680807896e-02
0 20 6.517408154312112e+01 3.722279994346948e-18 8.554049450813160e-02
0 21 6.841754133429278e+01 3.358833672674683e-18 8.554084364433247e-02
0 22 7.166100607427792e+01 3.063300381908360e-18 8.554075270013561e-02
0 23 7.490446454966609e+01 2.830091481326329e-18 8.554034918995665e-02
0 24 7.814792287588575e+01 2.830103018054007e-18 8.554066680663476e-02
1 4 7.875920686136607e+01 4.809752113260918e-15 4.577539347434147e-02
0 25 8.139138319448701e+01 3.212433827345223e-18 8.554048211225437e-02
0 26 8.463484056929572e+01 2.806074150383736e-18 8.554045559982884e-02
0 27 8.787830064546836e+01 3.063403547210690e-18 8.554080748563830e-02
0 28 9.112176538554633e+01 3.404092352210893e-18 8.554067629474015e-02
0 29 9.436522349286561e+01 2.737861023264172e-18 8.554030241411770e-02
0 30 9.760868208465584e+01 3.323328187443817e-18 8.554062424493232e-02
1 5 9.806239498909169e+01 1.124896130689850e-14 4.577577136427265e-02
0 31 1.008521422700719e+02 3.404185591524506e-18 8.554041832737648e-02
0 32 1.040955996056823e+02 3.131641997937132e-18 8.554041791123571e-02
0 33 1.073390599761419e+02 2.945143212794166e-18 8.554077014074803e-02
0 34 1.105825246763123e+02 3.008887317074402e-18 8.554059887833296e-02
0 35 1.138259824457737e+02 3.193715737820153e-18 8.554025840752498e-02
0 36 1.170694413008168e+02 3.008955939183818e-18 8.554057937647196e-02
1 6 1.173655842538534e+02 2.347571641366294e-14 4.577606954506508e-02
0 37 1.203129013396726e+02 2.952777661053742e-18 8.554035557100383e-02
0 38 1.235563586527970e+02 3.009010548712931e-18 8.554038137840544e-02
0 39 1.267998193251352e+02 2.884578520910596e-18 8.554073146335245e-02
0 40 1.300432839444397e+02 3.521078580249146e-18 8.554052071961973e-02
0 41 1.332867414100775e+02 2.952780253710433e-18 8.554021702782424e-02
0 42 1.365302005220391e+02 2.737864903879112e-18 8.554053215460514e-02
1 7 1.366687743089335e+02 4.496241676000325e-14 4.577625781953390e-02
0 43 1.397736604031172e+02 2.979268941235805e-18 8.554029393550831e-02
0 44 1.430171177108591e+02 3.033669306532553e-18 8.554034592120320e-02
0 45 1.462605786908294e+02 2.737863603204056e-18 8.554069130126653e-02
0 46 1.495040431878533e+02 3.601969876681483e-18 8.554044209627455e-02
0 47 1.527475003869565e+02 3.063423790410944e-18 8.554017809132601e-02
0 48 1.559909597457726e+02 3.063430667967131e-18 8.554048257150167e-02
1 8 1.559719647357576e+02 8.051164660419119e-14 4.577632124622816e-02
0 49 1.592344194600533e+02 3.063440172215132e-18 8.554023348983694e-02
0 50 1.624778767798548e+02 3.131697698683174e-18 8.554031144423743e-02
0 51 1.657213380712316e+02 3.063457082961995e-18 8.554064949908956e-02
0 52 1.689648024046502e+02 2.886932866436714e-18 8.554036329205990e-02
0 53 1.722082593771435e+02 3.496603805160103e-18 8.554014137673888e-02
1 9 1.752751550982442e+02 1.365443254544374e-13 4.577625880691585e-02
0 54 1.754517189693551e+02 2.766318603607348e-18 8.554043065825169e-02
0 55 1.786951785100283e+02 3.063459855413737e-18 8.554017428219024e-02
0 56 1.819386358596204e+02 3.033687686904444e-18 8.554027783864408e-02
0 57 1.851820974640621e+02 2.979264311773602e-18 8.554060590184784e-02
0 58 1.884255615932216e+02 2.969270332947033e-18 8.554028459425836e-02
0 59 1.916690183810086e+02 2.790478210457344e-18 8.554010662984796e-02
1 10 1.945783449786905e+02 8.699354623616038e-18 4.577608005730732e-02
0 60 1.949124781901354e+02 2.790475115856761e-18 8.554037648412692e-02
0 61 1.981559375525846e+02 2.884611317542239e-18 8.554011634340847e-02
0 62 2.013993949499380e+02 3.404394614194635e-18 8.554024498456353e-02
0 63 2.046428568668536e+02 3.131690667448370e-18 8.554056035944206e-02
0 64 2.078863207523758e+02 2.806080542589035e-18 8.554020629133899e-02
0 65 2.111297773986576e+02 2.737882870042441e-18 8.554007356891176e-02
1 11 2.138815340101616e+02 8.654114783274903e-18 4.577580520071318e-02
0 66 2.143732374055991e+02 2.806086402888858e-18 8.554032015496434e-02
0 67 2.176166965873603e+02 2.884622409108897e-18 8.554005969079492e-02
0 68 2.208601540506331e+02 3.200919797000593e-18 8.554021275408377e-02
0 69 2.241036162770537e+02 3.063495035143656e-18 8.554051273164562e-02
0 70 2.273470798814503e+02 3.212502165409195e-18 8.554012867072558e-02
0 71 2.305905364300331e+02 2.766354804762471e-18 8.554004189052002e-02
1 12 2.331847219136002e+02 8.649314288863522e-18 4.577546425559333e-02
0 72 2.338339966134875e+02 2.643757283769253e-18 8.554026181068967e-02
0 73 2.370774556141842e+02 2.884633556316399e-18 8.554000433208440e-02
0 74 2.403209131616638e+02 3.009123648301566e-18 8.554018101439237e-02
0 75 2.435643756921201e+02 3.398752418978634e-18 8.554046289335901e-02
0 76 2.468078389804040e+02 3.136947361335890e-18 8.554005201652695e-02
0 77 2.500512954750086e+02 2.952842769139317e-18 8.554001127565355e-02
1 13 2.524879085250859e+02 8.644290479197322e-18 4.577509241765014e-02
0 78 2.532947558119002e+02 3.161186364954968e-18 8.554020162203646e-02
0 79 2.565382146331580e+02 2.758269572884366e-18 8.553995026924360e-02
0 80 2.597816722831943e+02 3.255412291003933e-18 8.554014963084901e-02
0 81 2.630251351096030e+02 3.009080087609181e-18 8.554041073979643e-02
0 82 2.662685980498800e+02 3.404313958079442e-18 8.553997660707706e-02
0 83 2.695120545334665e+02 3.131748645324621e-18 8.553998139570834e-02
1 14 2.717910938045000e+02 8.631369858348342e-18 4.577472493618651e-02
0 84 2.727555149993720e+02 2.619619481068842e-18 8.554013978655550e-02
0 85 2.759989736447152e+02 2.884656008896015e-18 8.553989750181945e-02
0 86 2.792424314156444e+02 2.737896562004718e-18 8.554011846971446e-02
0 87 2.824858945272049e+02 2.737882926066388e-18 8.554035619129023e-02
0 88 2.857293570912323e+02 2.766350803470350e-18 8.553990271216125e-02
0 89 2.889728136053520e+02 3.161257377091999e-18 8.553995191827823e-02
1 15 2.910942778290356e+02 8.628464897105818e-18 4.577439374171692e-02
0 90 2.922162741749187e+02 3.599377457668138e-18 8.554007652401963e-02
0 91 2.954597326496526e+02 2.619633146320718e-18 8.553984602957691e-02
0 92 2.987031905597083e+02 2.737899574710800e-18 8.554008740029662e-02
0 93 3.019466539428158e+02 3.063545258420545e-18 8.554029919742009e-02
0 94 3.051901161065126e+02 3.255308762562390e-18 8.553983058983566e-02
0 95 3.084335726906985e+02 3.009140445267431e-18 8.553992251255604e-02
1 16 3.103974607780909e+02 8.629567106669956e-18 4.577412578687801e-02
0 96 3.116770333380478e+02 3.126044982043226e-18 8.554001207135693e-02
0 97 3.149204916491294e+02 3.131806215021610e-18 8.553979585424810e-02
0 98 3.181639497163429e+02 3.404545957021138e-18 8.554005629634130e-02
0 99 3.214074133545202e+02 2.737888920400310e-18 8.554023974023348e-02
0 100 3.246508750984157e+02 3.255339778152721e-18 8.553976048281220e-02
0 101 3.278943317896226e+02 3.359239489151640e-18 8.553989285426550e-02
1 17 3.297006429231412e+02 8.628618046674970e-18 4.577394423599385e-02
0 102 3.311377924887337e+02 3.600094735223338e-18 8.553994667723538e-02
0 103 3.343812506446361e+02 2.683469839824069e-18 8.553974698027342e-02
0 104 3.376247088867239e+02 3.305028594503671e-18 8.554002503656530e-02
0 105 3.408681727605795e+02 3.398875689809859e-18 8.554017783638893e-02
0 106 3.441116340701884e+02 2.619275657658392e-18 8.553969261443421e-02
0 107 3.473550909022907e+02 2.683467773299051e-18 8.553986263010767e-02
1 18 3.490038245673284e+02 9.317269047422862e-15 4.577386414229379e-02
0 108 3.505985516273600e+02 3.404497386726099e-18 8.553988059644940e-02
0 109 3.538420096379322e+02 2.766437023018840e-18 8.553969941452147e-02
0 110 3.570854680721735e+02 2.737908421972916e-18 8.553999350432141e-02
0 111 3.603289321593908e+02 3.453339764520813e-18 8.554011353813457e-02
0 112 3.635723930255033e+02 2.766402284853654e-18 8.553962718433926e-02
