0 0 2.951490376630649e-01 2.706813800376103e-18 8.442581255698471e-02
1 0 1.910772472823755e+00 2.193500129700275e-15 4.450401541484766e-02
0 1 3.538610338063993e+00 2.706809356529609e-18 8.442582965672511e-02
0 2 6.782069492615729e+00 2.925405367343073e-18 8.442562893332460e-02
0 3 1.002553078589425e+01 3.279274045192834e-18 8.442607922071464e-02
0 4 1.326899660396682e+01 2.581979837758030e-18 8.442596223347743e-02
0 5 1.651245656270527e+01 2.611645705111227e-18 8.442566804442542e-02
0 6 1.975591566737592e+01 2.581984691641622e-18 8.442583676994961e-02
1 1 2.121400072459889e+01 6.516033040079973e-15 4.450405726090104e-02
0 7 2.299937700011593e+01 2.611642995559564e-18 8.442582577618178e-02
0 8 2.624283599835996e+01 2.706795207493786e-18 8.442564904779458e-02
0 9 2.948629770506260e+01 2.925307552697064e-18 8.442610728865867e-02
0 10 3.272976334370276e+01 2.611639793342442e-18 8.442595302699103e-02
0 11 3.597322309361810e+01 2.925261050731657e-18 8.442567762406110e-02
0 12 3.921668230374033e+01 2.677112871810391e-18 8.442586079098624e-02
1 2 4.051722939047529e+01 1.561028981993080e-14 4.450421095106719e-02
0 13 4.246014365256995e+01 2.706768756571404e-18 8.442582139171216e-02
0 14 4.570360250697983e+01 2.698263594306751e-18 8.442567180977326e-02
0 15 4.894706463644683e+01 2.677096762882655e-18 8.442613315231730e-02
0 16 5.219053006353942e+01 2.611641452039331e-18 8.442594398128526e-02
0 17 5.543398962220111e+01 2.611648008752429e-18 8.442568878731944e-02
0 18 5.867744894520240e+01 2.677090651650519e-18 8.442588442708118e-02
1 3 5.982045885558342e+01 3.265976581991319e-14 4.450446422449728e-02
0 19 6.192091029334097e+01 2.581984516641673e-18 8.442581669280072e-02
0 20 6.516436901950760e+01 2.677093389613620e-18 8.442569714559547e-02
0 21 6.840783157565248e+01 2.611636319269498e-18 8.442615665368752e-02
0 22 7.165129676268133e+01 2.677062075530417e-18 8.442593521117926e-02
0 23 7.489475614802257e+01 2.677070103188726e-18 8.442570147072083e-02
0 24 7.813821559035830e+01 2.677068426740207e-18 8.442590746265206e-02
1 4 7.912368943958612e+01 6.214962576633412e-14 4.450479556720652e-02
0 25 8.138167692070128e+01 3.278783246551821e-18 8.442581185472466e-02
0 26 8.462513553734843e+01 3.449281113398486e-18 8.442572492925773e-02
0 27 8.786859851848673e+01 3.192116280165195e-18 8.442617765602783e-02
0 28 9.111206344071944e+01 2.581980463063837e-18 8.442592680427946e-02
0 29 9.435552267093134e+01 2.925054036299851e-18 8.442571558602789e-02
0 30 9.759898223806330e+01 2.611646331975433e-18 8.442592966650564e-02
1 5 9.842692136392201e+01 1.101809207422514e-13 4.450517500508541e-02
0 31 1.008424435333952e+02 2.706708177059267e-18 8.442580703981499e-02
0 32 1.040859020623399e+02 2.611648885399037e-18 8.442575498606322e-02
0 33 1.073293654611267e+02 2.925013054344520e-18 8.442619604883332e-02
0 34 1.105728300977125e+02 2.706684620098880e-18 8.442591882644390e-02
0 35 1.138162891911413e+02 2.677026793187477e-18 8.442573102603408e-02
0 36 1.170597488875051e+02 2.793323589407481e-18 8.442595080077356e-02
1 6 1.177301547247169e+02 1.848109718796372e-13 4.450556598989366e-02
0 37 1.203032101307131e+02 2.706688077266209e-18 8.442580240057361e-02
0 38 1.235466685967641e+02 2.924989799042896e-18 8.442578709833685e-02
0 39 1.267901324002451e+02 2.895273237445909e-18 8.442621175314252e-02
0 40 1.300335967342320e+02 2.706664580463647e-18 8.442591132851253e-02
0 41 1.332770557092780e+02 2.793310522776547e-18 8.442574767140300e-02
0 42 1.365205155382400e+02 2.793307234190299e-18 8.442597063121875e-02
1 7 1.370333894764792e+02 3.212524960080101e-15 4.450592871254391e-02
0 43 1.397639767125267e+02 2.581984236707986e-18 8.442579808412076e-02
0 44 1.430074351433165e+02 3.148932004352049e-18 8.442582101273423e-02
0 45 1.462508993330913e+02 2.706648872132353e-18 8.442622472665567e-02
0 46 1.494943633513685e+02 2.676975886114872e-18 8.442590435363836e-02
0 47 1.527378222263845e+02 2.706651815187937e-18 8.442576539791037e-02
0 48 1.559812821901886e+02 2.706648074441341e-18 8.442598893816876e-02
1 8 1.563366254217663e+02 8.869755481504654e-18 4.450622376061319e-02
0 49 1.592247432792798e+02 2.611652809883727e-18 8.442579423731844e-02
0 50 1.624682017050249e+02 2.611650495704311e-18 8.442585644857148e-02
0 51 1.657116662575206e+02 2.793273264006248e-18 8.442623496811508e-02
0 52 1.689551299506952e+02 2.581980908596366e-18 8.442589794450689e-02
0 53 1.721985887438830e+02 2.706631554962107e-18 8.442578408341218e-02
0 54 1.754420488435891e+02 2.895103338414974e-18 8.442600552726914e-02
1 9 1.756398622649560e+02 8.872881708808983e-18 4.450641890235771e-02
0 55 1.786855098319368e+02 2.611654191896721e-18 8.442579101186078e-02
0 56 1.819289682851264e+02 2.706629940123563e-18 8.442589310654307e-02
0 57 1.851724331719735e+02 2.676935273705453e-18 8.442624252040688e-02
0 58 1.884158965341915e+02 2.676933078137679e-18 8.442589214975205e-02
0 59 1.916593552634974e+02 2.676939950052323e-18 8.442580361387726e-02
0 60 1.949028154989155e+02 2.676935370436500e-18 8.442602023924248e-02
1 10 1.949430996455829e+02 8.873285975738627e-18 4.450649797488293e-02
0 61 1.981462763718942e+02 2.676936521376777e-18 8.442578856862981e-02
0 62 2.013897348869073e+02 2.611651411708977e-18 8.442593067720926e-02
0 63 2.046332000754091e+02 2.706585112235951e-18 8.442624747193524e-02
0 64 2.078766631041320e+02 2.611654151768576e-18 8.442588702896762e-02
0 65 2.111201217871434e+02 2.676918184464266e-18 8.442582388791219e-02
1 11 2.142463371415505e+02 8.872151971029596e-18 4.450645577490922e-02
0 66 2.143635821567662e+02 2.924632403403281e-18 8.442603295791465e-02
0 67 2.176070429008651e+02 2.676915139089748e-18 8.442578708069602e-02
0 68 2.208505015135190e+02 3.277930165844599e-18 8.442596884869831e-02
0 69 2.240939669672036e+02 2.706564057971753e-18 8.442624995593807e-02
0 70 2.273374296629524e+02 2.924554891826642e-18 8.442588265584904e-02
0 71 2.305808883167963e+02 2.706570636478203e-18 8.442584481935031e-02
1 12 2.335495743271084e+02 8.869757010892442e-18 4.450629623096104e-02
0 72 2.338243488177370e+02 2.793225841487686e-18 8.442604361590302e-02
0 73 2.370678094207472e+02 3.161448780170113e-18 8.442578673447577e-02
0 74 2.403112681677850e+02 2.581978013620357e-18 8.442600731318449e-02
0 75 2.435547338470246e+02 2.894826508417797e-18 8.442625014758214e-02
0 76 2.467981962131026e+02 2.611657145650562e-18 8.442587911917744e-02
0 77 2.500416548543489e+02 2.581982223070913e-18 8.442586633765399e-02
1 13 2.528528108017071e+02 8.876299725327196e-18 4.450603279678066e-02
0 78 2.532851154822895e+02 2.676869184773146e-18 8.442605219755091e-02
0 79 2.565285759334889e+02 2.894815285830025e-18 8.442578772874283e-02
0 80 2.597720348520125e+02 2.676869455608813e-18 8.442604577185416e-02
0 81 2.630155007146946e+02 2.676845091169069e-18 8.442624825886245e-02
0 82 2.662589627569001e+02 2.924417125082568e-18 8.442587652156949e-02
0 83 2.695024214014733e+02 2.706529870013272e-18 8.442588838608921e-02
1 14 2.721560462255042e+02 2.842381450617056e-14 4.450568966624215e-02
0 84 2.727458821506275e+02 3.190868092287366e-18 8.442605873891779e-02
0 85 2.759893424409649e+02 2.924422581780243e-18 8.442579027139413e-02
0 86 2.792328015678250e+02 2.706523817821483e-18 8.442608393824855e-02
0 87 2.824762675700590e+02 2.581971562778482e-18 8.442624453152500e-02
0 88 2.857197292963984e+02 2.924348288036512e-18 8.442587497611960e-02
0 89 2.889631879594986e+02 2.924362384144341e-18 8.442591091784496e-02
1 15 2.914592803579462e+02 1.398603363639698e-13 4.450529933015600e-02
0 90 2.922066488225960e+02 2.611657128432391e-18 8.442606332488907e-02
0 91 2.954501089448743e+02 2.924353947248618e-18 8.442579457409419e-02
0 92 2.986935683160310e+02 2.924352873629265e-18 8.442612154004482e-02
0 93 3.019370344128710e+02 2.793157865894618e-18 8.442623922841368e-02
0 94 3.051804958332802e+02 2.930599765956381e-18 8.442587460126590e-02
0 95 3.084239545293169e+02 2.793165866561405e-18 8.442593389047355e-02
1 16 3.107625130838422e+02 8.232296170019290e-14 4.450489797511570e-02
0 96 3.116674154976112e+02 3.190605034706057e-18 8.442606608370473e-02
0 97 3.149108754466716e+02 2.924285297033029e-18 8.442580084512101e-02
0 98 3.181543350965376e+02 2.676800429294274e-18 8.442615831950495e-02
0 99 3.213978012427059e+02 2.706460103722115e-18 8.442623262378558e-02
0 100 3.246412623687868e+02 2.611662838542399e-18 8.442587551437070e-02
0 101 3.278847211113250e+02 2.924222952930711e-18 8.442595725918711e-02
1 17 3.300657444212715e+02 4.589735080173507e-14 4.450452119697638e-02
0 102 3.311281821746301e+02 2.924209804801237e-18 8.442606717942376e-02
0 103 3.343716419475347e+02 2.676786703915651e-18 8.442580928091317e-02
0 104 3.376151019083189e+02 2.706459105980712e-18 8.442619403294975e-02
0 105 3.408585680589104e+02 2.611655116501633e-18 8.442622499324866e-02
0 106 3.441020289036883e+02 2.706445573283740e-18 8.442587782462675e-02
0 107 3.473454877054083e+02 2.676764773913923e-18 8.442598096967993e-02
1 18 3.493689745144733e+02 2.392519629893631e-14 4.450420086102762e-02
0 108 3.505889488521638e+02 2.706442710081897e-18 8.442606680300631e-02
0 109 3.538324084483759e+02 2.676765173551766e-18 8.442582005694707e-02
0 110 3.570758687494407e+02 2.706437403366806e-18 8.442622844970568e-02
0 111 3.603193348605947e+02 2.581972036753833e-18 8.442621660402073e-02
0 112 3.635627954382982e+02 2.698356032157241e-18 8.442588162596837e-02
