0 0 3.017212743484281e+00 2.482153700220466e-18 7.058452538454453e-02
1 0 5.172842360870740e+00 3.124061488443977e-18 5.887647142925669e-02
0 1 6.260109355414320e+00 2.305676932306005e-18 7.058934083451494e-02
0 2 9.503427119048970e+00 2.237711898007618e-18 7.059982357911264e-02
1 1 1.076285201782295e+01 3.444764921774721e-14 5.886949217776209e-02
0 3 1.274630207701552e+01 2.485379161539829e-18 7.059638864819487e-02
0 4 1.598920459386327e+01 2.571061745563050e-18 7.057168560873070e-02
1 2 1.635319995124395e+01 3.095504981967076e-18 5.888539135043374e-02
2 0 1.788834543550115e+01 2.152248646623805e-16 3.974114488020992e-02
0 5 1.923196947820248e+01 2.389906655428399e-18 7.056587565348446e-02
1 3 2.194348984559650e+01 3.128219226785233e-18 5.888433596775018e-02
0 6 2.247471597069771e+01 2.207176980929503e-18 7.057206508574602e-02
0 7 2.571765813091500e+01 2.494245503412414e-18 7.059476857497976e-02
1 4 2.753384327327775e+01 3.279646043688398e-18 5.887296485042286e-02
0 8 2.896060111182845e+01 2.305481499494716e-18 7.059655358688434e-02
0 9 3.220401090640009e+01 2.305835690417294e-18 7.058364587811262e-02
1 5 3.312361908402427e+01 3.382168395113969e-18 5.887931601813036e-02
0 10 3.544680876231514e+01 2.562153576313270e-18 7.057883361057322e-02
2 1 3.719005669992155e+01 7.200735443775060e-17 3.974072521185629e-02
0 11 3.868945803949276e+01 2.306214272191499e-18 7.057662908110009e-02
1 6 3.871426521034463e+01 3.157065070907546e-18 5.887635232507281e-02
0 12 4.193219723295523e+01 9.999963890884681e-15 7.057558705928559e-02
1 7 4.430455953117352e+01 3.099418934911405e-18 5.888199658856817e-02
0 13 4.517505318309453e+01 6.665764503795446e-15 7.058166793967009e-02
0 14 4.841823671286900e+01 5.282235809156026e-15 7.060127523033723e-02
1 8 4.989473229384605e+01 3.090798739467562e-18 5.886867164034885e-02
0 15 5.166115665884047e+01 3.530599696077966e-15 7.059952305929762e-02
0 16 5.490433322949684e+01 2.883671615084636e-15 7.057059343660375e-02
1 9 5.548471557505945e+01 3.136964542960603e-18 5.889015288001715e-02
2 2 5.649163713617382e+01 2.299584493250563e-17 3.974183237234386e-02
0 17 5.814710500465254e+01 1.648796628829588e-15 7.056454096825603e-02
1 10 6.107510308047934e+01 3.135943194651022e-18 5.888470592702317e-02
0 18 6.138977455953713e+01 1.065365686786548e-14 7.057025133861147e-02
0 19 6.463259094611902e+01 7.293082325310684e-15 7.058663305482081e-02
1 11 6.666555318923427e+01 3.070115222740616e-18 5.887834891887455e-02
0 20 6.787551100142502e+01 4.994876201469972e-15 7.059010854718573e-02
0 21 7.111888135386100e+01 4.460150956902637e-15 7.059249246483756e-02
1 12 7.225540894311985e+01 3.881503701518420e-15 5.887364439279564e-02
0 22 7.436172118627967e+01 2.782854224480193e-15 7.058901758089982e-02
2 3 7.579333867768422e+01 1.390925289426503e-17 3.974002618110282e-02
0 23 7.760449612074137e+01 1.638107629665354e-15 7.057178926301703e-02
1 13 7.784599915125592e+01 3.081281103925312e-18 5.888372700352965e-02
0 24 8.084724613269475e+01 8.768186376564670e-16 7.056641397971788e-02
1 14 8.343624423518665e+01 8.520295427724859e-18 5.888801160617778e-02
0 25 8.409004055081235e+01 4.569371909817551e-16 7.057321589448275e-02
0 26 8.733307277559547e+01 2.951237219627675e-16 7.059619237231975e-02
1 15 8.902656203636032e+01 3.136304447914059e-18 5.887251094704716e-02
0 27 9.057601230342497e+01 1.593570732100698e-16 7.059628555940844e-02
0 28 9.381937817480647e+01 1.318213640201907e-16 7.057603189630886e-02
1 16 9.461631602344991e+01 7.046971387027716e-16 5.888876671731225e-02
2 4 9.509493642095809e+01 1.642943134483006e-17 3.974278796167794e-02
0 29 9.706216513013999e+01 5.218599226569181e-17 7.057036401386199e-02
1 17 1.002068408146011e+02 3.131524867492690e-18 5.888039643821959e-02
0 30 1.003047940951100e+02 1.323511217430980e-17 7.057305731368863e-02
0 31 1.035475456450467e+02 4.695871895388709e-18 7.057833528475778e-02
1 18 1.057972827295846e+02 2.228673775087605e-14 5.888318646214569e-02
0 32 1.067904315765574e+02 3.195518098044565e-18 7.058322442044343e-02
0 33 1.100336875500988e+02 2.446519093601974e-18 7.059767836730717e-02
1 19 1.113872825186570e+02 3.168068369232521e-18 5.887060656887636e-02
0 34 1.132765787262161e+02 2.136143447200815e-18 7.059586435960671e-02
2 5 1.143966114935661e+02 1.681947860405413e-17 3.974035829008039e-02
0 35 1.165196068519085e+02 3.172121801129386e-18 7.056722241194342e-02
1 20 1.169775551737414e+02 3.128283709211433e-18 5.889047068690173e-02
0 36 1.197623664987429e+02 9.581349913768364e-18 7.056119542858287e-02
1 21 1.225678725471724e+02 3.093593710753287e-18 5.889121857430302e-02
0 37 1.230050831742489e+02 3.854791664754336e-17 7.056799052043565e-02
0 38 1.262479706469032e+02 9.142831741344180e-17 7.058815075860712e-02
1 22 1.281583014251667e+02 3.123609667182951e-18 5.887782362727191e-02
0 39 1.294908989333351e+02 1.832869039196370e-16 7.059009827459233e-02
0 40 1.327343005718997e+02 1.958805249484500e-16 7.058494996194810e-02
2 6 1.336982441956638e+02 1.545371345068999e-17 3.974380620919730e-02
1 23 1.337480694022643e+02 3.354824406130144e-18 5.888355542888914e-02
0 41 1.359771201464475e+02 3.997595307764083e-16 7.058015596245268e-02
0 42 1.392197982498549e+02 8.641662861533926e-16 7.057207576165289e-02
1 24 1.393386512339994e+02 3.118197586835353e-18 5.888271087425313e-02
0 43 1.424625474199772e+02 1.621704978502732e-15 7.056895005789798e-02
1 25 1.449290064504486e+02 3.189891635958181e-18 5.888894450861071e-02
0 44 1.457053845544158e+02 2.706685310455395e-15 7.057481009598401e-02
0 45 1.489484967658304e+02 3.595022418672241e-15 7.059605490908023e-02
1 26 1.505191445906781e+02 3.070332186135575e-18 5.887287720381666e-02
0 46 1.521914269986842e+02 5.272710706426340e-15 7.059610093563659e-02
2 7 1.529998884141573e+02 1.241922178332823e-17 3.974161587633847e-02
0 47 1.554347087634233e+02 5.817525079675555e-15 7.056900485216734e-02
1 27 1.561090655974181e+02 3.266873734170411e-18 5.889164177610199e-02
0 48 1.586774785570911e+02 9.202328244393487e-15 7.056327306500121e-02
1 28 1.616995383680675e+02 3.108255752116565e-18 5.888891648920800e-02
0 49 1.619201307124028e+02 1.546474217388984e-15 7.056875580405687e-02
0 50 1.651629153899522e+02 2.716091813616682e-15 7.057999571982748e-02
1 29 1.672899985309317e+02 7.279587784350298e-15 5.888229410637416e-02
0 51 1.684058150022102e+02 4.185670527151627e-15 7.058363812549387e-02
0 52 1.716491399565824e+02 4.556198485163098e-15 7.059285558194137e-02
2 8 1.723015642287201e+02 9.428750320660185e-18 3.974475808351633e-02
1 30 1.728799221798515e+02 3.070613850024802e-18 5.887814933498706e-02
0 53 1.748920071965669e+02 6.928153903841265e-15 7.058935280648304e-02
0 54 1.781348763611200e+02 1.044750012586845e-14 7.056621800991841e-02
1 31 1.784703087636928e+02 5.693496716293214e-18 5.889208801056813e-02
0 55 1.813776392777787e+02 2.306547948879875e-18 7.056084500461533e-02
1 32 1.840606556257372e+02 3.086001157320945e-18 5.889404998609062e-02
0 56 1.846204052593903e+02 2.492121963873020e-18 7.056707262457554e-02
0 57 1.878633653250595e+02 2.390789784367235e-18 7.058917516587426e-02
1 33 1.896509200098123e+02 2.445683012614255e-16 5.887890303080999e-02
0 58 1.911063034018607e+02 2.388748681212797e-18 7.059113131727289e-02
2 9 1.916031799466076e+02 7.586372908237428e-18 3.974335823879094e-02
0 59 1.943497069786605e+02 2.236659532700088e-18 7.057634665597126e-02
1 34 1.952406924287929e+02 3.115328465741772e-18 5.888788354212406e-02
0 60 1.975925005724369e+02 2.868052687947941e-18 7.057143287372096e-02
0 61 2.008351443053810e+02 3.366334289673738e-18 7.057107188019547e-02
1 35 2.008313175116175e+02 1.659001584699044e-14 5.888484913373671e-02
0 62 2.040778938123962e+02 2.239156334354562e-18 7.057111993780810e-02
1 36 2.064216975591326e+02 3.145249674219937e-18 5.888712857992436e-02
0 63 2.073207536975653e+02 2.481202909729300e-18 7.057612743465380e-02
0 64 2.105639505546518e+02 2.305515876631228e-18 7.059526610398399e-02
2 10 2.109048921962316e+02 6.905673681398878e-18 3.974499846337264e-02
1 37 2.120117985354929e+02 3.129244001823945e-18 5.887646613546731e-02
0 65 2.138068653194336e+02 2.305586414255294e-18 7.059337765852143e-02
0 66 2.170500090094937e+02 2.202414336136453e-18 7.056423698143847e-02
1 38 2.176018214673977e+02 3.118797711959743e-18 5.889736831092847e-02
0 67 2.202927801220662e+02 2.711127819162642e-18 7.055860751158045e-02
1 39 2.231922738721352e+02 3.340572453183972e-18 5.889462652788095e-02
0 68 2.235354680347290e+02 2.200921257482479e-18 7.056434337477897e-02
0 69 2.267782957593462e+02 2.242832282450140e-18 7.058102933363833e-02
1 40 2.287826277040128e+02 3.189939997794813e-18 5.888499043600698e-02
0 70 2.300212145335515e+02 2.305814811092043e-18 7.058477858642265e-02
2 11 2.302064893229179e+02 7.103742811237975e-18 3.974496774741459e-02
0 71 2.332645940734810e+02 2.136428451468425e-18 7.058533866823631e-02
1 41 2.343724613998510e+02 3.076046402756891e-18 5.888232809595326e-02
0 72 2.365074285690400e+02 2.136586565519075e-18 7.058167224726231e-02
0 73 2.397501807273684e+02 2.591684576809891e-18 7.056699220453262e-02
1 42 2.399630704318465e+02 3.069576660337044e-18 5.889188936069858e-02
0 74 2.429929386501372e+02 2.593678796666305e-18 7.056167021399817e-02
1 43 2.455533597102602e+02 3.193776260196483e-18 5.889294462907713e-02
0 75 2.462357385142473e+02 2.463465351445442e-18 7.056754968488993e-02
0 76 2.494787867177240e+02 2.195513342091198e-18 7.059092372567309e-02
2 12 2.495082150334253e+02 1.509211166447951e-17 3.974445051303462e-02
1 44 2.511436222033088e+02 3.116196802576375e-18 5.887963806643881e-02
0 77 2.527217252477190e+02 2.460272299224760e-18 7.059084842109019e-02
0 78 2.559650753544546e+02 2.349788542354050e-18 7.056892748203676e-02
1 45 2.567333867834679e+02 3.109122544993458e-18 5.889648455928338e-02
0 79 2.592078610208656e+02 2.376093043828388e-18 7.056369880553744e-02
0 80 2.624505009797752e+02 2.436207640656823e-18 7.056681128282172e-02
1 46 2.623239913313845e+02 1.006049987566183e-14 5.888985278438651e-02
0 81 2.656932527649923e+02 2.370443092897131e-18 7.057282719168367e-02
1 47 2.679143475083579e+02 3.070018351752434e-18 5.889030305186364e-02
0 82 2.689361394169283e+02 2.221573108232681e-18 7.057807889632899e-02
2 13 2.688098124195968e+02 4.477372199894907e-17 3.974587205951381e-02
0 83 2.721794114028829e+02 2.221028744657987e-18 7.059126759470322e-02
1 48 2.735043226478512e+02 3.773987045500993e-18 5.887885327142294e-02
0 84 2.754222970730494e+02 2.220677501879879e-18 7.058919018558923e-02
0 85 2.786652918161542e+02 2.582551032068880e-18 7.056193129826051e-02
1 49 2.790946504585228e+02 3.073373731134544e-18 5.889982838843118e-02
0 86 2.819080587911791e+02 2.306697215984968e-18 7.055555931882652e-02
1 50 2.846849653937354e+02 1.283671231069951e-16 5.889670725469116e-02
0 87 2.851507796816435e+02 2.167167309289476e-18 7.056163998285915e-02
2 14 2.881115237427879e+02 1.314255913363496e-16 3.974343732158391e-02
0 88 2.883936808283119e+02 2.218955776663918e-18 7.058308352428104e-02
1 51 2.902753592900032e+02 3.207640549651715e-18 5.888479268284773e-02
0 89 2.916366107857533e+02 2.218466252931725e-18 7.058486794722801e-02
0 90 2.948800146271825e+02 2.354820355631507e-18 7.057762357892032e-02
1 52 2.958651096278724e+02 1.359913600087155e-14 5.889158264395045e-02
0 91 2.981228315479038e+02 2.218303966192424e-18 7.057327370660398e-02
0 92 3.013655043676043e+02 2.218023529079066e-18 7.056669139980712e-02
1 53 3.014558024334450e+02 3.143118708994086e-18 5.888959166225285e-02
0 93 3.046082452538816e+02 2.347695756272329e-18 7.056353151976856e-02
1 54 3.070460803527539e+02 3.189523702261387e-18 5.889631439137979e-02
2 15 3.074131397710005e+02 3.288886114536574e-16 3.974570951587623e-02
0 94 3.078510856673418e+02 2.136925400072318e-18 7.056982785956457e-02
0 95 3.110942162619883e+02 2.167391348094793e-18 7.059055797155310e-02
1 55 3.126361966274835e+02 3.118859097940521e-18 5.888042707291505e-02
0 96 3.143371431194878e+02 2.431889905360175e-18 7.059029806629863e-02
0 97 3.175804004315226e+02 2.341747051108009e-18 7.056287989279522e-02
1 56 3.182261796514728e+02 3.343168485312054e-18 5.890208991491796e-02
0 98 3.208231751934717e+02 2.706273909609343e-18 7.055656102202801e-02
1 57 3.238166116693025e+02 3.212462852861530e-18 5.889532490691300e-02
0 99 3.240658258061477e+02 2.696733711851609e-18 7.056170469452439e-02
2 16 3.267148168622118e+02 7.372969687917133e-16 3.974232683000701e-02
0 100 3.273086166786223e+02 2.260707927445005e-18 7.057496654731192e-02
1 58 3.294070612067812e+02 3.292032869648802e-18 5.888932582651300e-02
0 101 3.305515188055523e+02 2.299647516311049e-18 7.057848578576101e-02
0 102 3.337948561688851e+02 2.298961111383820e-18 7.058593821397434e-02
1 59 3.349969555559350e+02 3.069703090143950e-18 5.888628381621678e-02
0 103 3.370377205117059e+02 2.296828946376508e-18 7.058286596270676e-02
0 104 3.402805649082959e+02 2.327583945572565e-18 7.056081286053206e-02
1 60 3.405874874561466e+02 3.075782895430688e-18 5.889811862713065e-02
0 105 3.435233178415901e+02 2.137431277495456e-18 7.055500858177036e-02
2 17 3.460164622515995e+02 1.495058036042224e-15 3.974471749019867e-02
1 61 3.461777542358909e+02 3.088014380786889e-18 5.890182251881518e-02
0 106 3.467660898138512e+02 2.137194305278414e-18 7.056173412555374e-02
0 107 3.500090681633886e+02 2.169389674507220e-18 7.058416529811717e-02
1 62 3.517679999710834e+02 3.112916283498536e-18 5.888600776893364e-02
0 108 3.532520064315052e+02 2.169473418000582e-18 7.058581149394309e-02
0 109 3.564954063111657e+02 2.318557378083226e-18 7.056972904765677e-02
1 63 3.573578246967006e+02 1.250779317948065e-14 5.889885828937057e-02
0 110 3.597382020068195e+02 2.283197162496814e-18 7.056402365087430e-02
0 111 3.629808333303110e+02 2.170706139062249e-18 7.056445049415190e-02
1 64 3.629483853016907e+02 3.084633537778652e-18 5.889112624894091e-02
