0 0 3.008957818186233e+00 9.096961462813859e-15 7.024835749479588e-02
1 0 5.264098642018217e+00 1.887943067155391e-15 5.600938891761688e-02
0 1 6.251905912265368e+00 6.199285244241721e-15 7.025291437455633e-02
0 2 9.495941845136310e+00 8.970045745931617e-15 7.025776448693742e-02
1 1 1.085278699207812e+01 3.353092958586335e-18 5.600697980920095e-02
0 3 1.273918966941910e+01 7.675134960423415e-15 7.025486477034909e-02
0 4 1.598225225364158e+01 5.849457275755968e-15 7.024074024854411e-02
1 2 1.644266116694856e+01 3.289345128081995e-18 5.601334838723622e-02
2 0 1.795338918918031e+01 3.944773474494782e-15 3.789742644255332e-02
0 5 1.922533265826361e+01 4.374389528881965e-15 7.023462047263461e-02
1 3 2.203220640253119e+01 3.268269259757803e-18 5.601358022735214e-02
0 6 2.246846787917886e+01 3.342522079760585e-15 7.024035514661928e-02
0 7 2.571147677413894e+01 1.825665738286930e-14 7.026979235533842e-02
1 4 2.762261808218008e+01 3.227850454580553e-18 5.599569831616826e-02
0 8 2.895441012340628e+01 1.276701914635743e-14 7.027167997545181e-02
0 9 3.219787652599214e+01 1.232847992153664e-14 7.024726457628941e-02
1 5 3.321231022424668e+01 3.226881811697880e-18 5.601193906330500e-02
0 10 3.544108238322681e+01 1.026369545034518e-14 7.024287440534913e-02
2 1 3.725514785958460e+01 6.510307011482208e-15 3.789743677390392e-02
0 11 3.868408140955859e+01 7.451057598926205e-15 7.024129339351139e-02
1 6 3.880211016645232e+01 3.257365244183423e-18 5.601006304902777e-02
0 12 4.192695656363013e+01 4.778378047644381e-15 7.023784617067022e-02
1 7 4.439210515658270e+01 3.226732030951302e-18 5.601674491937470e-02
0 13 4.517004712301748e+01 3.532092745477427e-15 7.024349840853775e-02
0 14 4.841389136434302e+01 4.815320702674300e-15 7.027551422460510e-02
1 8 4.998117803213651e+01 3.548445209701459e-18 5.599137850467135e-02
0 15 5.165696808902095e+01 3.490784346575720e-15 7.027421772697784e-02
0 16 5.490002291581149e+01 2.423075521562140e-15 7.025336591419837e-02
1 9 5.557132176804289e+01 3.284963793245378e-18 5.600497310672316e-02
2 2 5.655682810733204e+01 1.005758917998158e-14 3.789800814798176e-02
0 17 5.814308780195490e+01 1.673430804323091e-15 7.024728257538064e-02
1 10 6.116108149680005e+01 3.286579781989750e-18 5.600073120324838e-02
0 18 6.138608681859747e+01 1.077382764022405e-15 7.025252211450181e-02
0 19 6.462883648143854e+01 5.210954041539013e-16 7.026574799628346e-02
1 11 6.675178593003417e+01 2.347079744877354e-14 5.599804881480176e-02
0 20 6.787175860141990e+01 2.713270012749439e-16 7.026897854383686e-02
0 21 7.111563677733481e+01 4.238578342412656e-16 7.025706793857518e-02
1 12 7.234072081933964e+01 3.259996560549681e-18 5.600543668593780e-02
0 22 7.435891873451899e+01 3.387460402125227e-16 7.025408246656614e-02
2 3 7.585858005797624e+01 1.544552615709075e-14 3.789667464378697e-02
0 23 7.760198167171504e+01 2.059387345563601e-16 7.024458587080105e-02
1 13 7.793050981021209e+01 5.501295916229755e-18 5.600916646309499e-02
0 24 8.084501873123932e+01 1.130829370220025e-16 7.023866826228731e-02
1 14 8.352007043849812e+01 3.230591208055277e-18 5.601358363350063e-02
0 25 8.408819060619450e+01 7.313191381446582e-17 7.024505188394781e-02
0 26 8.733148925551251e+01 6.070539065251426e-17 7.028159278311419e-02
1 15 8.911011032401433e+01 3.339979507715121e-16 5.598554274218945e-02
0 27 9.057443648414180e+01 2.437620355543920e-17 7.028193928859520e-02
0 28 9.381766693273272e+01 1.447031514845787e-17 7.025732095781179e-02
1 16 9.470011197484295e+01 3.310520104664528e-18 5.600485793850937e-02
2 4 9.516026987614147e+01 2.257672633570419e-14 3.789886512871574e-02
0 29 9.706078880942111e+01 7.105737278006160e-18 7.025189264485043e-02
0 30 1.003037382497691e+02 2.538312060613581e-18 7.025405311117967e-02
1 17 1.002899777632307e+02 6.166269826254184e-15 5.599804275495211e-02
0 31 1.035465063791241e+02 2.752602930408077e-18 7.025535275994924e-02
1 18 1.058803950242679e+02 3.284850632914994e-18 5.600549558242195e-02
0 32 1.067895102083373e+02 3.181964868854659e-18 7.025971469375897e-02
0 33 1.100335331071950e+02 2.534621233217825e-18 7.027549288393387e-02
1 19 1.114690615378912e+02 3.546277941876407e-18 5.599040753067622e-02
0 34 1.132767207443238e+02 2.448432316608925e-18 7.027408397007637e-02
2 5 1.144620055174404e+02 3.274217873143332e-14 3.789677029407815e-02
0 35 1.165197755059158e+02 2.834189515986242e-18 7.025681786160688e-02
1 20 1.170590933383938e+02 3.272473221524272e-18 5.600001920656976e-02
0 36 1.197628473405984e+02 2.315306077586462e-18 7.025050923273617e-02
1 21 1.226486795533283e+02 3.372078924040997e-18 5.600088866154414e-02
0 37 1.230059406729137e+02 3.075143423304885e-18 7.025704030860010e-02
0 38 1.262488279574069e+02 2.314371185172609e-18 7.027956429624538e-02
1 22 1.282393205737149e+02 3.256305072469387e-18 5.598596447526809e-02
0 39 1.294917427953021e+02 4.916738543381654e-18 7.028149918228702e-02
0 40 1.327353720487301e+02 5.090383570383718e-18 7.026074688895806e-02
1 23 1.338286427328507e+02 3.275250199281778e-18 5.600468641183111e-02
2 6 1.337637157621212e+02 4.608186419706899e-14 3.789986929269017e-02
0 41 1.359786272510026e+02 6.934457600717426e-18 7.025638889606237e-02
0 42 1.392216519100697e+02 2.155997604830843e-17 7.025194032156387e-02
1 24 1.394184030380387e+02 3.363252714888882e-18 5.600228610984326e-02
0 43 1.424646082041484e+02 5.426746346038951e-17 7.024793556245666e-02
1 25 1.450082384506618e+02 3.245212867779149e-18 5.600966451872809e-02
0 44 1.457077548629288e+02 9.422202192520679e-17 7.025314333235066e-02
0 45 1.489513895576465e+02 7.878298280298787e-17 7.028976915273051e-02
1 26 1.505976131399092e+02 5.334755293145382e-15 5.597853109500724e-02
0 46 1.521944006652816e+02 1.578957643995480e-16 7.028999540495184e-02
2 7 1.530654344804857e+02 6.376652099067335e-14 3.789779716709797e-02
0 47 1.554374914864857e+02 2.523567747663976e-16 7.026661202031384e-02
1 27 1.561878298361096e+02 3.269064251293790e-18 5.599378785974075e-02
0 48 1.586805551971274e+02 4.133060966978006e-16 7.026079262357497e-02
0 49 1.619235225503861e+02 7.316520533112432e-16 7.026602438360530e-02
1 28 1.617776589245454e+02 3.646339868653554e-16 5.599101345320622e-02
0 50 1.651662525565727e+02 1.541362740994635e-15 7.027312553501039e-02
1 29 1.673683655850467e+02 3.243938888086390e-18 5.598958940652691e-02
0 51 1.684091806165739e+02 2.546625249239430e-15 7.027650211094079e-02
0 52 1.716531715259891e+02 1.594176303529128e-15 7.027472888764118e-02
2 8 1.723671723513272e+02 7.220327367891881e-18 3.790095370787591e-02
1 30 1.729570435226446e+02 9.194822009290484e-18 5.599381175753893e-02
0 53 1.748964398808619e+02 1.910506813595226e-15 7.027172014123177e-02
0 54 1.781395009188307e+02 2.693213165068791e-15 7.025935753159535e-02
1 31 1.785468787603219e+02 3.246885810544530e-18 5.599811505075616e-02
0 55 1.813825754593536e+02 3.733172395700593e-15 7.025381791720374e-02
1 32 1.841364547016362e+02 1.612003196731229e-14 5.600156624731460e-02
0 56 1.846257407559687e+02 4.784793738003319e-15 7.025947704452901e-02
0 57 1.878688451499870e+02 6.458822799978734e-15 7.029152660423263e-02
1 33 1.897266965713686e+02 3.255081320981958e-18 5.597721176322463e-02
0 58 1.911117765860466e+02 9.603174231287627e-15 7.029335348190212e-02
2 9 1.916688774143662e+02 7.222058160933017e-18 3.789948453216668e-02
0 59 1.943551465706166e+02 1.011357330251869e-14 7.026816902430845e-02
1 34 1.953165191102956e+02 3.288615294004590e-18 5.599547059746888e-02
0 60 1.975983180953041e+02 1.236274973598581e-14 7.026336243527825e-02
0 61 2.008413013935734e+02 1.703757020039319e-14 7.026400224729241e-02
1 35 2.009063486739130e+02 3.252607239927450e-18 5.599284943806634e-02
0 62 2.040841425489849e+02 4.161316518017384e-15 7.026171488226605e-02
1 36 2.064965599923380e+02 3.306788874434174e-18 5.599737687097880e-02
0 63 2.073271970940316e+02 5.764260963509627e-15 7.026630203857046e-02
0 64 2.105711312400771e+02 3.881412576204447e-15 7.029350427507228e-02
2 10 2.109706408071335e+02 7.218272530094224e-18 3.790153476786191e-02
1 37 2.120853756332948e+02 3.251206600196319e-18 5.597753090737727e-02
0 65 2.138142499619843e+02 5.142552392515667e-15 7.029200469118915e-02
0 66 2.170572940845256e+02 7.178369381409657e-15 7.027246361373569e-02
1 38 2.176754922849742e+02 3.334249207405338e-18 5.598883793447695e-02
0 67 2.203003659291946e+02 9.576729205953594e-15 7.026681004563798e-02
1 39 2.232652400373485e+02 3.249083628872759e-18 5.598767273533270e-02
0 68 2.235434072372396e+02 1.278018277590499e-14 7.027216283761065e-02
0 69 2.267861923698699e+02 1.975629565636863e-14 7.028836687406347e-02
1 40 2.288558754663174e+02 3.421038763690355e-18 5.597928815521689e-02
0 70 2.300291064867653e+02 2.401811129842447e-18 7.029166627014270e-02
2 11 2.302723374760635e+02 7.217997427218690e-18 3.790120790018509e-02
0 71 2.332728988457719e+02 2.501428011696477e-18 7.027524049063903e-02
1 41 2.344449418077403e+02 3.268373088553778e-18 5.599166336869828e-02
0 72 2.365161759736422e+02 2.502490723655792e-18 7.027179484666873e-02
0 73 2.397592341846883e+02 2.314932288754162e-18 7.026486590609556e-02
1 42 2.400347166211770e+02 3.402070343310183e-18 5.599487126330193e-02
0 74 2.430022542893065e+02 2.315064689471846e-18 7.025904326381339e-02
1 43 2.456243990361006e+02 3.360376362105687e-15 5.599702209569891e-02
0 75 2.462454192277515e+02 2.498103797944281e-18 7.026452704720833e-02
0 76 2.494888401980253e+02 2.496903490473261e-18 7.030277395116447e-02
2 12 2.495741112269477e+02 7.214669261244193e-18 3.790132151568314e-02
1 44 2.512141532974269e+02 3.236244461265709e-18 5.596906095469573e-02
0 77 2.527318055214751e+02 2.395757227085053e-18 7.030284736048230e-02
0 78 2.559749664118946e+02 2.214402756454923e-18 7.027848206528133e-02
1 45 2.568042676149270e+02 8.087936915734033e-18 5.598665101079092e-02
0 79 2.592180670447678e+02 2.511245280041648e-18 7.027339551806518e-02
0 80 2.624610221973742e+02 2.513123917796541e-18 7.027637428196716e-02
1 46 2.623941966722536e+02 3.233859836964713e-18 5.598153172814944e-02
0 81 2.657037591361795e+02 2.734564458816326e-18 7.027923765904713e-02
1 47 2.679846670248883e+02 1.528893806741372e-15 5.598604642163313e-02
0 82 2.689467279029013e+02 2.212033892967537e-18 7.028379525215091e-02
2 13 2.688758082621493e+02 7.232747721585282e-18 3.790225462244946e-02
0 83 2.721907658616040e+02 2.145368202099549e-18 7.029240345518976e-02
1 48 2.735732895284440e+02 3.262554258794904e-18 5.597785997862004e-02
0 84 2.754339864896745e+02 2.582815550761083e-18 7.029053233745414e-02
0 85 2.786770493675011e+02 2.248201360248488e-18 7.027562221247419e-02
1 49 2.791632650200223e+02 2.208240736032492e-14 5.598745847452831e-02
0 86 2.819201312777992e+02 2.314791287762010e-18 7.026892851049869e-02
1 50 2.847528513692894e+02 3.296550037907427e-18 5.598573770383663e-02
0 87 2.851632493348433e+02 2.211609455316061e-18 7.027482898667649e-02
2 14 2.881775725383092e+02 7.217963536479444e-18 3.790041184082536e-02
0 88 2.884062067742319e+02 2.313745190079979e-18 7.030178274265508e-02
1 51 2.903433323637871e+02 3.393191681377338e-18 5.596892817484506e-02
0 89 2.916491267456207e+02 2.483988087407470e-18 7.030340396173537e-02
0 90 2.948926526734998e+02 2.145746713991202e-18 7.028041243844164e-02
1 52 2.959328502543369e+02 3.228253702107568e-18 5.598815340125703e-02
0 91 2.981358876207768e+02 2.145911491756671e-18 7.027632666781844e-02
0 92 3.013789016727542e+02 2.209973964875104e-18 7.027333564815558e-02
1 53 3.015227016658646e+02 3.228590093121626e-18 5.598506228496305e-02
0 93 3.046218087620162e+02 2.209440749905497e-18 7.026952548830644e-02
1 54 3.071125892457619e+02 3.365392741572690e-18 5.599268485936476e-02
2 15 3.074792785553535e+02 7.213286174643676e-18 3.790220121151749e-02
0 94 3.078649244301419e+02 2.709806288537665e-18 7.027504999977600e-02
0 95 3.111086868403053e+02 2.591506714424776e-18 7.030901729841540e-02
1 55 3.127017330035710e+02 3.252830410761443e-18 5.596380024895391e-02
0 96 3.143517308479787e+02 2.592657221538249e-18 7.030881699566512e-02
0 97 3.175947983426217e+02 2.314223099066625e-18 7.028716512460038e-02
1 56 3.182919714267694e+02 3.286167591881068e-18 5.597968254242175e-02
0 98 3.208378623843384e+02 2.207825746871198e-18 7.028065887241568e-02
1 57 3.238817762808748e+02 3.251266222533993e-18 5.597405708908074e-02
0 99 3.240808430317066e+02 2.207212272321020e-18 7.028587593006318e-02
2 16 3.267810204335953e+02 7.215910069272226e-18 3.789916490056401e-02
0 100 3.273235796184164e+02 2.598417554662568e-18 7.029682277513855e-02
1 58 3.294724654537513e+02 2.818038615943322e-14 5.597149968743996e-02
0 101 3.305664968248824e+02 2.472699773861575e-18 7.029987504493840e-02
0 102 3.338104247183242e+02 2.474283795183997e-18 7.029190021993213e-02
1 59 3.350612650362152e+02 3.262211109122774e-18 5.598021016346784e-02
0 103 3.370537113594040e+02 2.314207804433690e-18 7.028910169923448e-02
0 104 3.402967756525063e+02 2.314544132624020e-18 7.027811979063500e-02
1 60 3.406511415538965e+02 8.017381418971373e-18 5.598267566941366e-02
0 105 3.435398267390075e+02 2.205752846134736e-18 7.027226480451539e-02
2 17 3.460827413208521e+02 7.220111403491722e-18 3.790128684883307e-02
1 61 3.462406640041825e+02 3.229483591613884e-18 5.598759663119501e-02
0 106 3.467829981892297e+02 2.314517741123237e-18 7.027837404161837e-02
0 107 3.500262132004900e+02 2.203850277093837e-18 7.031322555556294e-02
1 62 3.518307457112237e+02 2.424336342421964e-16 5.596018250851587e-02
0 108 3.532691511212973e+02 2.313366839945117e-18 7.031469661096867e-02
0 109 3.565124388838320e+02 2.314148499282249e-18 7.028969732119521e-02
1 63 3.574207454745647e+02 3.252206719558461e-18 5.598042366717399e-02
0 110 3.597555824821503e+02 2.357025386066833e-18 7.028397619524780e-02
0 111 3.629985414489582e+02 2.442748194104192e-18 7.028569081181368e-02
1 64 3.630105904940356e+02 4.996122327919558e-15 5.597349964854081e-02
