0 0 3.049248157853629e+00 2.360697644346309e-18 6.760847255850580e-02
1 0 5.337219338695588e+00 3.077846352416991e-18 5.866916890929287e-02
0 1 6.291668612406962e+00 2.631381536555355e-18 6.761310164989705e-02
0 2 9.534652090124952e+00 2.353112489165788e-18 6.761356844214869e-02
1 1 1.092786227280755e+01 3.269455968033128e-18 5.867098456396318e-02
0 3 1.277731389635374e+01 2.356127825300688e-18 6.761108448256690e-02
0 4 1.601986996671188e+01 2.392631220516269e-18 6.759421305212052e-02
1 2 1.651876789585221e+01 3.075749056364409e-18 5.867984300061482e-02
2 0 1.804758182686376e+01 9.141614148422536e-16 3.748906055412638e-02
0 5 1.926212664835792e+01 2.503392135647001e-18 6.758798176348280e-02
1 3 2.211003857500708e+01 3.075657268803949e-18 5.868034650572333e-02
0 6 2.250447365290406e+01 2.262741739918074e-18 6.759339377610654e-02
0 7 2.574748437060762e+01 2.369132077689504e-18 6.762773205660541e-02
1 4 2.770025992523010e+01 3.189071263933830e-18 5.865655089061404e-02
0 8 2.899023912177377e+01 2.403414722289614e-18 6.763022741136408e-02
0 9 3.223315012901025e+01 2.720265382211347e-18 6.761820024298966e-02
1 5 3.329087209469053e+01 3.196412551703126e-18 5.866012342846531e-02
0 10 3.547582773311520e+01 2.499574789126482e-18 6.761373545784537e-02
2 1 3.734932163387653e+01 5.214649168435653e-16 3.748967880980381e-02
0 11 3.871840391538907e+01 2.502250438533669e-18 6.760544560609980e-02
1 6 3.888155489283315e+01 3.076405592384467e-18 5.866486126780441e-02
0 12 4.196056996839575e+01 2.261229975296003e-18 6.760140310434362e-02
1 7 4.447304156228117e+01 3.103923555950031e-18 5.867140846371876e-02
0 13 4.520291692016555e+01 2.304243939791610e-18 6.760691537297144e-02
0 14 4.844612526451188e+01 2.582109409743961e-18 6.762143641286512e-02
1 8 5.006318142351833e+01 3.111932387377766e-18 5.866203944966557e-02
0 15 5.168893228035017e+01 2.422574966339638e-18 6.762077800777551e-02
0 16 5.493168567286328e+01 2.425450595646707e-18 6.760428126218022e-02
1 9 5.565377353487147e+01 3.101169984095154e-18 5.867135693771836e-02
2 2 5.665091321776995e+01 3.009819148556018e-16 3.748957883324856e-02
0 17 5.817420499819065e+01 2.821385982206236e-18 6.759817436358122e-02
1 10 6.124453685649761e+01 1.303696634241209e-14 5.866680839390251e-02
0 18 6.141671850867617e+01 2.480602387508691e-18 6.760271423071820e-02
0 19 6.465918744521677e+01 2.392438883114346e-18 6.762270206780767e-02
1 11 6.683571278032800e+01 3.076614476040841e-18 5.865808424194242e-02
0 20 6.790169892433742e+01 2.913263821732523e-18 6.762647997416764e-02
0 21 7.114461343472611e+01 2.229688144001607e-18 6.762127124642388e-02
1 12 7.242642766898862e+01 1.596454847280586e-14 5.865839776119230e-02
0 22 7.438724208551464e+01 2.392562969752706e-18 6.761852163193928e-02
2 3 7.595268805259278e+01 1.517189551093324e-16 3.748857711870925e-02
0 23 7.762976419738507e+01 2.310189351545020e-18 6.760295351714694e-02
1 13 7.801740688893742e+01 3.221508855144219e-18 5.866810103849941e-02
0 24 8.087194254717411e+01 2.451017000621494e-18 6.759667613019210e-02
1 14 8.360879505400966e+01 6.559423815951156e-15 5.867168085870256e-02
0 25 8.411425432995655e+01 2.653360628671660e-18 6.760269170402450e-02
0 26 8.735745154222572e+01 2.338157761063848e-18 6.763340076890816e-02
1 15 8.919885808561699e+01 4.324820735181174e-18 5.864792228890841e-02
0 27 9.060027754235821e+01 2.456901945178355e-18 6.763448701520608e-02
0 28 9.384316739792384e+01 2.392480512086442e-18 6.762084402267680e-02
1 16 9.478929993027126e+01 1.157585992254224e-16 5.865680197404041e-02
2 4 9.525425687102683e+01 7.694995434932018e-17 3.749050095033210e-02
0 29 9.708584318097998e+01 2.392688582999634e-18 6.761561289215089e-02
0 30 1.003284325787702e+02 2.997801217412259e-18 6.761279080335221e-02
1 17 1.003799060313413e+02 3.102933192898601e-18 5.865341680080446e-02
0 31 1.035706318448668e+02 2.392713958093835e-18 6.761310670131319e-02
1 18 1.059714345812043e+02 5.257362909469832e-14 5.866281433786633e-02
0 32 1.068130119525510e+02 2.288984620876223e-18 6.761783219177998e-02
0 33 1.100561069552827e+02 2.392396758881968e-18 6.762401225687312e-02
1 19 1.115617456520610e+02 3.113852977757345e-18 5.865607412455655e-02
0 34 1.132988325964329e+02 2.673230936245638e-18 6.762314729964983e-02
2 5 1.145560343814320e+02 3.366737335561352e-17 3.748834810444450e-02
0 35 1.165414808999499e+02 2.453726161617328e-18 6.760598594170181e-02
1 20 1.171525954672401e+02 3.328079650529015e-18 5.866577949706073e-02
0 36 1.197838650361084e+02 2.825611651250815e-18 6.759947401262296e-02
1 21 1.227435512032740e+02 3.076395727253748e-18 5.866546749863841e-02
0 37 1.230262959490359e+02 2.293563123499957e-18 6.760544446232515e-02
0 38 1.262690372768111e+02 2.562090143009430e-18 6.763540675330340e-02
1 22 1.283344071268508e+02 3.138410433772071e-18 5.864242859369741e-02
0 39 1.295116641980622e+02 2.803762641805592e-18 6.763802201170269e-02
0 40 1.327545596008113e+02 2.945793114613185e-18 6.762965284442250e-02
2 6 1.338576187681535e+02 1.508413894293906e-17 3.749159324805899e-02
1 23 1.339250132925149e+02 3.105330999971473e-18 5.864955046475885e-02
0 41 1.359972101522954e+02 2.649065906110983e-18 6.762581551559504e-02
0 42 1.392397472630832e+02 2.392776164998133e-18 6.761288284390535e-02
1 24 1.395158655848794e+02 3.209183919325535e-18 5.865490240170656e-02
0 43 1.424819051747916e+02 8.672959875133523e-15 6.760791958407769e-02
1 25 1.451073732874140e+02 3.127638700984692e-18 5.866278442396973e-02
0 44 1.457242307963227e+02 3.945158730175644e-15 6.761323036899045e-02
0 45 1.489674845231013e+02 3.427186384397604e-15 6.763591879041067e-02
1 26 1.506972281546495e+02 3.185291075854224e-18 5.864374866483239e-02
0 46 1.522103247434457e+02 2.066573783733319e-15 6.763691123503057e-02
2 7 1.531593687075392e+02 8.306611478998045e-18 3.748911143682328e-02
0 47 1.554531687922768e+02 2.184771428288037e-14 6.762128395684755e-02
1 27 1.562877799556582e+02 3.133328965098849e-18 5.865207519153681e-02
0 48 1.586957917303633e+02 1.262127256852491e-14 6.761544932885162e-02
1 28 1.618783451593942e+02 3.166674044268254e-18 5.864870421537904e-02
0 49 1.619383673479010e+02 6.657491342362473e-15 6.761812603676298e-02
0 50 1.651806573439552e+02 2.592655602639781e-15 6.762574354784893e-02
1 29 1.674699154266484e+02 5.075743062102950e-14 5.864726697136082e-02
0 51 1.684230762115430e+02 9.468441293626580e-16 6.762959280033724e-02
0 52 1.716660548612375e+02 5.371983609157171e-16 6.763014194948780e-02
2 8 1.724610035933208e+02 7.405373936865052e-18 3.749273108932336e-02
1 30 1.730604480496695e+02 3.164628326955661e-18 5.864946968103483e-02
0 53 1.749087142969696e+02 1.886962559252655e-16 6.762799130605955e-02
0 54 1.781512713724340e+02 4.414989006979086e-17 6.761112613680915e-02
1 31 1.786514070456578e+02 1.338382090468638e-14 5.865732448318972e-02
0 55 1.813935342761542e+02 2.851042749727113e-18 6.760517430571406e-02
1 32 1.842426982347323e+02 3.159701097523814e-18 5.866066301821169e-02
0 56 1.846358926712886e+02 2.392845037476310e-18 6.761068193479573e-02
0 57 1.878789004587129e+02 3.273608656754988e-18 6.764436760191853e-02
1 33 1.898329074274393e+02 8.254502611711565e-15 5.863361734844048e-02
0 58 1.911216430701767e+02 4.157940594028292e-18 6.764703168020644e-02
2 9 1.917627034192407e+02 7.296917360424134e-18 3.749065259281161e-02
0 59 1.943645484642203e+02 5.661535179777794e-18 6.763524085043586e-02
1 34 1.954234863877263e+02 4.025545753613076e-18 5.863990279402668e-02
0 60 1.976072263228174e+02 2.544998453382320e-17 6.763071928355156e-02
0 61 2.008498029482759e+02 1.102253496753505e-16 6.762279159797356e-02
1 35 2.010141426588022e+02 3.007051159238431e-17 5.864483584002791e-02
0 62 2.040919759819447e+02 5.568834541057149e-16 6.761873736390137e-02
1 36 2.066057345416164e+02 3.096991760718013e-18 5.864901220600165e-02
0 63 2.073343227980765e+02 1.701932594777388e-15 6.762348240640663e-02
0 64 2.105775299148322e+02 2.169379513261105e-15 6.763832551461774e-02
2 10 2.110644072958954e+02 7.303928850016495e-18 3.749337014653009e-02
1 37 2.121957485006111e+02 3.170372736635952e-14 5.864063601687367e-02
0 65 2.138203370665232e+02 3.809038229394401e-15 6.763794845893414e-02
0 66 2.170630940414988e+02 6.691465810045669e-15 6.762138985252925e-02
1 38 2.177863826856139e+02 3.077236064030097e-18 5.864851165156925e-02
0 67 2.203056214481961e+02 1.297353074017249e-14 6.761563167546414e-02
1 39 2.233771940945752e+02 3.095488179199747e-18 5.864646802935305e-02
0 68 2.235481477170872e+02 1.668538806756473e-15 6.762013029183836e-02
0 69 2.267906102189447e+02 3.689857758085726e-15 6.763921919769461e-02
1 40 2.289683384727072e+02 3.269579794584090e-18 5.863543023682866e-02
0 70 2.300331096212954e+02 7.391216335103877e-15 6.764325919156074e-02
2 11 2.303660496896952e+02 7.297584325458021e-18 3.749248820111106e-02
0 71 2.332760220254129e+02 1.080928397940149e-14 6.763823740612998e-02
1 41 2.345590449839477e+02 3.097285517144781e-18 5.863794470221037e-02
0 72 2.365186517741579e+02 2.906613374269341e-18 6.763542866788383e-02
0 73 2.397611748938754e+02 2.825080628978922e-18 6.762030759247900e-02
1 42 2.401499913599192e+02 3.123328822966886e-18 5.864861879119698e-02
0 74 2.430033623561660e+02 2.229948024956232e-18 6.761392091996211e-02
1 43 2.457414568458193e+02 3.236998216863213e-18 5.864899539926194e-02
0 75 2.462456748752818e+02 2.571419714379601e-18 6.761920544594618e-02
0 76 2.494888653411454e+02 2.569865534403397e-18 6.765043812212321e-02
2 12 2.496678137005050e+02 7.323735832237395e-18 3.749326704954576e-02
1 44 2.513314065033416e+02 3.128729792183762e-18 5.862682631474298e-02
0 77 2.527316876630806e+02 2.581358874895584e-18 6.765175156675722e-02
0 78 2.559745781461464e+02 2.583818348502990e-18 6.763799482424245e-02
1 45 2.569218858239418e+02 3.280145920248931e-18 5.863411757505905e-02
0 79 2.592172579691525e+02 2.294437707307813e-18 6.763316809895226e-02
0 80 2.624598550001222e+02 2.328221609377535e-18 6.763017481616561e-02
1 46 2.625125805836321e+02 3.111552146420208e-18 5.863262152255952e-02
0 81 2.657020510955533e+02 2.459550668752223e-18 6.762972163997361e-02
1 47 2.681040469991686e+02 3.132189928739054e-18 5.864029668825402e-02
0 82 2.689444228497999e+02 2.229245792501497e-18 6.763478662490977e-02
2 13 2.689694123425418e+02 7.304016486771049e-18 3.749395700278824e-02
0 83 2.721875222990441e+02 2.229088985626179e-18 6.764119388715262e-02
1 48 2.736943642981179e+02 3.239932170481091e-14 5.863490078415442e-02
0 84 2.754302527284169e+02 2.289852346477750e-18 6.764027374158896e-02
0 85 2.786729061431312e+02 2.448760844326992e-18 6.762356520382128e-02
1 49 2.792851769705123e+02 3.083934283639845e-18 5.864638576568755e-02
0 86 2.819153027609806e+02 2.549008443045930e-18 6.761682906424882e-02
1 50 2.848761736880504e+02 9.017468389064399e-15 5.864236890273731e-02
0 87 2.851577365814355e+02 2.668112778701580e-18 6.762211642747400e-02
0 88 2.884004634081057e+02 2.391579288367003e-18 6.765242242726667e-02
2 14 2.882712059273794e+02 7.342368026381173e-18 3.749254434044547e-02
1 51 2.904669408581893e+02 3.251195275929267e-18 5.862177146148814e-02
0 89 2.916430832338000e+02 2.461733573800995e-18 6.765521179626670e-02
0 90 2.948859774223649e+02 2.516146320250118e-18 6.764671746689309e-02
1 52 2.960575725501328e+02 1.128508658617056e-14 5.862748140145463e-02
0 91 2.981286289518789e+02 2.660242461934636e-18 6.764332347743586e-02
0 92 3.013711692049608e+02 2.518694712555304e-18 6.763016441620719e-02
1 53 3.016485445014837e+02 3.895080157611631e-18 5.863366356174636e-02
0 93 3.046133231747564e+02 2.422082079273733e-18 6.762455116904223e-02
1 54 3.072399726272433e+02 4.708225424350237e-16 5.864051718519356e-02
2 15 3.075727897945266e+02 7.362534324420766e-18 3.749447893322005e-02
0 94 3.078556408952855e+02 2.229420270912875e-18 6.763025965577341e-02
0 95 3.110988971471241e+02 2.657421649038815e-18 6.765329218776470e-02
1 55 3.128298614868785e+02 3.111705166801747e-18 5.862175513450393e-02
0 96 3.143417389094913e+02 2.279354694631129e-18 6.765424181764407e-02
0 97 3.175845863002199e+02 2.341900766556001e-18 6.763904149774877e-02
1 56 3.184203979264054e+02 1.533585083193859e-14 5.863253132718260e-02
0 98 3.208272181514718e+02 2.438542825913081e-18 6.763286583096774e-02
0 99 3.240697918981399e+02 2.307210155174613e-18 6.763490180488481e-02
1 57 3.240109843736897e+02 3.182674502300647e-18 5.862544827781551e-02
2 16 3.268745750222976e+02 8.137778424735310e-18 3.749150255751373e-02
0 100 3.273120705106711e+02 2.276174213225345e-18 6.764282645715758e-02
1 58 3.296024753547018e+02 3.078258466393373e-18 5.862688632839606e-02
0 101 3.305544856556144e+02 2.304915762340128e-18 6.764680163191319e-02
0 102 3.337974685704991e+02 2.789825936656797e-18 6.764728444700724e-02
1 59 3.351930012243613e+02 3.256860435751789e-18 5.862806506226213e-02
0 103 3.370401330001507e+02 2.259241764280582e-18 6.764559682591263e-02
0 104 3.402826958044269e+02 2.420580493745761e-18 6.762838049291146e-02
1 60 3.407840813576192e+02 3.121308612087154e-18 5.863551735063775e-02
0 105 3.435249576784609e+02 2.416709294135248e-18 6.762186797310075e-02
2 17 3.461761777778937e+02 1.172279285256331e-17 3.749403312576053e-02
1 61 3.463752686659316e+02 3.157912071586473e-18 5.863863524245670e-02
0 106 3.467673122106071e+02 2.744766084915544e-18 6.762780322719930e-02
0 107 3.500103148434128e+02 2.259709232395652e-18 6.766173022840952e-02
1 62 3.519655416837464e+02 3.136939340831517e-18 5.861109186332129e-02
0 108 3.532530540544716e+02 2.492964562947171e-18 6.766437476247322e-02
0 109 3.564959604324320e+02 2.374513560478228e-18 6.765297820952751e-02
1 63 3.575561376247728e+02 3.201432475514978e-18 5.862020384797070e-02
0 110 3.597386422397047e+02 2.403616127822659e-18 6.764800462154906e-02
0 111 3.629812111236072e+02 2.261253983078057e-18 6.763958560625415e-02
1 64 3.631467992702291e+02 3.344668223658313e-18 5.862166631388929e-02
