0 0 3.056498619163678e+00 2.311817541396629e-18 7.059235089396967e-02
1 0 5.281249524567850e+00 7.600918627620194e-17 5.639925457581259e-02
0 1 6.299489266756775e+00 2.822007931005524e-18 7.059719747390775e-02
0 2 9.543287931635490e+00 2.576346693982942e-18 7.060947892379109e-02
1 1 1.087043304850089e+01 3.225197160747959e-18 5.638927397323548e-02
0 3 1.278625875763161e+01 2.135117203330695e-18 7.060686083645891e-02
0 4 1.602908993332969e+01 2.589143568096129e-18 7.058907738688325e-02
1 2 1.646092655678408e+01 3.887192182552600e-18 5.639804815429212e-02
2 0 1.845011789361039e+01 4.025194576066670e-14 3.827564271812875e-02
0 5 1.927198600042707e+01 2.378528544097353e-18 7.058299876694241e-02
1 3 2.205089343633723e+01 3.206417574842182e-18 5.639860343894093e-02
0 6 2.251494334115221e+01 2.468865402560081e-18 7.058837800449744e-02
0 7 2.575785247786848e+01 2.144046955761700e-18 7.061318671612635e-02
1 4 2.764141371230394e+01 1.233204485724484e-14 5.638555853670277e-02
0 8 2.900075048403733e+01 2.170860603600186e-18 7.061528876041127e-02
0 9 3.224426245688481e+01 2.171597869061176e-18 7.059220211799687e-02
1 5 3.323106410709676e+01 3.243377923631685e-18 5.640102224663545e-02
0 10 3.548728874857953e+01 2.890659842414871e-18 7.058765779174303e-02
2 1 3.775185552695937e+01 4.417996022425588e-14 3.827689468471566e-02
0 11 3.873012353914683e+01 2.520925760305556e-18 7.058558302661344e-02
1 6 3.882125183494578e+01 3.405659192069873e-18 5.639941139999755e-02
0 12 4.197296736472723e+01 2.528175724711248e-18 7.058160703954777e-02
1 7 4.441127417437585e+01 3.221319318938139e-18 5.640549524716162e-02
0 13 4.521601606640012e+01 2.786700431885692e-18 7.058749144568317e-02
0 14 4.845951879464106e+01 2.249503251901048e-18 7.061765344621737e-02
1 8 5.000096465187882e+01 3.262062593322175e-18 5.638120180891688e-02
0 15 5.170241731549981e+01 2.537982604686914e-18 7.061671314209071e-02
0 16 5.494538181971916e+01 2.544520046129204e-18 7.059109902502640e-02
1 9 5.559141362400414e+01 3.280504101120838e-18 5.639790912901407e-02
2 2 5.705344515614593e+01 4.711993632338453e-14 3.827533807676129e-02
0 17 5.818831007675027e+01 2.256567915687086e-18 7.058518519216059e-02
1 10 6.118148408444964e+01 3.860274917236087e-18 5.639374423907605e-02
0 18 6.143118057280621e+01 2.258715536245112e-18 7.058994154771815e-02
0 19 6.467394934200144e+01 2.551589177149967e-18 7.060175113522599e-02
1 11 6.677206359631218e+01 3.204838097850364e-18 5.639236298972321e-02
0 20 6.791690026294913e+01 2.269527521337786e-18 7.060517833565995e-02
0 21 7.116068881493618e+01 2.567488385062784e-18 7.060170548942944e-02
1 12 7.236120536351113e+01 3.210661351207323e-18 5.639280315973819e-02
0 22 7.440369647131519e+01 2.297924372729047e-18 7.059868231394012e-02
2 3 7.635521187306838e+01 4.801489276686053e-14 3.827499995360573e-02
0 23 7.764651874018475e+01 2.266227225299092e-18 7.058693075097745e-02
1 13 7.795160351968487e+01 3.242805522537333e-18 5.639872768747412e-02
0 24 8.088940462920127e+01 2.686298256167906e-18 7.058046578867318e-02
1 14 8.354149244043209e+01 3.245497038647409e-18 5.640294397631703e-02
0 25 8.413241769409764e+01 2.270082433124957e-18 7.058696534876956e-02
0 26 8.737551563618227e+01 2.694115600527441e-18 7.061686924569950e-02
1 15 8.913181965271175e+01 1.436556867295933e-14 5.638024211882992e-02
0 27 9.061839536759143e+01 2.306516719393011e-18 7.061760094951998e-02
0 28 9.386167595956995e+01 2.274187609035703e-18 7.059046264120029e-02
1 16 9.472180539889165e+01 3.204472953713971e-18 5.640057746625468e-02
2 4 9.565678413627795e+01 4.756524849614641e-14 3.827535048132685e-02
0 29 9.710467738866457e+01 2.309769443414186e-18 7.058533649416125e-02
0 30 1.003475167090448e+02 2.312004515651366e-18 7.058679462689804e-02
1 17 1.003119492713266e+02 1.165428447897389e-16 5.639347158098151e-02
0 31 1.035903189031684e+02 2.410387892223865e-18 7.058773143743803e-02
1 18 1.059022378854966e+02 3.224463376724321e-18 5.640087661477987e-02
0 32 1.068333510154753e+02 2.135597059971086e-18 7.059223774470541e-02
0 33 1.100770536212097e+02 2.264216410386965e-18 7.061343071076213e-02
1 19 1.114915093502234e+02 1.159694197265725e-16 5.638178317012398e-02
0 34 1.133199833374143e+02 2.560341359179873e-18 7.061210001256132e-02
2 5 1.149585467240504e+02 4.433304104219365e-14 3.827347234451409e-02
0 35 1.165628520882869e+02 2.318720288359125e-18 7.059074297651782e-02
1 20 1.170820537986183e+02 3.205302881510997e-18 5.639549008551228e-02
0 36 1.198057517091514e+02 2.562906424626407e-18 7.058399641095690e-02
1 21 1.226720243301387e+02 4.004256600207533e-14 5.639666051359144e-02
0 37 1.230486694660607e+02 2.290001035603417e-18 7.059048658111437e-02
0 38 1.262915027811989e+02 2.291770150197464e-18 7.060918251657089e-02
1 22 1.282626514379713e+02 3.220089729811945e-18 5.638441873578602e-02
0 39 1.295344077727058e+02 2.134954945304829e-18 7.061147559417656e-02
0 40 1.327780590056297e+02 2.325938686205136e-18 7.059541115923375e-02
1 23 1.338519982081062e+02 3.246712632331092e-18 5.639785920186293e-02
2 6 1.342601363522041e+02 3.974274544078304e-14 3.827547517509285e-02
0 41 1.360210940187156e+02 2.295290489567726e-18 7.059146891859969e-02
0 42 1.392639177632079e+02 2.168007474153508e-18 7.058510386481666e-02
1 24 1.394422862353934e+02 3.248089747924284e-18 5.639572323380485e-02
0 43 1.425067893402754e+02 2.685189397497541e-18 7.058083703730249e-02
1 25 1.450323066011099e+02 3.224630724593967e-18 5.640267591451990e-02
0 44 1.457498426637814e+02 2.167648082005384e-18 7.058610125376445e-02
0 45 1.489931631385608e+02 2.166575807615928e-18 7.061782952913760e-02
1 26 1.506222091690724e+02 3.231648241485465e-18 5.637662565574677e-02
0 46 1.522360432743164e+02 2.257808011772222e-18 7.061823841645666e-02
2 7 1.535618638994073e+02 3.258907157166800e-14 3.827282379268986e-02
0 47 1.554791258342589e+02 2.305652979675504e-18 7.059077331309307e-02
1 27 1.562125415713122e+02 3.226772134186142e-18 5.639606384695997e-02
0 48 1.587220784883294e+02 2.167256793794140e-18 7.058467931814272e-02
1 28 1.618026096931068e+02 3.237651990728600e-18 5.639411378552801e-02
0 49 1.619649363237162e+02 2.341258644135013e-18 7.058968681934444e-02
0 50 1.652077122737637e+02 2.312359309858859e-18 7.059548990217276e-02
1 29 1.673930926092733e+02 3.402487479626276e-18 5.639316459063555e-02
0 51 1.684506899711300e+02 2.344995202285090e-18 7.059914249103987e-02
0 52 1.716944909090313e+02 2.433142313813527e-18 7.060711334334639e-02
2 8 1.728634975754166e+02 2.446560076602984e-14 3.827582459458762e-02
1 30 1.729821644294110e+02 3.030433175365624e-14 5.638804578896031e-02
0 53 1.749374747870124e+02 2.314392459934520e-18 7.060459787600072e-02
0 54 1.781802967102364e+02 2.166467187264962e-18 7.058837110294407e-02
1 31 1.785726487554050e+02 3.211370952321525e-18 5.639431883109824e-02
0 55 1.814231943400782e+02 2.217046905530658e-18 7.058266845987080e-02
1 32 1.841626483508759e+02 3.397976965580652e-15 5.639689809500056e-02
0 56 1.846661750311523e+02 2.576365537911078e-18 7.058825681005690e-02
0 57 1.879091311468427e+02 2.134885236561488e-18 7.061403546903609e-02
1 33 1.897530769509759e+02 3.205637539950491e-18 5.637804150435324e-02
0 58 1.911520140103151e+02 2.966142197714448e-18 7.061611821196996e-02
2 9 1.921651746358307e+02 1.560861415410951e-14 3.827335356969976e-02
0 59 1.943954627902889e+02 2.631964566101905e-18 7.059138763980649e-02
1 34 1.953428277838630e+02 8.975786798884193e-17 5.639636722648295e-02
0 60 1.976384825876558e+02 2.218464639290815e-18 7.058649616380139e-02
0 61 2.008813239999578e+02 2.329598314411429e-18 7.058620570077101e-02
1 35 2.009330102378559e+02 3.225449544403809e-18 5.639498991273750e-02
0 62 2.041241631292962e+02 2.361678441828309e-18 7.058331766132867e-02
1 36 2.065231411809093e+02 5.733246318520487e-16 5.639990479563978e-02
0 63 2.073672079892866e+02 2.305132351786580e-18 7.058804997862259e-02
0 64 2.106107678476050e+02 2.189082146793424e-18 7.061662805606139e-02
2 10 2.114668677775543e+02 7.233116665668174e-15 3.827651810402301e-02
1 37 2.121126303995039e+02 3.205612476040310e-18 5.637895100313261e-02
0 65 2.138536769481950e+02 2.189680723500833e-18 7.061565699462850e-02
0 66 2.170966040622320e+02 2.381296709991301e-18 7.059100162829755e-02
1 38 2.177031197383817e+02 1.682619272264091e-14 5.639359698470568e-02
0 67 2.203395282271826e+02 2.249258250170276e-18 7.058530804199331e-02
1 39 2.232932192377075e+02 3.256579457168828e-18 5.639144830703519e-02
0 68 2.235824169870709e+02 2.341310877943253e-18 7.059043140733326e-02
0 69 2.268251955580859e+02 2.542864597837934e-18 7.060356051296404e-02
1 40 2.288837606033862e+02 3.320570150056323e-18 5.638478398907083e-02
0 70 2.300681252036192e+02 2.456947545258454e-18 7.060714974327670e-02
2 11 2.307684943982087e+02 1.546906969016010e-15 3.827489856134729e-02
0 71 2.333118903279514e+02 2.456305429175595e-18 7.059955894752333e-02
1 41 2.344729553727443e+02 3.210998432541404e-18 5.638952174237225e-02
0 72 2.365549060097879e+02 2.222102425060130e-18 7.059622315070085e-02
0 73 2.397977328416546e+02 2.135818688143559e-18 7.058661726661343e-02
1 42 2.400633509842140e+02 3.320188543005380e-18 5.639544338662546e-02
0 74 2.430406219005951e+02 2.135988711205395e-18 7.058043588069496e-02
1 43 2.456532947823562e+02 3.447802746158438e-18 5.639799366787621e-02
0 75 2.462836455342882e+02 2.352754971587499e-18 7.058588548998181e-02
0 76 2.495267983690546e+02 2.244211189971650e-18 7.061731059072314e-02
2 12 2.500702433301560e+02 3.630577157573691e-16 3.827697319153198e-02
1 44 2.512434484046182e+02 3.329695341560097e-18 5.637651868004646e-02
0 77 2.527696815304794e+02 2.530303445480392e-18 7.061789448631736e-02
0 78 2.560128983622727e+02 2.356866660540958e-18 7.059022958300497e-02
1 45 2.568335312688461e+02 3.204740767615117e-18 5.639633803881565e-02
0 79 2.592558929779899e+02 2.197167235796048e-18 7.058523004896529e-02
1 46 2.624237053242480e+02 3.205086954107628e-18 5.639043777767701e-02
0 80 2.624987425310804e+02 2.197820491676977e-18 7.058762751885954e-02
0 81 2.657415306478408e+02 2.198397772897290e-18 7.058919195841339e-02
1 47 2.680139790195063e+02 1.720337444121031e-14 5.639458022665353e-02
0 82 2.689845428879240e+02 2.304945532994462e-18 7.059403293642412e-02
2 13 2.693718351644343e+02 7.132733506838680e-18 3.827673201917646e-02
0 83 2.722282919300964e+02 2.134928789560922e-18 7.061157301869413e-02
1 48 2.736031925110683e+02 3.278654702157922e-18 5.637859466928070e-02
0 84 2.754712334207684e+02 2.520390621316720e-18 7.060999113753773e-02
0 85 2.787140882280882e+02 2.305057211136667e-18 7.059047126084642e-02
1 49 2.791937770772118e+02 5.823946041652810e-16 5.639245419391563e-02
0 86 2.819569904405985e+02 2.305269494631266e-18 7.058363689113918e-02
1 50 2.847837647734343e+02 3.242383171685887e-18 5.639108219755232e-02
0 87 2.851999195412844e+02 2.200887350094304e-18 7.058927640118791e-02
0 88 2.884427759752036e+02 2.477859757545124e-18 7.061081242404699e-02
2 14 2.886736138115902e+02 7.126110688955957e-18 3.827677266467484e-02
1 51 2.903743054551625e+02 4.432577818921877e-17 5.637924510396976e-02
0 89 2.916856778281200e+02 2.304359992850958e-18 7.061286449391040e-02
0 90 2.949292724682120e+02 2.884949601809469e-18 7.059380336017078e-02
1 52 2.959637473134126e+02 3.241224681095766e-18 5.639488377948364e-02
0 91 2.981723118744287e+02 2.305062997491802e-18 7.058992858707132e-02
0 92 3.014151438282098e+02 2.574187820861569e-18 7.058514129445788e-02
1 53 3.015540578633980e+02 3.162590915043383e-15 5.639225219257105e-02
0 93 3.046580001609409e+02 2.751668204365125e-18 7.058055018409858e-02
1 54 3.071440273421613e+02 3.237833938521738e-18 5.639888934711772e-02
0 94 3.079010487099123e+02 2.236785800698470e-18 7.058630973730584e-02
2 15 3.079751996697445e+02 7.128797506295183e-18 3.827791140318104e-02
0 95 3.111444442740678e+02 2.570259810303803e-18 7.061747467439540e-02
1 55 3.127338356013619e+02 3.404912595449425e-18 5.637252736123283e-02
0 96 3.143873275832739e+02 2.385864672361148e-18 7.061771195617170e-02
0 97 3.176303639245856e+02 2.235496063941927e-18 7.059110205257738e-02
1 56 3.183242861583502e+02 3.211367525798379e-18 5.639270924178204e-02
0 98 3.208733102439375e+02 3.132056496061166e-14 7.058466003518099e-02
1 57 3.239143539180779e+02 3.517702408411526e-18 5.638738783519984e-02
0 99 3.241161671086385e+02 2.076496066082001e-14 7.058929923331582e-02
2 16 3.272769705325512e+02 7.129516331508075e-18 3.827589340892587e-02
0 100 3.273589337746126e+02 1.254849016660033e-14 7.059787469689645e-02
1 58 3.295048371331649e+02 3.228860019541988e-18 5.638687194800693e-02
0 101 3.306019016579152e+02 8.428147360080206e-15 7.060122318163693e-02
0 102 3.338457037785727e+02 1.081364517206876e-14 7.060478110102066e-02
1 59 3.350939097925864e+02 3.409418340612874e-18 5.638589056819747e-02
0 103 3.370887038753256e+02 7.371544121801131e-15 7.060230296330559e-02
0 104 3.403315257720591e+02 4.242510381143199e-15 7.058756888011851e-02
1 60 3.406844282213248e+02 3.675509413692474e-18 5.639109257083227e-02
0 105 3.435744121130692e+02 2.400604858767990e-15 7.058118677477006e-02
1 61 3.462743324811290e+02 3.227838155424816e-18 5.639482009285720e-02
2 17 3.465785803859695e+02 7.131426884294848e-18 3.827791039622652e-02
0 106 3.468174015171545e+02 2.234650533093272e-14 7.058742881627363e-02
0 107 3.500604135974257e+02 1.677517540877955e-14 7.061482565065019e-02
1 62 3.518647121925620e+02 3.321182500497393e-18 5.637333574568586e-02
0 108 3.533032934104011e+02 1.092240411446386e-14 7.061682636659239e-02
0 109 3.565466806119965e+02 9.948151898327092e-15 7.059091011053271e-02
1 63 3.574546243496300e+02 3.211028765222536e-18 5.639398283462689e-02
0 110 3.597896977255208e+02 6.916106606123163e-15 7.058544189152999e-02
0 111 3.630325319351001e+02 4.074541098890543e-15 7.058575806172941e-02
1 64 3.630447694824278e+02 4.958401611417234e-14 5.638770309325324e-02
