0 0 3.008098468551506e+00 5.295679555464097e-15 7.020046518467621e-02
1 0 5.246519172857083e+00 3.187405873111202e-18 5.814413428927338e-02
0 1 6.250821657439922e+00 2.035375829489438e-14 7.020525319059659e-02
0 2 9.494270360592447e+00 1.952457512709404e-14 7.020917809510210e-02
1 1 1.083638139583143e+01 3.216237094549863e-18 5.814321655328514e-02
0 3 1.273721384180986e+01 1.374032526464110e-14 7.020602480016108e-02
0 4 1.598006633525444e+01 8.933639694858462e-15 7.018840879515000e-02
1 2 1.642673388808647e+01 3.262849773828177e-18 5.815339549868771e-02
2 0 1.800909137938465e+01 7.466854739677308e-18 3.658149979508767e-02
0 5 1.922278286515253e+01 5.022469276283533e-15 7.018236870694183e-02
1 3 2.201709406704157e+01 3.138167250473092e-18 5.815356514806042e-02
0 6 2.246553585807780e+01 2.777665364171832e-15 7.018824247798876e-02
0 7 2.570849001612284e+01 1.820745803906198e-15 7.021908970794566e-02
1 4 2.760754909857837e+01 3.110840418089216e-18 5.813464731927728e-02
0 8 2.895131167916532e+01 9.552437928744196e-16 7.022109371650370e-02
0 9 3.219451630731697e+01 6.919469787105289e-16 7.020360745882211e-02
1 5 3.319770513650690e+01 3.264428979463721e-18 5.814426467872514e-02
0 10 3.543740540795305e+01 3.500511874463379e-16 7.019897789165774e-02
2 1 3.731093976711067e+01 7.470095159424020e-18 3.658163892459242e-02
0 11 3.868014005151515e+01 1.353933736735409e-16 7.019536305501278e-02
1 6 3.878811475043275e+01 3.137779398603072e-18 5.814363359874671e-02
0 12 4.192269589042036e+01 3.012395249194799e-17 7.019251006499073e-02
1 7 4.437884308919499e+01 3.151605347060051e-18 5.814952047978014e-02
0 13 4.516541232780607e+01 7.107341372502769e-18 7.019846513112439e-02
0 14 4.840883720609335e+01 6.886094371362200e-18 7.022028624660011e-02
1 8 4.996871414608222e+01 3.164859642782933e-18 5.813353824490022e-02
0 15 5.165176311631348e+01 2.847159342033912e-18 7.021893560030146e-02
0 16 5.489474136897458e+01 2.451600716545761e-18 7.019744546413942e-02
1 9 5.555900506641683e+01 6.509607282325826e-15 5.814814111493371e-02
2 2 5.661259369184057e+01 1.314026930169905e-15 3.658205052454968e-02
0 17 5.813755496384682e+01 3.555564119317959e-18 7.019130507328594e-02
1 10 6.114926587466350e+01 3.208258013338449e-18 5.814376673126746e-02
0 18 6.138030792545817e+01 3.175147142165975e-18 7.019656457736471e-02
0 19 6.462296701636848e+01 2.147657221323102e-18 7.021414781849038e-02
1 11 6.674013539305632e+01 6.002549725902706e-18 5.813773230591999e-02
0 20 6.786572178751246e+01 8.835642465526374e-18 7.021761673927789e-02
0 21 7.110909134973724e+01 1.128997885024577e-17 7.021171949961910e-02
1 12 7.233001699163225e+01 3.110551346901017e-18 5.814010704130305e-02
0 22 7.435201875527753e+01 3.788071554359362e-17 7.020851390173696e-02
2 3 7.591444246727514e+01 1.184528076615776e-15 3.658064123886783e-02
0 23 7.759481282790846e+01 1.129366616862139e-16 7.019486354240684e-02
1 13 7.792045418513345e+01 2.764214467804597e-17 5.814743272028446e-02
0 24 8.083745929701551e+01 3.506742019716209e-16 7.018902021910421e-02
1 14 8.351090434030186e+01 3.132967772153321e-18 5.815095301602122e-02
0 25 8.408020136046277e+01 8.313644008282274e-16 7.019567645729381e-02
0 26 8.732336425332872e+01 1.191108934935290e-15 7.022739246861906e-02
1 15 8.910117640239758e+01 1.263819513112765e-14 5.812647670750410e-02
0 27 9.056621873111813e+01 2.168543977346237e-15 7.022790817466909e-02
0 28 9.380933432787744e+01 2.936034624807604e-15 7.020781773191065e-02
1 16 9.469138328122150e+01 3.117291809227859e-18 5.814195657780103e-02
2 4 9.521610989198378e+01 1.426443082157754e-14 3.658297729454490e-02
0 29 9.705220316738030e+01 4.853075295057133e-15 7.020226410039211e-02
0 30 1.002949317369475e+02 8.576119875214954e-15 7.020339628245965e-02
1 17 1.002817248890067e+02 3.153930594545414e-18 5.813528140378611e-02
0 31 1.035374817354480e+02 1.629779993004782e-14 7.020605377903742e-02
1 18 1.058726339190173e+02 3.136139635191324e-18 5.814278426335419e-02
0 32 1.067802069284584e+02 4.704603717082669e-15 7.021070264351136e-02
0 33 1.100236610514233e+02 4.733310221286827e-15 7.022227156712062e-02
1 19 1.114623212765519e+02 3.419989928570664e-18 5.813268080198666e-02
0 34 1.132666026453161e+02 7.146561971182108e-15 7.022075662618034e-02
2 5 1.145179287689362e+02 1.029924986045595e-14 3.658056190515725e-02
0 35 1.165095111829001e+02 1.085631975128990e-14 7.020044528626193e-02
1 20 1.170527024244759e+02 3.211178715465054e-18 5.814505083314865e-02
0 36 1.197522710462260e+02 1.755621519872036e-14 7.019407627037592e-02
1 21 1.226429528001784e+02 3.162535009274924e-18 5.814505415375435e-02
0 37 1.229950344206133e+02 2.931440274872716e-18 7.020077688020233e-02
0 38 1.262378468506865e+02 2.506175179988025e-18 7.022611273587592e-02
1 22 1.282337308985452e+02 3.258455922729807e-18 5.812625115781928e-02
0 39 1.294806208779453e+02 2.398881474187902e-18 7.022841239953914e-02
0 40 1.327239006239057e+02 2.147622054588652e-18 7.021600421661357e-02
1 23 1.338237477801121e+02 3.116823671326148e-18 5.813766954897870e-02
2 6 1.338196411338097e+02 7.302775075072300e-15 3.658397746350169e-02
0 41 1.359668094554900e+02 2.511982281253988e-18 7.021154619116199e-02
0 42 1.392095557619129e+02 2.582614709163137e-18 7.020321346788409e-02
1 24 1.394141698022319e+02 3.170753707096022e-18 5.813837098907840e-02
0 43 1.424521509388053e+02 2.249885525110382e-18 7.019937095545391e-02
1 25 1.450048668899672e+02 3.178696920454228e-18 5.814611463523080e-02
0 44 1.456948854485885e+02 2.147948577345389e-18 7.020481626189574e-02
0 45 1.489382069987326e+02 3.572947399550812e-18 7.023253858531123e-02
1 26 1.505947250342555e+02 1.767372177320956e-14 5.812424522629842e-02
0 46 1.521811064085942e+02 2.147099093757111e-18 7.023283045621327e-02
2 7 1.531214121190201e+02 5.048291258025739e-15 3.658144102221345e-02
0 47 1.554241453162628e+02 2.212652165703056e-18 7.021076205145017e-02
1 27 1.561850326246204e+02 3.147087673080440e-18 5.813856970167246e-02
0 48 1.586669833258292e+02 2.252328428715365e-18 7.020477514433435e-02
0 49 1.619097331234346e+02 2.875822169101429e-18 7.020976676023763e-02
1 28 1.617752798431180e+02 5.033842896675447e-17 5.813516989852478e-02
0 50 1.651523277893626e+02 2.375156338310183e-18 7.021903859140742e-02
1 29 1.673662594983190e+02 3.111258339344260e-18 5.813068974165761e-02
0 51 1.683950524785051e+02 2.254087667117129e-18 7.022290550257433e-02
0 52 1.716384824116303e+02 2.478880739495156e-18 7.022506977404250e-02
2 8 1.724231865833681e+02 3.448409767452432e-15 3.658490319949413e-02
1 30 1.729560287979647e+02 3.332349750785187e-18 5.813179876623459e-02
0 53 1.748814240788282e+02 2.208714015534282e-18 7.022207524263896e-02
0 54 1.781242609399173e+02 2.696771120234018e-18 7.020495129082671e-02
1 31 1.785464162012449e+02 3.168641656648237e-18 5.813994850355604e-02
0 55 1.813669695266170e+02 2.207972123868622e-18 7.019955153460995e-02
1 32 1.841368740458769e+02 4.381918379904379e-15 5.814321796614837e-02
0 56 1.846097323236581e+02 2.577874682322309e-18 7.020530222896054e-02
0 57 1.878527222975574e+02 2.256947313975939e-18 7.023610759270210e-02
1 33 1.897272412008044e+02 3.118421383705359e-18 5.812075722957299e-02
0 58 1.910955411404731e+02 2.175360482102323e-18 7.023817474364562e-02
2 9 1.917249064758334e+02 2.265680868444872e-15 3.658302751408892e-02
0 59 1.943387285913747e+02 2.147496566316369e-18 7.022005948323874e-02
1 34 1.953174120660750e+02 3.174439230660337e-18 5.813317350275918e-02
0 60 1.975816114816661e+02 2.316230385751064e-18 7.021505727934924e-02
0 61 2.008243485065696e+02 2.233007939518738e-18 7.021318638962550e-02
1 35 2.009077835205911e+02 3.185812279313091e-18 5.813246653017538e-02
0 62 2.040669106875243e+02 2.663774213251002e-18 7.021083573148545e-02
1 36 2.064986041234654e+02 3.169620245346705e-18 5.813590286318189e-02
0 63 2.073096245422514e+02 2.231484751716625e-18 7.021593522908891e-02
0 64 2.105530552104333e+02 2.315580156337654e-18 7.023630482645532e-02
2 10 2.110267394815482e+02 1.463195754122710e-15 3.658533023635482e-02
1 37 2.120883411416020e+02 3.135210306936893e-18 5.812276589142891e-02
0 65 2.137959862091305e+02 2.201072009068495e-18 7.023499717045689e-02
0 66 2.170389472107531e+02 2.395737387268079e-18 7.021344107488982e-02
1 38 2.176786550750001e+02 3.110978984971648e-18 5.813546058584079e-02
0 67 2.202817582811096e+02 2.230502092324207e-18 7.020788637720041e-02
1 39 2.232690144018436e+02 3.142709969806042e-18 5.813355406731166e-02
0 68 2.235245239531549e+02 2.453750696883828e-18 7.021306379124696e-02
0 69 2.267672032182928e+02 2.399947576721092e-18 7.023173345489189e-02
1 40 2.288598079011498e+02 3.229047442722610e-18 5.812349174748120e-02
0 70 2.300099537068744e+02 2.632851113493682e-18 7.023540756720406e-02
2 11 2.303284209205007e+02 9.051894159329506e-16 3.658479989462575e-02
0 71 2.332533100437275e+02 2.177630177486441e-18 7.022803837294957e-02
1 41 2.344497278504644e+02 3.169863906795008e-18 5.812854338198409e-02
0 72 2.364962320281691e+02 2.328868565159199e-18 7.022446823529120e-02
0 73 2.397390219433482e+02 2.227685147758771e-18 7.021247538424276e-02
1 42 2.400401499922518e+02 3.178018343856191e-18 5.813676280626384e-02
0 74 2.429816671066031e+02 2.178853522067733e-18 7.020649359292633e-02
1 43 2.456306694042638e+02 2.241364069736039e-14 5.813772024964894e-02
0 75 2.462244037802106e+02 2.178843859360923e-18 7.021238656933831e-02
0 76 2.494675942358711e+02 2.318884270253178e-18 7.024422679942328e-02
2 12 2.496302865719753e+02 5.399270608636259e-16 3.658507186021647e-02
1 44 2.512207821874619e+02 3.168396743020250e-18 5.811562484273579e-02
0 77 2.527104582381550e+02 2.438504742614017e-18 7.024468278747857e-02
0 78 2.559535549830440e+02 2.800720319500967e-18 7.022391673564919e-02
1 45 2.568110030201806e+02 4.137464564477797e-16 5.812973067632083e-02
0 79 2.591964259493184e+02 2.147587596751168e-18 7.021889952733172e-02
0 80 2.624391654269657e+02 2.311145572105247e-18 7.022046162109054e-02
1 46 2.624014432394906e+02 3.164321841546737e-18 5.812396658471493e-02
0 81 2.656817143082760e+02 2.147370193497570e-18 7.022371393124806e-02
1 47 2.679922953077817e+02 3.398983277272901e-18 5.812872997375527e-02
0 82 2.689244327583631e+02 2.147180178924681e-18 7.022870384739477e-02
2 13 2.689319566185459e+02 3.080463920591262e-16 3.658609829126348e-02
0 83 2.721678901466852e+02 2.146932332031950e-18 7.023834592487375e-02
1 48 2.735820120478836e+02 3.122309809926912e-18 5.812074679855721e-02
0 84 2.754108299646508e+02 2.428216405653397e-18 7.023650777481445e-02
0 85 2.786537311686111e+02 2.180137665356312e-18 7.021733009666944e-02
1 49 2.791724038886575e+02 1.362446168723079e-15 5.813505984097656e-02
0 86 2.818964890054549e+02 2.298346992635487e-18 7.021056022188264e-02
1 50 2.847626869788917e+02 3.112918989574874e-18 5.813240352577435e-02
0 87 2.851392474615832e+02 2.423379826385323e-18 7.021663830245722e-02
2 14 2.882338170935225e+02 1.656477199409978e-16 3.658423870050475e-02
0 88 2.883820848607092e+02 2.325376500661546e-18 7.024388323857106e-02
1 51 2.903533378348092e+02 3.130185491263191e-18 5.811503472326775e-02
0 89 2.916248670607006e+02 2.289647530835999e-18 7.024603886421986e-02
0 90 2.948681261099038e+02 2.322638154353160e-18 7.023228264688167e-02
1 52 2.959433667954839e+02 3.117847668450099e-18 5.812602931370501e-02
0 91 2.981110382855202e+02 2.589047391229279e-18 7.022830132745944e-02
0 92 3.013537858383630e+02 2.147585458261397e-18 7.022068799906227e-02
1 53 3.015339004213678e+02 3.262467525609548e-18 5.812576470055976e-02
0 93 3.045963659373114e+02 2.181481684254572e-18 7.021659413532719e-02
1 54 3.071245372388119e+02 3.158232722391965e-18 5.813278728401111e-02
2 15 3.075355067672116e+02 8.304467551502648e-17 3.658638655492653e-02
0 94 3.078390910666841e+02 2.279850385606158e-18 7.022250237042409e-02
0 95 3.110824404447667e+02 2.146597236105106e-18 7.024896666528070e-02
1 55 3.127143901831470e+02 3.230627795739904e-18 5.811156242414656e-02
0 96 3.143253428182841e+02 2.275443989855484e-18 7.024900845982193e-02
0 97 3.175683735843190e+02 2.308837216781090e-18 7.022742887105685e-02
1 56 3.183047394643630e+02 3.141212393218865e-18 5.812864133103754e-02
0 98 3.208112116141037e+02 2.272354102975806e-18 7.022085904267009e-02
1 57 3.238949815425778e+02 3.450689801322044e-18 5.812246174574620e-02
0 99 3.240539568410700e+02 2.182175479430207e-18 7.022563224849690e-02
2 16 3.268373278827632e+02 3.925206681562999e-17 3.658310403296811e-02
0 100 3.272965574151642e+02 2.265849114691904e-18 7.023725159331082e-02
1 58 3.294859020983457e+02 3.329211109606781e-18 5.811923164741509e-02
0 101 3.305392865104214e+02 2.146794035653820e-18 7.024091243868402e-02
0 102 3.337827033649536e+02 2.297987064551397e-18 7.024115997278814e-02
1 59 3.350756680333919e+02 3.136748953530782e-18 5.812113783255817e-02
0 103 3.370256511683036e+02 2.296296133661766e-18 7.023857116194017e-02
0 104 3.402684804573548e+02 2.182958152962760e-18 7.022169254974002e-02
1 60 3.406661691121856e+02 3.230087378568674e-18 5.812757192688824e-02
0 105 3.435111691775178e+02 2.490358438267107e-18 7.021584204044898e-02
2 17 3.461390606390404e+02 1.842393138673070e-17 3.658563316221516e-02
1 61 3.462565459702877e+02 3.185967540699686e-18 5.813116410962899e-02
0 106 3.467539233729605e+02 2.183318256925961e-18 7.022216176317361e-02
0 107 3.499969522112041e+02 2.555681398560833e-18 7.025340571577815e-02
1 62 3.518468905150797e+02 2.092633434654107e-15 5.810710641632011e-02
0 108 3.532397757523339e+02 2.361690677588346e-18 7.025532425699207e-02
0 109 3.564829542047534e+02 2.501458214996444e-18 7.023693247719770e-02
1 63 3.574371418308544e+02 3.112002863191990e-18 5.812286020067101e-02
0 110 3.597258376004112e+02 2.282349853198556e-18 7.023120258406004e-02
0 111 3.629685646552718e+02 2.449956005763432e-18 7.022993937165320e-02
1 64 3.630274869832537e+02 3.111852765367326e-18 5.811825365878655e-02
