0 0 3.062235721281227e+00 4.467585053087946e-18 6.751732287310447e-02
1 0 5.266515382333150e+00 3.558320403515840e-16 5.619665000011517e-02
0 1 6.305184038834686e+00 4.461631602947230e-18 6.752164181218784e-02
0 2 9.548711393025613e+00 4.472003780034974e-18 6.753151910437533e-02
1 1 1.085609675235241e+01 3.244233664610219e-18 5.618936719019543e-02
0 3 1.279165329188832e+01 3.651852863401634e-18 6.752896939944528e-02
0 4 1.603449843335063e+01 3.858940555905332e-18 6.750854839878985e-02
1 2 1.644653003246501e+01 8.236399704752724e-15 5.620118247249412e-02
2 0 1.805801245237677e+01 2.031906355741781e-16 3.798639090698244e-02
0 5 1.927724053977126e+01 3.520575562832403e-18 6.750260293639655e-02
1 3 2.203681619859778e+01 3.216463244556965e-18 5.620129375060923e-02
0 6 2.252003367035005e+01 2.827453175170044e-18 6.750804880628675e-02
0 7 2.576301444246169e+01 3.110230390648421e-18 6.753099722156744e-02
1 4 2.762705198695690e+01 3.420901417011696e-18 5.618837688095394e-02
0 8 2.900599754466068e+01 2.987188166180788e-18 6.753307679212005e-02
0 9 3.224944833485398e+01 3.606402008563111e-18 6.751781021116650e-02
1 5 3.321674969806936e+01 3.260887385515290e-18 5.619650167192436e-02
0 10 3.549231824023477e+01 2.984414289225351e-18 6.751352071077972e-02
2 1 3.735977891352158e+01 9.094951835632604e-17 3.798660694059314e-02
0 11 3.873499477686487e+01 2.620716430906372e-18 6.751048264530406e-02
1 6 3.880728053433027e+01 3.882437549906966e-18 5.619479812692841e-02
0 12 4.197769391376674e+01 2.360144673563170e-18 6.750719107940364e-02
1 7 4.439760750759153e+01 3.340746706384172e-18 5.620152660029806e-02
0 13 4.522059500393593e+01 2.536601514814298e-18 6.751251606468835e-02
0 14 4.846396244861388e+01 2.719382681232398e-18 6.753437568136633e-02
1 8 4.998741542094046e+01 3.661005605371998e-18 5.618509723493302e-02
0 15 5.170692948756294e+01 2.337006579638706e-18 6.753337618139979e-02
0 16 5.495000211301497e+01 2.310284965804778e-18 6.750833625020496e-02
1 9 5.557756982515217e+01 3.331321328869488e-18 5.620248458502993e-02
2 2 5.666144161767355e+01 3.924254213386479e-17 3.798665959846358e-02
0 17 5.819279321644041e+01 2.232913202142920e-18 6.750259588437338e-02
1 10 6.116791552339325e+01 3.270256952971363e-18 5.619779214471341e-02
0 18 6.143551482651316e+01 3.241911254461744e-18 6.750759342369583e-02
0 19 6.467831075004993e+01 2.346313663238622e-18 6.752077910347117e-02
1 11 6.675833521827285e+01 3.216644804677757e-18 5.619401457657867e-02
0 20 6.792128114425515e+01 2.373544409443082e-18 6.752416373545220e-02
0 21 7.116482820787587e+01 2.606360187862575e-18 6.752415002575576e-02
1 12 7.234786332498300e+01 3.273807746415704e-18 5.619063880367043e-02
0 22 7.440774079379814e+01 2.266379525825453e-18 6.752131639639990e-02
2 3 7.596320732977468e+01 1.385082825813287e-17 3.798542181998459e-02
0 23 7.765049478302858e+01 2.266745196994984e-18 6.750669585158368e-02
1 13 7.793841053170030e+01 4.323632788538044e-15 5.619882185548618e-02
0 24 8.089321292527922e+01 2.516955714857335e-18 6.750067983543091e-02
1 14 8.352867226573244e+01 3.249083730183659e-18 5.620314103046574e-02
0 25 8.413604802054211e+01 2.363535022590475e-18 6.750664289424411e-02
0 26 8.737917232721995e+01 2.349619507823666e-18 6.753170261553912e-02
1 15 8.911880344960632e+01 1.448170842969031e-17 5.618484298873151e-02
0 27 9.062215196248796e+01 2.384704596633437e-18 6.753226301532929e-02
0 28 9.386547567128542e+01 2.232582754399399e-18 6.751136303818320e-02
1 16 9.470860603507914e+01 3.221290981555431e-18 5.620071647596362e-02
2 4 9.526487423778562e+01 8.607038840691082e-18 3.798726831600144e-02
0 29 9.710831961120284e+01 2.232775453522795e-18 6.750639146603518e-02
1 17 1.002990747526837e+02 6.514029170097493e-16 5.619315806947436e-02
0 30 1.003509945683647e+02 2.663770553993823e-18 6.750796949828307e-02
0 31 1.035937044256036e+02 2.265480242350618e-18 6.750961449262595e-02
1 18 1.058895056747993e+02 3.241960389451199e-18 5.619977947158394e-02
0 32 1.068366406583022e+02 2.265167361134871e-18 6.751407005146445e-02
0 33 1.100801134696076e+02 2.361688897290235e-18 6.752922199002165e-02
1 19 1.114791134456942e+02 1.095382854524247e-14 5.618534969424791e-02
0 34 1.133230588550910e+02 2.683329582467060e-18 6.752799946371160e-02
2 5 1.145666234497583e+02 7.255838718766892e-18 3.798516243239339e-02
0 35 1.165659956484169e+02 2.265204858913522e-18 6.750461632638563e-02
1 20 1.170694856202392e+02 3.275389644417023e-18 5.620095268650855e-02
0 36 1.198087562531508e+02 2.265234816267301e-18 6.749839579731508e-02
1 21 1.226597643782943e+02 3.421079154454265e-18 5.620140356969700e-02
0 37 1.230515181732051e+02 2.371466655018229e-18 6.750445803947727e-02
0 38 1.262944153387827e+02 2.372912501372116e-18 6.752355319624813e-02
1 22 1.282501513018814e+02 3.240848071724584e-18 5.618859351948446e-02
0 39 1.295373924764870e+02 2.355810679252222e-18 6.752558934418844e-02
0 40 1.327808957988217e+02 2.406412988841254e-18 6.751707837644139e-02
1 23 1.338396846203498e+02 3.331519140240399e-18 5.619596733708461e-02
2 6 1.338683126611758e+02 7.230583297502068e-18 3.798817423541207e-02
0 41 1.360237887151157e+02 2.264145876408826e-18 6.751323976953599e-02
0 42 1.392664837398811e+02 2.264322365283914e-18 6.750521257834430e-02
1 24 1.394302403973266e+02 3.408413955930283e-18 5.619561655963706e-02
0 43 1.425091880614692e+02 2.354565282781597e-18 6.750084147461520e-02
1 25 1.450205936809807e+02 3.238608144683446e-18 5.620302216219052e-02
0 44 1.457520688770620e+02 2.415889602161986e-18 6.750605879928451e-02
0 45 1.489953340992362e+02 2.415815327059135e-18 6.752988331213737e-02
1 26 1.506104666653416e+02 3.237607622169284e-18 5.618329965076600e-02
0 46 1.522383013629143e+02 2.262885454733050e-18 6.753031214810611e-02
2 7 1.531700389975649e+02 7.209556799799322e-18 3.798601987732556e-02
0 47 1.554814875001352e+02 2.352809348934412e-18 6.750567680519456e-02
1 27 1.562005172283316e+02 3.222531577793348e-18 5.620031910444349e-02
0 48 1.587243002421941e+02 2.232985767697562e-18 6.750009457084083e-02
1 28 1.617908970684550e+02 2.131254372189764e-14 5.619703776884595e-02
0 49 1.619669991677002e+02 2.232946865830081e-18 6.750484935714286e-02
0 50 1.652097528453781e+02 2.426210279073279e-18 6.751238685044603e-02
1 29 1.673813750916335e+02 3.223093614525082e-18 5.619431889292417e-02
0 51 1.684527080457278e+02 2.262619919299116e-18 6.751572957856135e-02
0 52 1.716962382030169e+02 2.307450041755493e-18 6.752336902991385e-02
2 8 1.724717628868320e+02 7.196698236562658e-18 3.798932590267843e-02
1 30 1.729708624568768e+02 2.616061172377267e-15 5.618982923695943e-02
0 53 1.749391709762501e+02 2.705828255063633e-18 6.752090121163420e-02
0 54 1.781819903182951e+02 2.402133378165580e-18 6.750183249321000e-02
1 31 1.785613363384798e+02 3.218316533649821e-18 5.619986837188681e-02
0 55 1.814247274383368e+02 2.309768847176760e-18 6.749612494390800e-02
1 32 1.841516618003775e+02 1.326320057519179e-17 5.620272900671395e-02
0 56 1.846675380399290e+02 2.310084302013689e-18 6.750169781097687e-02
0 57 1.879105553125672e+02 2.527833515091539e-18 6.752473847804674e-02
1 33 1.897418299550546e+02 3.219329447493364e-18 5.618566101537404e-02
0 58 1.911535309668807e+02 2.309951898402829e-18 6.752675460151872e-02
2 9 1.917734660663858e+02 7.203405901625144e-18 3.798766691971042e-02
0 59 1.943969507180833e+02 2.439653137062235e-18 6.750990139869492e-02
1 34 1.953315406416100e+02 1.203099257263784e-15 5.619680894810773e-02
0 60 1.976398155881472e+02 2.441845180379291e-18 6.750541862081764e-02
0 61 2.008824911759669e+02 2.395529393507322e-18 6.750412831995475e-02
1 35 2.009220624137438e+02 3.246248920728355e-18 5.619449708448234e-02
0 62 2.041251980000360e+02 2.232967425277266e-18 6.750181831267937e-02
1 36 2.065124740147225e+02 1.130950223078676e-14 5.619908016913292e-02
0 63 2.073681086581961e+02 2.261356164140780e-18 6.750622053465909e-02
0 64 2.106115003098317e+02 2.830167097234506e-18 6.752694586940353e-02
2 10 2.110752260508673e+02 7.209729154930278e-18 3.799003095638302e-02
1 37 2.121021597346319e+02 3.217098108404401e-18 5.618510539743524e-02
0 65 2.138544615222449e+02 2.532582565616883e-18 6.752597636795395e-02
0 66 2.170974993029519e+02 2.232938467602705e-18 6.750110770229900e-02
1 38 2.176923756699578e+02 3.275319168190701e-18 5.620140139742023e-02
0 67 2.203402847684319e+02 2.314215153114932e-18 6.749556463604209e-02
1 39 2.232827584956080e+02 3.240412977637692e-18 5.619930051686115e-02
0 68 2.235830234778603e+02 2.858013420959945e-18 6.750076738274706e-02
0 69 2.268258422142345e+02 2.232534540089897e-18 6.751494234420494e-02
1 40 2.288731128945335e+02 3.237454419860346e-18 5.619142734343904e-02
0 70 2.300688085371392e+02 2.540691444597446e-18 6.751838829538664e-02
2 11 2.303769102703379e+02 7.203988589936910e-18 3.798941759508920e-02
0 71 2.333123491521612e+02 2.662780818809287e-18 6.751615227154766e-02
1 41 2.344626308182157e+02 3.463232280570868e-18 5.619112360860799e-02
0 72 2.365552588558341e+02 2.315368092728518e-18 6.751307042224029e-02
0 73 2.397979966723820e+02 2.678816849268404e-18 6.750050485970022e-02
1 42 2.400531957232195e+02 3.339410405471979e-18 5.619890010720918e-02
0 74 2.430407173685975e+02 2.233193929189824e-18 6.749460388740636e-02
1 43 2.456435193804755e+02 3.271252227597422e-18 5.620086796165133e-02
0 75 2.462835633017584e+02 2.317368292749490e-18 6.749973872838071e-02
0 76 2.495267182860077e+02 2.316790914067148e-18 6.752521492113477e-02
2 12 2.496786914768557e+02 7.218380913966816e-18 3.798988737975094e-02
1 44 2.512335299398172e+02 3.297587169106146e-18 5.618415307178934e-02
0 77 2.527696950595717e+02 2.317109811378988e-18 6.752577014925233e-02
0 78 2.560129862924418e+02 2.259590555679032e-18 6.750364523680184e-02
1 45 2.568233956762606e+02 1.575134286491283e-14 5.620000306253124e-02
0 79 2.592558247821837e+02 2.395560875041468e-18 6.749887109140248e-02
1 46 2.624139067786043e+02 3.216797458605144e-18 5.619396569020834e-02
0 80 2.624985110666237e+02 2.335905763484027e-18 6.750122208117776e-02
0 81 2.657412271261896e+02 2.395452641881843e-18 6.750365887476574e-02
1 47 2.680042816793199e+02 2.624359204418467e-15 5.619780726707877e-02
0 82 2.689841624195044e+02 2.334296082921550e-18 6.750829397604100e-02
2 13 2.689803685590990e+02 8.690375878890053e-18 3.799060009411249e-02
0 83 2.722276545318479e+02 2.232257895182033e-18 6.752164101780377e-02
1 48 2.735938537192501e+02 3.217073499684609e-18 5.618551231194250e-02
0 84 2.754705985569371e+02 2.293797798594064e-18 6.752013720771338e-02
0 85 2.787135048064298e+02 2.560477767788392e-18 6.749804908823727e-02
1 49 2.791842764829452e+02 1.341508226095499e-17 5.620182434922542e-02
0 86 2.819562650536306e+02 3.063510145911400e-18 6.749161011612839e-02
1 50 2.847745864453551e+02 3.228260512735767e-18 5.619944946619247e-02
0 87 2.851990362541341e+02 2.332253986893510e-18 6.749700709263817e-02
2 14 2.882821475376892e+02 1.918046804643854e-17 3.798906664864406e-02
0 88 2.884419558257443e+02 2.593174786751459e-18 6.751783507422841e-02
1 51 2.903648815219757e+02 1.265524023214155e-15 5.618735644611497e-02
0 89 2.916849327746280e+02 2.296794277562278e-18 6.751984868012276e-02
0 90 2.949284196953775e+02 2.297074257742527e-18 6.750904938436315e-02
1 52 2.959544559316590e+02 3.216639845689578e-18 5.619570864219450e-02
0 91 2.981713079448319e+02 2.330361473300904e-18 6.750541699298492e-02
0 92 3.014140003693683e+02 2.543620569927731e-14 6.749890861506659e-02
1 53 3.015450805776748e+02 1.508816032516061e-14 5.619453972791547e-02
0 93 3.046566996294338e+02 1.573916470641621e-14 6.749435432196160e-02
1 54 3.071353720488116e+02 3.412267663781327e-18 5.620194380508359e-02
2 15 3.075838323528494e+02 4.831878870082582e-17 3.799083227282804e-02
0 94 3.078995818661694e+02 1.059628785665513e-14 6.749986131772567e-02
0 95 3.111428814318260e+02 9.551882644884699e-15 6.752311810742352e-02
1 55 3.127252008843939e+02 3.256618469547887e-18 5.618277025406954e-02
0 96 3.143858485611964e+02 6.509413666390530e-15 6.752325688571802e-02
0 97 3.176289982118013e+02 4.861993053488928e-15 6.749866034163905e-02
1 56 3.183153269693531e+02 3.243819822281049e-18 5.620186576928700e-02
0 98 3.208718089685511e+02 2.661142088272155e-15 6.749264723592588e-02
1 57 3.239057058673486e+02 3.331671507975932e-18 5.619536525447121e-02
0 99 3.241145123371483e+02 1.209798263153319e-15 6.749715583624287e-02
2 16 3.268855893288372e+02 1.140309685827618e-16 3.798797502411607e-02
0 100 3.273572730107855e+02 2.504935773024840e-14 6.750694889630174e-02
1 58 3.294961318791857e+02 3.514766836100578e-18 5.619294861075620e-02
0 101 3.306002311742266e+02 1.747128532703275e-14 6.751026946063028e-02
0 102 3.338437699668370e+02 1.803524731960952e-14 6.751545124528563e-02
1 59 3.350856216013954e+02 3.216885745895121e-18 5.618990734451174e-02
0 103 3.370866997550839e+02 1.201899927426060e-14 6.751319916785474e-02
0 104 3.403294995950121e+02 7.179039117850173e-15 6.749523279505887e-02
1 60 3.406761989965692e+02 3.251570466185939e-18 5.619844772947997e-02
0 105 3.435722261725168e+02 3.707453484705510e-15 6.748898528429643e-02
1 61 3.462664468818812e+02 3.235627236319102e-18 5.620246445474031e-02
2 17 3.461872935534620e+02 2.389855429084413e-16 3.799020666126745e-02
0 106 3.468150395990776e+02 1.881505598195389e-15 6.749495765973414e-02
0 107 3.500580914922479e+02 1.145586578711853e-15 6.751884407245683e-02
1 62 3.518565838542468e+02 1.447918600606151e-14 5.618432926519797e-02
0 108 3.533010690074827e+02 6.050852318126117e-16 6.752058695640333e-02
0 109 3.565444610131665e+02 5.389487052086560e-16 6.750247901646103e-02
1 63 3.574463730103937e+02 3.264282060046492e-18 5.619880642506593e-02
0 110 3.597873241257756e+02 2.163442013623614e-16 6.749738823482722e-02
0 111 3.630299941324603e+02 5.992548991933203e-17 6.749690717398278e-02
1 64 3.630368704036077e+02 1.616185150030376e-15 5.619197936631942e-02
