0 0 3.026892530704128e+00 2.659157061942328e-18 7.069056986333846e-02
1 0 5.080424371865709e+00 1.006320549938375e-14 5.860814659553166e-02
0 1 6.270089691884535e+00 2.245671585251167e-18 7.069511461201196e-02
0 2 9.513453319135555e+00 2.218886056579089e-18 7.071085757286935e-02
1 1 1.067038653547640e+01 3.101070706894805e-18 5.859665983016594e-02
0 3 1.275645761562511e+01 2.219388469495066e-18 7.070708871895125e-02
0 4 1.599960610335229e+01 3.203139054315482e-18 7.067468612633408e-02
1 2 1.626051701075910e+01 3.107427498341216e-18 5.861963057661414e-02
2 0 1.780131197162879e+01 1.197048184891527e-13 3.827178253737620e-02
0 5 1.924303472524504e+01 2.192236654237866e-18 7.066911833799486e-02
1 3 2.184938323538788e+01 3.199051054381764e-18 5.861812062878712e-02
0 6 2.248638667170421e+01 2.220750889871167e-18 7.067563682204016e-02
0 7 2.572979443971301e+01 2.133436427419846e-18 7.069144060247558e-02
1 4 2.743862645269344e+01 3.104899772383706e-18 5.861372575159453e-02
0 8 2.897336253467444e+01 2.344692983922101e-18 7.069283268037554e-02
0 9 3.221746741127389e+01 2.162266005928932e-18 7.068820671589514e-02
1 5 3.302696293210341e+01 3.289717189082556e-18 5.861314101166815e-02
0 10 3.546043873274765e+01 2.795081631424025e-18 7.068354222982103e-02
2 1 3.710317025510498e+01 1.728676775432966e-13 3.827075088118975e-02
1 6 3.861740844321134e+01 3.192506792862294e-18 5.860728590449787e-02
0 11 3.870323337509065e+01 2.133738434789210e-18 7.068412705753339e-02
0 12 4.194643647206761e+01 2.963655491428446e-18 7.068559720222933e-02
1 7 4.420677206173449e+01 3.333368053518411e-18 5.860933690376380e-02
0 13 4.518972251190832e+01 2.562741846712291e-18 7.069161899831741e-02
0 14 4.843307107171712e+01 2.673466708577496e-18 7.070918305878426e-02
1 8 4.979654724792362e+01 3.102956306845890e-18 5.859787687313499e-02
0 15 5.167635431248132e+01 2.243087294769473e-18 7.070686114659973e-02
0 16 5.492024437100445e+01 2.244933062969217e-18 7.066084051433094e-02
1 9 5.538535222863490e+01 3.357604825923965e-15 5.863621552536593e-02
2 2 5.640484364645004e+01 7.158978410998052e-18 3.827253417754380e-02
0 17 5.816343447980689e+01 2.193776696447039e-18 7.065495948160233e-02
1 10 6.097492849301752e+01 8.974938288282620e-18 5.863069302530814e-02
0 18 6.140646997383973e+01 2.303851694546308e-18 7.066109331293545e-02
0 19 6.464965319811260e+01 2.133961217726061e-18 7.067359665550443e-02
1 11 6.656461071936617e+01 9.311832967837844e-15 5.862808820065410e-02
0 20 6.789300838962002e+01 2.243294659837621e-18 7.067669398631873e-02
0 21 7.113663779934789e+01 2.193357983293410e-18 7.068726946789659e-02
1 12 7.215390565628665e+01 3.686052622343251e-18 5.861651830994271e-02
0 22 7.437962440447224e+01 2.242738532950876e-18 7.068367318273430e-02
2 3 7.570665519925682e+01 7.140892357968773e-18 3.827025429060332e-02
0 23 7.762255156894153e+01 2.134280285714289e-18 7.066884282379098e-02
1 13 7.774434384693978e+01 6.304147438464559e-14 5.862205623825322e-02
0 24 8.086597084749025e+01 2.195306930230717e-18 7.066446580276971e-02
1 14 8.333316061207692e+01 3.075070488954682e-18 5.862616416929342e-02
0 25 8.410938530889781e+01 2.685902681241195e-18 7.067145726066905e-02
0 26 8.735283897408313e+01 2.133523931429892e-18 7.068823086829536e-02
1 15 8.892245228758071e+01 4.141126153180625e-14 5.861615690791833e-02
0 27 9.059638656792568e+01 2.194533510046447e-18 7.068759734453015e-02
0 28 9.384063147597443e+01 2.134137741816118e-18 7.066563061079108e-02
1 16 9.451054336018198e+01 3.200403354752677e-18 5.863497980267528e-02
2 4 9.500838479242564e+01 7.152626644135613e-18 3.827356072051144e-02
0 29 9.708358774613123e+01 2.463651365638863e-18 7.066006509781003e-02
1 17 1.001008583056326e+02 3.210793775111558e-18 5.862667952515012e-02
0 30 1.003263492315076e+02 2.134272124071235e-18 7.066422229292565e-02
0 31 1.035694102807563e+02 2.303552852510481e-18 7.067130445526959e-02
1 18 1.056907641544099e+02 3.345574779584629e-18 5.862668150893227e-02
0 32 1.068126043973748e+02 2.584842153135037e-18 7.067595446768957e-02
0 33 1.100559039181254e+02 2.302885293921042e-18 7.069182562081872e-02
1 19 1.112806594349112e+02 3.100480126975144e-18 5.861367201725558e-02
0 34 1.132989623008426e+02 2.196114760743488e-18 7.068957822371294e-02
2 5 1.143101345700722e+02 7.166844869122280e-18 3.827093994417366e-02
0 35 1.165423282862063e+02 2.134840994978009e-18 7.064849550734195e-02
1 20 1.168704923610799e+02 3.094055395809519e-18 5.864425279812931e-02
0 36 1.197857011680403e+02 2.470010218068696e-18 7.064262098195248e-02
1 21 1.224595172679690e+02 3.134011635266581e-18 5.864502810740902e-02
0 37 1.230289784861246e+02 2.592631154298335e-18 7.064983580610894e-02
0 38 1.262723417359216e+02 2.134273032754291e-18 7.066425172548035e-02
1 22 1.280488380222099e+02 3.144130836717510e-18 5.863655161577019e-02
0 39 1.295158583310154e+02 2.303741495224528e-18 7.066546190237871e-02
0 40 1.327598202579074e+02 2.468423779152206e-18 7.066849070549194e-02
1 23 1.336374898153271e+02 3.152900208445766e-18 5.863489731491402e-02
2 6 1.336119320799287e+02 7.139056553655272e-18 3.827463226852296e-02
0 41 1.360028173640634e+02 2.134216768121117e-18 7.066360144823003e-02
0 42 1.392456476675018e+02 2.750515166714827e-18 7.066081968079770e-02
1 24 1.392278335553882e+02 1.382898930854253e-15 5.862806674635405e-02
0 43 1.424889514933067e+02 2.198284652388565e-18 7.066064072105584e-02
1 25 1.448170844670409e+02 7.811168692186634e-18 5.863246898222263e-02
0 44 1.457323156039950e+02 2.239701472499955e-18 7.066648697002625e-02
0 45 1.489757094223891e+02 2.303198613744274e-18 7.068327747019856e-02
1 26 1.504065279304801e+02 1.598013507560219e-14 5.862158643938361e-02
0 46 1.522191103489201e+02 2.303247100627545e-18 7.068259875464224e-02
2 7 1.529136285062985e+02 7.138931352711142e-18 3.827250060609035e-02
0 47 1.554632156982494e+02 2.134951758679819e-18 7.064095768650713e-02
1 27 1.559949343983884e+02 3.331436377366468e-18 5.865426196405167e-02
0 48 1.587062894266375e+02 2.240759154503036e-18 7.063523993548448e-02
1 28 1.615848744888750e+02 5.895027290676960e-14 5.865193515483193e-02
0 49 1.619492012078287e+02 2.199340128234400e-18 7.064160552549800e-02
0 50 1.651923100216069e+02 2.304104782211637e-18 7.065201210481105e-02
1 29 1.671746766455117e+02 3.152557615553004e-18 5.864525959793569e-02
0 51 1.684355636192962e+02 2.303984144096092e-18 7.065505897616374e-02
0 52 1.716790321240181e+02 2.238529643120745e-18 7.066915565108091e-02
2 8 1.722154843959104e+02 7.138352163635204e-18 3.827545702474501e-02
1 30 1.727643616633335e+02 3.596099105768733e-14 5.863624041997389e-02
0 53 1.749220147785846e+02 2.577723090462545e-18 7.066528334683626e-02
0 54 1.781650189782624e+02 2.201036380409431e-18 7.064208841780543e-02
1 31 1.783546563234978e+02 3.307174092900542e-18 5.864874392205317e-02
0 55 1.814084600242901e+02 2.717743312030857e-18 7.063744339936739e-02
1 32 1.839435799379263e+02 3.476168423001926e-18 5.865091149482796e-02
0 56 1.846518672483987e+02 2.200913179696230e-18 7.064391480981734e-02
0 57 1.878953046359902e+02 2.374499150873886e-18 7.065956561215855e-02
1 33 1.895327216666398e+02 3.095472875528344e-18 5.864290487774711e-02
0 58 1.911388748250113e+02 2.303900333341181e-18 7.066062041391007e-02
2 9 1.915171493847360e+02 7.141386560146127e-18 3.827429978965611e-02
0 59 1.943830726313854e+02 2.475833778852075e-18 7.064779633762221e-02
1 34 1.951208932363060e+02 3.080269379183924e-18 5.865049904686663e-02
0 60 1.976260221175513e+02 2.238637505480472e-18 7.064268476441114e-02
1 35 2.007113336795327e+02 3.137067881065160e-18 5.864621688817916e-02
0 61 2.008687878121505e+02 2.237924609009184e-18 7.064601178955283e-02
0 62 2.041119161328359e+02 2.750666762687897e-18 7.065006890425739e-02
1 36 2.063009750374460e+02 3.148920283029566e-18 5.864328702821595e-02
0 63 2.073551380113983e+02 2.378086684342434e-18 7.065476782966279e-02
0 64 2.105984432280055e+02 2.201134254819754e-18 7.067225629868350e-02
2 10 2.108190332299893e+02 7.140288583198618e-18 3.827537871617268e-02
1 37 2.118908639271511e+02 7.971276353615391e-14 5.863361342351178e-02
0 65 2.138416072785429e+02 2.942480132390485e-18 7.066971194811583e-02
0 66 2.170852339253612e+02 2.574055496686449e-18 7.062381564173584e-02
1 38 2.174801331422487e+02 3.080183981070765e-18 5.866970498327717e-02
0 67 2.203285285768094e+02 2.135699771513128e-18 7.061842840134309e-02
1 39 2.230695230107033e+02 1.656919342741376e-16 5.866701614021876e-02
0 68 2.235717022725644e+02 2.304901387170361e-18 7.062470411208645e-02
0 69 2.268149752563370e+02 2.304535167396413e-18 7.063774335558885e-02
1 40 2.286589239173415e+02 6.674527281936223e-18 5.866170984557788e-02
0 70 2.300584173364635e+02 2.236447701368339e-18 7.064058156440484e-02
2 11 2.301206964945266e+02 7.146187116486911e-18 3.827568670981079e-02
0 71 2.333022162955145e+02 2.482367790716987e-18 7.064765761584768e-02
1 41 2.342478791000567e+02 2.871447692907071e-14 5.865307704533327e-02
0 72 2.365452134682005e+02 2.134834865644940e-18 7.064348403575975e-02
0 73 2.397880927929717e+02 2.304723965448343e-18 7.063623619242962e-02
1 42 2.398383277812821e+02 3.441627550175785e-18 5.865429816716466e-02
0 74 2.430314801778542e+02 2.204067586073618e-18 7.063318551361243e-02
1 43 2.454272582159628e+02 4.960411247321240e-14 5.865540408074542e-02
0 75 2.462748801266070e+02 2.735833889439833e-18 7.063913236049445e-02
2 12 2.494225652339144e+02 7.138296141609862e-18 3.827445032954186e-02
0 76 2.495183175589893e+02 2.384923909373648e-18 7.065664414536642e-02
1 44 2.510166107440900e+02 3.093895603903135e-18 5.864709762513044e-02
0 77 2.527618131394272e+02 2.304028910656150e-18 7.065568126855229e-02
0 78 2.560060321816036e+02 2.236843818228019e-18 7.062327796272133e-02
1 45 2.566047129420869e+02 3.157927566780354e-18 5.867380501222346e-02
0 79 2.592490295099526e+02 2.485595841118004e-18 7.061813058898522e-02
1 46 2.621949950550994e+02 3.124946198968938e-18 5.866716761428375e-02
0 80 2.624918494392861e+02 2.135525087153154e-18 7.062296195703104e-02
0 81 2.657349007364471e+02 2.567638761120947e-18 7.063153379561983e-02
1 47 2.677848486022277e+02 3.177586633740958e-18 5.866492534702243e-02
2 13 2.687242600762895e+02 1.999656682742477e-13 3.827622587663312e-02
0 82 2.689780987370963e+02 2.135065484134396e-18 7.063604194401897e-02
0 83 2.722214534443972e+02 2.304046978766595e-18 7.065089984418337e-02
1 48 2.733746869975903e+02 3.131188890615707e-18 5.865185609833608e-02
0 84 2.754644522510789e+02 2.304169678457253e-18 7.064797629899894e-02
0 85 2.787076081019420e+02 2.305280093568479e-18 7.061589137333858e-02
1 49 2.789649170814868e+02 3.099028988599848e-18 5.867676780878270e-02
0 86 2.819510373653675e+02 2.305383989843787e-18 7.060983646306074e-02
1 50 2.845537702118392e+02 3.192597194265663e-18 5.867489849112408e-02
0 87 2.851943855006264e+02 2.135740939599900e-18 7.061639499060017e-02
2 14 2.880260760552725e+02 1.423314105568357e-13 3.827320170385905e-02
0 88 2.884377971001795e+02 2.491809258353073e-18 7.063215214475926e-02
1 51 2.901429986037804e+02 3.123112727909164e-18 5.866809880074316e-02
0 89 2.916813559453179e+02 2.206153551739105e-18 7.063296315394504e-02
0 90 2.949254482745272e+02 2.234439063246699e-18 7.062905178153210e-02
1 52 2.957313364411399e+02 9.861222002282233e-14 5.867148098625961e-02
0 91 2.981684273885087e+02 2.392573995915815e-18 7.062450787942079e-02
1 53 3.013218062783383e+02 3.095868215696504e-18 5.866301797577828e-02
0 92 3.014112263576008e+02 2.491706663427324e-18 7.062470584798475e-02
0 93 3.046544331498910e+02 2.845295484595674e-18 7.062645567535751e-02
1 54 3.069112107956331e+02 1.146613545802042e-16 5.866596251899383e-02
2 15 3.073278258447383e+02 9.702068096705481e-14 3.827575999600054e-02
0 94 3.078977264715498e+02 2.304650744892075e-18 7.063233383979960e-02
0 95 3.111410733908110e+02 2.493883905421289e-18 7.064921430025535e-02
1 55 3.125008435166449e+02 5.563321780508882e-18 5.865367351147766e-02
0 96 3.143843590925028e+02 2.304220837191416e-18 7.064780739577049e-02
0 97 3.176282589906206e+02 2.136197574277418e-18 7.060199308527064e-02
1 56 3.180897418803802e+02 3.903216002973140e-14 5.869277003769176e-02
0 98 3.208714439023896e+02 2.960052964423140e-18 7.059563957704267e-02
1 57 3.236793234719729e+02 3.183079713145640e-18 5.868762190919440e-02
0 99 3.241144707933881e+02 2.208607176206422e-18 7.060189075910106e-02
2 16 3.266295726641683e+02 6.411114940570293e-14 3.827210388862716e-02
0 100 3.273576531087288e+02 2.027670916575154e-15 7.061434629969711e-02
1 58 3.292689714279486e+02 3.345000879228599e-14 5.868216453855692e-02
0 101 3.306009937749649e+02 1.834333700134442e-15 7.061697720207320e-02
0 102 3.338446132466249e+02 1.622600385691262e-15 7.062820106821495e-02
1 59 3.348583020493457e+02 3.153860640918567e-18 5.867500522879527e-02
0 103 3.370876065639887e+02 1.167597171858921e-15 7.062457500355046e-02
0 104 3.403305345968159e+02 1.058202481327324e-15 7.060946645593033e-02
1 60 3.404487507019751e+02 3.227684459086151e-18 5.867783440861629e-02
0 105 3.435739534511336e+02 1.120201037849372e-15 7.060528489188213e-02
2 17 3.459313810749293e+02 4.024952151339438e-14 3.827461911105587e-02
1 61 3.460376194126428e+02 3.327836317270273e-18 5.868243732016235e-02
0 106 3.468173714699568e+02 1.079265680842809e-15 7.061202029008111e-02
0 107 3.500608201420845e+02 1.060270345763454e-15 7.062835853006738e-02
1 62 3.516267859175087e+02 3.122569246324159e-18 5.867254378214559e-02
0 108 3.533043685504106e+02 1.090679359069747e-15 7.062867791776149e-02
0 109 3.565486167858671e+02 1.394046556517808e-15 7.060665151483390e-02
1 63 3.572149777018394e+02 3.299867111531247e-18 5.869106925777211e-02
0 110 3.597915730541739e+02 1.001280046496759e-15 7.060064234209820e-02
1 64 3.628052944515254e+02 3.146962746496527e-18 5.868378108547025e-02
0 111 3.630343319279690e+02 6.796526286890852e-16 7.060500690154145e-02
