0 0 1.260932794936957e+00 1.581282613255202e-18 1.010309871019747e-01
0 1 2.812260731372218e+00 1.894534309737478e-18 1.010301961335345e-01
0 2 4.363578384107051e+00 1.522441277866756e-18 1.010310400100003e-01
1 0 4.532255285107794e+00 6.739322631334297e-18 6.566575196466973e-02
0 3 5.914898607939098e+00 1.626281388082123e-18 1.010299402874603e-01
0 4 7.466222924661386e+00 1.626246663370948e-18 1.010314167305032e-01
0 5 9.017544775709101e+00 1.522454499319951e-18 1.010297620802538e-01
1 1 1.012204296558849e+01 3.655469932209880e-18 6.566307452393685e-02
0 6 1.056886641017282e+01 1.567543897472743e-18 1.010305182287490e-01
0 7 1.212018350135054e+01 1.581072005470946e-18 1.010304862490013e-01
0 8 1.367151202439257e+01 1.693567906143498e-18 1.010306543519835e-01
2 0 1.505474142959616e+01 2.600423452834153e-16 4.464762827635742e-02
0 9 1.522282898467947e+01 1.522446963847568e-18 1.010305095840835e-01
1 2 1.571177144549238e+01 5.676469184486054e-18 6.566417983511728e-02
0 10 1.677415093902952e+01 1.626127091809530e-18 1.010297917206553e-01
0 11 1.832547154237584e+01 1.626084785259226e-18 1.010312198612883e-01
0 12 1.987679694496460e+01 1.567599659804475e-18 1.010297580483208e-01
1 3 2.130149918279609e+01 3.067258415791028e-16 6.566523112793800e-02
0 13 2.142811643501745e+01 1.522442552262084e-18 1.010309526194526e-01
0 14 2.297943465188663e+01 1.880553145344720e-18 1.010301223098969e-01
0 15 2.453076182266362e+01 1.580833216082486e-18 1.010311690501080e-01
0 16 2.608208064802355e+01 1.580809161112347e-18 1.010300126108563e-01
1 4 2.689129003699481e+01 3.563357166767717e-15 6.566290149431964e-02
0 17 2.763340331697413e+01 1.580781015418317e-18 1.010300586475740e-01
0 18 2.918472134696921e+01 1.766958837733373e-18 1.010308612988122e-01
0 19 3.073604933571600e+01 1.567651575455960e-18 1.010300918833325e-01
0 20 3.228736670534081e+01 1.721574862835609e-18 1.010308611581142e-01
1 5 3.248100637649550e+01 3.747103958336608e-18 6.566540719008300e-02
2 1 3.360929876438348e+01 8.493452605795897e-18 4.464697574631701e-02
0 21 3.383868692229869e+01 1.721465511879095e-18 1.010297698111153e-01
0 22 3.539001077622252e+01 1.625838512096832e-18 1.010312615792694e-01
0 23 3.694133275333343e+01 1.580600780800352e-18 1.010296169067825e-01
1 6 3.807075841786540e+01 3.753595496474922e-18 6.566305618852773e-02
0 24 3.849265418940562e+01 1.522447402049934e-18 1.010304790390514e-01
0 25 4.004397137464346e+01 1.567702230349848e-18 1.010304218311772e-01
0 26 4.159530002351112e+01 1.694124396306090e-18 1.010306819049150e-01
0 27 4.314661721801345e+01 1.567717505059676e-18 1.010304508976082e-01
1 7 4.366052226823176e+01 3.603727959803641e-18 6.566414674437865e-02
0 28 4.469793946170635e+01 1.567731875299413e-18 1.010297857839459e-01
0 29 4.624925997640228e+01 1.720608790735923e-18 1.010311610320753e-01
0 30 4.780058569553684e+01 1.580389496852279e-18 1.010296823315483e-01
1 8 4.925026907113219e+01 3.597245365918040e-18 6.566440254234074e-02
0 31 4.935190491438020e+01 1.522444496427607e-18 1.010308269953026e-01
0 32 5.090322310428277e+01 1.580307972852768e-18 1.010299370458773e-01
2 2 5.216390489636301e+01 7.881509972783909e-18 4.464506716784222e-02
0 33 5.245454989193485e+01 1.580278677746541e-18 1.010310378236614e-01
0 34 5.400586874443668e+01 1.625581698036572e-18 1.010298192232331e-01
1 9 5.484002718346795e+01 3.591767952938493e-18 6.566191598234636e-02
0 35 5.555719122069952e+01 1.694420243679188e-18 1.010299562554793e-01
0 36 5.710850905573340e+01 1.719855001000846e-18 1.010307513105160e-01
0 37 5.865983725741371e+01 1.567798402043504e-18 1.010301037795377e-01
0 38 6.021115469537349e+01 1.752185193930860e-18 1.010308231704743e-01
1 10 6.042975956426863e+01 3.598681185865613e-18 6.566571888721710e-02
0 39 6.176247526929625e+01 1.625465475352681e-18 1.010297436437596e-01
0 40 6.331379903437644e+01 1.752177642507308e-18 1.010312485604282e-01
0 41 6.486512146833579e+01 1.882275057707391e-18 1.010295681338696e-01
1 11 6.601954422995057e+01 3.603930259261028e-18 6.566333495949403e-02
0 42 6.641644281055757e+01 1.567839014224932e-18 1.010304207050703e-01
0 43 6.796775992353415e+01 1.579963038631148e-18 1.010302413252207e-01
0 44 6.951908834270823e+01 1.579948376721540e-18 1.010305650192499e-01
2 3 7.071850385214206e+01 1.045886495058248e-17 4.464656913781448e-02
0 45 7.107040541997800e+01 1.567867002855936e-18 1.010302490089552e-01
1 12 7.160927683076528e+01 3.612076231879230e-18 6.566385475959834e-02
0 46 7.262172756845580e+01 1.625310630237730e-18 1.010296377847383e-01
0 47 7.417304767319743e+01 1.764137500652320e-18 1.010310084764637e-01
0 48 7.572437359520075e+01 1.591360517587277e-18 1.010296299893356e-01
1 13 7.719900232668671e+01 3.602814662279007e-18 6.566550148514967e-02
0 49 7.727569272761986e+01 1.579783706646486e-18 1.010308160919933e-01
0 50 7.882701124069831e+01 1.818334367702580e-18 1.010298968363710e-01
0 51 8.037833800107958e+01 1.533972012233545e-18 1.010310479736779e-01
0 52 8.192965726731650e+01 1.591236695106074e-18 1.010297710693022e-01
1 14 8.278879528689704e+01 1.779980627226588e-15 6.566294885483269e-02
0 53 8.348097986512353e+01 1.533991312494230e-18 1.010299456240242e-01
0 54 8.503229761771085e+01 1.567935610851811e-18 1.010306170675304e-01
0 55 8.658362583013516e+01 1.679640250563147e-18 1.010299976085301e-01
0 56 8.813494300237740e+01 1.752187538647864e-18 1.010306385296494e-01
1 15 8.837851022914830e+01 1.071330948044090e-16 6.566546880169333e-02
2 4 8.927305931878050e+01 3.559671011570805e-16 4.464624474682766e-02
0 57 8.968626356434324e+01 1.622526437358603e-18 1.010295759028524e-01
0 58 9.123758686255803e+01 1.729108840680985e-18 1.010310902773472e-01
0 59 9.278890943345669e+01 1.579491773780591e-18 1.010294330619931e-01
1 16 9.396825934519924e+01 3.637930918779696e-18 6.566351406635182e-02
0 60 9.434023058069245e+01 1.624987369415178e-18 1.010303877153021e-01
0 61 9.589154782722453e+01 1.590962225237082e-18 1.010301811772192e-01
0 62 9.744287634863448e+01 1.624943060177365e-18 1.010305913578950e-01
0 63 9.899419368875934e+01 1.624917294267595e-18 1.010301901793051e-01
1 17 9.955802778990396e+01 3.644466978038958e-18 6.566395797928444e-02
0 64 1.005455161086365e+02 1.728502809158542e-18 1.010296344700197e-01
0 65 1.020968361290076e+02 1.624859835867214e-18 1.010309411192352e-01
0 66 1.036481623342369e+02 1.695375025255817e-18 1.010295511076227e-01
0 67 1.051994811847109e+02 1.590797298707053e-18 1.010306806555247e-01
1 18 1.051477687781532e+02 2.826472929264559e-17 6.566462352893451e-02
0 68 1.067507996799445e+02 1.579199175899557e-18 1.010297136569357e-01
2 5 1.078276550318182e+02 1.343384976337284e-16 4.464406226045828e-02
0 69 1.083021260389040e+02 1.568050511825678e-18 1.010309129664102e-01
0 70 1.098534453517012e+02 1.622757066398063e-18 1.010295821202608e-01
1 19 1.107375286224065e+02 8.084202945208350e-16 6.566201125230930e-02
0 71 1.114047677442865e+02 1.816523026415550e-18 1.010298514526596e-01
0 72 1.129560853428403e+02 1.568084112452720e-18 1.010305129820231e-01
0 73 1.145074137551754e+02 1.579059120818187e-18 1.010300144243662e-01
0 74 1.160587310222759e+02 1.624663809486030e-18 1.010305950969112e-01
1 20 1.163272639102851e+02 6.789722385945473e-15 6.566560984711714e-02
0 75 1.176100519351804e+02 1.534041782463910e-18 1.010295530878232e-01
0 76 1.191613751424255e+02 1.522438243104012e-18 1.010310721400279e-01
0 77 1.207126981630555e+02 1.534047469928438e-18 1.010293833510003e-01
1 21 1.219170449561508e+02 3.591199768537248e-18 6.566360775830635e-02
0 78 1.222640191859780e+02 1.934781445805204e-18 1.010303209397499e-01
0 79 1.238153363705997e+02 1.752192332848960e-18 1.010299980890441e-01
0 80 1.253666646315683e+02 1.568144711246450e-18 1.010304730277651e-01
2 6 1.263822613462933e+02 7.922619459331615e-18 4.464533740589806e-02
0 81 1.269179818824174e+02 1.624510454474538e-18 1.010299879507905e-01
1 22 1.275067818895401e+02 3.609418292754718e-18 6.566353610925517e-02
0 82 1.284693041881305e+02 1.522459026239229e-18 1.010294912963896e-01
0 83 1.300206238208258e+02 1.760627095491252e-18 1.010307914236287e-01
0 84 1.315719502293620e+02 1.578723320525494e-18 1.010295096350143e-01
0 85 1.331232690126870e+02 1.534051540060607e-18 1.010306664464012e-01
1 23 1.330965057564530e+02 3.602994292593410e-18 6.566572795990180e-02
0 86 1.346745878461202e+02 1.578643263254592e-18 1.010296755002276e-01
0 87 1.362259141611747e+02 1.590218851979575e-18 1.010309197711292e-01
0 88 1.377772339061206e+02 1.568224281282225e-18 1.010295362534858e-01
1 24 1.386863001207354e+02 3.595230264915550e-18 6.566303523482966e-02
0 89 1.393285563906261e+02 1.679198112920321e-18 1.010298374970892e-01
0 90 1.408798739130228e+02 1.590125689183134e-18 1.010303707876028e-01
0 91 1.424312022947659e+02 1.624292953286433e-18 1.010299064505226e-01
0 92 1.439825193167727e+02 1.679152252439499e-18 1.010304055570333e-01
1 25 1.442760147585808e+02 3.591539629044743e-18 6.566546919125457e-02
2 7 1.449368165801201e+02 7.906721863961262e-18 4.464551649698236e-02
0 93 1.455338402098191e+02 1.534081528621568e-18 1.010293881398574e-01
0 94 1.470851629492004e+02 1.590011273858829e-18 1.010309112228679e-01
0 95 1.486364861158377e+02 1.534086519980469e-18 1.010292588780589e-01
1 26 1.498657603874430e+02 3.592676792284935e-18 6.566397922398309e-02
0 96 1.501878069496870e+02 1.522451084227508e-18 1.010302930966828e-01
0 97 1.517391243053116e+02 1.624140002270483e-18 1.010299419215625e-01
0 98 1.532904526448525e+02 1.534076533793598e-18 1.010304975830601e-01
0 99 1.548417701868881e+02 1.759089927844661e-18 1.010299298025022e-01
1 27 1.554555335442909e+02 3.603517181057084e-18 6.566378843735979e-02
0 100 1.563930927444814e+02 1.724777527389507e-18 1.010294901373535e-01
0 101 1.579444122978618e+02 1.534080984243039e-18 1.010307153264005e-01
0 102 1.594957389534502e+02 1.895968926633772e-18 1.010294275050090e-01
0 103 1.610470574485472e+02 1.578119769495443e-18 1.010305213401038e-01
1 28 1.610452688309820e+02 3.683368424002668e-18 6.566485411686591e-02
0 104 1.625983762713307e+02 1.623371339908375e-18 1.010294947214229e-01
2 8 1.634914016448935e+02 2.031098756395585e-17 4.464339694562201e-02
0 105 1.641497021687133e+02 1.929587731034930e-18 1.010307807124907e-01
0 106 1.657010219777296e+02 1.578037984258725e-18 1.010293525527028e-01
1 29 1.666350296984131e+02 6.757929620743799e-15 6.566217261351608e-02
0 107 1.672523442463921e+02 1.589654437896556e-18 1.010297515954857e-01
0 108 1.688036616570222e+02 1.522449106163816e-18 1.010302727135757e-01
0 109 1.703549902237320e+02 1.758154612492788e-18 1.010299271711337e-01
0 110 1.719063073681339e+02 1.568396559689180e-18 1.010303573573491e-01
1 30 1.722247684164070e+02 7.827806159872338e-16 6.566546293800152e-02
0 111 1.734576286035679e+02 1.577879387965996e-18 1.010293688640495e-01
0 112 1.750089512518831e+02 1.623794628583162e-18 1.010308875713079e-01
0 113 1.765602748566251e+02 1.589490528341150e-18 1.010292077740070e-01
1 31 1.778145451571158e+02 2.657364154484569e-17 6.566387564904382e-02
0 114 1.781115955376229e+02 1.812750838035603e-18 1.010302172059560e-01
0 115 1.796629128418270e+02 1.534122896253188e-18 1.010297570852249e-01
0 116 1.812142408921390e+02 1.534115697452015e-18 1.010303774998519e-01
2 9 1.820460141326881e+02 6.355277734007660e-16 4.464445331661474e-02
0 117 1.827655583720548e+02 1.534128009370157e-18 1.010297279094452e-01
1 32 1.834042865451493e+02 3.653879442724550e-18 6.566325407693163e-02
0 118 1.843168807960716e+02 1.927067979033283e-18 1.010293522294610e-01
0 119 1.858681999875112e+02 1.568465897577923e-18 1.010305691832630e-01
0 120 1.874195268448160e+02 1.711058107520948e-18 1.010293963507072e-01
0 121 1.889708452942173e+02 1.623597871261423e-18 1.010305029313620e-01
1 33 1.889940094056333e+02 3.603196995072742e-18 6.566589987738432e-02
0 122 1.905221644663780e+02 1.623694104445123e-18 1.010294586971676e-01
0 123 1.920734903056557e+02 1.756762192737994e-18 1.010307840313122e-01
0 124 1.936248105620535e+02 1.722295616957423e-18 1.010293088113964e-01
1 34 1.945838045465352e+02 1.144084800950278e-16 6.566318725379020e-02
0 125 1.951761328922344e+02 1.589137122610064e-18 1.010297334455429e-01
0 126 1.967274502335122e+02 1.697241280054518e-18 1.010301231358722e-01
0 127 1.982787787289180e+02 1.568535812744500e-18 1.010298174881743e-01
0 128 1.998300956515439e+02 1.589041580558125e-18 1.010301638296278e-01
1 35 2.001735197368190e+02 1.839363938545330e-15 6.566538632939531e-02
2 10 2.006005712770881e+02 6.286865399268060e-17 4.464524368286148e-02
0 129 2.013814168565594e+02 1.589021142334936e-18 1.010292067956524e-01
0 130 2.029327390392261e+02 1.623818587425821e-18 1.010307246126915e-01
0 131 2.044840627972522e+02 1.756001111013214e-18 1.010290942915885e-01
1 36 2.057632617271722e+02 3.773168181601677e-18 6.566442559090596e-02
0 132 2.060353832976715e+02 1.534154304580312e-18 1.010301933389362e-01
0 133 2.075867008078316e+02 1.877975887312835e-18 1.010297046048022e-01
0 134 2.091380289133622e+02 1.577168661977198e-18 1.010303997878043e-01
0 135 2.106893467121391e+02 1.709434088328701e-18 1.010296711622880e-01
1 37 2.113530393910984e+02 3.612327743849671e-18 6.566366367555962e-02
0 136 2.122406693670353e+02 1.623268734838508e-18 1.010293526705366e-01
0 137 2.137919884848721e+02 1.522446570077673e-18 1.010304842164565e-01
0 138 2.153433155506394e+02 1.623230193484554e-18 1.010293109359757e-01
0 139 2.168946337100689e+02 1.534167876763966e-18 1.010303484982465e-01
1 38 2.169427693532793e+02 3.712355587759302e-18 6.566507960236272e-02
0 140 2.184459528765711e+02 1.576981548469376e-18 1.010292805548910e-01
2 11 2.191551471001214e+02 7.883045283283005e-18 4.464346124068402e-02
0 141 2.199972782840625e+02 1.588664663770262e-18 1.010306407340991e-01
0 142 2.215485986200849e+02 1.678516757231735e-18 1.010291311577683e-01
1 39 2.225325304483002e+02 3.599228901190996e-18 6.566240784688279e-02
0 143 2.230999207259546e+02 1.720328178970553e-18 1.010296557241668e-01
0 144 2.246512379986038e+02 1.588571937759643e-18 1.010300311096437e-01
0 145 2.262025666623235e+02 1.708417955869318e-18 1.010298411134583e-01
0 146 2.277538837356473e+02 1.719996326840585e-18 1.010301116735462e-01
1 40 2.281222731642238e+02 3.592673500079931e-18 6.566528302630750e-02
0 147 2.293052052722210e+02 1.534195849337335e-18 1.010291911842918e-01
0 148 2.308565273655659e+02 1.624141197031908e-18 1.010306950403950e-01
0 149 2.324078515456011e+02 1.534201263259698e-18 1.010290413493735e-01
1 41 2.337120448773182e+02 3.611060910533647e-18 6.566414462544552e-02
0 150 2.339591718670331e+02 1.752194015664776e-18 1.010301077177185e-01
0 151 2.355104893361177e+02 1.534200712766030e-18 1.010295188248142e-01
0 152 2.370618171256909e+02 1.534191785637253e-18 1.010302776068957e-01
2 12 2.377097645131552e+02 7.899246413810832e-18 4.464428634155150e-02
0 153 2.386131348883150e+02 1.534205851640797e-18 1.010294702633289e-01
1 42 2.393017907545447e+02 3.642126113657474e-18 6.566300190988794e-02
0 154 2.401644573901879e+02 1.707440544857483e-18 1.010292204655772e-01
0 155 2.417157761750987e+02 1.568762556009249e-18 1.010303422710973e-01
0 156 2.432671034389871e+02 1.624295553823450e-18 1.010292894352937e-01
0 157 2.448184215762168e+02 2.157011078381836e-18 1.010303252446656e-01
1 43 2.448915132385401e+02 3.673656657951041e-18 6.566604824606724e-02
0 158 2.463697410994619e+02 1.522462803995468e-18 1.010292467981122e-01
0 159 2.479210664371985e+02 1.534201691319747e-18 1.010306404259534e-01
0 160 2.494723872323110e+02 1.624374027944423e-18 1.010290892818008e-01
1 44 2.504813083923387e+02 3.602410855902692e-18 6.566336337220752e-02
0 161 2.510237093688189e+02 1.678266445803151e-18 1.010296324888548e-01
0 162 2.525750265793809e+02 1.706553444595534e-18 1.010298747877892e-01
0 163 2.541263551320742e+02 1.588048357592479e-18 1.010297297822945e-01
0 164 2.556776720090614e+02 1.698413859911617e-18 1.010299150529899e-01
1 45 2.560710252080241e+02 3.482161613738759e-15 6.566524935892108e-02
2 13 2.562643258811211e+02 4.530384470791340e-17 4.464565021460215e-02
0 165 2.572289935022150e+02 1.576216579441940e-18 1.010290321192713e-01
0 166 2.587803151354636e+02 1.576166960572690e-18 1.010305307127006e-01
0 167 2.603316394743002e+02 1.717860591014746e-18 1.010289391335605e-01
1 46 2.616607633142212e+02 3.016427498815278e-16 6.566484066337702e-02
0 168 2.618829596262900e+02 1.534230690688428e-18 1.010300865746987e-01
0 169 2.634342773333756e+02 1.568888400556368e-18 1.010294697459504e-01
0 170 2.649856051555019e+02 1.587836768337961e-18 1.010302972262429e-01
0 171 2.665369232636417e+02 1.752077040993302e-18 1.010294155177399e-01
1 47 2.672505453163948e+02 4.993299110760448e-18 6.566358899400590e-02
0 172 2.680882459740004e+02 1.587786398828425e-18 1.010292218658343e-01
0 173 2.696395646915709e+02 1.752190178019395e-18 1.010302483920747e-01
0 174 2.711908921233825e+02 1.751825138457684e-18 1.010292007419010e-01
0 175 2.727422099734211e+02 1.841868815246741e-18 1.010301620280391e-01
1 48 2.728402703756753e+02 3.591184664958407e-18 6.566528002176041e-02
0 176 2.742935294935828e+02 1.587665382874013e-18 1.010290714553453e-01
2 14 2.748188948727948e+02 7.540548729452173e-16 4.464429357887043e-02
0 177 2.758448543876624e+02 1.881358686970156e-18 1.010304927986646e-01
0 178 2.773961752759748e+02 1.575820533541132e-18 1.010289184534581e-01
1 49 2.784300310425201e+02 6.322971671726052e-18 6.566272138609271e-02
0 179 2.789474971820672e+02 1.704802344858068e-18 1.010295627063152e-01
0 180 2.804988143675094e+02 1.575735869255687e-18 1.010297887748469e-01
0 181 2.820501430703969e+02 1.568977130953187e-18 1.010297553424666e-01
0 182 2.836014601268972e+02 1.622215269803768e-18 1.010298598338526e-01
1 50 2.840197780086182e+02 3.440546731063161e-16 6.566507888009959e-02
0 183 2.851527819387433e+02 1.750909521910209e-18 1.010290202214889e-01
0 184 2.867041034860565e+02 1.587420786781363e-18 1.010304948118848e-01
0 185 2.882554282264511e+02 1.569021471045388e-18 1.010288839276234e-01
1 51 2.896095443593674e+02 3.873163626854712e-15 6.566438032216852e-02
0 186 2.898067481761850e+02 1.569020099006980e-18 1.010299906935241e-01
0 187 2.913580658520882e+02 1.677926767133092e-18 1.010292837809618e-01
0 188 2.929093933336637e+02 1.624858959958711e-18 1.010301725772985e-01
2 15 2.933735153072857e+02 2.746761841657253e-17 4.464476096170445e-02
0 189 2.944607114301039e+02 1.522464414103409e-18 1.010292162630993e-01
1 52 2.951992944118076e+02 3.652554346872481e-18 6.566282381511641e-02
0 190 2.960120339683844e+02 1.534286598684647e-18 1.010290957795259e-01
0 191 2.975633523851023e+02 1.622001514120266e-18 1.010301112310871e-01
0 192 2.991146800094760e+02 1.522463845220957e-18 1.010291881282059e-01
0 193 3.006659978626617e+02 1.587169966372677e-18 1.010301335520709e-01
1 53 3.007890172315479e+02 3.615455438366438e-18 6.566614015539858e-02
0 194 3.022173177432300e+02 1.805715305211081e-18 1.010290401472473e-01
0 195 3.037686425585104e+02 1.752187583788055e-18 1.010304887103927e-01
0 196 3.053199639138041e+02 1.714847332258089e-18 1.010288780963412e-01
1 54 3.063788116187404e+02 3.603473004249094e-18 6.566357322017603e-02
0 197 3.068712858195186e+02 1.575229572862294e-18 1.010295334788501e-01
0 198 3.084226029505349e+02 1.714590753921898e-18 1.010296264089782e-01
0 199 3.099739315039961e+02 1.714556325787872e-18 1.010296423838140e-01
0 200 3.115252483911306e+02 1.876422702959163e-18 1.010296609705493e-01
2 16 3.119280831127097e+02 7.885431005660530e-18 4.464657402023570e-02
1 55 3.119685310372746e+02 3.598423374954313e-18 6.566505452286281e-02
0 201 3.130765701443765e+02 1.714313763217910e-18 1.010288643251525e-01
0 202 3.146278912405736e+02 1.534295603608772e-18 1.010303298495231e-01
0 203 3.161792161435625e+02 1.575054637875468e-18 1.010287931308896e-01
1 56 3.175582651885192e+02 3.591975961943865e-18 6.566522946084206e-02
0 204 3.177305359376668e+02 1.586856994583576e-18 1.010299709866112e-01
0 205 3.192818538803324e+02 1.569184809689560e-18 1.010292378381913e-01
0 206 3.208331813728504e+02 1.621671254744133e-18 1.010301892045850e-01
0 207 3.223844998400635e+02 1.713691985900445e-18 1.010291639904851e-01
1 57 3.231480512305514e+02 3.600062407569476e-18 6.566354626079099e-02
0 208 3.239358225631356e+02 1.569208202044486e-18 1.010290974174074e-01
0 209 3.254871409192306e+02 1.677633203317716e-18 1.010300084864827e-01
0 210 3.270384686695223e+02 1.534327030157539e-18 1.010290961982971e-01
0 211 3.285897862427024e+02 1.621557172369219e-18 1.010299622786590e-01
1 58 3.287377720164143e+02 3.592584058281302e-18 6.566546687534498e-02
0 212 3.301411061202003e+02 1.713161790788706e-18 1.010288677043947e-01
2 17 3.304826474751649e+02 7.955752251931367e-18 4.464559114995601e-02
0 213 3.316924304823160e+02 1.522449398025013e-18 1.010303367670954e-01
0 214 3.332437519424012e+02 1.621503048038929e-18 1.010287148392010e-01
1 59 3.343275314358830e+02 3.611794720658377e-18 6.566307980711110e-02
0 215 3.347950736141407e+02 1.712872935572418e-18 1.010294712328563e-01
0 216 3.363463907633903e+02 1.586502473616463e-18 1.010295463068834e-01
0 217 3.378977194477276e+02 1.803737744759720e-18 1.010296689535718e-01
0 218 3.394490365434438e+02 1.522460668231126e-18 1.010296036199680e-01
1 60 3.399172831389725e+02 3.670507073521492e-18 6.566487250883168e-02
0 219 3.410003586007090e+02 1.522468430022171e-18 1.010288561021646e-01
0 220 3.425516796157975e+02 1.574501424766507e-18 1.010302872221146e-01
0 221 3.441030048957275e+02 1.872328115095269e-18 1.010287352640841e-01
1 61 3.455070436153212e+02 1.655527914114957e-15 6.566459883254941e-02
0 222 3.456543244676055e+02 1.803276003566242e-18 1.010298644346165e-01
0 223 3.472056423882094e+02 1.712010497003686e-18 1.010290523862987e-01
0 224 3.487569695177687e+02 1.522453154601856e-18 1.010300617041239e-01
2 18 3.490372685258329e+02 9.874651401627280e-17 4.464550853469568e-02
0 225 3.503082879959556e+02 1.534361425083547e-18 1.010289670295032e-01
1 62 3.510967975416916e+02 9.191479463130193e-17 6.566271472697785e-02
0 226 3.518596105286974e+02 1.802930767116212e-18 1.010289778244529e-01
0 227 3.534109286188066e+02 1.522455415653292e-18 1.010298766287492e-01
0 228 3.549622565541991e+02 1.522465473094022e-18 1.010290916171752e-01
0 229 3.565135741574855e+02 1.569372870776640e-18 1.010299284699980e-01
1 63 3.566865213269904e+02 3.602998333619307e-18 6.566616656528489e-02
0 230 3.580648943955337e+02 1.522468776904242e-18 1.010288390601112e-01
0 231 3.596162186724139e+02 1.534355345424351e-18 1.010303287238137e-01
0 232 3.611675406033193e+02 1.621095021546780e-18 1.010286755813851e-01
1 64 3.622763142644626e+02 3.617245008496274e-18 6.566380783638598e-02
0 233 3.627188622439128e+02 1.522462945989487e-18 1.010294350979085e-01
0 234 3.642701793467116e+02 1.625703258736756e-18 1.010293786475630e-01
