0 0 1.246682057989998e+00 1.371708903912082e-17 1.051950456285763e-01
0 1 2.798012447346664e+00 1.400355617019678e-17 1.051936028504097e-01
0 2 4.349333144423992e+00 1.358196111726300e-17 1.051946140420228e-01
1 0 4.538542527156541e+00 3.742163008121470e-18 6.409165265015362e-02
0 3 5.900655041080526e+00 1.373642660509557e-17 1.051935144256376e-01
0 4 7.451982951827397e+00 1.374479911892743e-17 1.051956226558935e-01
0 5 9.003301777721468e+00 1.384816808209225e-17 1.051940438498227e-01
1 1 1.012834203716080e+01 4.165572448329467e-18 6.408894317955674e-02
0 6 1.055462544163981e+01 1.395347036518422e-17 1.051946903014735e-01
0 7 1.210594172230051e+01 1.420315119460219e-17 1.051944560080072e-01
0 8 1.365727682286574e+01 1.421730754655459e-17 1.051943722421824e-01
2 0 1.490025177254403e+01 9.058409592420158e-18 4.481106020659376e-02
0 9 1.520859517467350e+01 1.424395381029897e-17 1.051946617653726e-01
1 2 1.571807066505454e+01 5.773238298992658e-17 6.409021435631061e-02
0 10 1.675991882899380e+01 1.419965831612282e-17 1.051939344530510e-01
0 11 1.831123928671415e+01 1.414265388985813e-17 1.051957311692582e-01
0 12 1.986256311836176e+01 1.432140881113844e-17 1.051938212772898e-01
1 3 2.130782155479220e+01 4.823128707410196e-16 6.409172160781035e-02
0 13 2.141388555374561e+01 1.459811859196194e-17 1.051949659031381e-01
0 14 2.296520453120825e+01 1.462573762279175e-17 1.051940188509300e-01
0 15 2.451653840913079e+01 1.430507574944652e-17 1.051954633779142e-01
0 16 2.606785579457568e+01 1.461544328414577e-17 1.051947485458338e-01
1 4 2.689760388365183e+01 3.768268270014286e-18 6.408928104384513e-02
0 17 2.761918008998968e+01 1.422631855459459e-17 1.051947186457437e-01
0 18 2.917049655103257e+01 1.473522454328611e-17 1.051954659659315e-01
0 19 3.072182737987264e+01 1.463450862068878e-17 1.051940642384542e-01
0 20 3.227314779076676e+01 1.442574295466104e-17 1.051950304891733e-01
1 5 3.248733251430965e+01 3.696430624426658e-18 6.409193767526480e-02
2 1 3.345482101813267e+01 6.335661784104970e-17 4.481061374782629e-02
0 21 3.382446972670648e+01 1.483856179977507e-17 1.051939305339031e-01
0 22 3.537579678181753e+01 1.473469502857699e-17 1.051960459988716e-01
0 23 3.692711566888730e+01 1.492367966784283e-17 1.051944508805271e-01
1 6 3.807709442712398e+01 3.690993487907431e-18 6.408933758142499e-02
0 24 3.847843921606997e+01 1.497722293464230e-17 1.051952107410725e-01
0 25 4.002975570194140e+01 1.516425729973474e-17 1.051949392011629e-01
0 26 4.158109105129824e+01 1.502746986031408e-17 1.051949933157333e-01
0 27 4.313240942181483e+01 1.457566723885438e-17 1.051952240392567e-01
1 7 4.366685194899157e+01 3.693912645038690e-18 6.409020599842803e-02
0 28 4.468373342218464e+01 1.504924101509945e-17 1.051945492751326e-01
0 29 4.623505363017555e+01 1.531926536381310e-17 1.051962424746751e-01
0 30 4.778637802935013e+01 1.517339994454571e-17 1.051942733841610e-01
1 8 4.925662574451024e+01 3.710811526012551e-18 6.409037247886550e-02
0 31 4.933770025367113e+01 1.524464192238623e-17 1.051953918551629e-01
0 32 5.088901937146819e+01 1.523374563507619e-17 1.051944024894388e-01
2 2 5.200941341473914e+01 7.847719437698178e-18 4.480859932499941e-02
0 33 5.244035269618504e+01 1.501564121773893e-17 1.051959277406152e-01
0 34 5.399166983276253e+01 1.520347787454676e-17 1.051951300329077e-01
1 9 5.484638065168103e+01 3.688457948937782e-18 6.408745568366946e-02
0 35 5.554299390057932e+01 1.531565032386883e-17 1.051952023957948e-01
0 36 5.709431018098351e+01 1.556178097002448e-17 1.051959243258471e-01
0 37 5.864564159606567e+01 1.577976069959746e-17 1.051946449575020e-01
0 38 6.019696194252826e+01 1.555134299101418e-17 1.051955807543079e-01
1 10 6.043612556108575e+01 3.679478133935253e-18 6.409115976898833e-02
0 39 6.174828425818107e+01 1.554308402593354e-17 1.051945105501425e-01
0 40 6.329961097622822e+01 1.581536151022646e-17 1.051966341695227e-01
0 41 6.485093036969258e+01 1.578696779524918e-17 1.051949437214307e-01
1 11 6.602592560655127e+01 3.722936499125459e-18 6.408877221833384e-02
0 42 6.640225387227873e+01 1.575510493366505e-17 1.051956869621336e-01
0 43 6.795357041546694e+01 1.595026099696778e-17 1.051953064857189e-01
0 44 6.950490574967259e+01 1.614523466592845e-17 1.051954808922011e-01
2 3 7.056403477965766e+01 1.020810274152909e-15 4.480993872845640e-02
0 45 7.105622379581084e+01 1.607444457752884e-17 1.051956243501797e-01
1 12 7.161565707410259e+01 1.247515100053704e-16 6.408939728691493e-02
0 46 7.260754761292247e+01 1.616756007144302e-17 1.051949974227216e-01
0 47 7.415886717504149e+01 1.605627661102171e-17 1.051966678164086e-01
0 48 7.571019207997368e+01 1.606575664029228e-17 1.051947735279294e-01
1 13 7.720540606918738e+01 9.148135564719993e-17 6.409151111616400e-02
0 49 7.726151425372700e+01 1.608381423714458e-17 1.051959345308059e-01
0 50 7.881283373785067e+01 1.605778163769598e-17 1.051949240783614e-01
0 51 8.036416683350920e+01 1.624727649497278e-17 1.051965507642553e-01
0 52 8.191548426440407e+01 1.639218364700170e-17 1.051956759124192e-01
1 14 8.279519240354180e+01 6.651472336155769e-18 6.408884665839087e-02
0 53 8.346680851292692e+01 1.622714598293664e-17 1.051957642132367e-01
0 54 8.501812470410064e+01 1.631333427359961e-17 1.051963335387383e-01
0 55 8.656945651597144e+01 1.628438306076774e-17 1.051951114253703e-01
0 56 8.812077656962852e+01 1.664580241632785e-17 1.051959963136167e-01
1 15 8.838491720726140e+01 3.725658239722908e-18 6.409155804516545e-02
2 4 8.911860631131157e+01 2.541591612240736e-14 4.480993201263590e-02
0 57 8.967209889676806e+01 1.639419078601875e-17 1.051949317178703e-01
0 58 9.122342475438434e+01 1.670382011116341e-17 1.051970523661476e-01
0 59 9.277474427265373e+01 1.669235499714063e-17 1.051953578793942e-01
1 16 9.397467872061594e+01 3.691794403491502e-18 6.408948091445224e-02
0 60 9.432606767000114e+01 1.678502254379248e-17 1.051962095069798e-01
0 61 9.587738445757944e+01 1.672712406181878e-17 1.051957924418714e-01
0 62 9.742871995996612e+01 1.698825988031204e-17 1.051961042286196e-01
0 63 9.898003805227262e+01 1.693112252740796e-17 1.051961865540978e-01
1 17 9.956443913036719e+01 8.245746733663038e-18 6.408971167425415e-02
0 64 1.005313622004172e+02 1.701204155984616e-17 1.051956113719012e-01
0 65 1.020826815402200e+02 1.722553687056576e-17 1.051971654451101e-01
0 66 1.036340070125120e+02 1.683737625986051e-17 1.051952253023864e-01
0 67 1.051853289593615e+02 1.715332756641802e-17 1.051963571116067e-01
1 18 1.051542060441448e+02 1.174378873497447e-16 6.409029049828892e-02
0 68 1.067366485826192e+02 1.730939911966360e-17 1.051953134178839e-01
2 5 1.076731876084490e+02 2.232290060274170e-17 4.480798383854395e-02
0 69 1.082879810515515e+02 1.728735758209798e-17 1.051970077121617e-01
0 70 1.098392982698837e+02 1.722845886956990e-17 1.051960557457945e-01
1 19 1.107439639163498e+02 1.472796792492141e-16 6.408718874889960e-02
0 71 1.113906222961722e+02 1.743304230797227e-17 1.051962509673365e-01
0 72 1.129419383781243e+02 1.742778768151535e-17 1.051967939186847e-01
0 73 1.144932707424384e+02 1.767497028363402e-17 1.051957008789621e-01
0 74 1.160445907332205e+02 1.798564071803516e-17 1.051965476301269e-01
1 20 1.163337087551637e+02 3.764294403709991e-18 6.409063304435909e-02
0 75 1.175959134346122e+02 1.745227978590980e-17 1.051955203465956e-01
0 76 1.191472389616287e+02 1.773876110248858e-17 1.051976308846019e-01
0 77 1.206985590150189e+02 1.770023200186611e-17 1.051958434307013e-01
1 21 1.219235083797109e+02 3.683672675255096e-18 6.408864475377933e-02
0 78 1.222498823389570e+02 1.789311385087532e-17 1.051966750651629e-01
0 79 1.238011992083965e+02 1.807076534959362e-17 1.051961591682684e-01
0 80 1.253525346074992e+02 1.797321002069002e-17 1.051965915480458e-01
2 6 1.262278131051103e+02 3.573006216431686e-17 4.480920289408480e-02
0 81 1.269038523811283e+02 1.806851887865979e-17 1.051965829940123e-01
1 22 1.275132432012599e+02 3.709433034318803e-18 6.408859577086920e-02
0 82 1.284551763243147e+02 1.816128930077221e-17 1.051960631221514e-01
0 83 1.300064950811682e+02 1.821033025584733e-17 1.051975923579107e-01
0 84 1.315578210946907e+02 1.809520089684381e-17 1.051957382351581e-01
0 85 1.331091429875355e+02 1.834113384970921e-17 1.051969002478734e-01
1 23 1.331029903157130e+02 3.678252239632016e-18 6.409125021915497e-02
0 86 1.346604629817478e+02 1.853808311802622e-17 1.051958429298759e-01
0 87 1.362117951774887e+02 1.838307182990258e-17 1.051976266154837e-01
0 88 1.377631127338007e+02 1.831392828365719e-17 1.051965950751965e-01
1 24 1.386927804602641e+02 3.683031789125409e-18 6.408843416129767e-02
0 89 1.393144369113135e+02 1.856189870374349e-17 1.051968006328000e-01
0 90 1.408657529345617e+02 1.849785665404063e-17 1.051971930407291e-01
0 91 1.424170856444987e+02 1.855236685075184e-17 1.051961723358124e-01
0 92 1.439684053372990e+02 1.889621742084269e-17 1.051969620889376e-01
1 25 1.442825027173009e+02 3.771554647471881e-18 6.409109625906742e-02
2 7 1.447823885287018e+02 8.317077279663892e-18 4.480974673835238e-02
0 93 1.455197280204430e+02 1.851746920482164e-17 1.051959461772225e-01
0 94 1.470710526939192e+02 1.883059248442024e-17 1.051980447863320e-01
0 95 1.486223729357460e+02 1.897228073875905e-17 1.051962661034302e-01
1 26 1.498722631087128e+02 3.716860401626738e-18 6.408961559456443e-02
0 96 1.501736961645765e+02 1.885624075691014e-17 1.051971996827303e-01
0 97 1.517250133116162e+02 1.909575073431215e-17 1.051966486002175e-01
0 98 1.532763487975684e+02 1.909460259073831e-17 1.051972160848561e-01
0 99 1.548276666491341e+02 1.903127418236455e-17 1.051971444049666e-01
1 27 1.554620270057351e+02 3.689049915190445e-18 6.408922302466227e-02
0 100 1.563789909068942e+02 1.923430353409705e-17 1.051966743145447e-01
0 101 1.579303094705217e+02 1.932056752180374e-17 1.051980762284988e-01
0 102 1.594816360444726e+02 1.920137936656163e-17 1.051961908461311e-01
0 103 1.610329576962749e+02 1.924675445022468e-17 1.051973203123525e-01
1 28 1.610517865249920e+02 2.956450401064474e-16 6.409020732160750e-02
0 104 1.625842778233575e+02 1.938762878737293e-17 1.051962383049855e-01
2 8 1.633369611015835e+02 2.317397634562493e-15 4.480808945382140e-02
0 105 1.641356093280272e+02 1.943945466193662e-17 1.051980756591899e-01
0 106 1.656869267133633e+02 1.947555559180337e-17 1.051969741524401e-01
1 29 1.666415470521568e+02 3.393965135515837e-17 6.408701513194294e-02
0 107 1.672382506767186e+02 1.962009912285354e-17 1.051972901978156e-01
0 108 1.687895666591953e+02 1.991126224518212e-17 1.051976555416799e-01
0 109 1.703408998763814e+02 1.965542930491012e-17 1.051967695788916e-01
0 110 1.718922195110268e+02 1.974062912614880e-17 1.051975145602998e-01
1 30 1.722312922508441e+02 3.746522570899388e-18 6.409009683491461e-02
0 111 1.734435425617394e+02 1.978241683731146e-17 1.051965425844819e-01
0 112 1.749948669177174e+02 1.997945886256252e-17 1.051986129970893e-01
0 113 1.765461877198093e+02 2.001652622169496e-17 1.051967451956614e-01
1 31 1.778210904399793e+02 3.741744563598058e-18 6.408853731539337e-02
0 114 1.780975108476780e+02 2.015995901285908e-17 1.051976555308026e-01
0 115 1.796488280978301e+02 1.998910674688100e-17 1.051970162347866e-01
0 116 1.812001633904921e+02 2.024816121709521e-17 1.051977017470257e-01
2 9 1.818915889450056e+02 4.114265560045805e-14 4.480906881251479e-02
0 117 1.827514809327314e+02 2.053737418180067e-17 1.051975366645225e-01
1 32 1.834108289370856e+02 3.736872943325241e-18 6.408785035150022e-02
0 118 1.843028049671449e+02 2.027266610821190e-17 1.051971292842439e-01
0 119 1.858541230153144e+02 2.045988786788256e-17 1.051985050763266e-01
0 120 1.874054501565805e+02 2.060669198593153e-17 1.051967165657927e-01
0 121 1.889567717503371e+02 2.049291989772978e-17 1.051978639385237e-01
1 33 1.890005742604917e+02 2.327731452972267e-17 6.409090108936009e-02
0 122 1.905080922500357e+02 2.083420299322267e-17 1.051967763324117e-01
0 123 1.920594234471483e+02 2.052961419776444e-17 1.051986896398255e-01
0 124 1.936107412140252e+02 2.086682123192485e-17 1.051975064729016e-01
1 34 1.945903679831160e+02 2.743109114607411e-16 6.408808306733474e-02
0 125 1.951620652983396e+02 2.065546997171311e-17 1.051978271941383e-01
0 126 1.967133812519300e+02 2.088938114138516e-17 1.051980457672311e-01
0 127 1.982647147554056e+02 2.078948863366509e-17 1.051972456904105e-01
0 128 1.998160340884632e+02 2.092686811194783e-17 1.051979275766741e-01
1 35 2.001800888264595e+02 3.678130469987197e-18 6.409054200766369e-02
2 10 2.004461697814730e+02 6.435012981589686e-17 4.481013631027821e-02
0 129 2.013673570899784e+02 2.111957103220594e-17 1.051969726306984e-01
0 130 2.029186806102842e+02 2.085719107992143e-17 1.051990235159398e-01
0 131 2.044700016631425e+02 2.104190931741322e-17 1.051971777017238e-01
1 36 2.057698476501969e+02 3.755231555256055e-18 6.408972229280087e-02
0 132 2.060213247043738e+02 2.123313557473606e-17 1.051981821931681e-01
0 133 2.075726422594566e+02 2.142031777544501e-17 1.051975099084109e-01
0 134 2.091239775591804e+02 2.137633510933157e-17 1.051983264491437e-01
0 135 2.106752952151731e+02 2.155470121771306e-17 1.051980964952696e-01
1 37 2.113596153974590e+02 3.683725974876533e-18 6.408874801070955e-02
0 136 2.122266195462360e+02 2.149923542382906e-17 1.051977358766587e-01
0 137 2.137779374312928e+02 2.168382784311931e-17 1.051989752401588e-01
0 138 2.153292651186850e+02 2.162757383692335e-17 1.051971710499670e-01
0 139 2.168805864589733e+02 2.186711379561335e-17 1.051982822102192e-01
1 38 2.169493673950852e+02 3.700694994686688e-18 6.409011131835959e-02
0 140 2.184319070804200e+02 2.195051718895625e-17 1.051971778723983e-01
2 11 2.190007368992644e+02 1.522059951332776e-17 4.480888742758250e-02
0 141 2.199832375324281e+02 2.174252098989507e-17 1.051991305453765e-01
0 142 2.215345551747982e+02 2.213191432048687e-17 1.051978858969775e-01
1 39 2.225391300495149e+02 3.678220019299570e-18 6.408692091581333e-02
0 143 2.230858790551974e+02 2.207059523852357e-17 1.051983194708271e-01
0 144 2.246371950325793e+02 2.219781022063596e-17 1.051985105824070e-01
0 145 2.261885289875802e+02 2.200433199125454e-17 1.051978496779544e-01
0 146 2.277398482708432e+02 2.218946911616142e-17 1.051984811978466e-01
1 40 2.281288762582453e+02 3.685689250019230e-18 6.408955953352781e-02
0 147 2.292911716321755e+02 2.218138790586565e-17 1.051975757277084e-01
0 148 2.308424948537740e+02 2.246135995669503e-17 1.051995808051670e-01
0 149 2.323938164878237e+02 2.239983946736960e-17 1.051976513002308e-01
1 41 2.337186717487493e+02 3.691921118663678e-18 6.408845004226825e-02
0 150 2.339451394019606e+02 2.243901992013640e-17 1.051986293823453e-01
0 151 2.354964570776758e+02 2.271977627248305e-17 1.051978798253485e-01
0 152 2.370477920941242e+02 2.267610583557677e-17 1.051988090523382e-01
2 12 2.375553648316836e+02 2.774904533559376e-17 4.480951749211104e-02
0 153 2.385991094541733e+02 2.275545220332723e-17 1.051984843833872e-01
1 42 2.393084142921427e+02 3.683307678569294e-18 6.408715408197915e-02
0 154 2.401504335471478e+02 2.279240530445204e-17 1.051981937057317e-01
0 155 2.417017509876128e+02 2.322500278057198e-17 1.051994063005918e-01
0 156 2.432530792580488e+02 2.291737025599194e-17 1.051977093415282e-01
0 157 2.448044005361408e+02 2.305221918054861e-17 1.051988263844823e-01
1 43 2.448981579083467e+02 1.433640457591873e-16 6.409051876628187e-02
0 158 2.463557215293395e+02 2.314365037550912e-17 1.051977248454799e-01
0 159 2.479070516493818e+02 2.338830719619888e-17 1.051997388604648e-01
0 160 2.494583697160269e+02 2.321603128581044e-17 1.051984109425517e-01
1 44 2.504879548034896e+02 1.455265152551453e-16 6.408776481475568e-02
0 161 2.510096936865203e+02 2.345624848712645e-17 1.051988435558452e-01
0 162 2.525610096637632e+02 2.374107780263677e-17 1.051988932526759e-01
0 163 2.541123438381166e+02 2.344185705289320e-17 1.051983298784144e-01
0 164 2.556636628179175e+02 2.367037022854474e-17 1.051988923206172e-01
1 45 2.560776754613220e+02 1.199383792106406e-17 6.408991468318570e-02
2 13 2.561099524239289e+02 4.789230631705642e-15 4.481101633649271e-02
0 165 2.572149860986204e+02 2.366319785022867e-17 1.051980095097591e-01
0 166 2.587663085125406e+02 2.374743478200233e-17 1.051999888692220e-01
0 167 2.603176304570588e+02 2.387690115659642e-17 1.051980948388168e-01
1 46 2.616674322652477e+02 3.692085645016429e-18 6.408976715458968e-02
0 168 2.618689532911970e+02 2.402798543389146e-17 1.051991580496674e-01
0 169 2.634202712935103e+02 2.417594078931656e-17 1.051983785279220e-01
0 170 2.649716062409504e+02 2.395629790300473e-17 1.051994329313159e-01
0 171 2.665229237542345e+02 2.423787189185220e-17 1.051990418214113e-01
1 47 2.672572041694358e+02 3.726641876304951e-18 6.408830297296833e-02
0 172 2.680742481244384e+02 2.407923685811591e-17 1.051987939494332e-01
0 173 2.696255654323584e+02 2.434885206633861e-17 1.051998629583649e-01
0 174 2.711768942267449e+02 2.424770020572822e-17 1.051981665697214e-01
0 175 2.727282152406806e+02 2.457299681854081e-17 1.051992434346948e-01
1 48 2.728469487343249e+02 4.671073033319568e-18 6.408995684453209e-02
0 176 2.742795363399646e+02 2.446095879750741e-17 1.051981324837862e-01
2 14 2.746645175086871e+02 4.969572494047554e-16 4.481014893654744e-02
0 177 2.758308656719747e+02 2.445105171654587e-17 1.052001716466760e-01
0 178 2.773821836648906e+02 2.483460920571435e-17 1.051987920012846e-01
1 49 2.784367131022680e+02 5.220515712161944e-17 6.408693083557425e-02
0 179 2.789335074432789e+02 2.495738481091366e-17 1.051993385322391e-01
0 180 2.804848235041934e+02 2.508764255366596e-17 1.051993606756656e-01
0 181 2.820361580650884e+02 2.500195749392030e-17 1.051989394852937e-01
0 182 2.835874770075199e+02 2.502757774032845e-17 1.051994469627915e-01
1 50 2.840264607449521e+02 5.052080871244813e-16 6.408902909234943e-02
0 183 2.851388006393459e+02 2.506661172707616e-17 1.051986179751120e-01
0 184 2.866901227780616e+02 2.505909123332866e-17 1.052005346647987e-01
0 185 2.882414453198274e+02 2.499407462085714e-17 1.051985640037766e-01
1 51 2.896162525377783e+02 3.683229364393233e-18 6.408835634622773e-02
0 186 2.897927680023214e+02 2.517862567481010e-17 1.051995976891887e-01
0 187 2.913440861386997e+02 2.540764976088138e-17 1.051987519670977e-01
0 188 2.928954207148573e+02 2.539689660000759e-17 1.051999111258824e-01
2 15 2.932191428304852e+02 8.853287631112695e-17 4.481029122090942e-02
0 189 2.944467379499504e+02 2.558015320459493e-17 1.051994253033111e-01
1 52 2.952059991857803e+02 3.742077673100508e-18 6.408653589348563e-02
0 190 2.959980620711822e+02 2.569978929730683e-17 1.051992543221859e-01
0 191 2.975493790075706e+02 2.579496425150572e-17 1.052002964465760e-01
0 192 2.991007083895840e+02 2.606036243911352e-17 1.051987170130082e-01
0 193 3.006520293376006e+02 2.595624801586769e-17 1.051997882373947e-01
1 53 3.007957413400663e+02 3.689446664786091e-18 6.409008709002736e-02
0 194 3.022033508056791e+02 2.599148392726904e-17 1.051986886461770e-01
0 195 3.037546797911398e+02 2.598686775222525e-17 1.052007736056395e-01
0 196 3.053059982495276e+02 2.624156543227543e-17 1.051993097058644e-01
1 54 3.063855407820902e+02 3.681603568447511e-18 6.408748369513347e-02
0 197 3.068573220867642e+02 2.623702282949797e-17 1.051998497286488e-01
0 198 3.084086381748662e+02 2.642624751021542e-17 1.051997372558062e-01
0 199 3.099599728814089e+02 2.644796846490317e-17 1.051994229951686e-01
0 200 3.115112915204430e+02 2.636698060517590e-17 1.051998556569697e-01
2 16 3.117737382933767e+02 8.391283345527614e-18 4.481210172077681e-02
1 55 3.119752625098940e+02 3.681670137490774e-18 6.408921909432225e-02
0 201 3.130626150404603e+02 2.663624473624849e-17 1.051990549966535e-01
0 202 3.146139364086762e+02 2.686782890471068e-17 1.052009411781216e-01
0 203 3.161652593166634e+02 2.678414377828221e-17 1.051990196097969e-01
1 56 3.175650168443791e+02 3.688144505791055e-18 6.408975804634945e-02
0 204 3.177165819239232e+02 2.678725987247910e-17 1.052001282997252e-01
0 205 3.192679004032307e+02 2.705614198826294e-17 1.051992564754899e-01
0 206 3.208192348400185e+02 2.679360364411032e-17 1.052005332555464e-01
0 207 3.223705522709978e+02 2.707884618984556e-17 1.051999795505771e-01
1 57 3.231547931854524e+02 3.745322184511716e-18 6.408786505750703e-02
0 208 3.239218766485199e+02 2.721150385398945e-17 1.051998466117701e-01
0 209 3.254731934829042e+02 2.759230448752382e-17 1.052007399638056e-01
0 210 3.270245233584614e+02 2.744092082209231e-17 1.051991776627913e-01
0 211 3.285758440334165e+02 2.755746378031347e-17 1.052002044683955e-01
1 58 3.287445307465401e+02 3.727972725165458e-18 6.408977134350252e-02
0 212 3.301271655877957e+02 2.758193106646565e-17 1.051991021372501e-01
2 17 3.303283036876120e+02 1.271336241786934e-16 4.481148601156072e-02
0 213 3.316784937538549e+02 2.749260008533932e-17 1.052011985287727e-01
0 214 3.332298121928586e+02 2.753222954192408e-17 1.051996938391191e-01
1 59 3.343342961496424e+02 3.650320372190487e-16 6.408699488096034e-02
0 215 3.347811358507543e+02 2.784862740259277e-17 1.052003474649405e-01
0 216 3.363324520770744e+02 2.791533135033743e-17 1.052002076793789e-01
0 217 3.378837870975639e+02 2.790992083241100e-17 1.052000370394903e-01
0 218 3.394351057160704e+02 2.806337306482206e-17 1.052004110627561e-01
1 60 3.399240459090173e+02 5.671280184235163e-17 6.408851529882963e-02
0 219 3.409864295776643e+02 2.808025249896264e-17 1.051996673092185e-01
0 220 3.425377506979195e+02 2.837984893948239e-17 1.052014749553277e-01
0 221 3.440890742136814e+02 2.849827044154638e-17 1.051994854537599e-01
1 61 3.455138328657944e+02 4.484360575282008e-18 6.408824606334725e-02
0 222 3.456403966464924e+02 2.831952730269701e-17 1.052005615177224e-01
0 223 3.471917152689463e+02 2.858414023697986e-17 1.051996345043694e-01
0 224 3.487430492503512e+02 2.848436392189566e-17 1.052010057962037e-01
2 18 3.488829236837763e+02 9.079666285218904e-15 4.481100274306459e-02
0 225 3.502943664255275e+02 2.862519537223760e-17 1.052003587822024e-01
1 62 3.511035836483038e+02 3.703724783391776e-18 6.408601368762541e-02
0 226 3.518456905471262e+02 2.878400738128207e-17 1.052003092778534e-01
0 227 3.533970070840720e+02 2.904380221232781e-17 1.052011760612024e-01
0 228 3.549483375401301e+02 2.893790651331257e-17 1.051997396443774e-01
0 229 3.564996581464391e+02 2.894156183628641e-17 1.052007499883937e-01
1 63 3.566933245573080e+02 3.692049890267555e-18 6.408959213116507e-02
0 230 3.580509800649785e+02 2.915858673071505e-17 1.051996675245300e-01
0 231 3.596023078793209e+02 2.921485761536278e-17 1.052017934823278e-01
0 232 3.611536268227685e+02 2.927142169240298e-17 1.052002043338662e-01
1 64 3.622831260117723e+02 1.031682648965977e-17 6.408725652442603e-02
0 233 3.627049505081420e+02 2.939962118202883e-17 1.052008460411414e-01
0 234 3.642562667872110e+02 2.955384658560178e-17 1.052005797273779e-01
