0 0 1.267874509971827e+00 1.522475096061552e-18 1.010142871969853e-01
0 1 2.819201897530707e+00 1.562120876602585e-18 1.010133668410426e-01
0 2 4.370518843099824e+00 1.562127703915529e-18 1.010140293033175e-01
1 0 4.585287461094049e+00 3.642171266014255e-18 6.503019555721497e-02
0 3 5.921839701521604e+00 1.601802743470606e-18 1.010129689870302e-01
0 4 7.473163784101440e+00 1.833261068883653e-18 1.010146428663991e-01
0 5 9.024484971298287e+00 1.916269893145511e-18 1.010131271217822e-01
1 1 1.017510824729792e+01 3.700584476598149e-18 6.502786628179091e-02
0 6 1.057580518269405e+01 1.522481204458013e-18 1.010139307459014e-01
0 7 1.212712173719105e+01 1.752219429105023e-18 1.010136596220983e-01
0 8 1.367845040396367e+01 1.562175816554063e-18 1.010137094067564e-01
2 0 1.495977406592436e+01 4.295479091807961e-15 4.349616153464309e-02
0 9 1.522976714142257e+01 1.641311986733980e-18 1.010135093800840e-01
1 2 1.576484087429405e+01 3.635916766133526e-18 6.502824370497079e-02
0 10 1.678108904587495e+01 1.641294368491318e-18 1.010129658832395e-01
0 11 1.833240846814925e+01 1.792797865448552e-18 1.010145440133117e-01
0 12 1.988373296976193e+01 1.562218727596302e-18 1.010130915574211e-01
1 3 2.135458760493731e+01 2.021442395951299e-14 6.502969132402935e-02
0 13 2.143505116538121e+01 1.641209384081659e-18 1.010141557038966e-01
0 14 2.298636978277355e+01 1.641189609204006e-18 1.010131546565148e-01
0 15 2.453769728353039e+01 1.522475063680730e-18 1.010142635941234e-01
0 16 2.608901585776092e+01 1.562253066789628e-18 1.010132291179057e-01
1 4 2.694438797622577e+01 1.012123009136268e-14 6.502777495800895e-02
0 17 2.764033763374387e+01 1.752221694476950e-18 1.010134296395293e-01
0 18 2.919165438201545e+01 1.641082811042632e-18 1.010141446560315e-01
0 19 3.074298189377886e+01 1.562275587708073e-18 1.010132534496272e-01
0 20 3.229429863312939e+01 1.831617505928530e-18 1.010138427592594e-01
1 5 3.253410544642393e+01 3.888745498515532e-16 6.503012023493841e-02
2 1 3.351436215507997e+01 6.818499028306790e-16 4.349549563903939e-02
0 21 3.384561942691879e+01 1.601223945626998e-18 1.010127934920824e-01
0 22 3.539694288690345e+01 1.522472248526301e-18 1.010144911204862e-01
0 23 3.694826411156824e+01 1.752226396601740e-18 1.010129919051462e-01
1 6 3.812387376062603e+01 3.637663888743059e-18 6.502843015100902e-02
0 24 3.849958409588270e+01 1.752218095718349e-18 1.010138846101788e-01
0 25 4.005090080669581e+01 1.601076514534376e-18 1.010135696726456e-01
0 26 4.160222961583727e+01 1.831045449834948e-18 1.010137226366083e-01
0 27 4.315354663869789e+01 1.640883756009673e-18 1.010134646078910e-01
1 7 4.371362991624285e+01 2.493475573234984e-17 6.502884721793942e-02
0 28 4.470486884810526e+01 1.790956083780023e-18 1.010129746669008e-01
0 29 4.625618819080146e+01 1.790810853113979e-18 1.010144737444246e-01
0 30 4.780751303385453e+01 1.562373060560747e-18 1.010129958280621e-01
0 31 4.935883102012726e+01 1.640783599519957e-18 1.010140130104864e-01
1 8 4.930339306889809e+01 2.816889063946039e-17 6.502910400853154e-02
0 32 5.091014968415188e+01 1.522492976734140e-18 1.010129649008864e-01
2 2 5.206897954787514e+01 8.179447112072732e-18 4.349363670610259e-02
0 33 5.246147673710063e+01 1.562384273980426e-18 1.010141307721575e-01
0 34 5.401279522290767e+01 1.522491854434317e-18 1.010130464610099e-01
1 9 5.489316171921709e+01 4.569923052391634e-15 6.502663956295858e-02
0 35 5.556411668879145e+01 1.673939873725136e-18 1.010133436225291e-01
0 36 5.711543326574710e+01 1.941515651918701e-18 1.010140268363363e-01
0 37 5.866676102195926e+01 1.917392477999351e-18 1.010132379242535e-01
0 38 6.021807785706969e+01 1.829778721178636e-18 1.010137854444390e-01
1 10 6.048289812289966e+01 4.860077328415397e-14 6.502953080864607e-02
0 39 6.176939901966207e+01 1.600642324071089e-18 1.010127764054065e-01
0 40 6.332072240178759e+01 1.562440691637197e-18 1.010144862686425e-01
0 41 6.487204410888049e+01 1.522492507730207e-18 1.010129328777722e-01
1 11 6.607271642627113e+01 3.882007744728657e-18 6.502746737431411e-02
0 42 6.642336400176781e+01 1.640525156573347e-18 1.010138083165438e-01
0 43 6.797468074831650e+01 1.917625018470460e-18 1.010133822919586e-01
0 44 6.952600938868275e+01 1.522484195744642e-18 1.010136053513549e-01
2 3 7.062356171960342e+01 8.097277121209419e-18 4.349512215245143e-02
0 45 7.107732626264824e+01 1.522490475906822e-18 1.010132647470195e-01
1 12 7.166245397167408e+01 3.638187596054992e-18 6.502727619853473e-02
0 46 7.262864821670689e+01 1.562513453973994e-18 1.010128373293885e-01
0 47 7.417996705288488e+01 1.940665211601979e-18 1.010143279731832e-01
0 48 7.573129210158835e+01 1.562527822425871e-18 1.010129311049531e-01
0 49 7.728261002102958e+01 1.562529439765833e-18 1.010139654018531e-01
1 13 7.725219780163611e+01 3.630664165255370e-18 6.502917727136673e-02
0 50 7.883392903142257e+01 1.674441831985534e-18 1.010129080980833e-01
0 51 8.038525606997192e+01 1.828483823798034e-18 1.010141527655009e-01
0 52 8.193657502592913e+01 1.640295652855217e-18 1.010130122334196e-01
1 14 8.284200414988462e+01 3.625937230488763e-18 6.502710948986695e-02
0 53 8.348789660628780e+01 1.562566791765890e-18 1.010133288314808e-01
0 54 8.503921315516169e+01 1.828123670102055e-18 1.010138761536078e-01
0 55 8.659054099976608e+01 1.640228461683641e-18 1.010131244180399e-01
0 56 8.814185763891274e+01 1.562593667711130e-18 1.010135951242835e-01
1 15 8.843172017668508e+01 3.625150832846367e-18 6.502936676536950e-02
2 4 8.917814326483106e+01 2.013570397272473e-16 4.349485627191590e-02
0 57 8.969317871184184e+01 1.562611704549710e-18 1.010126050766579e-01
0 58 9.124450146473413e+01 1.600014215351919e-18 1.010143321362675e-01
0 59 9.279582323080619e+01 1.600002769851714e-18 1.010128055457393e-01
1 16 9.402148607489704e+01 3.640411642275719e-18 6.502812592626675e-02
0 60 9.434714291117382e+01 1.752220005736975e-18 1.010137631761120e-01
0 61 9.589845985138764e+01 1.918261710919694e-18 1.010132956582182e-01
0 62 9.744978860673363e+01 1.787219547248965e-18 1.010136210642884e-01
0 63 9.900110579580259e+01 1.599864805196265e-18 1.010132227855017e-01
1 17 9.961124749249545e+01 3.650639745327661e-18 6.502804288570413e-02
0 64 1.005524280350569e+02 1.640011452842633e-18 1.010128475722273e-01
0 65 1.021037468010177e+02 1.522475872873596e-18 1.010142468667285e-01
0 66 1.036550721641797e+02 1.752228404030283e-18 1.010128323868091e-01
0 67 1.052063898715493e+02 1.639928945087253e-18 1.010138139682754e-01
1 18 1.052010014303875e+02 3.656897609713221e-18 6.502872779753624e-02
0 68 1.067577089215744e+02 2.105312566518757e-18 1.010127205301507e-01
2 5 1.077327572168928e+02 7.659470800540434e-15 4.349281491243386e-02
0 69 1.083090354738429e+02 1.918513364427024e-18 1.010140164865463e-01
0 70 1.098603543574003e+02 1.562718698015792e-18 1.010128343823598e-01
1 19 1.107907725567505e+02 4.001655051292101e-14 6.502622974386542e-02
0 71 1.114116756279984e+02 1.675105623728724e-18 1.010132489469110e-01
0 72 1.129629920605278e+02 1.841570551529563e-18 1.010137612619567e-01
0 73 1.145143201359176e+02 1.599551646539163e-18 1.010131141026541e-01
0 74 1.160656368979133e+02 1.562747846249112e-18 1.010135378255902e-01
1 20 1.163805094997642e+02 3.708665623429449e-15 6.502883377367562e-02
0 75 1.176169583316992e+02 2.062829175021375e-18 1.010125942135401e-01
0 76 1.191682810038085e+02 1.752211720481767e-18 1.010143196122816e-01
0 77 1.207196032437579e+02 1.752229489245547e-18 1.010127422140793e-01
1 21 1.219703237781342e+02 4.707715269337295e-17 6.502708154114466e-02
0 78 1.222709228105025e+02 1.562778289497509e-18 1.010136767319251e-01
0 79 1.238222397987853e+02 1.639642415816309e-18 1.010131066558443e-01
0 80 1.253735683409477e+02 1.785233462879005e-18 1.010135028926233e-01
2 6 1.262873453397047e+02 2.559737036190148e-16 4.349417296994350e-02
0 81 1.269248853924858e+02 1.639604249291230e-18 1.010130241379842e-01
1 22 1.275600664926867e+02 4.623060547774955e-18 6.502637594846404e-02
0 82 1.284762073561002e+02 1.937961085287571e-18 1.010127169556500e-01
0 83 1.300275256566127e+02 1.599200553243529e-18 1.010141025841612e-01
0 84 1.315788512354818e+02 1.599197715569942e-18 1.010127753247901e-01
0 85 1.331301688977917e+02 1.522485968771606e-18 1.010137628293650e-01
1 23 1.331498076766249e+02 2.613995608693213e-17 6.502862745037322e-02
0 86 1.346814883020761e+02 1.752230999179396e-18 1.010126693017438e-01
0 87 1.362328148207144e+02 1.752215018670979e-18 1.010140365753328e-01
0 88 1.377841341894807e+02 2.173028383134025e-18 1.010127994494323e-01
1 24 1.387396194323778e+02 4.388313946819189e-16 6.502650997244210e-02
0 89 1.393354555449521e+02 1.675686810793847e-18 1.010132277359701e-01
0 90 1.408867719664090e+02 1.675728343560976e-18 1.010136032058394e-01
0 91 1.424381000928292e+02 1.639373352554420e-18 1.010130006438207e-01
0 92 1.439894166699235e+02 1.783864001705662e-18 1.010133446107438e-01
1 25 1.443293352058899e+02 1.279037304803926e-14 6.502852571473336e-02
2 7 1.448419210890744e+02 8.742273529914009e-18 4.349445556879323e-02
0 93 1.455407379876175e+02 1.522499954965423e-18 1.010124273431355e-01
0 94 1.470920600304854e+02 1.639280559960855e-18 1.010141634457221e-01
0 95 1.486433823502477e+02 1.936951559813628e-18 1.010126229545279e-01
1 26 1.499190983127577e+02 1.669878472370378e-14 6.502778851871752e-02
0 96 1.501947017205948e+02 1.843173173390024e-18 1.010136316322477e-01
0 97 1.517460189357618e+02 1.522492672492695e-18 1.010130236158772e-01
0 98 1.532973475652910e+02 1.522485528191246e-18 1.010135206132471e-01
0 99 1.548486649610844e+02 1.639176124874158e-18 1.010129849796211e-01
1 27 1.555088654976254e+02 3.630213387606727e-18 6.502725777801006e-02
0 100 1.563999871887526e+02 1.598677064232281e-18 1.010127276628964e-01
0 101 1.579513054303785e+02 1.598620624008599e-18 1.010140107308010e-01
0 102 1.595026312944741e+02 1.752230491709015e-18 1.010126740441338e-01
0 103 1.610539487448553e+02 2.057181342323896e-18 1.010136032908469e-01
1 28 1.610986107204396e+02 3.704247652442224e-18 6.502833590239840e-02
0 104 1.626052681780627e+02 1.782529859281396e-18 1.010124843005494e-01
2 8 1.633965312046863e+02 8.088430602287969e-18 4.349254818837190e-02
0 105 1.641565941754411e+02 1.598505778584288e-18 1.010138965686670e-01
0 106 1.657079134884625e+02 1.919839064697381e-18 1.010126268243993e-01
1 29 1.666883835169913e+02 3.624943040908970e-18 6.502587041626220e-02
0 107 1.672592345372654e+02 1.752226015351140e-18 1.010131533484958e-01
0 108 1.688105508962971e+02 1.935886503810096e-18 1.010134914242169e-01
0 109 1.703618792364825e+02 1.563046828277010e-18 1.010129951675815e-01
0 110 1.719131959644265e+02 1.638910003026214e-18 1.010132881375363e-01
1 30 1.722781217909136e+02 3.628470736262285e-18 6.502810944841421e-02
0 111 1.734645176332662e+02 1.638895222513273e-18 1.010124223887924e-01
0 112 1.750158395956812e+02 1.598269831780647e-18 1.010141425435920e-01
0 113 1.765671623773812e+02 1.781578267414566e-18 1.010125552079237e-01
1 31 1.778679304260766e+02 3.664080201411486e-18 6.502671316153387e-02
0 114 1.781184816145341e+02 1.638814506520958e-18 1.010135347751522e-01
0 115 1.796697988874077e+02 2.103287872948345e-18 1.010128337889813e-01
0 116 1.812211272588882e+02 1.676550233617185e-18 1.010134010837760e-01
2 9 1.819511262618908e+02 5.287384032563988e-16 4.349376658371656e-02
0 117 1.827724445285692e+02 1.563121884297714e-18 1.010127880102481e-01
1 32 1.834576785037517e+02 3.626199322844488e-18 6.502552877916321e-02
0 118 1.843237664626788e+02 1.781011683603834e-18 1.010126037656319e-01
0 119 1.858750842844236e+02 1.563125818307338e-18 1.010138683218793e-01
0 120 1.874264103709321e+02 1.676692085260638e-18 1.010126244372497e-01
0 121 1.889777277991487e+02 1.563149280948221e-18 1.010135489009776e-01
1 33 1.890474173005612e+02 3.629893661245485e-18 6.502808022814216e-02
0 122 1.905290475910442e+02 1.934813178395886e-18 1.010124390370131e-01
0 123 1.920803735383775e+02 1.780460437207384e-18 1.010139139697029e-01
0 124 1.936316933485686e+02 1.522498034907609e-18 1.010125905483904e-01
1 34 1.946372336054449e+02 3.636981530401578e-18 6.502593824530459e-02
0 125 1.951830144529337e+02 1.563184259117332e-18 1.010131247933745e-01
0 126 1.967343308178234e+02 1.676896377332116e-18 1.010133268152887e-01
0 127 1.982856591701790e+02 1.563201627747535e-18 1.010128818327228e-01
0 128 1.998369757247850e+02 1.522494399395830e-18 1.010130928565687e-01
1 35 2.002269504473202e+02 1.807581722265419e-14 6.502763156270541e-02
2 10 2.005056977095331e+02 1.284589181576917e-14 4.349464125073210e-02
0 129 2.013882972502450e+02 1.597741766632302e-18 1.010122602469054e-01
0 130 2.029396185901596e+02 1.820396568474629e-18 1.010139847589089e-01
0 131 2.044909414715236e+02 1.597680557160293e-18 1.010124441667102e-01
1 36 2.058167103388698e+02 1.027092342003363e-15 6.502740544691693e-02
0 132 2.060422605298859e+02 1.638385494102700e-18 1.010134888381229e-01
0 133 2.075935780585579e+02 1.638360787446675e-18 1.010127546493264e-01
0 134 2.091449064900993e+02 1.638344301055108e-18 1.010134203040167e-01
0 135 2.106962241322829e+02 2.126506230725225e-18 1.010127515074630e-01
1 37 2.114064837659185e+02 3.934245688598959e-18 6.502650816199736e-02
0 136 2.122475463080225e+02 1.597515217909391e-18 1.010126138912378e-01
0 137 2.137988640838598e+02 1.597459016213792e-18 1.010137659356188e-01
0 138 2.153501904242655e+02 1.819626203477627e-18 1.010125210269704e-01
0 139 2.169015076433451e+02 1.563304818210721e-18 1.010133820214209e-01
1 38 2.169962209524277e+02 1.372148691347477e-17 6.502789206770705e-02
0 140 2.184528274499292e+02 1.522502959957148e-18 1.010122569311721e-01
2 11 2.190603044040532e+02 7.648306167240211e-17 4.349307512742492e-02
0 141 2.200041528451480e+02 1.597342670775565e-18 1.010137700544893e-01
0 142 2.215554726167865e+02 1.563337717957463e-18 1.010124235656564e-01
1 39 2.225859947662788e+02 6.025761913474141e-18 6.502556849995772e-02
0 143 2.231067934202127e+02 1.563339321254195e-18 1.010130551909048e-01
0 144 2.246581097747920e+02 1.522490440296476e-18 1.010132183269369e-01
0 145 2.262094383208804e+02 1.563355370596698e-18 1.010128807970446e-01
0 146 2.277607550551130e+02 1.563367916915597e-18 1.010130379372471e-01
1 40 2.281757349035474e+02 2.058951173685982e-15 6.502735882924315e-02
0 147 2.293120769204278e+02 1.522502265314823e-18 1.010122607510582e-01
0 148 2.308633981833173e+02 1.777671402754157e-18 1.010139548634057e-01
0 149 2.324147215113084e+02 1.563396569666644e-18 1.010123720035436e-01
1 41 2.337655367137008e+02 3.062720576271727e-14 6.502633466378459e-02
0 150 2.339660404197262e+02 1.637959355624105e-18 1.010133814573555e-01
0 151 2.355173580126993e+02 1.846921000220193e-18 1.010125647507007e-01
0 152 2.370686861413821e+02 1.596997181747286e-18 1.010132989072988e-01
2 12 2.376149069847881e+02 8.649129505322716e-18 4.349407896185256e-02
0 153 2.386200036689787e+02 1.637896394325152e-18 1.010125566368029e-01
1 42 2.393552899923674e+02 3.707427055088622e-18 6.502476910338081e-02
0 154 2.401713255358971e+02 1.596934193910537e-18 1.010124966272096e-01
0 155 2.417226429411186e+02 1.752220524174034e-18 1.010136257703055e-01
0 156 2.432739695070700e+02 1.596874909734489e-18 1.010124786373651e-01
0 157 2.448252867279370e+02 1.563459292106731e-18 1.010133248588283e-01
1 43 2.449450268078762e+02 3.638494644822679e-18 6.502751102597974e-02
0 158 2.463766068944978e+02 1.522503347837063e-18 1.010122179651533e-01
0 159 2.479279322263889e+02 1.752218395816138e-18 1.010137839670232e-01
0 160 2.494792525038633e+02 1.563491297115079e-18 1.010123853258081e-01
1 44 2.505348465728350e+02 3.626406416263444e-18 6.502540337801198e-02
0 161 2.510305733341631e+02 1.522493819048018e-18 1.010130184227459e-01
0 162 2.525818897110004e+02 1.637667456922373e-18 1.010130480254052e-01
0 163 2.541332182289804e+02 1.817079619448680e-18 1.010127675707539e-01
0 164 2.556845348016793e+02 1.563523907253692e-18 1.010128413439667e-01
1 45 2.561245657572585e+02 3.624864422246122e-18 6.502668970062468e-02
2 13 2.561694762252734e+02 8.404118702140457e-18 4.349551442598555e-02
0 165 2.572358564960110e+02 1.563538681947690e-18 1.010121035784405e-01
0 166 2.587871771498858e+02 1.563526045380777e-18 1.010137959274585e-01
0 167 2.603385005960974e+02 1.931324862938139e-18 1.010122692823832e-01
1 46 2.617143220611881e+02 3.631390545921225e-18 6.502698948761980e-02
0 168 2.618898193447436e+02 1.522491686355912e-18 1.010133339210575e-01
0 169 2.634411372180309e+02 1.816400773587919e-18 1.010124898444742e-01
0 170 2.649924653802883e+02 1.637488427391733e-18 1.010133190859614e-01
0 171 2.665437833073614e+02 1.522500170943548e-18 1.010125225137313e-01
1 47 2.673041020913949e+02 3.643162026081324e-18 6.502577109544866e-02
0 172 2.680951053923156e+02 1.563592197326843e-18 1.010125050872726e-01
0 173 2.696464227659153e+02 1.596297598237753e-18 1.010135131806844e-01
0 174 2.711977495524841e+02 1.563609264933943e-18 1.010123735185830e-01
0 175 2.727490665693794e+02 1.774690406527257e-18 1.010131515021294e-01
1 48 2.728938321909363e+02 3.624916372408779e-18 6.502741156796694e-02
0 176 2.743003867331246e+02 1.596221409084442e-18 1.010120390385050e-01
2 14 2.747240801968738e+02 1.186320519066591e-15 4.349431325177262e-02
0 177 2.758517114867484e+02 1.596179579985714e-18 1.010136360619422e-01
0 178 2.774030317432638e+02 1.637306424230390e-18 1.010122243969148e-01
1 49 2.784836061798259e+02 3.636264693770339e-18 6.502528382891865e-02
0 179 2.789543522808550e+02 1.774262311228704e-18 1.010129528273036e-01
0 180 2.805056686970091e+02 1.637239190393465e-18 1.010129430171909e-01
0 181 2.820569973860945e+02 1.752230154874222e-18 1.010127705493253e-01
0 182 2.836083141678093e+02 1.563677897703663e-18 1.010127885978499e-01
1 50 2.840733490239361e+02 6.315765966069106e-14 6.502660098255823e-02
0 183 2.851596361892712e+02 1.637186462770594e-18 1.010121089603481e-01
0 184 2.867109567724172e+02 1.637141665454751e-18 1.010137565264553e-01
0 185 2.882622806466239e+02 1.595940111276732e-18 1.010121928027268e-01
1 51 2.896631428054745e+02 7.089979712139895e-15 6.502594757361185e-02
0 186 2.898135992315481e+02 1.595891018432573e-18 1.010132160714675e-01
0 187 2.913649171724195e+02 1.637082482977299e-18 1.010123005707999e-01
0 188 2.929162449876518e+02 1.637061960504094e-18 1.010131952932787e-01
2 15 2.932786901402310e+02 2.087615672415021e-14 4.349489686571566e-02
0 189 2.944675628118369e+02 1.522502932809524e-18 1.010123301320893e-01
1 52 2.952529010811452e+02 1.935229448091722e-16 6.502409905436750e-02
0 190 2.960188845755810e+02 1.595772009437660e-18 1.010123942843578e-01
0 191 2.975702016306691e+02 1.563746980576284e-18 1.010133756098984e-01
0 192 2.991215286421896e+02 1.522501624642855e-18 1.010123380726930e-01
0 193 3.006728456858060e+02 1.636937092143478e-18 1.010130922038702e-01
1 53 3.008426362850977e+02 3.650787600930638e-18 6.502689631571737e-02
0 194 3.022241662080310e+02 1.563788828188683e-18 1.010120066231766e-01
0 195 3.037754908884264e+02 1.563773370705404e-18 1.010136456779673e-01
0 196 3.053268116559967e+02 1.595582202689797e-18 1.010121836112804e-01
1 54 3.064324584075977e+02 2.928496985642036e-17 6.502490552849484e-02
0 197 3.068781321927393e+02 1.522495876075550e-18 1.010129070471499e-01
0 198 3.084294486465801e+02 1.636813912910910e-18 1.010127679097154e-01
0 199 3.099807772659829e+02 1.636807439503923e-18 1.010126573200289e-01
0 200 3.115320938980042e+02 1.752234539242967e-18 1.010125913574507e-01
2 16 3.118332594800755e+02 1.550713078445743e-17 4.349670281102324e-02
1 55 3.120221807769049e+02 9.771237323741582e-17 6.502573093333770e-02
0 201 3.130834157211028e+02 1.679326873177211e-18 1.010119569597115e-01
0 202 3.146347357153352e+02 1.679343030748943e-18 1.010135969429212e-01
0 203 3.161860597247070e+02 1.752237713399315e-18 1.010120984575514e-01
1 56 3.176119335200223e+02 6.863722854836450e-15 6.502650633359879e-02
0 204 3.177373781702196e+02 1.595308213882005e-18 1.010131663281488e-01
0 205 3.192886964115142e+02 1.595276537580970e-18 1.010122302535684e-01
0 206 3.208400242351564e+02 1.563871636827588e-18 1.010132158557967e-01
0 207 3.223913424841537e+02 2.099354554071958e-18 1.010122979992355e-01
1 57 3.232017202347715e+02 6.448907206457155e-14 6.502508148604773e-02
0 208 3.239426644413106e+02 1.928112521786104e-18 1.010123999701642e-01
0 209 3.254939814800195e+02 1.770907745885032e-18 1.010132532526334e-01
0 210 3.270453086770729e+02 1.563918149928981e-18 1.010122316370925e-01
0 211 3.285966255239449e+02 1.636511677535138e-18 1.010129132982794e-01
1 58 3.287914444161595e+02 3.626279854245662e-18 6.502685504052397e-02
0 212 3.301479460229063e+02 1.636496722381790e-18 1.010118311204191e-01
2 17 3.303878606940327e+02 8.189552071584208e-18 4.349574583396690e-02
0 213 3.316992701040988e+02 1.811948312804171e-18 1.010134938067688e-01
0 214 3.332505908685333e+02 1.927646447321863e-18 1.010120291394551e-01
1 59 3.343812177806420e+02 3.669001039719769e-18 6.502501357117781e-02
0 215 3.348019111231569e+02 1.636418201331948e-18 1.010128446293047e-01
0 216 3.363532276628566e+02 1.563970378425381e-18 1.010126665743229e-01
0 217 3.379045564286268e+02 1.679825910438952e-18 1.010126638596598e-01
0 218 3.394558732994781e+02 1.636348589146650e-18 1.010125412757188e-01
1 60 3.399709641227710e+02 3.643222657898451e-18 6.502583263684115e-02
0 219 3.410071954356634e+02 1.752239381719638e-18 1.010119665161649e-01
0 220 3.425585153680479e+02 1.811211745191252e-18 1.010135476363735e-01
0 221 3.441098397835548e+02 1.594779034923028e-18 1.010120178511317e-01
1 61 3.455607489754719e+02 3.625112355814055e-18 6.502556532080445e-02
0 222 3.456611580546410e+02 1.564016569889133e-18 1.010130382389582e-01
0 223 3.472124763633129e+02 1.522506614743961e-18 1.010120422350746e-01
0 224 3.487638037970479e+02 1.564026999606656e-18 1.010130891398213e-01
2 18 3.489424763845235e+02 1.898467946471639e-17 4.349568467608327e-02
0 225 3.503151219550941e+02 1.636188387030634e-18 1.010121084805610e-01
1 62 3.511505118220252e+02 3.639477414640706e-18 6.502349772362127e-02
0 226 3.518664435816779e+02 1.594609717369972e-18 1.010122953701851e-01
0 227 3.534177603559269e+02 1.810478437500518e-18 1.010131186057251e-01
0 228 3.549690877735381e+02 1.522503720792822e-18 1.010122028222420e-01
0 229 3.565204046729702e+02 1.636083013833113e-18 1.010128526114097e-01
1 63 3.567402459801788e+02 3.641450347284798e-18 6.502626154588650e-02
0 230 3.580717255264987e+02 1.636068359963300e-18 1.010118054096251e-01
0 231 3.596230495281180e+02 1.564082673507621e-18 1.010134983230562e-01
0 232 3.611743708052670e+02 1.752239307268412e-18 1.010119852849255e-01
1 64 3.623300689708150e+02 3.708634327688935e-18 6.502442953317272e-02
0 233 3.627256910326371e+02 1.635991451682940e-18 1.010127891250838e-01
0 234 3.642770076240558e+02 1.564125908526067e-18 1.010124875610625e-01
