0 0 1.260775243439261e+00 1.555971937767732e-18 1.018283985485154e-01
0 1 2.812107201096445e+00 1.614764483548969e-18 1.018273153951414e-01
0 2 4.363427219586289e+00 1.614729438996382e-18 1.018282594208583e-01
1 0 4.519844524483460e+00 2.208749508683194e-14 6.349254304525229e-02
0 3 5.914749478643568e+00 1.614716617240284e-18 1.018273145755326e-01
0 4 7.466074731543430e+00 1.510444042553684e-18 1.018290167020290e-01
0 5 9.017396854726702e+00 1.614680880802134e-18 1.018272459949657e-01
1 1 1.010963092389980e+01 2.745087226694841e-15 6.348953834918332e-02
0 6 1.056872023155145e+01 1.756202293856756e-18 1.018278671877351e-01
0 7 1.212003922755311e+01 1.556029336442489e-18 1.018276400737616e-01
0 8 1.367137223671529e+01 1.569061867295557e-18 1.018279238840257e-01
2 0 1.501926329265532e+01 9.894300561491679e-18 4.254355266300335e-02
0 9 1.522269057132973e+01 1.710382265545471e-18 1.018280731015531e-01
1 2 1.569935773331232e+01 1.208209293450298e-16 6.349049393607173e-02
0 10 1.677401385635351e+01 1.569000702331450e-18 1.018274472506694e-01
0 11 1.832533460302796e+01 1.755761334190878e-18 1.018287847081680e-01
0 12 1.987666200389077e+01 1.568960404521818e-18 1.018269241189654e-01
1 3 2.128909243505893e+01 3.723270743355631e-18 6.349159167903418e-02
0 13 2.142798383594005e+01 1.556064855759956e-18 1.018280027923504e-01
0 14 2.297930438838074e+01 1.614505286861755e-18 1.018272113476861e-01
0 15 2.453063437302434e+01 1.614482945449830e-18 1.018286319126676e-01
0 16 2.608195354708364e+01 1.568842187755426e-18 1.018276850079582e-01
1 4 2.687888374278849e+01 5.323246111278180e-18 6.348924316914495e-02
0 17 2.763327752777158e+01 1.614449343792134e-18 1.018276700621061e-01
0 18 2.918459643324445e+01 1.556096595871574e-18 1.018281951433312e-01
0 19 3.073592859082204e+01 1.510468843369350e-18 1.018271771725505e-01
0 20 3.228724827377503e+01 1.568741395615697e-18 1.018280523734462e-01
1 5 3.246860843304393e+01 3.587623810740745e-16 6.349206144202919e-02
2 1 3.357388513743093e+01 7.067255855107308e-16 4.254303846319239e-02
0 21 3.383857035149692e+01 1.556127989946422e-18 1.018271011090938e-01
0 22 3.538989489576740e+01 1.754899695124359e-18 1.018288126648277e-01
0 23 3.694121719679070e+01 1.510470400482065e-18 1.018270358665207e-01
1 6 3.805835931405552e+01 5.433154392063107e-15 6.348982393719174e-02
0 24 3.849254044316596e+01 1.887250406228636e-18 1.018277405797594e-01
0 25 4.004385957527049e+01 1.754621291819431e-18 1.018274865760964e-01
0 26 4.159519265064183e+01 1.556147363134089e-18 1.018279086263593e-01
0 27 4.314651124780069e+01 1.568558432402705e-18 1.018279935887825e-01
1 7 4.364812223560443e+01 4.881940134246077e-15 6.349112517796497e-02
0 28 4.469783492119355e+01 1.510465460406400e-18 1.018273930714946e-01
0 29 4.624915561473643e+01 1.741773101593645e-18 1.018286406026017e-01
0 30 4.780048350242896e+01 1.510474085969978e-18 1.018267758692122e-01
1 8 4.923787249861125e+01 3.738361004803310e-18 6.349168026287637e-02
0 31 4.935180511720739e+01 1.556189131761995e-18 1.018278331470979e-01
0 32 5.090312561839189e+01 1.614168692505861e-18 1.018269824913543e-01
2 2 5.212850506869776e+01 1.308506561516501e-15 4.254111306384021e-02
0 33 5.245445491263700e+01 1.614144366272964e-18 1.018284438646423e-01
0 34 5.400577393040779e+01 1.568381636448708e-18 1.018274317624829e-01
1 9 5.482762189302892e+01 3.728327199889196e-18 6.348906722885655e-02
0 35 5.555709772296840e+01 1.753852196638485e-18 1.018275105037542e-01
0 36 5.710841653806960e+01 1.510458041880150e-18 1.018280056000013e-01
0 37 5.865974899424661e+01 1.510469737282855e-18 1.018271204409910e-01
0 38 6.021106871720266e+01 1.556234384721899e-18 1.018279830875692e-01
1 10 6.041735676099894e+01 3.720951061925080e-18 6.349268511292605e-02
0 39 6.176239123291283e+01 1.614039015645806e-18 1.018270580287895e-01
0 40 6.331371570715788e+01 1.614001753947488e-18 1.018287398400479e-01
0 41 6.486503856735020e+01 1.881167157115788e-18 1.018268851412896e-01
1 11 6.600714006375861e+01 3.714220563527041e-18 6.349001197494393e-02
0 42 6.641636175812940e+01 1.510465499622440e-18 1.018275978258057e-01
0 43 6.796768090584658e+01 1.510468414133875e-18 1.018272548864176e-01
0 44 6.951901364339946e+01 1.568138225236899e-18 1.018277531601859e-01
2 3 7.068314626306639e+01 1.993307945536401e-17 4.254245168998186e-02
0 45 7.107033189026966e+01 1.613919491745639e-18 1.018277438049344e-01
1 12 7.159686940275957e+01 3.715383702983023e-18 6.349035509022043e-02
0 46 7.262165531781822e+01 1.752968419407276e-18 1.018272059961802e-01
0 47 7.417297561158102e+01 1.568027753767003e-18 1.018284380784369e-01
0 48 7.572430390448345e+01 1.556315397681088e-18 1.018266488295972e-01
1 13 7.718660194585333e+01 3.721687896423010e-18 6.349201748083638e-02
0 49 7.727562543167380e+01 1.684253943131710e-18 1.018277443827914e-01
0 50 7.882694626610252e+01 1.567972196518870e-18 1.018268974225710e-01
0 51 8.037827548985787e+01 1.882818693242466e-18 1.018284216040059e-01
0 52 8.192959499502714e+01 1.510467355608488e-18 1.018273091475469e-01
1 14 8.277639543430689e+01 3.775312155760119e-18 6.348934638236504e-02
0 53 8.348091894693796e+01 1.613771406794350e-18 1.018274043767155e-01
0 54 8.503223775647049e+01 1.613737343146672e-18 1.018277961633728e-01
0 55 8.658357034663979e+01 1.522115126856945e-18 1.018269831002475e-01
0 56 8.813488972626082e+01 1.741786200428839e-18 1.018277697508538e-01
1 15 8.836611818782613e+01 3.717349626332855e-18 6.349212265125215e-02
2 4 8.923777034032923e+01 8.278220800447804e-18 4.254223215380983e-02
0 57 8.968621204508783e+01 1.579446672288295e-18 1.018268477315411e-01
0 58 9.123753583660057e+01 1.751981185081820e-18 1.018285335767163e-01
0 59 9.278885892049199e+01 1.579401012624374e-18 1.018266838024539e-01
1 16 9.395586750348802e+01 1.158755836099265e-14 6.349030618487390e-02
0 60 9.434018198135135e+01 1.705904860128539e-18 1.018274753662252e-01
0 61 9.589150129225985e+01 1.751711283614289e-18 1.018271086645242e-01
0 62 9.744283405780874e+01 1.579329801397254e-18 1.018277395576814e-01
0 63 9.899415260360884e+01 1.668613237226972e-18 1.018276593442678e-01
1 17 9.954563523685465e+01 1.095705493342728e-15 6.349097775024373e-02
0 64 1.005454763985066e+02 1.579276643188572e-18 1.018271465604729e-01
0 65 1.020967966502374e+02 1.613526786356035e-18 1.018282836089438e-01
0 66 1.036481254025723e+02 1.717082614297857e-18 1.018265038279633e-01
1 18 1.051353806528311e+02 2.486518551662893e-17 6.349202800455038e-02
0 67 1.051994466940896e+02 1.684717809763045e-18 1.018275704557578e-01
0 68 1.067507674630935e+02 1.751173254754237e-18 1.018266713314487e-01
2 5 1.077923840190474e+02 2.365375919098279e-17 4.254015735228610e-02
0 69 1.083020959710827e+02 1.522123354178366e-18 1.018282287382149e-01
0 70 1.098534153680579e+02 1.579130773499334e-18 1.018270582428417e-01
1 19 1.107251323349829e+02 3.736806611963172e-18 6.348928679055794e-02
0 71 1.114047391372699e+02 1.613431655190580e-18 1.018272478396020e-01
0 72 1.129560578953437e+02 1.556471916329069e-18 1.018276088052364e-01
0 73 1.145073907404383e+02 1.611590450038083e-18 1.018269342734794e-01
0 74 1.160587101870801e+02 1.611605228397517e-18 1.018276999097761e-01
1 20 1.163148691900358e+02 2.487960572120516e-17 6.349274769914645e-02
0 75 1.176100329459788e+02 1.579015609332555e-18 1.018268068446546e-01
0 76 1.191613566749093e+02 1.668462484090669e-18 1.018284505956673e-01
0 77 1.207126803244746e+02 1.522159642630194e-18 1.018265328123803e-01
1 21 1.219046489699255e+02 1.081955665860610e-15 6.349050654596837e-02
0 78 1.222640033032298e+02 1.522153604414527e-18 1.018273290281741e-01
0 79 1.238153226304381e+02 1.578908908968137e-18 1.018268771673112e-01
0 80 1.253666549878940e+02 1.522150636560207e-18 1.018275794872246e-01
2 6 1.263470246971895e+02 1.411084917732306e-15 4.254129914677256e-02
0 81 1.269179732034556e+02 1.715753573106772e-18 1.018274054396931e-01
1 22 1.274943811158631e+02 1.118475354268448e-14 6.349025338381074e-02
0 82 1.284692967526970e+02 1.578846263840246e-18 1.018269620101308e-01
0 83 1.300206166536722e+02 1.611738926986596e-18 1.018280803402134e-01
0 84 1.315719458076421e+02 1.749920827666142e-18 1.018263878728089e-01
0 85 1.331232670196938e+02 1.715413526072318e-18 1.018274847460862e-01
1 23 1.330841118989301e+02 3.864239704675880e-18 6.349239060207620e-02
0 86 1.346745881403620e+02 1.804937248758348e-18 1.018265948615297e-01
0 87 1.362259165720910e+02 1.613123985050371e-18 1.018282007028707e-01
0 88 1.377772364822582e+02 1.522173835069792e-18 1.018269304374842e-01
1 24 1.386739067865766e+02 3.798380339403554e-18 6.348952703023585e-02
0 89 1.393285603785584e+02 1.566974312805526e-18 1.018271355475997e-01
0 90 1.408798791423973e+02 1.522172320796146e-18 1.018273942824736e-01
0 91 1.424312120512381e+02 1.566941447433633e-18 1.018267969956969e-01
0 92 1.439825311495948e+02 1.578604644380788e-18 1.018274801482865e-01
1 25 1.442636283124843e+02 3.767959744625949e-18 6.349212340703200e-02
2 7 1.449016507627985e+02 6.524045342648786e-16 4.254154666214660e-02
0 93 1.455338536970360e+02 1.749165745764594e-18 1.018265994869633e-01
0 94 1.470851767748107e+02 1.668269950625393e-18 1.018282423223507e-01
0 95 1.486365006893031e+02 1.668282457135233e-18 1.018263410138398e-01
1 26 1.498533755270286e+02 3.738260952174393e-18 6.349080433595405e-02
0 96 1.501878235386052e+02 1.612960874886143e-18 1.018272107991692e-01
0 97 1.517391430546606e+02 1.612937337491801e-18 1.018267389267771e-01
0 98 1.532904754064395e+02 1.748794889398134e-18 1.018275665003841e-01
0 99 1.548417939577224e+02 1.976281641427246e-18 1.018273156996719e-01
1 27 1.554431482535751e+02 3.713080955783136e-18 6.349083528618933e-02
0 100 1.563931178507730e+02 1.510473061447928e-18 1.018268966797076e-01
0 101 1.579444377211502e+02 2.049505871344334e-18 1.018279159358388e-01
0 102 1.594957672999209e+02 1.702266523717322e-18 1.018262461155258e-01
0 103 1.610470882594774e+02 1.510471665670797e-18 1.018273061249488e-01
1 28 1.610328889235808e+02 3.717912805432308e-18 6.349235117390022e-02
0 104 1.625984092989200e+02 1.566593053229388e-18 1.018263716116447e-01
2 8 1.634562598806507e+02 9.396788888893795e-18 4.253964284077312e-02
0 105 1.641497369981844e+02 1.522188843499013e-18 1.018280032374125e-01
0 106 1.657010568501118e+02 1.522208466461102e-18 1.018266830287897e-01
1 29 1.666226423614885e+02 3.711548425938898e-18 6.348955038488815e-02
0 107 1.672523805685792e+02 1.685755041550437e-18 1.018269822788210e-01
0 108 1.688036993175887e+02 1.522206082160499e-18 1.018272099609807e-01
0 109 1.703550324349814e+02 1.713397396898682e-18 1.018267551735976e-01
0 110 1.719063516303218e+02 1.578172713674917e-18 1.018274090869827e-01
1 30 1.722123819058974e+02 3.731516235417249e-18 6.349276308322506e-02
0 111 1.734576746168797e+02 1.876823651272544e-18 1.018265595105121e-01
0 112 1.750089976409785e+02 1.556732911143315e-18 1.018281488653163e-01
0 113 1.765603221229660e+02 1.612202719831109e-18 1.018261906232756e-01
1 31 1.778021575047702e+02 4.311586040791491e-15 6.349100531810958e-02
0 114 1.781116448648676e+02 1.701175595193663e-18 1.018270610556824e-01
0 115 1.796629643954633e+02 1.712801552645628e-18 1.018265082918595e-01
0 116 1.812142962738926e+02 1.578038843252373e-18 1.018274012975609e-01
2 9 1.820108997159447e+02 8.291963850829008e-18 4.254060151796561e-02
0 117 1.827656145194971e+02 1.510472494464843e-18 1.018270583388494e-01
1 32 1.833918929232677e+02 5.610311374154452e-15 6.349018330807311e-02
0 118 1.843169381684570e+02 1.556791823532899e-18 1.018267145335415e-01
0 119 1.858682577367722e+02 1.747011600156241e-18 1.018277122143313e-01
0 120 1.874195877050693e+02 1.577952978976001e-18 1.018261410500877e-01
0 121 1.889709085959473e+02 1.612490057595197e-18 1.018272230395507e-01
1 33 1.889816222570250e+02 3.773802421672748e-16 6.349273582591847e-02
0 122 1.905222300037439e+02 1.522241485709230e-18 1.018263032308866e-01
0 123 1.920735576253370e+02 1.700396175372228e-18 1.018279686664446e-01
0 124 1.936248780140761e+02 1.612436638606617e-18 1.018265506909628e-01
1 34 1.945714177947000e+02 4.867415139781101e-18 6.348977664920459e-02
0 125 1.951762018274467e+02 1.577817065356018e-18 1.018268642238183e-01
0 126 1.967275205923783e+02 1.556846692273473e-18 1.018269913262277e-01
0 127 1.982788537001207e+02 1.711854925505419e-18 1.018266170856651e-01
0 128 1.998301725453013e+02 1.510472624016793e-18 1.018271828533550e-01
1 35 2.001611387479775e+02 3.906849939364140e-18 6.349207280188740e-02
2 10 2.005655280113096e+02 6.977551123271935e-17 4.254140811742796e-02
0 129 2.013814953070817e+02 1.522252306278640e-18 1.018263548425272e-01
0 130 2.029328177164665e+02 1.612304810006756e-18 1.018279387830382e-01
0 131 2.044841424990075e+02 1.577684147596044e-18 1.018260089999369e-01
1 36 2.057508835777809e+02 1.179074779334152e-16 6.349129303085091e-02
0 132 2.060354651121781e+02 1.746002770136397e-18 1.018269470624031e-01
0 133 2.075867848559330e+02 1.565840526651765e-18 1.018263786182246e-01
0 134 2.091381167001383e+02 1.875419300433924e-18 1.018273879241997e-01
0 135 2.106894353182188e+02 1.699326895271189e-18 1.018269631138091e-01
1 37 2.113406611269364e+02 2.708935017560482e-15 6.349074655255442e-02
0 136 2.122407592851618e+02 1.577555795526129e-18 1.018266428460158e-01
0 137 2.137920788344383e+02 1.612171774156542e-18 1.018275384282058e-01
0 138 2.153434091857206e+02 1.577525044713922e-18 1.018260023644628e-01
0 139 2.168947298089927e+02 1.565694971857292e-18 1.018270392900039e-01
1 38 2.169303973587383e+02 2.142729494059276e-14 6.349261588490172e-02
0 140 2.184460511184161e+02 1.522275687788213e-18 1.018260828058389e-01
2 11 2.191201352599960e+02 2.558952402212933e-15 4.253987021892176e-02
0 141 2.199973779993084e+02 1.577427066724211e-18 1.018277668735289e-01
0 142 2.215486983807453e+02 1.612098265775149e-18 1.018263079450653e-01
1 39 2.225201519955029e+02 3.807902873999923e-18 6.348988167489175e-02
0 143 2.231000220204886e+02 1.913922929479285e-18 1.018267144966865e-01
0 144 2.246513408049481e+02 1.577347000043645e-18 1.018268109405136e-01
0 145 2.262026740736726e+02 1.612050454675771e-18 1.018265813083289e-01
0 146 2.277539930485406e+02 1.612017397985981e-18 1.018271099243387e-01
1 40 2.281098948166590e+02 3.783663585191213e-18 6.349272245722837e-02
0 147 2.293053162453711e+02 1.565492993071430e-18 1.018263144980281e-01
0 148 2.308566386110374e+02 1.611965680796739e-18 1.018278346197757e-01
0 149 2.324079639575478e+02 1.667706529953746e-18 1.018258599813448e-01
1 41 2.336996657902256e+02 3.722526893331039e-18 6.349149946244118e-02
0 150 2.339592864393454e+02 1.577220843230548e-18 1.018267939778507e-01
0 151 2.355106061934024e+02 1.565382570726721e-18 1.018261494087577e-01
0 152 2.370619375050977e+02 1.577176879710342e-18 1.018272171880855e-01
2 12 2.376747738684483e+02 2.989925971273209e-16 4.254057913725380e-02
0 153 2.386132558464597e+02 1.611886733091834e-18 1.018267030887228e-01
1 42 2.392894046989239e+02 3.716101788436592e-18 6.349014914623044e-02
0 154 2.401645795720348e+02 1.510479766814508e-18 1.018264630688734e-01
0 155 2.417158988670276e+02 1.865359173198883e-18 1.018273346395084e-01
0 156 2.432672295875047e+02 1.744100897176551e-18 1.018259078487321e-01
0 157 2.448185501558211e+02 1.611812173994976e-18 1.018269583468431e-01
1 43 2.448791330603949e+02 3.726135867297392e-18 6.349306464357168e-02
0 158 2.463698718484255e+02 1.611797963147629e-18 1.018260218213170e-01
0 159 2.479211986541015e+02 1.565172451023156e-18 1.018277250594909e-01
0 160 2.494725195933952e+02 1.697139706025949e-18 1.018261718292465e-01
1 44 2.504689283494006e+02 3.711538986563475e-18 6.349007672031694e-02
0 161 2.510238432961995e+02 1.708878127281554e-18 1.018265911250250e-01
0 162 2.525751621053344e+02 1.565090333644746e-18 1.018265891722138e-01
0 163 2.541264952891589e+02 1.612938643342826e-18 1.018264415104923e-01
0 164 2.556778139153022e+02 2.058700065451886e-18 1.018268772656439e-01
1 45 2.560586496191173e+02 3.712873911210659e-18 6.349199193732903e-02
2 13 2.562294049058299e+02 8.274660182629488e-18 4.254192654060223e-02
0 165 2.572291368755359e+02 1.696705540666818e-18 1.018261122661447e-01
0 166 2.587804586669761e+02 1.564983075191046e-18 1.018276229208338e-01
0 167 2.603317843431872e+02 1.696542530663713e-18 1.018256890393800e-01
1 46 2.616483916140066e+02 3.752473394647815e-18 6.349177440793069e-02
0 168 2.618831066975877e+02 1.611605703993765e-18 1.018266841429134e-01
0 169 2.634344266878454e+02 1.510486152096106e-18 1.018260287465360e-01
0 170 2.649857579422709e+02 1.522311645869939e-18 1.018272024676257e-01
0 171 2.665370766923919e+02 1.576715467013004e-18 1.018266023055519e-01
1 47 2.672381739225917e+02 2.020590105115054e-14 6.349068625109239e-02
0 172 2.680884007081124e+02 1.564849913971282e-18 1.018263847367270e-01
0 173 2.696397199955655e+02 1.611494605336802e-18 1.018271521412038e-01
0 174 2.711910510502992e+02 1.510489352905731e-18 1.018257718990370e-01
0 175 2.727423713377646e+02 1.741799381151989e-18 1.018267690366518e-01
1 48 2.728279059760711e+02 2.482400145387221e-15 6.349284864644868e-02
0 176 2.742936929138333e+02 1.557198963933475e-18 1.018258041220428e-01
2 14 2.747840132284539e+02 8.268191439453456e-18 4.254083988709946e-02
0 177 2.758450189787059e+02 1.510466292460934e-18 1.018275192439690e-01
0 178 2.773963399616624e+02 1.576554476716391e-18 1.018259348941673e-01
1 49 2.784176612241392e+02 9.986789360585286e-17 6.349025729669121e-02
0 179 2.789476634943579e+02 1.576525899478219e-18 1.018264452123831e-01
0 180 2.804989823551758e+02 1.522341506574269e-18 1.018264136399284e-01
0 181 2.820503156527242e+02 1.557220426116945e-18 1.018264107804202e-01
0 182 2.836016344437326e+02 1.522340519425481e-18 1.018268018547204e-01
1 50 2.840074078729509e+02 3.736714961036597e-18 6.349264714774390e-02
0 183 2.851529578318022e+02 1.872659812013325e-18 1.018260703192627e-01
0 184 2.867042795901785e+02 1.576388830304973e-18 1.018275079225185e-01
0 185 2.882556058208805e+02 1.557261222202538e-18 1.018255420458370e-01
1 51 2.895971739339124e+02 6.115944882115489e-18 6.349195707525451e-02
0 186 2.898069280213813e+02 1.706732233218268e-18 1.018265276614421e-01
0 187 2.913582480152452e+02 1.611248600271821e-18 1.018258014074482e-01
0 188 2.929095786849764e+02 1.564442517562410e-18 1.018270259294913e-01
2 15 2.933386501373129e+02 1.855336396480318e-16 4.254115813156330e-02
0 189 2.944608971915307e+02 1.687872916596911e-18 1.018263405319683e-01
1 52 2.951869163406143e+02 4.238647859179404e-16 6.349019304654982e-02
0 190 2.960122209695230e+02 1.576264744305896e-18 1.018262073828195e-01
0 191 2.975635400490661e+02 1.706245558984955e-18 1.018269487715414e-01
0 192 2.991148714450391e+02 1.611169388780456e-18 1.018256874528750e-01
0 193 3.006661916944262e+02 1.557305135832940e-18 1.018266897121027e-01
1 53 3.007766442548746e+02 5.988603713519175e-15 6.349332266239174e-02
0 194 3.022175136665034e+02 1.576172271588930e-18 1.018257496703364e-01
0 195 3.037688396619265e+02 1.576133698474000e-18 1.018274695294605e-01
0 196 3.053201612207807e+02 1.510488990161408e-18 1.018257958241725e-01
1 54 3.063664385437123e+02 5.314862459778422e-15 6.349044519719904e-02
0 197 3.068714847852988e+02 1.522372472887369e-18 1.018263169804629e-01
0 198 3.084228036779484e+02 1.611032282200127e-18 1.018261896952486e-01
0 199 3.099741368148692e+02 1.557344431085864e-18 1.018262683745795e-01
0 200 3.115254552621262e+02 1.510481193530035e-18 1.018265629189549e-01
2 16 3.118932844190388e+02 4.462573411447967e-15 4.254289297784412e-02
1 55 3.119561607938209e+02 3.711506576265900e-18 6.349188415295959e-02
0 201 3.130767784034749e+02 1.705443459697575e-18 1.018258702831316e-01
0 202 3.146280996313423e+02 1.741790563637611e-18 1.018272948006858e-01
0 203 3.161794262136493e+02 1.610959721284332e-18 1.018253821523739e-01
1 56 3.175458998289556e+02 3.712894817030218e-18 6.349223307201982e-02
0 204 3.177307482890789e+02 1.741803373688241e-18 1.018264218241603e-01
0 205 3.192820685409633e+02 1.613589683475882e-18 1.018256900423583e-01
0 206 3.208333991360590e+02 1.522376687236870e-18 1.018270089439650e-01
0 207 3.223847180867591e+02 1.563950213984290e-18 1.018262342526221e-01
1 57 3.231356865195079e+02 3.723453498427386e-18 6.349066965497642e-02
0 208 3.239360421253600e+02 1.557411328017677e-18 1.018261222849914e-01
0 209 3.254873612086371e+02 1.704702559809412e-18 1.018267583348773e-01
0 210 3.270386928837190e+02 1.575805659288410e-18 1.018255537509341e-01
0 211 3.285900128410506e+02 1.563850828718767e-18 1.018264944330195e-01
1 58 3.287254148764882e+02 3.713993425766091e-18 6.349304572782419e-02
0 212 3.301413346777850e+02 1.510492987324010e-18 1.018255345271898e-01
2 17 3.304478961670887e+02 1.217934341132438e-16 4.254215050720001e-02
0 213 3.316926599400074e+02 1.739448285392435e-18 1.018272600104274e-01
0 214 3.332439815924991e+02 1.795631626668452e-18 1.018255657996439e-01
1 59 3.343151699821612e+02 3.715651902966032e-18 6.349066560244859e-02
0 215 3.347953049897854e+02 1.575666062548508e-18 1.018261751289154e-01
0 216 3.363466239641857e+02 1.610692717164321e-18 1.018260199222052e-01
0 217 3.378979571693276e+02 1.510483634495422e-18 1.018262416781096e-01
0 218 3.394492758187782e+02 1.741801540993306e-18 1.018264844621591e-01
1 60 3.399049211423320e+02 3.727535322655693e-18 6.349254579496937e-02
0 219 3.410005993776080e+02 1.666949931009233e-18 1.018258255812689e-01
0 220 3.425519205834703e+02 1.575528192942487e-18 1.018271689523370e-01
0 221 3.441032477043316e+02 1.613824797327950e-18 1.018252376952127e-01
1 61 3.454946819158334e+02 3.781627376147935e-18 6.349239165407877e-02
0 222 3.456545696049067e+02 1.613832762775419e-18 1.018262617725047e-01
0 223 3.472058898513143e+02 1.613860298313236e-18 1.018254648938285e-01
0 224 3.487572198171592e+02 1.522410520839349e-18 1.018268264651393e-01
2 18 3.490025303347372e+02 8.280949445774370e-18 4.254191585861072e-02
0 225 3.503085385613150e+02 1.794824423801556e-18 1.018259717601207e-01
1 62 3.510844278119303e+02 6.739944252596263e-15 6.349028035561086e-02
0 226 3.518598623664906e+02 1.522426405914317e-18 1.018259474945785e-01
0 227 3.534111812864359e+02 1.869588228385032e-18 1.018265559717161e-01
0 228 3.549625132680525e+02 1.738279449839812e-18 1.018254787639551e-01
0 229 3.565138332074953e+02 1.610456285214006e-18 1.018264161720770e-01
1 63 3.566741558497769e+02 1.065259678183531e-14 6.349354235670403e-02
0 230 3.580651554509250e+02 1.666834224706012e-18 1.018254855941239e-01
0 231 3.596164806521926e+02 1.510471000337248e-18 1.018272017872619e-01
0 232 3.611678028951474e+02 1.702779193851850e-18 1.018254246391911e-01
1 64 3.622639483106093e+02 9.541472607672306e-16 6.349085265326559e-02
0 233 3.627191262938697e+02 1.522438821219054e-18 1.018260424700711e-01
0 234 3.642704453054927e+02 1.575203302639435e-18 1.018257947124866e-01
