0 0 1.254828549896663e+00 1.778052773562017e-18 1.026395623085602e-01
0 1 2.806152551356737e+00 1.539612513922637e-18 1.026388321780498e-01
0 2 4.357467561704270e+00 1.511142025606782e-18 1.026395884744473e-01
1 0 4.556953765225082e+00 3.494656682514083e-18 6.831790223104686e-02
0 3 5.908785095445418e+00 1.590146268954081e-18 1.026382144145787e-01
0 4 7.460108945332237e+00 1.498294381877250e-18 1.026395894679954e-01
0 5 9.011428197972624e+00 1.539464511876827e-18 1.026381087000423e-01
1 1 1.014674804563530e+01 3.449181285562316e-18 6.831495163011767e-02
0 6 1.056274831713476e+01 1.651281940929035e-18 1.026390761001600e-01
0 7 1.211406178039832e+01 1.651090856148637e-18 1.026393100579491e-01
0 8 1.366538696352700e+01 1.650658263048804e-18 1.026392756859819e-01
0 9 1.521670159850729e+01 1.539291402668468e-18 1.026389172838666e-01
2 0 1.522659275153579e+01 5.519815394135641e-16 4.421772963397124e-02
1 2 1.573647949842412e+01 3.463825680433938e-18 6.831577625476994e-02
0 10 1.676802225106204e+01 1.552132415299933e-18 1.026380701357905e-01
0 11 1.831934243345381e+01 1.650610784279024e-18 1.026397546847287e-01
0 12 1.987066432656904e+01 1.589901889834663e-18 1.026385068957185e-01
1 3 2.132621043565132e+01 3.449202429114247e-18 6.831651075896020e-02
0 13 2.142198142121395e+01 1.637488827260060e-18 1.026398568107343e-01
0 14 2.297329580623006e+01 1.498302389264768e-18 1.026389003105356e-01
0 15 2.452462128708441e+01 2.008964214447624e-18 1.026396636944283e-01
0 16 2.607593802832922e+01 1.539032945150633e-18 1.026384575267126e-01
1 4 2.691603300369313e+01 3.449736776324970e-18 6.831405518244783e-02
0 17 2.762725975694530e+01 1.811855765889533e-18 1.026385801047895e-01
0 18 2.917857575760243e+01 1.589706902519592e-18 1.026398445067305e-01
0 19 3.072989977666580e+01 1.551809198931141e-18 1.026391063873382e-01
0 20 3.228121442602404e+01 1.895522397607459e-18 1.026397555803062e-01
1 5 3.250575199889393e+01 3.456587898311444e-18 6.831651445094084e-02
0 21 3.383253201384891e+01 1.810820549099756e-18 1.026384029060697e-01
2 1 3.378103816569808e+01 7.967823990653110e-18 4.421680187818039e-02
0 22 3.538385549383729e+01 1.687129419981955e-18 1.026398316642180e-01
0 23 3.693517486412047e+01 1.538772037267251e-18 1.026383633547603e-01
1 6 3.809552373002309e+01 3.463511581794968e-18 6.831437471193232e-02
0 24 3.848649473537706e+01 1.648973678254226e-18 1.026394304675975e-01
0 25 4.003780824163864e+01 1.870707864363576e-18 1.026396188435213e-01
0 26 4.158913374090952e+01 1.551549741005468e-18 1.026396732727005e-01
0 27 4.314044871134757e+01 1.498298966749916e-18 1.026392229162514e-01
1 7 4.368530225266484e+01 3.492089620903949e-18 6.831586458826586e-02
0 28 4.469176970161906e+01 1.549178893031157e-18 1.026384319846631e-01
0 29 4.624308966087929e+01 1.635396584842261e-18 1.026400999067556e-01
0 30 4.779441177881094e+01 1.686198788812495e-18 1.026388390730537e-01
1 8 4.927504289567038e+01 3.531213131100371e-18 6.831631630130215e-02
0 31 4.934572850532725e+01 1.648061339882228e-18 1.026401126829305e-01
0 32 5.089704283062813e+01 1.511222448481207e-18 1.026390601669863e-01
2 2 5.233559025040412e+01 7.459551493349230e-17 4.421521141133895e-02
0 33 5.244836799884933e+01 1.757130252161872e-18 1.026398944498296e-01
0 34 5.399968478664696e+01 1.685681923157439e-18 1.026386581090557e-01
1 9 5.486481185138396e+01 1.427793539919759e-14 6.831403191300328e-02
0 35 5.555100636272370e+01 1.756645125891718e-18 1.026388759172708e-01
0 36 5.710232203915465e+01 1.756312658683944e-18 1.026401205811507e-01
0 37 5.865364632602017e+01 1.756170809657978e-18 1.026394948859292e-01
0 38 6.020496115126729e+01 1.768770593631039e-18 1.026400866666055e-01
1 10 6.045452831685432e+01 1.451531553660309e-15 6.831769265690339e-02
0 39 6.175627928116656e+01 1.634078549293468e-18 1.026387396172312e-01
0 40 6.330760269295158e+01 1.646915087876107e-18 1.026401957889183e-01
0 41 6.485892239102411e+01 1.589080961411182e-18 1.026387139524716e-01
1 11 6.604431618859488e+01 3.714785737953599e-17 6.831511640342759e-02
0 42 6.641024206675512e+01 1.550979242950714e-18 1.026397852131820e-01
0 43 6.796155537677133e+01 1.646484292181392e-18 1.026398090330811e-01
0 44 6.951288066035153e+01 1.537952655192233e-18 1.026399021284001e-01
2 3 7.089013761779086e+01 3.626072231796359e-17 4.421710539679312e-02
0 45 7.106419549108367e+01 1.537908404177917e-18 1.026393848178144e-01
1 12 7.163405171624214e+01 3.476283012966808e-18 6.831540439185682e-02
0 46 7.261551649135599e+01 1.804947743662646e-18 1.026386754460959e-01
0 47 7.416683601316088e+01 1.511242939876961e-18 1.026403516518848e-01
0 48 7.571815829694688e+01 1.537810151643327e-18 1.026391725504947e-01
0 49 7.726947493236804e+01 1.766113708092397e-18 1.026404814448726e-01
1 13 7.722377676075480e+01 4.231262949573804e-17 6.831663141972809e-02
0 50 7.882078974112537e+01 1.550678155612570e-18 1.026393882882543e-01
0 51 8.037211506872258e+01 1.511254189935880e-18 1.026402694587752e-01
0 52 8.192343221521386e+01 1.765385039640634e-18 1.026389836853556e-01
1 14 8.281359956651741e+01 1.593838854190021e-15 6.831391804263330e-02
0 53 8.347475382803189e+01 1.550591085672485e-18 1.026392652784264e-01
0 54 8.502606924228860e+01 1.632112355476686e-18 1.026403911225062e-01
0 55 8.657739351485640e+01 2.018880096153290e-18 1.026397613509752e-01
0 56 8.812870800356671e+01 1.588634540288821e-18 1.026402467702571e-01
1 15 8.840331780112886e+01 1.532435152035264e-14 6.831628673492975e-02
2 4 8.944458258542905e+01 1.117162174739934e-14 4.421646965655821e-02
0 57 8.968002619186296e+01 1.881642513344036e-18 1.026389353955043e-01
0 58 9.123134921874239e+01 1.511269969416381e-18 1.026404390593420e-01
0 59 9.278266903723595e+01 1.763711634046289e-18 1.026389781476991e-01
1 16 9.399308615074403e+01 3.542813307916558e-18 6.831452941664923e-02
0 60 9.433398846321539e+01 1.511280494319717e-18 1.026401444931064e-01
0 61 9.588530188416456e+01 1.588486845036007e-18 1.026401204356103e-01
0 62 9.743662747424128e+01 1.762975167692137e-18 1.026402974683737e-01
0 63 9.898794265549321e+01 1.892414233802855e-18 1.026396909905659e-01
1 17 9.958287415112692e+01 3.472311014531081e-18 6.831534404113300e-02
0 64 1.005392639520290e+02 1.630846836360306e-18 1.026390433707414e-01
0 65 1.020905832373952e+02 1.537132492026659e-18 1.026406910606512e-01
0 66 1.036419057225983e+02 2.026321938862262e-18 1.026394992014719e-01
0 67 1.051932219831387e+02 1.498281010167538e-18 1.026407204286150e-01
1 18 1.051726099183080e+02 3.461412517004512e-18 6.831623192407252e-02
0 68 1.067445367587656e+02 1.511307309145928e-18 1.026395497902667e-01
2 5 1.079991165518830e+02 2.106157194486039e-16 4.421426621019017e-02
0 69 1.082958617609898e+02 1.761251203622139e-18 1.026405019510555e-01
0 70 1.098471789712501e+02 1.549977810332791e-18 1.026391920244038e-01
1 19 1.107623822107653e+02 3.452938544021569e-18 6.831382004190918e-02
0 71 1.113985004021395e+02 1.642965974565724e-18 1.026395697365066e-01
0 72 1.129498155317782e+02 1.549594544352257e-18 1.026406700819359e-01
0 73 1.145011400811142e+02 1.642713911459914e-18 1.026401531488580e-01
0 74 1.160524547830843e+02 1.536786357686854e-18 1.026405717037516e-01
1 20 1.163521034108308e+02 3.452574075159986e-18 6.831741079506952e-02
0 75 1.176037734957180e+02 1.498295965455101e-18 1.026392757947552e-01
0 76 1.191550964234986e+02 1.797852856954907e-18 1.026408023115519e-01
0 77 1.207064165615560e+02 1.642206948224513e-18 1.026393310240448e-01
1 21 1.219418844733411e+02 3.465333442230723e-18 6.831527738686380e-02
0 78 1.222577357615587e+02 1.498282559976772e-18 1.026404888645835e-01
0 79 1.238090490130473e+02 1.758704492536192e-18 1.026403026674865e-01
0 80 1.253603743651136e+02 1.796924812540162e-18 1.026405244094328e-01
2 6 1.265536774432479e+02 7.988720359854825e-18 4.421580519579827e-02
0 81 1.269116894402745e+02 1.549573154724175e-18 1.026398577170103e-01
1 22 1.275316246546471e+02 3.450566189258311e-18 6.831502418746868e-02
0 82 1.284630107212103e+02 1.498295777394938e-18 1.026392947217010e-01
0 83 1.300143295689259e+02 1.536438962368078e-18 1.026409439591559e-01
0 84 1.315656522276159e+02 1.549479215468898e-18 1.026398413809842e-01
0 85 1.331169684336638e+02 1.679532975548872e-18 1.026410829200385e-01
1 23 1.331213443497865e+02 3.454507502591314e-18 6.831674707199198e-02
0 86 1.346682837270876e+02 1.587786202161027e-18 1.026398796313571e-01
0 87 1.362196088550484e+02 1.640906938792114e-18 1.026408750365318e-01
0 88 1.377709264235564e+02 1.536267456022179e-18 1.026395235108792e-01
1 24 1.387111659899287e+02 2.081499471022482e-14 6.831384168565453e-02
0 89 1.393222478520327e+02 1.587715673493830e-18 1.026399598051640e-01
0 90 1.408735627305879e+02 1.640482632049673e-18 1.026409287291540e-01
0 91 1.424248872337616e+02 1.882141560569834e-18 1.026404121599597e-01
0 92 1.439762016265213e+02 1.511354709058447e-18 1.026407270024085e-01
1 25 1.443008842167464e+02 6.855880534728676e-15 6.831603583602011e-02
2 7 1.451081256336048e+02 8.688863563349119e-17 4.421565564020882e-02
0 93 1.455275203968183e+02 1.587598319394277e-18 1.026394791896669e-01
0 94 1.470788429249316e+02 1.640002307442250e-18 1.026410464219616e-01
0 95 1.486301631854305e+02 1.587549527122119e-18 1.026396047407277e-01
1 26 1.498906482027767e+02 4.730399561234195e-16 6.831470012024152e-02
0 96 1.501814821397525e+02 1.498277411423016e-18 1.026408515011414e-01
0 97 1.517327955702924e+02 1.626482430528370e-18 1.026406167058547e-01
0 98 1.532841212157724e+02 1.548963980419660e-18 1.026409172702387e-01
0 99 1.548354366532843e+02 1.535833660157666e-18 1.026401655648493e-01
1 27 1.554804451200431e+02 6.077544760004380e-18 6.831486127947743e-02
0 100 1.563867581878121e+02 1.548903956022177e-18 1.026396686348738e-01
0 101 1.579380767894335e+02 1.639094311024469e-18 1.026412765117490e-01
0 102 1.594893996242233e+02 1.548834141693108e-18 1.026401615559415e-01
0 103 1.610407154539312e+02 1.548778007655942e-18 1.026413053538961e-01
1 28 1.610701764603392e+02 3.463899974553529e-18 6.831611619164063e-02
0 104 1.625920307374213e+02 1.625580555932973e-18 1.026400440573784e-01
2 8 1.636626393273213e+02 2.282156709048286e-16 4.421316926462707e-02
0 105 1.641433555272298e+02 1.863777045363824e-18 1.026411094122211e-01
0 106 1.656946731735489e+02 1.638474905884083e-18 1.026397398770642e-01
1 29 1.666599514264692e+02 2.088295854854555e-16 6.831368803860369e-02
0 107 1.672459943930895e+02 1.876161536915400e-18 1.026402726340497e-01
0 108 1.687973090333129e+02 1.625056771445389e-18 1.026412106927353e-01
0 109 1.703486338208677e+02 1.751496973461659e-18 1.026408063620300e-01
0 110 1.718999484620457e+02 1.637931666247503e-18 1.026410469085051e-01
1 30 1.722496786993102e+02 4.003255060936904e-15 6.831704711671115e-02
0 111 1.734512677326026e+02 1.535377929240838e-18 1.026398237893387e-01
0 112 1.750025901327953e+02 1.587047390353977e-18 1.026414084486220e-01
0 113 1.765539107027123e+02 1.498285855738054e-18 1.026399588037119e-01
1 31 1.778394529565341e+02 1.463100255016085e-14 6.831540950800362e-02
0 114 1.781052294037338e+02 1.548391619434245e-18 1.026411836543295e-01
0 115 1.796565426927998e+02 1.535205786885069e-18 1.026407922448986e-01
0 116 1.812078680793763e+02 1.548318787574344e-18 1.026411430916015e-01
2 9 1.822172102578947e+02 6.470637275248458e-15 4.421441881339048e-02
0 117 1.827591834426387e+02 1.498281550811247e-18 1.026403379313536e-01
1 32 1.834291980310728e+02 3.470757082530193e-18 6.831466094563737e-02
0 118 1.843105049334647e+02 1.675581804163934e-18 1.026399278870211e-01
0 119 1.858618231023643e+02 1.535053459135139e-18 1.026415306566095e-01
0 120 1.874131461191106e+02 1.586836706867016e-18 1.026405118225620e-01
0 121 1.889644619342703e+02 1.857727157708462e-18 1.026416609553689e-01
1 33 1.890189132544604e+02 3.450654283914212e-18 6.831683836861047e-02
0 122 1.905157777614766e+02 1.748199410307151e-18 1.026403758705570e-01
0 123 1.920671026422264e+02 1.586738028419338e-18 1.026414809018348e-01
0 124 1.936184206449881e+02 1.498284065168943e-18 1.026400772869113e-01
1 34 1.946087323828069e+02 3.515496916578842e-18 6.831383227356938e-02
0 125 1.951697418243799e+02 1.548005146891698e-18 1.026406619637100e-01
0 126 1.967210562283184e+02 1.547944158771257e-18 1.026414574220925e-01
0 127 1.982723809381322e+02 1.622642172475417e-18 1.026410583759939e-01
0 128 1.998236952995930e+02 1.746762281818743e-18 1.026411995240482e-01
1 35 2.001984514725250e+02 3.450509260161846e-18 6.831575956995718e-02
2 10 2.007716659464199e+02 6.364392401267739e-17 4.421492152512711e-02
0 129 2.013750146222554e+02 1.674236461156822e-18 1.026400350203661e-01
0 130 2.029263366087813e+02 1.498263693417056e-18 1.026416531622503e-01
0 131 2.044776573028260e+02 1.511456524774063e-18 1.026402419549911e-01
1 36 2.057882101252363e+02 3.455706635088172e-18 6.831488791678118e-02
0 132 2.060289757683403e+02 1.547743151873061e-18 1.026415479808142e-01
0 133 2.075802893032335e+02 1.745494317958452e-18 1.026411089615387e-01
0 134 2.091316149666634e+02 1.547671192591471e-18 1.026415333608192e-01
0 135 2.106829307010460e+02 1.547636918852141e-18 1.026406484887543e-01
1 37 2.113780151881312e+02 3.463145212422709e-18 6.831440858036851e-02
0 136 2.122342524022304e+02 1.511468901003287e-18 1.026403075379393e-01
0 137 2.137855703192737e+02 1.534361665277896e-18 1.026418553353436e-01
0 138 2.153368934850677e+02 1.612476195470675e-18 1.026408247126232e-01
0 139 2.168882089275466e+02 1.586281013732053e-18 1.026418677254395e-01
1 38 2.169677425476749e+02 3.449229379573285e-18 6.831600372580512e-02
0 140 2.184395247640576e+02 1.511476790871366e-18 1.026405443872089e-01
2 11 2.193261597546913e+02 9.503450952715504e-18 4.421250311197741e-02
0 141 2.199908492936854e+02 1.547417839759593e-18 1.026417171941139e-01
0 142 2.215421673853027e+02 1.927229544013346e-18 1.026403018831960e-01
1 39 2.225575193299818e+02 3.480577788683023e-18 6.831359865943649e-02
0 143 2.230934883319021e+02 1.534151873519154e-18 1.026409827186202e-01
0 144 2.246448025500553e+02 1.511470619435862e-18 1.026417425236568e-01
0 145 2.261961275501395e+02 1.586120350036634e-18 1.026414541513042e-01
0 146 2.277474421923546e+02 1.620112096580376e-18 1.026415155735431e-01
1 40 2.281472540936495e+02 9.995495762461707e-15 6.831663505829860e-02
0 147 2.292987619856374e+02 1.742138142984233e-18 1.026403842972274e-01
0 148 2.308500838178922e+02 1.511477197658241e-18 1.026420134631783e-01
0 149 2.324014048092232e+02 1.547149485783694e-18 1.026405960227736e-01
1 41 2.337370214512202e+02 2.883042314445861e-15 6.831549838371240e-02
0 150 2.339527229976709e+02 1.547097758441301e-18 1.026418661729882e-01
0 151 2.355040364194440e+02 1.671555903084417e-18 1.026412791767545e-01
0 152 2.370553618044538e+02 1.619366893195496e-18 1.026417588176144e-01
2 12 2.378807370388938e+02 8.027109589887319e-17 4.421348820905580e-02
0 153 2.386066774942634e+02 1.498273972586018e-18 1.026408271535510e-01
1 42 2.393267716494967e+02 1.218768619708134e-16 6.831432326935799e-02
0 154 2.401579991218253e+02 1.546965993196827e-18 1.026405746873800e-01
0 155 2.417093166167919e+02 1.546905224534428e-18 1.026421108643400e-01
0 156 2.432606399737459e+02 1.671024045575274e-18 1.026411823977193e-01
0 157 2.448119554441035e+02 1.546836849569037e-18 1.026422162511302e-01
1 43 2.449164834008750e+02 3.502798473176814e-18 6.831687867538039e-02
0 158 2.463632718415438e+02 1.533561379372240e-18 1.026408784584993e-01
0 159 2.479145964266859e+02 1.546771119622698e-18 1.026420873703667e-01
0 160 2.494659148716778e+02 1.631575935571069e-18 1.026406450356109e-01
1 44 2.505062989569523e+02 1.228140231432906e-17 6.831389624113422e-02
0 161 2.510172357420765e+02 1.631456648670799e-18 1.026413697044780e-01
0 162 2.525685497421364e+02 1.511513140981542e-18 1.026419775293077e-01
0 163 2.541198746334172e+02 1.550493668269394e-18 1.026416997718653e-01
0 164 2.556711890268970e+02 1.546588673709426e-18 1.026416674777720e-01
1 45 2.560960195363249e+02 7.143709588752145e-16 6.831546093237906e-02
2 13 2.564352043353271e+02 5.273485499142510e-14 4.421466729897323e-02
0 165 2.572225088621946e+02 1.511539039880555e-18 1.026406034884200e-01
0 166 2.587738302681331e+02 1.617522541021717e-18 1.026422585583199e-01
0 167 2.603251513853235e+02 1.724054567837689e-18 1.026408884578960e-01
1 46 2.616857723336008e+02 8.969613191264330e-15 6.831505041317673e-02
0 168 2.618764693545882e+02 1.617270580120529e-18 1.026422304916219e-01
0 169 2.634277830860784e+02 1.546402583673514e-18 1.026415986335931e-01
0 170 2.649791087279418e+02 1.617016773228563e-18 1.026421464862149e-01
0 171 2.665304247948063e+02 1.616866065576316e-18 1.026411413393263e-01
1 47 2.672755843286172e+02 3.469686167884305e-18 6.831402385233193e-02
0 172 2.680817465895167e+02 1.511551632552338e-18 1.026409596483678e-01
0 173 2.696330638309462e+02 1.546259622389397e-18 1.026424267132239e-01
0 174 2.711843873083593e+02 1.532962835828307e-18 1.026414873595102e-01
0 175 2.727357024144898e+02 1.616337566552984e-18 1.026424087491406e-01
1 48 2.728653082548169e+02 3.611990010464208e-18 6.831585994558838e-02
0 176 2.742870188361169e+02 1.546162533885818e-18 1.026410521003609e-01
2 14 2.749896805503126e+02 3.673551246434210e-15 4.421256795438563e-02
0 177 2.758383430568997e+02 1.734841999325342e-18 1.026423255015188e-01
0 178 2.773896615990408e+02 1.546105105267138e-18 1.026408779983193e-01
1 49 2.784550859133726e+02 3.462748135973642e-18 6.831356604578608e-02
0 179 2.789409822166624e+02 1.532766111428859e-18 1.026416977484327e-01
0 180 2.804922960890814e+02 1.511555061210603e-18 1.026422659165978e-01
0 181 2.820436212744203e+02 1.628892564488167e-18 1.026420963694219e-01
0 182 2.835949359776788e+02 1.545942039796461e-18 1.026419808413889e-01
1 50 2.840448293680475e+02 3.449519362533589e-18 6.831617744476967e-02
0 183 2.851462562492190e+02 1.628615300585047e-18 1.026409578669683e-01
0 184 2.866975774773853e+02 1.545869693564164e-18 1.026426164964624e-01
0 185 2.882488988776937e+02 1.511580150607735e-18 1.026412412898269e-01
1 51 2.896345898606247e+02 3.454038930375195e-18 6.831555255621588e-02
0 186 2.898002165500689e+02 1.628240786587381e-18 1.026425331764007e-01
0 187 2.913515301962739e+02 1.614742838965036e-18 1.026417649653644e-01
0 188 2.929028555414765e+02 1.584897105697139e-18 1.026423722696961e-01
2 15 2.935442604124202e+02 1.460948939002144e-17 4.421326223767214e-02
0 189 2.944541715909482e+02 1.532377247822670e-18 1.026413268239993e-01
1 52 2.952243452351864e+02 3.457668369490620e-18 6.831399872875062e-02
0 190 2.960054932810049e+02 1.627739449714245e-18 1.026412346657969e-01
0 191 2.975568101171991e+02 1.718033975160335e-18 1.026426838079839e-01
0 192 2.991081337955254e+02 1.770407215000361e-18 1.026418517521508e-01
0 193 3.006594489734827e+02 1.532209557316916e-18 1.026427504122388e-01
1 53 3.008140547716075e+02 3.487483457109387e-18 6.831687640020319e-02
0 194 3.022107659645036e+02 1.511602354507035e-18 1.026413887451448e-01
0 195 3.037620902052674e+02 1.498248275291382e-18 1.026426945779433e-01
0 196 3.053134090964944e+02 1.584684053235383e-18 1.026412265208534e-01
1 54 3.064038656864498e+02 3.454635712618354e-18 6.831399735656642e-02
0 197 3.068647296037975e+02 1.545418372568593e-18 1.026420806394103e-01
0 198 3.084160432792787e+02 1.550840039660380e-18 1.026424896081471e-01
0 199 3.099673683254723e+02 1.531993519651865e-18 1.026423363228351e-01
0 200 3.115186828118234e+02 1.511609180477366e-18 1.026421338080466e-01
1 55 3.119935886596398e+02 3.477861930745159e-18 6.831515112428900e-02
2 16 3.120987428287429e+02 1.923239123727751e-17 4.421505233399008e-02
0 201 3.130700031110932e+02 1.584538854398275e-18 1.026411850624651e-01
0 202 3.146213239022783e+02 1.531865392426742e-18 1.026428617827037e-01
0 203 3.161726454305394e+02 1.728523394567937e-18 1.026415427979233e-01
1 56 3.175833349967757e+02 1.198642262563017e-14 6.831519750392376e-02
0 204 3.177239629060972e+02 1.498248299907500e-18 1.026428958548784e-01
0 205 3.192752769215280e+02 1.625757583242525e-18 1.026420872390758e-01
0 206 3.208266025002685e+02 1.545085760274913e-18 1.026427574119908e-01
0 207 3.223779189301579e+02 1.531685666129041e-18 1.026416454250905e-01
1 57 3.231731526624023e+02 1.064894146302020e-15 6.831370347312420e-02
0 208 3.239292407446881e+02 1.614020352855083e-18 1.026416243206654e-01
0 209 3.254805573298611e+02 1.726968276278522e-18 1.026429899674287e-01
0 210 3.270318810987315e+02 1.584283142063996e-18 1.026421483267236e-01
0 211 3.285831959252655e+02 1.625017879842045e-18 1.026429304465129e-01
1 58 3.287628736636606e+02 2.363242176737208e-17 6.831567568314185e-02
0 212 3.301345129507679e+02 1.611497901191847e-18 1.026415684007759e-01
2 17 3.306532051886707e+02 5.399614051584747e-17 4.421336634794833e-02
0 213 3.316858368136778e+02 1.611398108364409e-18 1.026429343680452e-01
0 214 3.332371558079043e+02 1.725805994126143e-18 1.026414679215208e-01
1 59 3.343526512952313e+02 3.476397614888634e-18 6.831358651960832e-02
0 215 3.347884760469800e+02 1.624542390463148e-18 1.026424151302685e-01
0 216 3.363397896576590e+02 1.711816836029055e-18 1.026427814406450e-01
0 217 3.378911149992306e+02 1.544694545657631e-18 1.026427330833790e-01
0 218 3.394424298207200e+02 1.531252232304684e-18 1.026424456279683e-01
1 60 3.399424041965015e+02 6.945963013558832e-17 6.831570064206990e-02
0 219 3.409937505179700e+02 1.531228756919351e-18 1.026415448969624e-01
0 220 3.425450711110979e+02 1.498240349431958e-18 1.026432166005358e-01
0 221 3.440963929062478e+02 1.531159159946844e-18 1.026418931286636e-01
1 61 3.455321581776113e+02 2.073624604673346e-15 6.831552042516441e-02
0 222 3.456477100693540e+02 1.723835742431076e-18 1.026431817891002e-01
0 223 3.471990240259291e+02 1.723497172580322e-18 1.026422511646271e-01
0 224 3.487503492909012e+02 1.544440361229911e-18 1.026429841270987e-01
2 18 3.492077835200146e+02 3.536740733104481e-14 4.421364207337633e-02
0 225 3.503016657278170e+02 1.530994494765338e-18 1.026418381323520e-01
1 62 3.511219185080147e+02 8.319384940821341e-15 6.831372978096079e-02
0 226 3.518529874062828e+02 1.623135992219767e-18 1.026419071354896e-01
0 227 3.534043036096104e+02 1.498239206126710e-18 1.026432488509281e-01
0 228 3.549556275894454e+02 1.530882639032534e-18 1.026425186862585e-01
0 229 3.565069425322670e+02 1.498242239760611e-18 1.026432657877641e-01
1 63 3.567116272525440e+02 3.470316756064833e-18 6.831678564053816e-02
0 230 3.580582601270605e+02 1.530796057903314e-18 1.026419079584531e-01
0 231 3.596095839748378e+02 1.708209846513379e-18 1.026433024676948e-01
0 232 3.611609033126359e+02 1.544168516518279e-18 1.026418212559337e-01
1 64 3.623014326879712e+02 3.467489759813451e-18 6.831413592988834e-02
0 233 3.627122234094607e+02 1.622243268733245e-18 1.026427920479104e-01
0 234 3.642635368467862e+02 1.622052185105585e-18 1.026429944348596e-01
