0 0 1.256172045646146e+00 1.645120134324638e-18 1.032059182272281e-01
0 1 2.807499225719145e+00 1.833439218038229e-18 1.032052766060738e-01
0 2 4.358815792949275e+00 1.657554620853580e-18 1.032062521033715e-01
1 0 4.512102368326217e+00 3.460551693794512e-18 6.820410603171256e-02
0 3 5.910134821052018e+00 1.548085277617510e-18 1.032049402187681e-01
0 4 7.461459153490359e+00 1.694519582815667e-18 1.032062786869943e-01
0 5 9.012780847069866e+00 1.657260535139969e-18 1.032045427946367e-01
1 1 1.010184592890437e+01 3.485305674131236e-18 6.820100084387068e-02
0 6 1.056410347159738e+01 1.946002764735456e-18 1.032054324684632e-01
0 7 1.211541929881692e+01 1.547953330688722e-18 1.032056802580495e-01
0 8 1.366674669879416e+01 1.489940589514550e-18 1.032058381585000e-01
0 9 1.521806228067640e+01 1.502605041475248e-18 1.032055424846988e-01
2 0 1.539422232249883e+01 8.665606244847316e-18 4.470857759665623e-02
1 2 1.569154743798162e+01 1.362734211252394e-14 6.820223341856239e-02
0 10 1.676938443837279e+01 1.535219364735357e-18 1.032046074261658e-01
0 11 1.832070548840969e+01 1.944297276029268e-18 1.032060684653269e-01
0 12 1.987203062114775e+01 1.502620019646791e-18 1.032047038349565e-01
1 3 2.128123705715229e+01 1.144224888407867e-15 6.820252113517143e-02
0 13 2.142335005180490e+01 1.599550387384358e-18 1.032061675244631e-01
0 14 2.297466654621081e+01 1.656220008213416e-18 1.032053857038256e-01
0 15 2.452599312047119e+01 1.584960774748402e-18 1.032062817911880e-01
0 16 2.607731128135541e+01 1.547693381079918e-18 1.032048757007565e-01
1 4 2.687102142850523e+01 1.644266109865500e-17 6.819955222575462e-02
0 17 2.762863503446518e+01 1.547670853921242e-18 1.032048572478234e-01
0 18 2.917995282713337e+01 1.502618205069314e-18 1.032059313486122e-01
0 19 3.073127993927845e+01 1.792526604986330e-18 1.032052791687688e-01
0 20 3.228259600622943e+01 1.642901171453246e-18 1.032061423957610e-01
1 5 3.246072043298575e+01 3.455015707804553e-18 6.820210467923839e-02
0 21 3.383391505073388e+01 1.534849777220173e-18 1.032048520064795e-01
2 1 3.394871286448841e+01 7.597819156551611e-16 4.470781361248338e-02
0 22 3.538523907771955e+01 1.489935671282742e-18 1.032062320909148e-01
0 23 3.693656102774113e+01 1.584786991978804e-18 1.032044980787816e-01
1 6 3.805046689940575e+01 9.009574391138541e-17 6.819956047527508e-02
0 24 3.848788342849893e+01 1.584755040251106e-18 1.032054960351773e-01
0 25 4.003919935292392e+01 1.489941524139422e-18 1.032057346872305e-01
0 26 4.159052704658944e+01 1.547385872435187e-18 1.032059867897198e-01
0 27 4.314184296543119e+01 1.489945163561532e-18 1.032055642104050e-01
1 7 4.364025268754369e+01 2.862895372526387e-15 6.820156107475901e-02
0 28 4.469316541508481e+01 1.654727230240631e-18 1.032046715169066e-01
0 29 4.624448624837973e+01 1.827666967399348e-18 1.032061236674442e-01
0 30 4.779581162240633e+01 1.654546923794949e-18 1.032047638868010e-01
1 8 4.922997296237691e+01 1.048165221720086e-14 6.820219809099247e-02
0 31 4.934713059123067e+01 1.641695056026670e-18 1.032061505021149e-01
0 32 5.089844690284290e+01 1.937557329827648e-18 1.032052689316831e-01
0 33 5.244977308947670e+01 1.654181531465812e-18 1.032062388125466e-01
2 2 5.250321914341520e+01 8.030310099477687e-15 4.470662569402768e-02
0 34 5.400109144959323e+01 1.654061536776658e-18 1.032047934188533e-01
1 9 5.481972105326454e+01 3.580394684088583e-18 6.820001695273124e-02
0 35 5.555241515811961e+01 1.584494811278611e-18 1.032048556988395e-01
0 36 5.710373270904640e+01 1.540042217630730e-18 1.032059225630663e-01
0 37 5.865506008194472e+01 1.644400975341648e-18 1.032054123392933e-01
0 38 6.020637632452348e+01 1.653612653609465e-18 1.032062176008418e-01
1 10 6.040941938851913e+01 3.475556298785667e-18 6.820463948046729e-02
0 39 6.175769588176247e+01 1.540081229819501e-18 1.032049038928521e-01
0 40 6.330901976055342e+01 1.653402098833497e-18 1.032062906007925e-01
0 41 6.486034206287394e+01 1.489956992350539e-18 1.032045645280296e-01
1 11 6.599915923493097e+01 3.474698174026445e-18 6.820195448447666e-02
0 42 6.641166427333737e+01 1.640485168743759e-18 1.032055787170380e-01
0 43 6.796297996026068e+01 1.489942573372839e-18 1.032056560047551e-01
0 44 6.951430727585598e+01 2.280277474476903e-18 1.032059448924577e-01
0 45 7.106562306390013e+01 1.546797035943081e-18 1.032054487434858e-01
2 3 7.105779931399876e+01 9.367572146562358e-14 4.470856038308970e-02
1 12 7.158886500089750e+01 3.462332299669523e-18 6.820266167056173e-02
0 46 7.261694563480027e+01 1.546779878060226e-18 1.032046321794351e-01
0 47 7.416826615244159e+01 1.489937589778746e-18 1.032060710411948e-01
0 48 7.571959171817822e+01 1.540156029196392e-18 1.032048098585856e-01
1 13 7.717854769317744e+01 3.455250930132788e-18 6.820359237554866e-02
0 49 7.727091058862683e+01 1.652426871257787e-18 1.032062635157881e-01
0 50 7.882222739467372e+01 1.546640183969388e-18 1.032053411587675e-01
0 51 8.037355366387209e+01 1.546611873829959e-18 1.032063306935635e-01
0 52 8.192487238335633e+01 1.689583110527097e-18 1.032048209500183e-01
1 14 8.276832707166655e+01 3.461927231306916e-18 6.820028709080009e-02
0 53 8.347619612747505e+01 1.584060434915946e-18 1.032049638461335e-01
0 54 8.502751348282131e+01 1.546515024492155e-18 1.032059260959650e-01
0 55 8.657884073858256e+01 1.584011436521376e-18 1.032054076205912e-01
0 56 8.813015651334881e+01 1.638879830083534e-18 1.032060998378095e-01
1 15 8.835802363631312e+01 3.460917700286871e-18 6.820283161968635e-02
2 4 8.961230172658195e+01 3.982696832751854e-15 4.470797528641596e-02
0 57 8.968147611191984e+01 1.533670412056816e-18 1.032048224476072e-01
0 58 9.123279968731991e+01 1.502702166038839e-18 1.032062419928249e-01
0 59 9.278412223593334e+01 1.489957464777271e-18 1.032045284226359e-01
1 16 9.394776468520702e+01 3.480725884832817e-18 6.820057900577990e-02
0 60 9.433544421073577e+01 1.533577386710227e-18 1.032056509370241e-01
0 61 9.588676005566099e+01 1.533525637409214e-18 1.032057154172906e-01
0 62 9.743808765019779e+01 1.489937138361252e-18 1.032060887814421e-01
0 63 9.898940379312840e+01 1.533468784170992e-18 1.032054673482165e-01
1 17 9.953755654695784e+01 2.641314891283106e-14 6.820170290189866e-02
0 64 1.005407266182863e+02 1.546229776931926e-18 1.032047029126378e-01
0 65 1.020920469210128e+02 1.533396763540537e-18 1.032061243366887e-01
0 66 1.036433726933794e+02 1.546177213251478e-18 1.032048655361884e-01
1 18 1.051272739553483e+02 7.260819874510583e-15 6.820277544601180e-02
0 67 1.051946910801529e+02 1.489938810489192e-18 1.032062297159972e-01
0 68 1.067460077313886e+02 1.637523599817577e-18 1.032052248876426e-01
2 5 1.081667960206121e+02 7.882224722720946e-18 4.470612585293268e-02
0 69 1.082973336202839e+02 1.650238793310183e-18 1.032062872827181e-01
0 70 1.098486525653374e+02 1.768974270403041e-18 1.032047441930830e-01
1 19 1.107170261925340e+02 4.158742025517173e-16 6.820039935363097e-02
0 71 1.113999762252396e+02 1.650039637938918e-18 1.032049701383357e-01
0 72 1.129512933714468e+02 1.649877749583334e-18 1.032059252326337e-01
0 73 1.145026208938344e+02 1.502742977057944e-18 1.032055474044862e-01
0 74 1.160539368844031e+02 1.489938830431087e-18 1.032061652780893e-01
1 20 1.163067355418953e+02 3.977430740965584e-18 6.820506080373236e-02
0 75 1.176052569767024e+02 1.649564300081066e-18 1.032048740783746e-01
0 76 1.191565803829446e+02 1.583484565386238e-18 1.032062992348994e-01
0 77 1.207079032767261e+02 1.545838578762310e-18 1.032045995140142e-01
1 21 1.218964721156995e+02 3.626001042834783e-18 6.820287340840887e-02
0 78 1.222592250201132e+02 1.643832799757538e-18 1.032057240538586e-01
0 79 1.238105406335591e+02 1.545750388340381e-18 1.032056277619897e-01
0 80 1.253618678309173e+02 1.545731991411182e-18 1.032060444003220e-01
2 6 1.267213746309676e+02 1.499095373201151e-15 4.470764995099944e-02
0 81 1.269131839026170e+02 1.817113524068977e-18 1.032053562636721e-01
1 22 1.274861829408372e+02 2.963387267286421e-16 6.820305265631697e-02
0 82 1.284645068337412e+02 1.686500548634907e-18 1.032046694898622e-01
0 83 1.300158268194576e+02 1.545627431486218e-18 1.032060740422832e-01
0 84 1.315671527794873e+02 1.489952399556190e-18 1.032049247615138e-01
0 85 1.331184711028749e+02 1.648483711018759e-18 1.032063393631707e-01
1 23 1.330758601468904e+02 5.606690669612483e-15 6.820457524075059e-02
0 86 1.346697882773983e+02 1.545539607589998e-18 1.032052952145229e-01
0 87 1.362211142132679e+02 1.583221124419644e-18 1.032063717852808e-01
0 88 1.377724335199181e+02 1.545493482260330e-18 1.032047780323164e-01
1 24 1.386656341290773e+02 1.894434085854183e-14 6.820112759094309e-02
0 89 1.393237571813364e+02 1.532632803829700e-18 1.032050810847131e-01
0 90 1.408750741344433e+02 1.502776611836369e-18 1.032059184864630e-01
0 91 1.424264014917594e+02 1.764626552769942e-18 1.032055355514045e-01
0 92 1.439777170538274e+02 1.489940438156240e-18 1.032060416501400e-01
1 25 1.442553288376901e+02 3.501182248245123e-18 6.820352534780018e-02
2 7 1.452758894366734e+02 9.768658713118134e-15 4.470734703078130e-02
0 93 1.455290372080976e+02 1.532491063225087e-18 1.032047997198195e-01
0 94 1.470803603115444e+02 1.545291763384685e-18 1.032062486984680e-01
0 95 1.486316834389696e+02 1.502804340149840e-18 1.032045726953260e-01
1 26 1.498450633680741e+02 3.456378547285628e-18 6.820165745873438e-02
0 96 1.501830049416219e+02 1.502792758823964e-18 1.032058039251710e-01
0 97 1.517343207740457e+02 1.489941997497939e-18 1.032056913645879e-01
0 98 1.532856482321881e+02 1.763116217679833e-18 1.032061825002668e-01
0 99 1.548369646731263e+02 1.540595077759007e-18 1.032053732621046e-01
1 27 1.554348592651254e+02 3.468294444589322e-18 6.820189933403652e-02
0 100 1.563882878200150e+02 1.582925043154960e-18 1.032047473159192e-01
0 101 1.579396075946729e+02 1.775265889987615e-18 1.032061245553715e-01
0 102 1.594909337229888e+02 1.762303939103194e-18 1.032049749861056e-01
0 103 1.610422515482814e+02 1.774881257108234e-18 1.032062887395295e-01
1 28 1.610245736067542e+02 3.455369134459653e-18 6.820336216692538e-02
0 104 1.625935685967025e+02 1.502817238274767e-18 1.032051807958990e-01
2 8 1.638303728074171e+02 6.003446876431554e-14 4.470504582612560e-02
0 105 1.641448941606039e+02 1.684124706569051e-18 1.032063279043324e-01
0 106 1.656962137121665e+02 1.761373329310876e-18 1.032047069602356e-01
1 29 1.666143288124581e+02 3.456784045914466e-18 6.820085062037842e-02
0 107 1.672475372503507e+02 1.582755758109001e-18 1.032050954699307e-01
0 108 1.687988540330583e+02 1.544860970878408e-18 1.032059256104001e-01
0 109 1.703501816620651e+02 1.531974061804675e-18 1.032056802998891e-01
0 110 1.719014974788110e+02 1.544803381188885e-18 1.032060980166649e-01
1 30 1.722040505504717e+02 3.463374598426923e-18 6.820539030352170e-02
0 111 1.734528181020731e+02 1.502836609035433e-18 1.032048521028333e-01
0 112 1.750041410188518e+02 1.632634199880923e-18 1.032063053184170e-01
0 113 1.765554644810517e+02 1.772836712432876e-18 1.032046473929072e-01
1 31 1.777937840207131e+02 3.456334879877369e-18 6.820374422502762e-02
0 114 1.781067857121717e+02 1.544694373934767e-18 1.032058656180315e-01
0 115 1.796581013219112e+02 1.544649062115963e-18 1.032055956687041e-01
0 116 1.812094283685226e+02 1.772201321000693e-18 1.032061360943461e-01
2 9 1.823849454562623e+02 1.606635913354965e-15 4.470614588971702e-02
0 117 1.827607447953216e+02 1.771912390821203e-18 1.032052672933132e-01
1 32 1.833835007539577e+02 3.477004508660536e-18 6.820339480991797e-02
0 118 1.843120680272579e+02 1.489955347391727e-18 1.032047197748641e-01
0 119 1.858633874865012e+02 1.771492153075137e-18 1.032060774791785e-01
0 120 1.874147138006424e+02 1.644696682795571e-18 1.032050471369719e-01
0 121 1.889660316020152e+02 1.758203768268149e-18 1.032063933474632e-01
1 33 1.889731741655737e+02 1.525440701012503e-14 6.820552677821644e-02
0 122 1.905173491954080e+02 1.582379672623609e-18 1.032052490164667e-01
0 123 1.920686747710425e+02 1.502842373244455e-18 1.032064056685019e-01
0 124 1.936199946846997e+02 1.489954497027866e-18 1.032047476239804e-01
1 34 1.945629425937610e+02 3.710562002657610e-15 6.820203067606327e-02
0 125 1.951713181900964e+02 1.644135531628857e-18 1.032052076899804e-01
0 126 1.967226347821589e+02 1.531394941922416e-18 1.032059080639837e-01
0 127 1.982739622001742e+02 1.582270535561889e-18 1.032056615826152e-01
0 128 1.998252776335633e+02 1.582232109778694e-18 1.032059707457813e-01
1 35 2.001526362328062e+02 1.445445630022499e-16 6.820420087029250e-02
2 10 2.009394729793387e+02 9.303064544252668e-18 4.470628856214898e-02
0 129 2.013765983347443e+02 1.502877346738208e-18 1.032047850103847e-01
0 130 2.029279209480329e+02 1.807199874521437e-18 1.032062530349802e-01
0 131 2.044792446296404e+02 1.643113640220985e-18 1.032046305278294e-01
1 36 2.057423632865268e+02 3.454937673775419e-18 6.820276394705160e-02
0 132 2.060305656220962e+02 1.544141292110293e-18 1.032059518954231e-01
0 133 2.075818815107380e+02 1.643195540404831e-18 1.032056626671181e-01
0 134 2.091332087966580e+02 1.544076240486299e-18 1.032062675551150e-01
0 135 2.106845256035081e+02 1.531110177809582e-18 1.032052841335768e-01
1 37 2.113321612208188e+02 1.026814485577389e-17 6.820218684534875e-02
0 136 2.122358490124801e+02 1.502891942348742e-18 1.032048048943137e-01
0 137 2.137871682662265e+02 1.543975331347941e-18 1.032061242021929e-01
0 138 2.153384947070599e+02 1.642731571496098e-18 1.032050909483560e-01
0 139 2.168898120038000e+02 1.502882217323854e-18 1.032063263401806e-01
1 38 2.169218723320209e+02 7.994392186488472e-16 6.820394633355055e-02
0 140 2.184411294996981e+02 1.581946654748990e-18 1.032051377368573e-01
2 11 2.194939477828125e+02 2.535919272776029e-15 4.470387282398257e-02
0 141 2.199924547121700e+02 1.581916879131336e-18 1.032063612317631e-01
0 142 2.215437748832877e+02 1.629303633117366e-18 1.032046824155811e-01
1 39 2.225116293164155e+02 1.089651612958903e-14 6.820141892264038e-02
0 143 2.230950982283023e+02 1.642161954935366e-18 1.032052303191317e-01
0 144 2.246464146946201e+02 1.602049413290318e-18 1.032059230933665e-01
0 145 2.261977423880748e+02 2.000990118209422e-18 1.032058096244122e-01
0 146 2.277490581128368e+02 1.489940046734728e-18 1.032060189726337e-01
1 40 2.281013640240348e+02 3.459646163880751e-18 6.820562489986903e-02
0 147 2.293003792531669e+02 1.489953404436656e-18 1.032048392061371e-01
0 148 2.308517016658585e+02 1.628613953669239e-18 1.032063095004066e-01
0 149 2.324030256684230e+02 1.628551244611961e-18 1.032047076526461e-01
1 41 2.336910947110468e+02 3.460156566596019e-18 6.820455198972442e-02
0 150 2.339543463511012e+02 1.543591075516154e-18 1.032060003763084e-01
0 151 2.355056620286504e+02 1.641228308687434e-18 1.032055600265716e-01
0 152 2.370569888932598e+02 1.541039710038433e-18 1.032062195724992e-01
2 12 2.380485108881167e+02 1.118256967266802e-14 4.470462548744057e-02
0 153 2.386083057394643e+02 1.530520532884481e-18 1.032051838066452e-01
1 42 2.392808177923532e+02 3.454780043820995e-18 6.820371076215866e-02
0 154 2.401596292074114e+02 1.543477153642473e-18 1.032047832415132e-01
0 155 2.417109481510405e+02 1.541070645252059e-18 1.032060812058952e-01
0 156 2.432622747780970e+02 1.642765424705323e-18 1.032051754789181e-01
0 157 2.448135920941573e+02 1.581531289135475e-18 1.032064245750811e-01
1 43 2.448704895506158e+02 3.471009350575422e-18 6.820643029438078e-02
0 158 2.463649101491707e+02 1.502935448947674e-18 1.032052038183503e-01
0 159 2.479162353390363e+02 1.581481908281153e-18 1.032064330443142e-01
0 160 2.494675558710589e+02 1.489954689101648e-18 1.032047302068926e-01
1 44 2.504602523637209e+02 3.455242180460148e-18 6.820298084697576e-02
0 161 2.510188791487384e+02 1.762796152835264e-18 1.032053421225920e-01
0 162 2.525701954269916e+02 1.640029976346891e-18 1.032058944131866e-01
0 163 2.541215228662368e+02 1.626988982516312e-18 1.032057844186210e-01
0 164 2.556728382575000e+02 1.762080545244587e-18 1.032058902017622e-01
1 45 2.560499459916619e+02 3.455225653658969e-18 6.820485139322664e-02
2 13 2.566030512010173e+02 3.624540480940122e-14 4.470536057062088e-02
0 165 2.572241594867017e+02 1.639722309985028e-18 1.032047794299343e-01
0 166 2.587754815942124e+02 1.530083676555748e-18 1.032062557545386e-01
0 167 2.603268058012486e+02 1.761545035984481e-18 1.032047013695567e-01
1 46 2.616396646862977e+02 3.496299057578351e-18 6.820389144347083e-02
0 168 2.618781262546512e+02 1.642589134707596e-18 1.032060915988798e-01
0 169 2.634294422687383e+02 1.489942737191998e-18 1.032056296449929e-01
0 170 2.649807693480761e+02 1.677445825226221e-18 1.032063437484277e-01
0 171 2.665320865817653e+02 1.529931029032382e-18 1.032052018507207e-01
1 47 2.672294629424641e+02 3.494880128601187e-18 6.820255404783615e-02
0 172 2.680834101882591e+02 1.502970154301403e-18 1.032048755893872e-01
0 173 2.696347289333318e+02 1.502956441433075e-18 1.032061230438024e-01
0 174 2.711860556427601e+02 1.760111873667025e-18 1.032052120596514e-01
0 175 2.727373724557573e+02 1.529792539715409e-18 1.032063421347414e-01
1 48 2.728191706683501e+02 3.500020112243369e-18 6.820457416913558e-02
0 176 2.742886904410041e+02 1.502976634288858e-18 1.032050968671041e-01
2 14 2.751575211728427e+02 5.390422522745504e-16 4.470314843068432e-02
0 177 2.758400152765109e+02 1.529724971278543e-18 1.032063879257790e-01
0 178 2.773913360721321e+02 1.542742940038421e-18 1.032046710803453e-01
1 49 2.784089280866098e+02 1.806684240621043e-14 6.820207058502450e-02
0 179 2.789426591553781e+02 1.638222241133151e-18 1.032053730160882e-01
0 180 2.804939753580070e+02 1.542657397069840e-18 1.032059171353565e-01
0 181 2.820453030746255e+02 1.542645361977670e-18 1.032059341040126e-01
0 182 2.835966187909716e+02 1.580928780032480e-18 1.032059313880550e-01
1 50 2.839986758747580e+02 1.684215143186894e-15 6.820580146994255e-02
0 183 2.851479404250754e+02 1.602802219870671e-18 1.032048365077710e-01
0 184 2.866992623216995e+02 1.675977473389565e-18 1.032063123255419e-01
0 185 2.882505868323193e+02 1.489954193341775e-18 1.032047796317584e-01
1 51 2.895884038732036e+02 3.604646610893871e-17 6.820528201769865e-02
0 186 2.898019069404938e+02 1.624399575434500e-18 1.032061252117553e-01
0 187 2.913532227577275e+02 1.637288625157882e-18 1.032055213011585e-01
0 188 2.929045494102298e+02 1.637225777625404e-18 1.032062946172614e-01
2 15 2.937120727159043e+02 4.707248614950945e-17 4.470361901494144e-02
0 189 2.944558667321767e+02 1.637092637296001e-18 1.032051075129479e-01
1 52 2.951781335529784e+02 3.467766517210199e-18 6.820402449422962e-02
0 190 2.960071903670486e+02 1.623954895015738e-18 1.032048598715669e-01
0 191 2.975585088116985e+02 1.542321767587518e-18 1.032060849346484e-01
0 192 2.991098357098647e+02 1.580705989613434e-18 1.032053082100769e-01
0 193 3.006611525883423e+02 1.502999456117199e-18 1.032064330641915e-01
1 53 3.007678059802937e+02 4.407471646089069e-17 6.820724410213161e-02
0 194 3.022124711391010e+02 1.529172321651470e-18 1.032051609533580e-01
0 195 3.037637959190802e+02 1.542202075826013e-18 1.032064546827695e-01
0 196 3.053151170727203e+02 1.636355006336429e-18 1.032047260799523e-01
1 54 3.063575634414652e+02 1.879165030279036e-15 6.820398452595203e-02
0 197 3.068664400538695e+02 1.503017949785625e-18 1.032054825690872e-01
0 198 3.084177560713510e+02 1.741879154896751e-18 1.032058771880633e-01
0 199 3.099690834938526e+02 1.542095174375650e-18 1.032059028723576e-01
0 200 3.115203989300770e+02 1.741470710754380e-18 1.032058030929323e-01
1 55 3.119472579360045e+02 1.889435458125778e-14 6.820546871040714e-02
2 16 3.122666252691915e+02 3.933407184584813e-15 4.470494899215151e-02
0 201 3.130717206587750e+02 1.542033984194492e-18 1.032047839845650e-01
0 202 3.146230422479209e+02 1.528902608051075e-18 1.032062575050754e-01
0 203 3.161743669481948e+02 1.541499223602184e-18 1.032047844889003e-01
1 56 3.175369679624196e+02 3.462086706990528e-18 6.820499803741263e-02
0 204 3.177256868438088e+02 1.673939378435196e-18 1.032062197517497e-01
0 205 3.192770030517070e+02 1.503033684840250e-18 1.032055928006018e-01
0 206 3.208283298915669e+02 1.635255260031460e-18 1.032064110718079e-01
0 207 3.223796476052925e+02 1.580334962102612e-18 1.032051280209529e-01
1 57 3.231267648521119e+02 3.559583641175184e-18 6.820303042180570e-02
0 208 3.239309713408281e+02 1.541825456886917e-18 1.032049591103737e-01
0 209 3.254822895949124e+02 1.621794379109511e-18 1.032061207535322e-01
0 210 3.270336165289991e+02 1.881175986439925e-18 1.032053369046502e-01
0 211 3.285849329140640e+02 1.673199899226634e-18 1.032063366319554e-01
1 58 3.287164692229201e+02 3.469763174631260e-18 6.820521755369112e-02
0 212 3.301362514211967e+02 1.489950534070778e-18 1.032050593947594e-01
2 17 3.308210949867903e+02 1.224270434307160e-14 4.470313162269145e-02
0 213 3.316875758552181e+02 1.734780905735597e-18 1.032064087287324e-01
0 214 3.332388972727238e+02 1.634383996329735e-18 1.032046733078788e-01
1 59 3.343062256466934e+02 3.464478423982790e-18 6.820281632007461e-02
0 215 3.347902200296395e+02 1.672820398455821e-18 1.032055215889614e-01
0 216 3.363415360264064e+02 1.738066031663812e-18 1.032059072776754e-01
0 217 3.378928637259293e+02 1.634069664991992e-18 1.032060526131234e-01
0 218 3.394441795172748e+02 1.541500462910084e-18 1.032058384372260e-01
1 60 3.398959860517378e+02 3.455912223470268e-18 6.820593248243485e-02
0 219 3.409955016129859e+02 1.503073986015496e-18 1.032048449761396e-01
0 220 3.425468229845848e+02 1.633696697172159e-18 1.032063142141237e-01
0 221 3.440981479674258e+02 1.620519377545330e-18 1.032048625227894e-01
1 61 3.454857113053117e+02 3.462054960809506e-18 6.820595414956517e-02
0 222 3.456494674860905e+02 1.736887867034156e-18 1.032062370476715e-01
0 223 3.472007835137066e+02 1.541668302667729e-18 1.032054801160464e-01
0 224 3.487521099250276e+02 1.503064968360817e-18 1.032063611881592e-01
2 18 3.493756338808694e+02 2.105625188000916e-14 4.470330703854028e-02
0 225 3.503034277704934e+02 1.633156302412624e-18 1.032050398715771e-01
1 62 3.510754475639884e+02 3.516018093363391e-18 6.820432697971802e-02
0 226 3.518547515000640e+02 1.633074328569088e-18 1.032049494073287e-01
0 227 3.534060694684336e+02 1.528081236384157e-18 1.032060882569292e-01
0 228 3.549573965956378e+02 1.619737957888365e-18 1.032054437124639e-01
0 229 3.565087130942791e+02 1.632712418230614e-18 1.032064197445992e-01
1 63 3.566651231775753e+02 3.479500659523267e-18 6.820798438224830e-02
0 230 3.580600321655425e+02 1.874611642735701e-18 1.032051218015282e-01
0 231 3.596113565130117e+02 1.632501697543901e-18 1.032064713904798e-01
0 232 3.611626782838992e+02 1.747927887175573e-18 1.032047353672288e-01
1 64 3.622548754918100e+02 3.459903783278287e-18 6.820499230781123e-02
0 233 3.627140009038547e+02 1.747738318362850e-18 1.032056269356395e-01
0 234 3.642653167189795e+02 1.632148359254238e-18 1.032058561378745e-01
