0 0 1.266748523022998e+00 1.570661264902149e-18 1.029691447575131e-01
0 1 2.818075060143179e+00 1.611927953460663e-18 1.029684024580579e-01
0 2 4.369390682551861e+00 1.611886328797319e-18 1.029691144491190e-01
1 0 4.571683831712066e+00 3.493201173340690e-18 6.748102973425449e-02
0 3 5.920711044638598e+00 1.611873320324128e-18 1.029678290940031e-01
0 4 7.472034997520901e+00 1.611837080221239e-18 1.029693379726738e-01
0 5 9.023356275260385e+00 2.247989463379344e-18 1.029677378844701e-01
1 1 1.016145641610358e+01 3.493175006157623e-18 6.747854401291135e-02
0 6 1.057467674176636e+01 1.649773425655501e-18 1.029687060299116e-01
0 7 1.212599176746583e+01 1.534648321125543e-18 1.029686522751783e-01
0 8 1.367731914685026e+01 1.493312557691057e-18 1.029687357369509e-01
0 9 1.522863491465226e+01 1.990266505923280e-18 1.029683636846075e-01
2 0 1.531334442384090e+01 3.618053017732122e-17 4.512474401467067e-02
1 2 1.575116138130992e+01 3.500223695536752e-18 6.747915001403995e-02
0 10 1.677995762519310e+01 1.534684657215288e-18 1.029676528457388e-01
0 11 1.833127733623326e+01 1.493305898001625e-18 1.029692557737850e-01
0 12 1.988260162831126e+01 1.611656114291482e-18 1.029678998334572e-01
1 3 2.134087394406255e+01 3.545665230003565e-18 6.748003283676712e-02
0 13 2.143391898656520e+01 1.534695891924451e-18 1.029691919018885e-01
0 14 2.298523613200401e+01 1.493320658550712e-18 1.029681552103777e-01
0 15 2.453656283412314e+01 1.493307749117744e-18 1.029691118725135e-01
0 16 2.608788117983920e+01 1.796335058565159e-18 1.029678383293557e-01
1 4 2.693066351295999e+01 3.498252131462322e-18 6.747748029101178e-02
0 17 2.763920387546215e+01 2.081936722888466e-18 1.029680480800606e-01
0 18 2.919052003329813e+01 1.754650540949649e-18 1.029690338879705e-01
0 19 3.074184659137570e+01 1.611476343939638e-18 1.029682832124288e-01
0 20 3.229316188572638e+01 1.726934508793676e-18 1.029688908781837e-01
1 5 3.252036591708212e+01 3.492881163279951e-18 6.747955585515338e-02
0 21 3.384448228048605e+01 1.569962873537507e-18 1.029676434930359e-01
2 1 3.386779761595994e+01 1.087101464523333e-16 4.512383103837739e-02
0 22 3.539580583587833e+01 1.611384406056433e-18 1.029691926763780e-01
0 23 3.694712729776820e+01 1.795600439089615e-18 1.029675935478892e-01
1 6 3.811012401616669e+01 3.421494415255272e-14 6.747751515970529e-02
0 24 3.849844748271398e+01 1.650392486104973e-18 1.029686570789970e-01
0 25 4.004976266904004e+01 1.569807795585782e-18 1.029685781292749e-01
0 26 4.160109031538961e+01 1.611292846153087e-18 1.029687604774501e-01
0 27 4.315240643768151e+01 1.726939925364475e-18 1.029682874390752e-01
1 7 4.369988492914324e+01 3.599884121261339e-15 6.747848731397822e-02
0 28 4.470372934619894e+01 1.611251136814824e-18 1.029676324957754e-01
0 29 4.625504880192867e+01 1.611204451320452e-18 1.029692095210718e-01
0 30 4.780637334839300e+01 1.534860442189842e-18 1.029678426040243e-01
1 8 4.928961883418712e+01 9.423587250252064e-17 6.747910988513663e-02
0 31 4.935769036485674e+01 1.611159823872308e-18 1.029690464740061e-01
0 32 5.090900749232303e+01 1.910382526089781e-18 1.029679315915881e-01
0 33 5.246033380778768e+01 1.726931174452505e-18 1.029689673767741e-01
2 2 5.242232756426917e+01 1.554610452112759e-15 4.512259000127761e-02
0 34 5.401165229042768e+01 1.534902840754999e-18 1.029676566889695e-01
1 9 5.487936909767846e+01 1.319202831282815e-15 6.747695478897786e-02
0 35 5.556297479541108e+01 1.611073618424752e-18 1.029679460974833e-01
0 36 5.711429072447615e+01 1.726931748152679e-18 1.029689069089293e-01
0 37 5.866561753681712e+01 1.897956639148029e-18 1.029682888269901e-01
0 38 6.021693305038088e+01 1.650880856195700e-18 1.029688432153552e-01
1 10 6.046907377142772e+01 4.470871651225494e-18 6.748075126806512e-02
0 39 6.176825392041138e+01 1.610969480091893e-18 1.029676008298261e-01
0 40 6.331957727505515e+01 1.909744654223441e-18 1.029691663619819e-01
0 41 6.487089906281126e+01 1.569291236319675e-18 1.029675613299290e-01
1 11 6.605884263574447e+01 7.622279092747231e-16 6.747867025884816e-02
0 42 6.642221903708469e+01 1.569243627907074e-18 1.029686186429241e-01
0 43 6.797353415274739e+01 1.793386170977805e-18 1.029683765932744e-01
0 44 6.952486151917734e+01 1.726935081615442e-18 1.029686061663694e-01
2 3 7.097685103886120e+01 8.252368860108302e-14 4.512447446808210e-02
0 45 7.107617756301973e+01 1.493323264627073e-18 1.029680726133647e-01
1 12 7.164855172309031e+01 1.263568621813948e-14 6.747879990365695e-02
0 46 7.262750045284450e+01 1.982145420438241e-18 1.029674946120255e-01
0 47 7.417881951486895e+01 1.792974877400904e-18 1.029690525557741e-01
0 48 7.573014423991633e+01 1.726944136522761e-18 1.029677769587021e-01
0 49 7.728146118237927e+01 1.610705476451012e-18 1.029690252290632e-01
1 13 7.723825812744755e+01 3.498029549768566e-18 6.748022129595437e-02
0 50 7.883277883574702e+01 1.610684681115317e-18 1.029678875316780e-01
0 51 8.038410519049778e+01 1.610658789768992e-18 1.029689611556269e-01
0 52 8.193542401120786e+01 1.651366348026077e-18 1.029675982179962e-01
1 14 8.282804788058600e+01 3.512127268538427e-18 6.747749757287515e-02
0 53 8.348674645468417e+01 1.651390731360686e-18 1.029679536540538e-01
0 54 8.503806224021565e+01 1.535071160834271e-18 1.029687844505868e-01
0 55 8.658938903249567e+01 1.610570317909755e-18 1.029681625841058e-01
0 56 8.814070424344493e+01 1.535093644870132e-18 1.029686148498652e-01
1 15 8.841774753487090e+01 3.549298373612858e-18 6.747946594193020e-02
2 4 8.953130478554711e+01 4.865437232356024e-15 4.512375265614035e-02
0 57 8.969202514456966e+01 1.535115005351359e-18 1.029674226601474e-01
0 58 9.124334809717212e+01 1.791807695094647e-18 1.029690187114703e-01
0 59 9.279467006590367e+01 1.568675635423360e-18 1.029674246908987e-01
1 16 9.400750186068528e+01 3.497425529748338e-18 6.747778946445626e-02
0 60 9.434598976297748e+01 1.908103985957534e-18 1.029685748394784e-01
0 61 9.589730510233753e+01 1.535142044158354e-18 1.029683076991462e-01
0 62 9.744863271687218e+01 1.610386868057015e-18 1.029686288591534e-01
0 63 9.899994912446280e+01 1.568522543864165e-18 1.029679961326315e-01
1 17 9.959726974322277e+01 3.492820092714327e-18 6.747806536426823e-02
0 64 1.005512721686097e+02 1.726947702448515e-18 1.029674802682481e-01
0 65 1.021025909851888e+02 1.977904596404247e-18 1.029690001567740e-01
0 66 1.036539159409996e+02 1.823929947730030e-18 1.029677131714729e-01
0 67 1.052052325377344e+02 1.535189393984149e-18 1.029688637082209e-01
1 18 1.051869985281089e+02 3.502077074819025e-18 6.747905495638434e-02
0 68 1.067565501841064e+02 1.748821956516912e-18 1.029676669674740e-01
2 5 1.080858216746387e+02 8.868270692688293e-18 4.512182239289588e-02
0 69 1.083078761423778e+02 1.790637252129077e-18 1.029688176908148e-01
0 70 1.098591951174343e+02 1.568294004323364e-18 1.029674219088951e-01
1 19 1.107767534530120e+02 3.508806393211687e-18 6.747678385973896e-02
0 71 1.114105173414185e+02 1.976642148035147e-18 1.029678582235922e-01
0 72 1.129618329457634e+02 1.535236152243939e-18 1.029686628389265e-01
0 73 1.145131599963861e+02 2.018149269189230e-18 1.029681737574849e-01
0 74 1.160644754635132e+02 2.079340544158843e-18 1.029685614617481e-01
1 20 1.163664636660484e+02 3.515458115454876e-18 6.748040845614051e-02
0 75 1.176157968067877e+02 1.824606963550639e-18 1.029673824442634e-01
0 76 1.191671195369203e+02 1.899408372253540e-18 1.029689904498809e-01
0 77 1.207184418282291e+02 1.493330450453320e-18 1.029673939604051e-01
1 21 1.219562283449573e+02 3.522330127985666e-18 6.747877026073233e-02
0 78 1.222697612945140e+02 1.609983769767139e-18 1.029685240089627e-01
0 79 1.238210765796655e+02 1.609950336284413e-18 1.029680991727049e-01
0 80 1.253724038849613e+02 1.726936844950661e-18 1.029684741845123e-01
2 6 1.266403547447792e+02 2.501461000619935e-16 4.512340621587611e-02
0 81 1.269237202524347e+02 1.652364531536898e-18 1.029677864187862e-01
1 22 1.275459424605913e+02 1.870290037097090e-14 6.747843305381193e-02
0 82 1.284750432525176e+02 1.609893991030234e-18 1.029673478535714e-01
0 83 1.300263616868274e+02 1.609845910659962e-18 1.029688434257472e-01
0 84 1.315776868236090e+02 1.652452970522667e-18 1.029676579010214e-01
0 85 1.331290033892287e+02 1.609799771969103e-18 1.029688386633086e-01
1 23 1.331356435474671e+02 1.501561657866110e-15 6.748036911885270e-02
0 86 1.346803215785058e+02 1.652542163965079e-18 1.029676242504057e-01
0 87 1.362316475362202e+02 1.609752938907045e-18 1.029688074516716e-01
0 88 1.377829668481079e+02 1.788597647361315e-18 1.029673691742542e-01
1 24 1.387254327163561e+02 1.678292104581791e-17 6.747757340983977e-02
0 89 1.393342889840017e+02 1.609714729607585e-18 1.029678651801182e-01
0 90 1.408856044664536e+02 1.493316085622222e-18 1.029685287039936e-01
0 91 1.424369314553174e+02 1.535410382618933e-18 1.029680410499031e-01
0 92 1.439882466484551e+02 1.535423110823595e-18 1.029683303574433e-01
1 25 1.443151303615144e+02 4.080565859227541e-18 6.747933715814407e-02
2 7 1.451948110448668e+02 1.751362494705101e-15 4.512305071373493e-02
0 93 1.455395680179559e+02 1.726951371204816e-18 1.029672117080123e-01
0 94 1.470908903427069e+02 1.652790372573831e-18 1.029688401979640e-01
0 95 1.486422128106909e+02 1.493332241673222e-18 1.029672654068451e-01
1 26 1.499048798772485e+02 2.550491968271804e-17 6.747807716514574e-02
0 96 1.501935320105127e+02 1.787727351061824e-18 1.029684842433405e-01
0 97 1.517448475799680e+02 1.535471527810995e-18 1.029680352826998e-01
0 98 1.532961751107866e+02 1.726936598134412e-18 1.029684941636917e-01
0 99 1.548474918479986e+02 1.726946530241263e-18 1.029677108182296e-01
1 27 1.554946539532908e+02 2.123389170842986e-15 6.747772384892427e-02
0 100 1.563988149600504e+02 1.567270031157645e-18 1.029673394353357e-01
0 101 1.579501331627076e+02 1.609393432151620e-18 1.029687839634702e-01
0 102 1.595014585032641e+02 1.726946600601532e-18 1.029675868244341e-01
0 103 1.610527747235217e+02 1.653107674020859e-18 1.029686618194470e-01
1 28 1.610843776941119e+02 2.433900386466400e-14 6.747898803020365e-02
0 104 1.626040929141820e+02 1.535542248588231e-18 1.029674079210905e-01
2 8 1.637493127432763e+02 5.544067691650833e-14 4.512071592308980e-02
0 105 1.641554184672736e+02 1.567083887894265e-18 1.029686646510060e-01
0 106 1.657067379468400e+02 1.493333771292985e-18 1.029671982575695e-01
1 29 1.666741364406508e+02 3.520734547406176e-18 6.747669541767953e-02
0 107 1.672580598374331e+02 1.535560676083789e-18 1.029677762411569e-01
0 108 1.688093751911889e+02 1.744146238763545e-18 1.029684128501406e-01
0 109 1.703607024405862e+02 1.493321910573577e-18 1.029680567507641e-01
0 110 1.719120179236376e+02 1.609173202453181e-18 1.029682719935267e-01
1 30 1.722638532722510e+02 3.510055288985699e-18 6.747999801401693e-02
0 111 1.734633396973293e+02 1.609161495398310e-18 1.029671745490338e-01
0 112 1.750146617827663e+02 1.785997645208746e-18 1.029688098362974e-01
0 113 1.765659845680909e+02 1.743640318728350e-18 1.029672349935994e-01
1 31 1.778536134294754e+02 3.493278852891541e-18 6.747884270853276e-02
0 114 1.781173035191077e+02 1.566778956781714e-18 1.029684194580818e-01
0 115 1.796686190496653e+02 1.566734968081470e-18 1.029678210790501e-01
0 116 1.812199462445825e+02 1.609029031147413e-18 1.029683397157692e-01
2 9 1.823038530205153e+02 2.338175471774533e-15 4.512201970809250e-02
0 117 1.827712629782212e+02 1.726949100657921e-18 1.029675066266072e-01
1 32 1.834433332247803e+02 3.492812062411835e-18 6.747805276687915e-02
0 118 1.843225860186134e+02 1.608988842935841e-18 1.029672123547763e-01
0 119 1.858739038552249e+02 1.608940405466568e-18 1.029686281606196e-01
0 120 1.874252293800823e+02 1.742824395571474e-18 1.029675416370935e-01
0 121 1.889765456145919e+02 1.535681862950878e-18 1.029686323209885e-01
1 33 1.890330301630069e+02 3.497370652069513e-18 6.748049016162973e-02
0 122 1.905278643565600e+02 1.608877336974810e-18 1.029673664515739e-01
0 123 1.920791898699337e+02 1.608847097764977e-18 1.029686506627944e-01
0 124 1.936305096847515e+02 1.608838445447132e-18 1.029671512691494e-01
1 34 1.946228179409849e+02 3.505596084610811e-18 6.747768027807112e-02
0 125 1.951818314626761e+02 1.653860312048815e-18 1.029677809411140e-01
0 126 1.967331467162507e+02 1.608765148986459e-18 1.029682671434633e-01
0 127 1.982844738620122e+02 1.608758210735546e-18 1.029679182228317e-01
0 128 1.998357891023159e+02 1.608722239327226e-18 1.029680400952550e-01
1 35 2.002125146579067e+02 3.492850873956380e-18 6.747918412183015e-02
2 10 2.008583143888183e+02 7.794443752678146e-18 4.512217937499215e-02
0 129 2.013871108941805e+02 1.608709892896290e-18 1.029670111277821e-01
0 130 2.029384325724194e+02 1.608666984641654e-18 1.029686568545058e-01
0 131 2.044897555294946e+02 1.608665294929047e-18 1.029671148985573e-01
1 36 2.058022581943364e+02 3.522797923031755e-18 6.747837321595046e-02
0 132 2.060410742311493e+02 1.566161398976179e-18 1.029683825314978e-01
0 133 2.075923901028814e+02 1.493326658142765e-18 1.029677619053593e-01
0 134 2.091437174972205e+02 1.783653550129894e-18 1.029683564213976e-01
0 135 2.106950346036785e+02 1.566064459313994e-18 1.029674329483943e-01
1 37 2.113920377969921e+02 3.608508783231357e-14 6.747743932740696e-02
0 136 2.122463577155642e+02 1.783441356326599e-18 1.029672095669690e-01
0 137 2.137976753378255e+02 1.961987231039898e-18 1.029685607446490e-01
0 138 2.153490010362285e+02 1.565973730992440e-18 1.029674627085578e-01
0 139 2.169003169300119e+02 1.493320934929661e-18 1.029684413583068e-01
1 38 2.169817565019221e+02 9.513131473677725e-15 6.747893149075974e-02
0 140 2.184516356789947e+02 1.608426542263906e-18 1.029671554011868e-01
2 11 2.194128007829813e+02 4.602661158749744e-16 4.511977558849959e-02
0 141 2.200029607811492e+02 1.608394635987512e-18 1.029685080677056e-01
0 142 2.215542807730607e+02 1.740240541400115e-18 1.029669858242715e-01
1 39 2.225715181257893e+02 4.954281239161527e-16 6.747667783114271e-02
0 143 2.231056022837248e+02 1.608355014852719e-18 1.029676983120837e-01
0 144 2.246569174652867e+02 1.960401404864847e-18 1.029681573725461e-01
0 145 2.262082448714721e+02 1.565726536002105e-18 1.029679374191876e-01
0 146 2.277595604316627e+02 1.782325187034993e-18 1.029679775946404e-01
1 40 2.281612423719256e+02 3.808447414442855e-18 6.747954845718060e-02
0 147 2.293108825858949e+02 1.565659559082570e-18 1.029669776369375e-01
0 148 2.308622040131035e+02 1.608213998221935e-18 1.029686241022741e-01
0 149 2.324135272800226e+02 1.565599916806811e-18 1.029670835755425e-01
1 41 2.337509978174473e+02 3.994575186885568e-18 6.747885984265925e-02
0 150 2.339648457172551e+02 1.726941512274931e-18 1.029683024254447e-01
0 151 2.355161615638914e+02 1.608142341527721e-18 1.029675434230018e-01
0 152 2.370674885984554e+02 1.565481906020013e-18 1.029682026947139e-01
2 12 2.379673456401958e+02 1.798058413123352e-15 4.512081889982947e-02
0 153 2.386188057355366e+02 1.535986988918673e-18 1.029672345215547e-01
1 42 2.393407236547775e+02 1.480960416277326e-16 6.747771240459172e-02
0 154 2.401701287465301e+02 1.535994813550621e-18 1.029670877206422e-01
0 155 2.417214460240897e+02 1.726938082634734e-18 1.029684066013287e-01
0 156 2.432727719109062e+02 1.608032915237129e-18 1.029674271963883e-01
0 157 2.448240878658724e+02 1.738453384664079e-18 1.029684070458025e-01
1 43 2.449304178239816e+02 4.939868489080720e-15 6.748052390359054e-02
0 158 2.463754071660036e+02 1.493335148587824e-18 1.029671151706345e-01
0 159 2.479267321907156e+02 1.899948644872385e-18 1.029684906347526e-01
0 160 2.494780525160072e+02 1.655071554775200e-18 1.029669443874537e-01
1 44 2.505202035918882e+02 2.559729091693154e-14 6.747782730777180e-02
0 161 2.510293738913603e+02 1.999485881959249e-18 1.029676989817983e-01
0 162 2.525806889940945e+02 1.607860548571826e-18 1.029680003916700e-01
0 163 2.541320162550931e+02 1.726944828046305e-18 1.029677938014442e-01
0 164 2.556833316058118e+02 1.536082078358927e-18 1.029677466707899e-01
1 45 2.561099003659036e+02 3.492841817483845e-18 6.747899873577251e-02
2 13 2.565218145640493e+02 3.585438922971175e-14 4.512157835433585e-02
0 165 2.572346537670981e+02 1.726956113377244e-18 1.029668213122512e-01
0 166 2.587859747871734e+02 1.607761234457694e-18 1.029684683921908e-01
0 167 2.603372982207503e+02 1.564983810604582e-18 1.029669722829849e-01
1 46 2.616996371454672e+02 3.494392852762540e-18 6.747866042060453e-02
0 168 2.618886164319372e+02 1.607716674132182e-18 1.029682671084887e-01
0 169 2.634399326716832e+02 1.726948856612855e-18 1.029674886457681e-01
0 170 2.649912598763615e+02 1.607669063293651e-18 1.029682156749962e-01
0 171 2.665425773868432e+02 1.607650527146279e-18 1.029671637136890e-01
1 47 2.672894213685892e+02 3.501364984701959e-18 6.747721985128007e-02
0 172 2.680939004311812e+02 1.726952865711396e-18 1.029670900432504e-01
0 173 2.696452175147197e+02 1.655509999310072e-18 1.029683304013209e-01
0 174 2.711965435418086e+02 1.726949838441584e-18 1.029673400349171e-01
0 175 2.727478591648184e+02 1.996451002154718e-18 1.029682035539236e-01
1 48 2.728791352511619e+02 3.493155568115216e-18 6.747888589587080e-02
0 176 2.742991784747991e+02 1.536200028481689e-18 1.029669102873942e-01
2 14 2.750762874247698e+02 1.033488251801682e-15 4.511940908139698e-02
0 177 2.758505030831442e+02 1.779014003464525e-18 1.029683477193667e-01
0 178 2.774018235912932e+02 1.607482150090707e-18 1.029667845231133e-01
1 49 2.784688985406342e+02 3.493316084574347e-18 6.747672100435699e-02
0 179 2.789531446820078e+02 1.564562767335810e-18 1.029676223418276e-01
0 180 2.805044597727075e+02 1.655761556871411e-18 1.029678969591851e-01
0 181 2.820557872913412e+02 1.564494749616164e-18 1.029678154773861e-01
0 182 2.836071029877677e+02 1.564449510036219e-18 1.029676809256927e-01
1 50 2.840586309290816e+02 3.492814368767644e-18 6.747907619708743e-02
0 183 2.851584254667388e+02 1.778372539539399e-18 1.029667920699051e-01
0 184 2.867097462293405e+02 1.607308306301667e-18 1.029684328237093e-01
0 185 2.882610699627069e+02 1.735247517183196e-18 1.029669388012667e-01
1 51 2.896483813096931e+02 3.518470264985031e-18 6.747884264860288e-02
0 186 2.898123878965454e+02 1.536274467470587e-18 1.029681705842548e-01
0 187 2.913637041231246e+02 1.656009144862605e-18 1.029672673378865e-01
0 188 2.929150309470090e+02 1.607217055450514e-18 1.029680630491752e-01
2 15 2.936308344212628e+02 7.955714909868494e-18 4.512020279688818e-02
0 189 2.944663485194720e+02 1.536315924745298e-18 1.029669711547013e-01
1 52 2.952381134743765e+02 3.519655359214321e-18 6.747738313150536e-02
0 190 2.960176714327069e+02 1.777632287388852e-18 1.029669733576092e-01
0 191 2.975689881982315e+02 1.536319074806150e-18 1.029681786661343e-01
0 192 2.991203144183845e+02 1.536334201983934e-18 1.029673136778435e-01
0 193 3.006716301500860e+02 1.734253771407364e-18 1.029681643429157e-01
1 53 3.008278063827951e+02 1.984011698865013e-14 6.748049102529351e-02
0 194 3.022229500027303e+02 1.656248921249847e-18 1.029668713775233e-01
0 195 3.037742744980695e+02 1.493319363373771e-18 1.029683271527801e-01
0 196 3.053255953374025e+02 1.536379264553771e-18 1.029667482415742e-01
1 54 3.064175895391389e+02 4.398790055420779e-15 6.747798511616278e-02
0 197 3.068769162720373e+02 1.776877067526899e-18 1.029676171163733e-01
0 198 3.084282313044971e+02 1.493327418416041e-18 1.029677291901438e-01
0 199 3.099795586372135e+02 1.776670675797263e-18 1.029676675596299e-01
0 200 3.115308741588810e+02 1.493332901537871e-18 1.029674525226305e-01
1 55 3.120072874632421e+02 1.397475471279536e-16 6.747879273693802e-02
2 16 3.121853131172535e+02 7.406159334787371e-16 4.512155643352501e-02
0 201 3.130821966308520e+02 1.536427392458904e-18 1.029666425455973e-01
0 202 3.146335169886500e+02 1.536415977889902e-18 1.029682745220433e-01
0 203 3.161848408838034e+02 1.536440241768806e-18 1.029668366107574e-01
1 56 3.175970169641602e+02 3.622021425877788e-18 6.747890697461244e-02
0 204 3.177361586208318e+02 1.606810428607096e-18 1.029681356837415e-01
0 205 3.192874752864266e+02 1.775963365719621e-18 1.029672166150745e-01
0 206 3.208388022483268e+02 1.656631404855693e-18 1.029680719612066e-01
0 207 3.223901201927017e+02 1.656688157598994e-18 1.029669040508599e-01
1 57 3.231868048406206e+02 4.502014561316402e-18 6.747709576709895e-02
0 208 3.239414431037771e+02 1.493336917660464e-18 1.029669800413422e-01
0 209 3.254927596980933e+02 1.606677580871489e-18 1.029680929427277e-01
0 210 3.270440860224660e+02 1.536498122810661e-18 1.029672180898734e-01
0 211 3.285954014348905e+02 1.656819068711589e-18 1.029679502195892e-01
1 58 3.287765141239771e+02 5.590759698829184e-16 6.747878872450554e-02
0 212 3.301467212974540e+02 1.536528718648550e-18 1.029666733798443e-01
2 17 3.307397757088272e+02 1.692419363501648e-15 4.511979957609787e-02
0 213 3.316980453726682e+02 1.493321614418793e-18 1.029681833533937e-01
0 214 3.332493663973102e+02 1.775053401569502e-18 1.029665941036278e-01
1 59 3.343662779758375e+02 1.076743152267782e-14 6.747683336096497e-02
0 215 3.348006870351508e+02 1.493330947726134e-18 1.029675459950866e-01
0 216 3.363520021177898e+02 1.774774295525242e-18 1.029676322779592e-01
0 217 3.379033297023499e+02 1.536556252580890e-18 1.029676907294425e-01
0 218 3.394546455911586e+02 1.726951513887831e-18 1.029673844512569e-01
1 60 3.399560187155063e+02 3.497950607168752e-18 6.747860612475902e-02
0 219 3.410059683342880e+02 1.904754414422139e-18 1.029666180669118e-01
0 220 3.425572884334862e+02 1.657116966355766e-18 1.029682355863081e-01
0 221 3.441086126155535e+02 1.606402443320665e-18 1.029667997353676e-01
1 61 3.455457639371897e+02 3.511311856304998e-18 6.747877855702002e-02
0 222 3.456599300652635e+02 1.563082502494054e-18 1.029680219872219e-01
0 223 3.472112467274156e+02 1.536625468245977e-18 1.029669939569899e-01
0 224 3.487625732903636e+02 1.606311095663805e-18 1.029679206848700e-01
2 18 3.492943221397429e+02 2.225630339296141e-14 4.512027589671089e-02
0 225 3.503138913248317e+02 1.493341365986572e-18 1.029667173521916e-01
1 62 3.511355023619556e+02 3.492849564068812e-18 6.747709017054659e-02
0 226 3.518652140743387e+02 1.606272275096065e-18 1.029668684543720e-01
0 227 3.534165303827759e+02 1.606224453699739e-18 1.029679443625732e-01
0 228 3.549678569050923e+02 1.536661645639971e-18 1.029672002635591e-01
0 229 3.565191724732902e+02 1.657436873176197e-18 1.029679062633115e-01
1 63 3.567251957182161e+02 3.492938070333599e-18 6.748037693155466e-02
0 230 3.580704928621332e+02 1.536691671341145e-18 1.029666359621562e-01
0 231 3.596218167916315e+02 1.729847065645196e-18 1.029681599413603e-01
0 232 3.611731381448311e+02 1.562760656919568e-18 1.029665623871762e-01
1 64 3.623149755960869e+02 3.492903852684267e-18 6.747814316532633e-02
0 233 3.627244586076674e+02 1.773002336423496e-18 1.029675329504960e-01
0 234 3.642757736515067e+02 1.562664035730884e-18 1.029674543877558e-01
