0 0 1.281195367349910e+00 3.299402627020281e-16 9.723514438817130e-02
0 1 2.832524209879106e+00 3.307836153435619e-16 9.723469421676227e-02
0 2 4.383841826906067e+00 3.271055258363546e-16 9.723534703270705e-02
1 0 4.537463595421114e+00 3.619022000397436e-18 6.515736564186271e-02
0 3 5.935164280767630e+00 3.260248157973136e-16 9.723439342578034e-02
0 4 7.486487268237624e+00 3.253510858076275e-16 9.723557304221959e-02
0 5 9.037813913221854e+00 3.226261162425990e-16 9.723387993538841e-02
1 1 1.012721721513883e+01 3.678526772743618e-18 6.515498641725070e-02
0 6 1.058913467817327e+01 3.215218591500949e-16 9.723465517190100e-02
0 7 1.214045513430214e+01 3.180696353274444e-16 9.723454048181447e-02
0 8 1.369178201650658e+01 3.173572933338200e-16 9.723491025908639e-02
0 9 1.524310084787694e+01 3.147112495681914e-16 9.723446905887850e-02
2 0 1.530878108600167e+01 2.971012566813428e-16 4.404481912424854e-02
1 2 1.571692416888689e+01 2.411347559975634e-17 6.515567977397846e-02
0 10 1.679442379707005e+01 3.140482943792427e-16 9.723390806738857e-02
0 11 1.834574521272209e+01 3.108325908564214e-16 9.723495551355912e-02
0 12 1.989707413853571e+01 3.107294676342185e-16 9.723371937731638e-02
1 3 2.130662677739792e+01 3.116179144317532e-16 6.515634181353769e-02
0 13 2.144839272707950e+01 3.079998888915567e-16 9.723482753106387e-02
0 14 2.299971403299667e+01 3.051758361681494e-16 9.723408318218325e-02
0 15 2.455103883544797e+01 3.047328964852952e-16 9.723506241919862e-02
0 16 2.610236170932302e+01 3.007761282334934e-16 9.723364786790356e-02
1 4 2.689639882233218e+01 3.644418218182843e-18 6.515385859852869e-02
0 17 2.765368421581715e+01 2.995875860401696e-16 9.723379066646422e-02
0 18 2.920500484828108e+01 2.977182487468977e-16 9.723433446400204e-02
0 19 3.075633351008910e+01 2.971084116100764e-16 9.723390130300609e-02
0 20 3.230765094784258e+01 2.936705574066760e-16 9.723445490231718e-02
1 5 3.248609876945296e+01 3.620412950690256e-18 6.515609739074213e-02
0 21 3.385897324527068e+01 2.916308246989699e-16 9.723351449184425e-02
2 1 3.386332717019282e+01 1.348768554617069e-17 4.404405299610150e-02
0 22 3.541029589637676e+01 2.898550293011025e-16 9.723470775581348e-02
0 23 3.696162270240675e+01 2.876105674316693e-16 9.723303910292991e-02
1 6 3.807583065348437e+01 3.620532101226115e-18 6.515414688909849e-02
0 24 3.851294329059473e+01 2.856412446188274e-16 9.723389745300198e-02
0 25 4.006426386221164e+01 2.837755347398978e-16 9.723377661844165e-02
0 26 4.161559075533130e+01 2.825830496765456e-16 9.723423368339179e-02
0 27 4.316691005647510e+01 2.791310389714555e-16 9.723369987912588e-02
1 7 4.366558891274243e+01 3.642941712698093e-18 6.515527599665938e-02
0 28 4.471823321207945e+01 2.777915228513911e-16 9.723317692409507e-02
0 29 4.626955464607383e+01 2.744196002861455e-16 9.723418321246470e-02
0 30 4.782088364634624e+01 2.748449355370036e-16 9.723296271182116e-02
1 8 4.925531019749661e+01 3.621746146381367e-18 6.515588961167366e-02
0 31 4.937220199991134e+01 2.713816049244595e-16 9.723400870831472e-02
0 32 5.092352320385731e+01 2.686985080081851e-16 9.723319833537129e-02
2 2 5.241791504617667e+01 9.452221540354750e-16 4.404278777287176e-02
0 33 5.247484759436752e+01 2.674022923095930e-16 9.723421220910883e-02
0 34 5.402617060564644e+01 2.653196056785746e-16 9.723275969857113e-02
1 9 5.484504455661076e+01 3.619412813431716e-18 6.515384690160535e-02
0 35 5.557749290295603e+01 2.628724978990149e-16 9.723297804491865e-02
0 36 5.712881349860361e+01 2.603068054624075e-16 9.723351416852798e-02
0 37 5.868014214926278e+01 2.609330754712814e-16 9.723320384588297e-02
0 38 6.023145980130786e+01 2.582952751692851e-16 9.723371230874134e-02
1 10 6.043475430240170e+01 3.632695034415316e-18 6.515776846649378e-02
0 39 6.178278242361586e+01 2.543523223379896e-16 9.723278134522657e-02
0 40 6.333410514718597e+01 2.528890768329421e-16 9.723396359009481e-02
0 41 6.488543230875655e+01 2.532153238486632e-16 9.723229223991904e-02
1 11 6.602450451484276e+01 3.624239990470064e-18 6.515570589499056e-02
0 42 6.643675272197787e+01 2.502556665569255e-16 9.723314912375333e-02
0 43 6.798807322913413e+01 2.471035565978638e-16 9.723291695554673e-02
0 44 6.953939975071533e+01 2.461684514996187e-16 9.723340297497814e-02
2 3 7.097247726037564e+01 9.869627389147864e-16 4.404449828862982e-02
0 45 7.109071905179835e+01 2.437589962660315e-16 9.723278619257811e-02
1 12 7.161421479012112e+01 3.630533033288319e-18 6.515590086250052e-02
0 46 7.264204200457513e+01 2.432624725381075e-16 9.723232509566393e-02
0 47 7.419336325794789e+01 2.387972688597594e-16 9.723332058531783e-02
0 48 7.574469231723631e+01 2.394342124039711e-16 9.723220109702159e-02
1 13 7.720391396243990e+01 2.186912872098558e-16 6.515711927686385e-02
0 49 7.729601063255176e+01 2.357603328027692e-16 9.723328508762299e-02
0 50 7.884733212008798e+01 2.341491285962772e-16 9.723246751273719e-02
0 51 8.039865658516200e+01 2.329655243320645e-16 9.723350444632503e-02
0 52 8.194998013358271e+01 2.319895061505622e-16 9.723199631167768e-02
1 14 8.279368509250827e+01 1.309238270606871e-17 6.515448173566479e-02
0 53 8.350130241343629e+01 2.292458765034215e-16 9.723225638184342e-02
0 54 8.505262297427286e+01 2.271806400869580e-16 9.723269912395532e-02
0 55 8.660395141228653e+01 2.277760620176970e-16 9.723240635473855e-02
0 56 8.815526890850381e+01 2.237040496783726e-16 9.723281268594741e-02
1 15 8.838338375316604e+01 3.665328106890309e-18 6.515663548042297e-02
2 4 8.952702096800812e+01 1.094710354106319e-14 4.404389765088169e-02
0 57 8.970659136548355e+01 2.218742473122912e-16 9.723190526990301e-02
0 58 9.125791376967342e+01 2.206521979886855e-16 9.723309632638338e-02
0 59 9.280924107962839e+01 2.212647957253440e-16 9.723146058272961e-02
1 16 9.397311278522798e+01 3.684429890159582e-18 6.515496511105542e-02
0 60 9.436056132380556e+01 2.172517936685974e-16 9.723239785689433e-02
0 61 9.591188196898734e+01 2.162388527252900e-16 9.723215927420249e-02
0 62 9.746320850786228e+01 2.150621249748458e-16 9.723272472369260e-02
0 63 9.901452830747354e+01 2.140855202323024e-16 9.723201592193260e-02
1 17 9.956287568529363e+01 4.270483046835246e-18 6.515539063668563e-02
0 64 1.005658514397217e+02 2.126749945772950e-16 9.723159650535131e-02
0 65 1.021171727062518e+02 2.101614792641765e-16 9.723254458977244e-02
0 66 1.036685017972222e+02 2.105906260591810e-16 9.723144202038571e-02
1 18 1.051525930828775e+02 5.705088639898710e-17 6.515636428244659e-02
0 67 1.052198198829484e+02 2.063153602899350e-16 9.723245427184851e-02
0 68 1.067711412631931e+02 2.070632047175896e-16 9.723158209734736e-02
2 5 1.080816034372515e+02 6.441410627569882e-17 4.404206152735695e-02
0 69 1.083224653216194e+02 2.050266183222644e-16 9.723265135057621e-02
0 70 1.098737890169277e+02 2.038568126734443e-16 9.723111446495784e-02
1 19 1.107423293765642e+02 4.508464085268434e-16 6.515427415065030e-02
0 71 1.114251110855085e+02 2.037696073448242e-16 9.723145132820001e-02
0 72 1.129764316300964e+02 2.010533603538301e-16 9.723188637444082e-02
0 73 1.145277600498414e+02 2.020889681198462e-16 9.723171454009234e-02
0 74 1.160790778050622e+02 1.989096031594175e-16 9.723206473414170e-02
1 20 1.163320448800765e+02 3.642550365176916e-18 6.515806585254034e-02
0 75 1.176304005776314e+02 2.005730622363126e-16 9.723117217453436e-02
0 76 1.191817230514041e+02 1.969680567362047e-16 9.723234795945565e-02
0 77 1.207330506771025e+02 1.986944704125278e-16 9.723071612893140e-02
1 21 1.219217915162106e+02 3.636061767067067e-18 6.515639364872559e-02
0 78 1.222843707326387e+02 1.972883956763056e-16 9.723164284672774e-02
0 79 1.238356913123970e+02 1.954113040391132e-16 9.723129527535110e-02
0 80 1.253870174670930e+02 1.949314259737792e-16 9.723189035819178e-02
2 6 1.266361718944632e+02 5.772922762828083e-17 4.404353124550422e-02
0 81 1.269383372938768e+02 1.943852493944530e-16 9.723110441412668e-02
1 22 1.275115054519634e+02 3.705253144422660e-18 6.515609682168903e-02
0 82 1.284896602164556e+02 1.953722218537940e-16 9.723074970057655e-02
0 83 1.300409813224067e+02 1.935473464302172e-16 9.723168533733230e-02
0 84 1.315923104519881e+02 1.924325394658562e-16 9.723069056843908e-02
1 23 1.331012019773860e+02 3.619100300202934e-18 6.515786966268818e-02
0 85 1.331436285297821e+02 1.931916968714191e-16 9.723172873419905e-02
0 86 1.346949502072545e+02 1.928948237764851e-16 9.723085229604059e-02
0 87 1.362462743455733e+02 1.923861769182342e-16 9.723193776518305e-02
0 88 1.377975985648680e+02 1.929664445880034e-16 9.723035507223164e-02
1 24 1.386909715752305e+02 3.619079273312330e-18 6.515515502043644e-02
0 89 1.393489205894835e+02 1.928780246151194e-16 9.723072997429152e-02
0 90 1.409002410976477e+02 1.925863854054310e-16 9.723106612854537e-02
0 91 1.424515692752822e+02 1.936194782587621e-16 9.723091233417491e-02
0 92 1.440028869000168e+02 1.939567508764870e-16 9.723115898836433e-02
1 25 1.442806697249680e+02 3.628353760490348e-18 6.515714823990697e-02
2 7 1.451907134634561e+02 1.233726446218983e-15 4.404321375295153e-02
0 93 1.455542094978781e+02 1.927972581192495e-16 9.723029930949058e-02
0 94 1.471055316700635e+02 1.935880635205492e-16 9.723147916045638e-02
0 95 1.486568594287641e+02 1.941917705489677e-16 9.722989391167548e-02
1 26 1.498703951962388e+02 3.619050735715270e-18 6.515580778853966e-02
0 96 1.502081793254571e+02 1.958656965397146e-16 9.723089711764336e-02
0 97 1.517595000656020e+02 1.962119730789626e-16 9.723054324430382e-02
0 98 1.533108262452259e+02 1.955114518381405e-16 9.723120954778422e-02
0 99 1.548621465944636e+02 1.965061058113154e-16 9.723033404458717e-02
1 27 1.554601621156196e+02 3.646113945690268e-18 6.515555351248516e-02
0 100 1.564134696685911e+02 1.975309193032554e-16 9.723002386759928e-02
0 101 1.579647907827796e+02 1.992043350492661e-16 9.723090558064335e-02
0 102 1.595161199024595e+02 2.000509484175192e-16 9.722992845627074e-02
1 28 1.610498756791122e+02 8.380513559715440e-16 6.515685980853357e-02
0 103 1.610674377593935e+02 2.023607366827250e-16 9.723088574172814e-02
0 104 1.626187593230135e+02 2.031441627866729e-16 9.722996687599535e-02
2 8 1.637452883989110e+02 8.849829744886669e-14 4.404103854298554e-02
0 105 1.641700830620417e+02 2.044078910402473e-16 9.723108183398882e-02
0 106 1.657214074334953e+02 2.054338965432751e-16 9.722947999349710e-02
1 29 1.666396132819772e+02 9.980535739399632e-17 6.515476074724136e-02
0 107 1.672727292459654e+02 2.075601621290586e-16 9.722993256438359e-02
0 108 1.688240497587799e+02 2.101069646288777e-16 9.723026106993132e-02
0 109 1.703753779138422e+02 2.109401809967397e-16 9.723022513798109e-02
0 110 1.719266958422529e+02 2.130485185362447e-16 9.723040616282831e-02
1 30 1.722293352048033e+02 6.051544721665078e-18 6.515828279258822e-02
0 111 1.734780187430080e+02 2.160375723821524e-16 9.722956663155603e-02
0 112 1.750293409811666e+02 2.185893643391031e-16 9.723072693853556e-02
0 113 1.765806690136422e+02 2.196643292699720e-16 9.722915125168632e-02
1 31 1.778190781108619e+02 3.632724817590215e-18 6.515703433215292e-02
0 114 1.781319887108901e+02 2.228653475903897e-16 9.723013418396814e-02
0 115 1.796833093842236e+02 2.265134322306504e-16 9.722967521226310e-02
0 116 1.812346351698191e+02 2.286487769349485e-16 9.723037158367813e-02
2 9 1.822998626492595e+02 5.568137520525487e-15 4.404221905719795e-02
0 117 1.827859555711589e+02 2.318702428821304e-16 9.722942567650383e-02
1 32 1.834087958721233e+02 3.816806477722639e-18 6.515631310282613e-02
0 118 1.843372784291920e+02 2.355311635081322e-16 9.722918244268930e-02
0 119 1.858885994028779e+02 2.400491894437414e-16 9.723005049973686e-02
0 120 1.874399285419841e+02 2.400355805980309e-16 9.722918677974561e-02
0 121 1.889912464249295e+02 2.449924711941451e-16 9.723015730911604e-02
1 33 1.889984907521328e+02 7.046141952598009e-18 6.515856782142396e-02
0 122 1.905425682965910e+02 2.486556436906578e-16 9.722923769863531e-02
0 123 1.920938921200326e+02 2.525476132037400e-16 9.723036247628718e-02
0 124 1.936452169966819e+02 2.566593904013655e-16 9.722872480874836e-02
1 34 1.945882583915475e+02 1.114275980937817e-16 6.515589484381802e-02
0 125 1.951965387401150e+02 2.618498511161204e-16 9.722921069888811e-02
0 126 1.967478592152767e+02 2.644445223574214e-16 9.722943556018192e-02
0 127 1.982991871013203e+02 2.685584173941454e-16 9.722941812676783e-02
0 128 1.998505049259412e+02 2.744102518495836e-16 9.722949575335829e-02
1 35 2.001779566246102e+02 1.742818981360241e-16 6.515760046297916e-02
2 10 2.008544029131763e+02 1.031236653425341e-17 4.404228275257769e-02
0 129 2.014018276423265e+02 2.796176589869882e-16 9.722869730871363e-02
0 130 2.029531495973514e+02 2.859117651648649e-16 9.722985712980699e-02
0 131 2.045044777452539e+02 2.869993455333351e-16 9.722833868557235e-02
1 36 2.057676781300729e+02 3.624129751177399e-18 6.515665497007099e-02
0 132 2.060557972966097e+02 2.939524053076863e-16 9.722939295075030e-02
0 133 2.076071181522625e+02 3.022125846665985e-16 9.722892825906004e-02
0 134 2.091584439713409e+02 3.043906092247523e-16 9.722968741876424e-02
0 135 2.107097649137403e+02 3.113558299968227e-16 9.722865614135430e-02
1 37 2.113574482008672e+02 3.635561573764936e-18 6.515579268644155e-02
0 136 2.122610878948085e+02 3.178826456572718e-16 9.722845945044314e-02
0 137 2.138124088721714e+02 3.248602098572506e-16 9.722926686781326e-02
0 138 2.153637379613294e+02 3.283378986817323e-16 9.722842105584313e-02
0 139 2.169150556353888e+02 3.372860215328260e-16 9.722930226612471e-02
1 38 2.169471581813626e+02 3.628147516180594e-18 6.515738041043530e-02
0 140 2.184663773853678e+02 3.451394253778632e-16 9.722835284450800e-02
2 11 2.194089695322585e+02 1.662640698659387e-16 4.404005607797759e-02
0 141 2.200177008187610e+02 3.503872175698791e-16 9.722950379181215e-02
0 142 2.215690258487098e+02 3.575795749121625e-16 9.722785688719009e-02
1 39 2.225368963439597e+02 3.621231313162938e-18 6.515530865087736e-02
0 143 2.231203473805181e+02 3.669656044891670e-16 9.722842087417598e-02
0 144 2.246716678815813e+02 3.748463126723207e-16 9.722863822265322e-02
0 145 2.262229957435035e+02 3.785612949020053e-16 9.722873449897619e-02
0 146 2.277743139155578e+02 3.892894810810914e-16 9.722873870971276e-02
1 40 2.281266252648235e+02 3.635833115667096e-18 6.515843824669548e-02
0 147 2.293256369189951e+02 3.982528671883880e-16 9.722796547325890e-02
0 148 2.308769589357726e+02 4.080969740688930e-16 9.722910136735799e-02
0 149 2.324282873139901e+02 4.113820424583023e-16 9.722759713463069e-02
1 41 2.337163641401584e+02 3.620427159095599e-18 6.515763787353533e-02
0 150 2.339796066581546e+02 4.229973755339214e-16 9.722862087173235e-02
0 151 2.355309274449830e+02 4.350394038374474e-16 9.722805655536286e-02
0 152 2.370822528628968e+02 4.411826312467361e-16 9.722884593395967e-02
2 12 2.379635487603358e+02 1.437004928729771e-15 4.404095258866773e-02
0 153 2.386335738794957e+02 4.534510229339387e-16 9.722775175871561e-02
1 42 2.393060858694989e+02 3.648360385140481e-18 6.515652834713449e-02
0 154 2.401848966386155e+02 4.641913192381189e-16 9.722762375202257e-02
0 155 2.417362174956065e+02 4.749603897662272e-16 9.722841670679930e-02
0 156 2.432875465867106e+02 4.791235359892727e-16 9.722768866501311e-02
0 157 2.448388643241393e+02 4.951556941817686e-16 9.722857018568550e-02
1 43 2.448957801824456e+02 3.671620828366193e-18 6.515924119436874e-02
0 158 2.463901863898605e+02 5.074469116480029e-16 9.722762399734722e-02
0 159 2.479415099112383e+02 5.175539254038733e-16 9.722877882688828e-02
0 160 2.494928354223017e+02 5.272056362924838e-16 9.722710598007191e-02
1 44 2.504855454207350e+02 4.996908700090826e-16 6.515665218657959e-02
0 161 2.510441568617074e+02 5.403989732650375e-16 9.722769755080553e-02
0 162 2.525954773241974e+02 5.553512216980486e-16 9.722780740981261e-02
0 163 2.541468048928174e+02 5.610682700404179e-16 9.722792263353404e-02
0 164 2.556981229885442e+02 5.789148638131187e-16 9.722782512481858e-02
1 45 2.560752445343778e+02 4.996324569117762e-17 6.515801707766607e-02
2 13 2.565180889112809e+02 5.723583717773320e-14 4.404151881372306e-02
0 165 2.572494457978754e+02 5.929916677671383e-16 9.722710000602505e-02
0 166 2.588007675505075e+02 6.068664315317538e-16 9.722823114996626e-02
0 167 2.603520960249475e+02 6.140992440638491e-16 9.722679437129766e-02
1 46 2.616649616702528e+02 4.013271857027500e-18 6.515749259063688e-02
0 168 2.619034152391910e+02 6.315342472433026e-16 9.722788299848355e-02
0 169 2.634547362295494e+02 6.491464745644784e-16 9.722731408237265e-02
0 170 2.650060616900962e+02 6.584232642738569e-16 9.722815771952033e-02
0 171 2.665573832606619e+02 6.760453613811026e-16 9.722698391195807e-02
1 47 2.672547340775073e+02 3.618910400840506e-18 6.515613415314347e-02
0 172 2.681087061140842e+02 6.916977922856954e-16 9.722690354849431e-02
0 173 2.696600269706361e+02 7.095720632979502e-16 9.722762904590738e-02
0 174 2.712113559735718e+02 7.153080499053427e-16 9.722691880947185e-02
0 175 2.727626735171679e+02 7.402402174011848e-16 9.722770353890481e-02
1 48 2.728444407241227e+02 3.687062863521093e-18 6.515790207429772e-02
0 176 2.743139954521529e+02 7.587753432097217e-16 9.722674027541670e-02
2 14 2.750726477630214e+02 2.610136137519863e-15 4.403957423044762e-02
0 177 2.758653185944453e+02 7.735868271621086e-16 9.722791750993831e-02
0 178 2.774166442560003e+02 7.868382591196022e-16 9.722624555667815e-02
1 49 2.784341788681261e+02 1.550079421758393e-17 6.515592812991663e-02
0 179 2.789679654858845e+02 8.065094581203694e-16 9.722691510637158e-02
0 180 2.805192859958664e+02 8.281706904304020e-16 9.722701771532356e-02
0 181 2.820706135414409e+02 8.383236923469097e-16 9.722724151503422e-02
0 182 2.836219320265669e+02 8.640000608384358e-16 9.722706464214602e-02
1 50 2.840239147989457e+02 1.797311619574700e-16 6.515853354477645e-02
0 183 2.851732551042841e+02 8.834478924968042e-16 9.722636946928462e-02
0 184 2.867245769139760e+02 9.036024034243149e-16 9.722747211257182e-02
0 185 2.882759055744463e+02 9.130927430585085e-16 9.722605319343007e-02
1 51 2.896136496447192e+02 3.650243428675361e-18 6.515818482840646e-02
0 186 2.898272245769746e+02 9.409729535477040e-16 9.722710062272988e-02
0 187 2.913785454956619e+02 9.653447167654592e-16 9.722643912925155e-02
0 188 2.929298705505215e+02 9.812869631713746e-16 9.722731281085090e-02
2 15 2.936272314166451e+02 7.985983473920678e-18 4.404025843014826e-02
0 189 2.944811922141143e+02 1.004773346616453e-15 9.722608424645374e-02
1 52 2.952033751548043e+02 3.638836104973264e-18 6.515678558514322e-02
0 190 2.960325148404623e+02 1.027834932676066e-15 9.722607389781257e-02
0 191 2.975838355968568e+02 1.052905215521355e-15 9.722678448387247e-02
0 192 2.991351645863709e+02 1.062176342901517e-15 9.722619511440603e-02
0 193 3.006864822337408e+02 1.095711404599407e-15 9.722696730928625e-02
1 53 3.007930701769528e+02 3.729186689614379e-18 6.515986214881896e-02
0 194 3.022378044888347e+02 1.121869753653839e-15 9.722601157669558e-02
0 195 3.037891277216278e+02 1.144057752597053e-15 9.722718720103822e-02
0 196 3.053404538353749e+02 1.161147759406894e-15 9.722549885346010e-02
1 54 3.063828326095175e+02 3.647040027530322e-18 6.515742249092703e-02
0 197 3.068917749514569e+02 1.191300090567054e-15 9.722618925911937e-02
0 198 3.084430954221561e+02 1.220452468951631e-15 9.722618158926349e-02
0 199 3.099944226527998e+02 1.235518857278749e-15 9.722642478377699e-02
0 200 3.115457410891981e+02 1.271121254542857e-15 9.722614934499955e-02
1 55 3.119725334634496e+02 3.619320969843919e-18 6.515839054726116e-02
2 16 3.121817732835285e+02 3.524760925506409e-16 4.404143315931174e-02
0 201 3.130970639631865e+02 1.299119802398629e-15 9.722550815422813e-02
0 202 3.146483855281412e+02 1.329104235606968e-15 9.722660215155604e-02
0 203 3.161997142645709e+02 1.341309627584797e-15 9.722526031790030e-02
1 56 3.175622459006266e+02 3.619338200769040e-18 6.515832661948726e-02
0 204 3.177510331564134e+02 1.380245165565555e-15 9.722636492327028e-02
0 205 3.193023542987808e+02 1.413196039329934e-15 9.722570053005863e-02
0 206 3.208536794057005e+02 1.434119394565382e-15 9.722661996362414e-02
0 207 3.224050016301990e+02 1.465969514651245e-15 9.722531884691903e-02
1 57 3.231520198519061e+02 3.667503042220791e-18 6.515654627425167e-02
0 208 3.239563243222401e+02 1.498446067024706e-15 9.722535628548368e-02
0 209 3.255076450745898e+02 1.534306427310887e-15 9.722599261000869e-02
0 210 3.270589739397761e+02 1.545709602743306e-15 9.722542066943532e-02
0 211 3.286102914111982e+02 1.591699933805471e-15 9.722608981589868e-02
1 58 3.287417235204984e+02 3.618962441429603e-18 6.515844346658407e-02
0 212 3.301616135253929e+02 1.629526709071750e-15 9.722512953863104e-02
2 17 3.307363262791025e+02 1.516110083547577e-15 4.403997973223137e-02
0 213 3.317129363916229e+02 1.659849726354801e-15 9.722632341856115e-02
0 214 3.332642626493709e+02 1.683031523809285e-15 9.722464622831785e-02
1 59 3.343314608861664e+02 3.680576660146286e-18 6.515659308781897e-02
0 215 3.348155835598151e+02 1.724296876805011e-15 9.722541383652292e-02
0 216 3.363669040998813e+02 1.765602385049118e-15 9.722539936016779e-02
0 217 3.379182313109887e+02 1.783679543693892e-15 9.722574512303915e-02
0 218 3.394695501761120e+02 1.833272795193144e-15 9.722538628057496e-02
1 60 3.399212038838270e+02 2.526661128244881e-16 6.515861098130642e-02
0 219 3.410208732973645e+02 1.870122192874877e-15 9.722477937381722e-02
0 220 3.425721949143673e+02 1.909459460200988e-15 9.722584004222148e-02
0 221 3.441235237923524e+02 1.925740188415326e-15 9.722451874445320e-02
1 61 3.455109345230354e+02 2.240166389536613e-17 6.515868743694973e-02
0 222 3.456748424713058e+02 1.977212598353357e-15 9.722557122664734e-02
0 223 3.472261635381159e+02 2.024325158989567e-15 9.722482280971660e-02
0 224 3.487774882373176e+02 2.053532404157842e-15 9.722577174537754e-02
2 18 3.492909136591736e+02 3.544394838990353e-14 4.404041069489065e-02
0 225 3.503288105700645e+02 2.097228036352531e-15 9.722442452074745e-02
1 62 3.511006636027307e+02 3.678557863769015e-18 6.515709092569351e-02
0 226 3.518801330307913e+02 2.140832181425748e-15 9.722453296023335e-02
0 227 3.534314537033181e+02 2.187958949817670e-15 9.722515423911779e-02
0 228 3.549827825421496e+02 2.204825984225149e-15 9.722470498476155e-02
0 229 3.565341001602774e+02 2.267256908849793e-15 9.722534919515673e-02
1 63 3.566903605597474e+02 3.644747175634537e-18 6.516039540389955e-02
0 230 3.580854225954763e+02 2.315977655811015e-15 9.722440092190145e-02
0 231 3.596367455536069e+02 2.356172723460810e-15 9.722558810654011e-02
0 232 3.611880722303227e+02 2.384954801966099e-15 9.722390351565706e-02
1 64 3.622801199973135e+02 3.847278011485536e-18 6.515818890655119e-02
0 233 3.627393930077819e+02 2.438614713747557e-15 9.722468428979432e-02
0 234 3.642907135079425e+02 2.494109037321390e-15 9.722455794730413e-02
