0 0 1.283064044088461e+00 9.940864175303869e-16 9.885792781689756e-02
0 1 2.834391696660617e+00 9.976703093202999e-16 9.885719647150508e-02
0 2 4.385708212267625e+00 9.968077254889541e-16 9.885763200125884e-02
1 0 4.614902165470757e+00 3.751341191152769e-18 6.499854542031712e-02
0 3 5.937030040927839e+00 9.974002992166266e-16 9.885664627336328e-02
0 4 7.488352318761977e+00 9.987143097628241e-16 9.885817997848759e-02
0 5 9.039675476635832e+00 9.994163555320506e-16 9.885670281581825e-02
1 1 1.020474262429093e+01 2.133167214575432e-16 6.499677273236794e-02
0 6 1.059099435207438e+01 9.998907344037707e-16 9.885754496280208e-02
0 7 1.214231260594078e+01 9.985497892911815e-16 9.885716390090915e-02
0 8 1.369363988898673e+01 1.000522360745275e-15 9.885731674865490e-02
2 0 1.484381966959383e+01 6.680004328920609e-17 4.358285886347674e-02
0 9 1.524495717754656e+01 9.977604061510508e-16 9.885688257320445e-02
1 2 1.579447396934548e+01 9.082464612649240e-16 6.499672752381996e-02
0 10 1.679627892139577e+01 9.998168749116426e-16 9.885648305469723e-02
0 11 1.834759787979151e+01 9.998164270075120e-16 9.885789699559341e-02
0 12 1.989892388810208e+01 9.994040866890156e-16 9.885661547987336e-02
1 3 2.138422038004511e+01 4.146548638667736e-17 6.499847594623900e-02
0 13 2.145024099804565e+01 9.995910088010322e-16 9.885757801370532e-02
0 14 2.300156132942190e+01 9.974473089556507e-16 9.885653841477036e-02
0 15 2.455288655635083e+01 9.995549882444306e-16 9.885759372203703e-02
0 16 2.610420656008623e+01 9.970009322617936e-16 9.885645002857266e-02
1 4 2.697401593799648e+01 1.729506013050364e-14 6.499696317398866e-02
0 17 2.765552728552316e+01 9.984804130447672e-16 9.885678441317436e-02
0 18 2.920684501985147e+01 9.938643467251007e-16 9.885735068433274e-02
0 19 3.075817266922181e+01 9.954412865032571e-16 9.885664604813806e-02
0 20 3.230948906798511e+01 9.930765698998754e-16 9.885701444884537e-02
1 5 3.256372343210703e+01 2.192608843884962e-14 6.499910286390623e-02
2 1 3.339846396092783e+01 2.128744832273053e-17 4.358234949610904e-02
0 21 3.386081081732511e+01 9.924089263846364e-16 9.885604723052584e-02
0 22 3.541213257812187e+01 9.901020521231109e-16 9.885758823361288e-02
0 23 3.696345570211443e+01 9.902039222250381e-16 9.885614068038936e-02
1 6 3.815349874284517e+01 3.625808440837786e-18 6.499783094666331e-02
0 24 3.851477428060810e+01 9.897332540076292e-16 9.885707496028646e-02
0 25 4.006609272377650e+01 9.863538672433171e-16 9.885665312013808e-02
0 26 4.161742002011595e+01 9.868137769927838e-16 9.885688493612796e-02
0 27 4.316873759766126e+01 9.833170242857513e-16 9.885639850810279e-02
1 7 4.374325142673491e+01 3.631525348597268e-18 6.499758801197751e-02
0 28 4.472005953415566e+01 9.837573659033023e-16 9.885606686009062e-02
0 29 4.627137861118368e+01 9.807005888536621e-16 9.885740248840294e-02
0 30 4.782270495617619e+01 9.801094586490895e-16 9.885608931915847e-02
1 8 4.933302529972206e+01 3.631731928048743e-18 6.499761059492642e-02
0 31 4.937402190544325e+01 9.766900355775382e-16 9.885699408322020e-02
0 32 5.092534227111515e+01 9.727007069614112e-16 9.885592832012564e-02
2 2 5.195308641951608e+01 6.273144721745193e-15 4.358055756363928e-02
0 33 5.247666711284428e+01 9.732539089949814e-16 9.885702830598900e-02
0 34 5.402798710643249e+01 9.695512895141557e-16 9.885583529929692e-02
1 9 5.492280647242142e+01 3.653498301954666e-18 6.499525647647160e-02
0 35 5.557930739226998e+01 9.685548164535711e-16 9.885626266398916e-02
0 36 5.713062497370468e+01 9.634881928345478e-16 9.885681208861512e-02
0 37 5.868195273391602e+01 9.634673816555295e-16 9.885620412200082e-02
0 38 6.023326927462257e+01 9.578114958204867e-16 9.885651229416692e-02
1 10 6.051254547263837e+01 3.638407205112149e-18 6.499760939508928e-02
0 39 6.178459123055726e+01 9.563530196641412e-16 9.885559482520306e-02
0 40 6.333591298418742e+01 9.547196646937387e-16 9.885715661048727e-02
0 41 6.488723667643241e+01 9.514765979885195e-16 9.885566604611966e-02
1 11 6.610238584600775e+01 3.629658971925392e-18 6.499598597187570e-02
0 42 6.643855524036692e+01 9.494636401746733e-16 9.885656043705787e-02
0 43 6.798987375095940e+01 9.436820348090257e-16 9.885603370278702e-02
0 44 6.954120080100593e+01 9.435202805180790e-16 9.885633629781432e-02
2 3 7.050766848828017e+01 8.754827578764158e-14 4.358198137739996e-02
0 45 7.109251837647348e+01 9.392257035269015e-16 9.885577098439677e-02
1 12 7.169212432968742e+01 3.636041192378380e-18 6.499541158444744e-02
0 46 7.264383998158115e+01 9.364734043273659e-16 9.885549166298270e-02
0 47 7.419515858428170e+01 9.313148034509068e-16 9.885682233665581e-02
0 48 7.574648498408880e+01 9.306778663432408e-16 9.885560844288992e-02
1 13 7.728186766164046e+01 1.077828203224610e-13 6.499751959758128e-02
0 49 7.729780191599806e+01 9.235286645622564e-16 9.885651555574275e-02
0 50 7.884912256213612e+01 9.198269622533843e-16 9.885543654205314e-02
0 51 8.040044731678842e+01 9.199832672621372e-16 9.885660713676947e-02
0 52 8.195176782417280e+01 9.151168411583525e-16 9.885538294912742e-02
1 14 8.287167125576691e+01 1.108746644209004e-14 6.499600950999868e-02
0 53 8.350308826643057e+01 9.119279301560101e-16 9.885582251106244e-02
0 54 8.505440597078643e+01 9.059244891651954e-16 9.885622617671799e-02
0 55 8.660573368522847e+01 9.057598960453083e-16 9.885565362822889e-02
0 56 8.815705012866759e+01 8.978301506541686e-16 9.885589226784053e-02
1 15 8.846137726173836e+01 2.032935654605843e-16 6.499799367213559e-02
2 4 8.906230555301264e+01 5.831343387986354e-16 4.358191277027244e-02
0 57 8.970837197583468e+01 8.953395124813296e-16 9.885499840736434e-02
0 58 9.125969320378042e+01 8.915674698702001e-16 9.885656249101174e-02
0 59 9.281101686459840e+01 8.883436702524143e-16 9.885511355169366e-02
1 16 9.405114862057840e+01 8.389447202208255e-18 6.499718858034126e-02
0 60 9.436233516289094e+01 8.819300688355992e-16 9.885609212968764e-02
0 61 9.591365389325132e+01 8.771966717736553e-16 9.885552507788871e-02
0 62 9.746498093329980e+01 8.768442328059055e-16 9.885590560801093e-02
0 63 9.901629882605781e+01 8.686277473702594e-16 9.885529227024034e-02
1 17 9.964090540993300e+01 5.253838122784756e-16 6.499658452578727e-02
0 64 1.005676206213268e+02 8.654312557512671e-16 9.885507808874645e-02
0 65 1.021189393577399e+02 8.591308403857447e-16 9.885631631230637e-02
0 66 1.036702660459337e+02 8.580776961590263e-16 9.885507750017733e-02
0 67 1.052215828158721e+02 8.522113277605096e-16 9.885592374084494e-02
1 18 1.052306658416416e+02 6.863913656965916e-16 6.499698428658961e-02
0 68 1.067729034858120e+02 8.457560015787137e-16 9.885482937496319e-02
2 5 1.076169341891826e+02 1.767993290568823e-17 4.358006810257143e-02
0 69 1.083242278345230e+02 8.431112338718131e-16 9.885603770382648e-02
0 70 1.098755483292666e+02 8.376939643640834e-16 9.885477342801306e-02
1 19 1.108204497954033e+02 1.484433620224945e-15 6.499469218489011e-02
0 71 1.114268683354016e+02 8.337184025743725e-16 9.885530864016549e-02
0 72 1.129781859433266e+02 8.253741910877673e-16 9.885569183497810e-02
0 73 1.145295137563053e+02 8.251438553638312e-16 9.885521422895860e-02
0 74 1.160808303627265e+02 8.166629052937982e-16 9.885538979636838e-02
1 20 1.164101894807778e+02 4.662142283789876e-14 6.499664395647398e-02
0 75 1.176321524042187e+02 8.135241439156718e-16 9.885455338258621e-02
0 76 1.191834736448544e+02 8.076494508247894e-16 9.885612506910717e-02
0 77 1.207347978591385e+02 8.039545124131223e-16 9.885463351746404e-02
1 21 1.220000273890142e+02 3.686648017190876e-18 6.499522063424293e-02
0 78 1.222861161196616e+02 7.972952759470973e-16 9.885556613749658e-02
0 79 1.238374349161847e+02 7.910500983309331e-16 9.885490568722616e-02
0 80 1.253887616856965e+02 7.896344537178657e-16 9.885535658095741e-02
2 6 1.261715153705750e+02 1.319347873703228e-16 4.358142297133488e-02
0 81 1.269400795862041e+02 7.824568042107546e-16 9.885466592595141e-02
1 22 1.275897732421605e+02 3.634084779095505e-18 6.499417122278317e-02
0 82 1.284914010219150e+02 7.775728897143088e-16 9.885450904064326e-02
0 83 1.300427193179580e+02 7.698671420872138e-16 9.885573962939777e-02
0 84 1.315940460684531e+02 7.696195126891293e-16 9.885460408336808e-02
0 85 1.331453628500252e+02 7.606928611276505e-16 9.885543955200071e-02
1 23 1.331795140183762e+02 3.627707430665436e-18 6.499657493075753e-02
0 86 1.346966837896794e+02 7.549341804366037e-16 9.885434215475229e-02
0 87 1.362480080499074e+02 7.524591326112237e-16 9.885561683952239e-02
0 88 1.377993290802522e+02 7.460634162779403e-16 9.885432248512151e-02
1 24 1.387693254517947e+02 3.624547791887484e-18 6.499507206924446e-02
0 89 1.393506492276733e+02 7.406516177725001e-16 9.885486101425150e-02
0 90 1.409019669583845e+02 7.330149803652704e-16 9.885509814294136e-02
0 91 1.424532946854013e+02 7.306857314814793e-16 9.885466402736282e-02
0 92 1.440046112147171e+02 7.232132056302257e-16 9.885476808342200e-02
1 25 1.443590320101270e+02 3.635924319516065e-18 6.499679506961901e-02
2 7 1.447261438333465e+02 1.226748793984213e-14 4.358190687973375e-02
0 93 1.455559331162784e+02 7.178756569041665e-16 9.885395978888621e-02
0 94 1.471072538267221e+02 7.122440978757086e-16 9.885552915316047e-02
0 95 1.486585780127275e+02 7.089497149104218e-16 9.885409081599440e-02
1 26 1.499487988474918e+02 3.693680938357363e-18 6.499648877672021e-02
0 96 1.502098960407458e+02 7.009933035085607e-16 9.885509813322965e-02
0 97 1.517612150813265e+02 6.944260292192308e-16 9.885439927329376e-02
0 98 1.533125418188816e+02 6.913456147857619e-16 9.885492699904676e-02
0 99 1.548638600656713e+02 6.852750182128865e-16 9.885419278271980e-02
1 27 1.555385605285608e+02 3.624394574521269e-18 6.499557971426433e-02
0 100 1.564151816894626e+02 6.787914684588608e-16 9.885409692951802e-02
0 101 1.579665001327534e+02 6.717622961023236e-16 9.885522196512746e-02
0 102 1.595178271214165e+02 6.689138496085293e-16 9.885406891647486e-02
0 103 1.610691437437696e+02 6.607199964334104e-16 9.885484075762797e-02
1 28 1.611283081115602e+02 3.642900909547710e-18 6.499635991998574e-02
0 104 1.626204646937899e+02 6.561939002121811e-16 9.885373796519954e-02
2 8 1.632807788091440e+02 3.060166340011095e-16 4.358028488171248e-02
0 105 1.641717885286476e+02 6.519339015478533e-16 9.885504308543987e-02
0 106 1.657231095428828e+02 6.457643671322907e-16 9.885371875259572e-02
1 29 1.667180936632010e+02 4.985674966646622e-14 6.499417177543088e-02
0 107 1.672744292625407e+02 6.403112629798513e-16 9.885435447454728e-02
0 108 1.688257469520942e+02 6.299489316202307e-16 9.885456793738136e-02
0 109 1.703770747625775e+02 6.295763219010177e-16 9.885422673096284e-02
0 110 1.719283914763114e+02 6.192042381977014e-16 9.885426654432887e-02
1 30 1.723078344895868e+02 3.386033538564786e-15 6.499567213443755e-02
0 111 1.734797135616335e+02 6.153819401286657e-16 9.885352201055973e-02
0 112 1.750310343065566e+02 6.083504661257602e-16 9.885508491256358e-02
0 113 1.765823590250863e+02 6.067080779148161e-16 9.885360489394737e-02
1 31 1.778976674563581e+02 8.412972970432217e-18 6.499446451076418e-02
0 114 1.781336769936557e+02 5.990054568896977e-16 9.885456054987714e-02
0 115 1.796849960977276e+02 5.912750139507983e-16 9.885378077918866e-02
0 116 1.812363225417722e+02 5.890163700353925e-16 9.885437705251968e-02
2 9 1.818353622932129e+02 4.319335780217955e-16 4.358156540166735e-02
0 117 1.827876408038711e+02 5.812353476137484e-16 9.885356804023662e-02
1 32 1.834874206708593e+02 9.341945999263244e-17 6.499305146535249e-02
0 118 1.843389620431575e+02 5.758571250714166e-16 9.885353436579535e-02
0 119 1.858902800853500e+02 5.676233172504056e-16 9.885464920917614e-02
0 120 1.874416071419526e+02 5.675638669679377e-16 9.885360231207815e-02
0 121 1.889929238036988e+02 5.573986952494726e-16 9.885435122569121e-02
1 33 1.890771594066842e+02 8.384028180588569e-16 6.499560720869527e-02
0 122 1.905442450097453e+02 5.529915997796968e-16 9.885325594990781e-02
0 123 1.920955687587522e+02 5.467809947204644e-16 9.885462197666073e-02
0 124 1.936468903266611e+02 5.419262731014651e-16 9.885326821365673e-02
1 34 1.946669783912768e+02 1.523248075063206e-16 6.499416618160508e-02
0 125 1.951982101707239e+02 5.370952641477065e-16 9.885389823200395e-02
0 126 1.967495279818723e+02 5.274935351499905e-16 9.885396754862714e-02
0 127 1.983008556687475e+02 5.275466899864535e-16 9.885367708721353e-02
0 128 1.998521723255323e+02 5.176256622366701e-16 9.885364385690619e-02
1 35 2.002566870957351e+02 8.410984346024237e-15 6.499551061024542e-02
2 10 2.003899819920295e+02 8.147507021891832e-18 4.358266578899606e-02
0 129 2.014034942386028e+02 5.136516548980394e-16 9.885293148435843e-02
0 130 2.029548144533940e+02 5.079667107442351e-16 9.885448784879318e-02
0 131 2.045061391474981e+02 5.043755712783105e-16 9.885307202852026e-02
1 36 2.058464492580149e+02 1.086227314275358e-13 6.499571656007054e-02
0 132 2.060574569180385e+02 4.948904521167360e-16 9.885409152539358e-02
0 133 2.076087762841534e+02 4.874273535796839e-16 9.885327670753526e-02
0 134 2.091601026761874e+02 4.874731426715848e-16 9.885394855452984e-02
0 135 2.107114213138822e+02 4.795131471395387e-16 9.885310048232611e-02
1 37 2.114362164170543e+02 3.737417606300776e-18 6.499459505195149e-02
0 136 2.122627427391672e+02 4.729852117231290e-16 9.885312247062465e-02
0 137 2.138140609403270e+02 4.672136200711704e-16 9.885411995781636e-02
0 138 2.153653881837983e+02 4.649762278515781e-16 9.885306353186961e-02
0 139 2.169167046929400e+02 4.573412014342793e-16 9.885374644977540e-02
1 38 2.170259523514481e+02 3.624574446697180e-18 6.499570845116949e-02
0 140 2.184680258930437e+02 4.508956844165799e-16 9.885265472991461e-02
2 11 2.189446235252932e+02 5.165166317852309e-16 4.358142422270328e-02
0 141 2.200193491987963e+02 4.462797814740227e-16 9.885404371079062e-02
0 142 2.215706707463607e+02 4.423266166763404e-16 9.885267084511169e-02
1 39 2.226157382195497e+02 3.626613420159788e-18 6.499367793095834e-02
0 143 2.231219901757025e+02 4.361682020392896e-16 9.885339831578568e-02
0 144 2.246733079986895e+02 4.269446660846317e-16 9.885344133400012e-02
0 145 2.262246357515963e+02 4.277313262900697e-16 9.885324152649808e-02
0 146 2.277759526148277e+02 4.199354582955274e-16 9.885314441777222e-02
1 40 2.282054807960277e+02 3.647587833482749e-18 6.499469338065067e-02
0 147 2.293272747030538e+02 4.160353090417425e-16 9.885250064568767e-02
0 148 2.308785949754879e+02 4.083538596670135e-16 9.885403582720223e-02
0 149 2.324299201751446e+02 4.056160874376079e-16 9.885257989676763e-02
1 41 2.337953062788950e+02 3.673251971902061e-18 6.499373353715246e-02
0 150 2.339812378666391e+02 3.991962449225688e-16 9.885354244489308e-02
0 151 2.355325572919100e+02 3.923450974087083e-16 9.885265987478437e-02
0 152 2.370838833686325e+02 3.892417671251485e-16 9.885339710117945e-02
2 12 2.374992125433983e+02 2.232749841515332e-14 4.358243767514242e-02
0 153 2.386352020268756e+02 3.825777173395381e-16 9.885247774308416e-02
1 42 2.393850666676976e+02 3.645083266315073e-18 6.499202035180654e-02
0 154 2.401865230463914e+02 3.793578211189838e-16 9.885256664761582e-02
0 155 2.417378408904263e+02 3.718282212187339e-16 9.885355153098807e-02
0 156 2.432891682052851e+02 3.696437521720639e-16 9.885260308373262e-02
0 157 2.448404847803175e+02 3.609832987508937e-16 9.885325218411320e-02
1 43 2.449748039074320e+02 3.650475860058510e-18 6.499464815373571e-02
0 158 2.463918062206987e+02 3.577384102754694e-16 9.885217854154488e-02
0 159 2.479431294473059e+02 3.533474594624563e-16 9.885362171014928e-02
0 160 2.494944515623141e+02 3.490604523297737e-16 9.885221966904986e-02
1 44 2.505646297185338e+02 3.656921703413272e-18 6.499327072511929e-02
0 161 2.510457710975651e+02 3.433291592832256e-16 9.885293238799657e-02
0 162 2.525970890398809e+02 3.371759903322249e-16 9.885283539096545e-02
0 163 2.541484166341600e+02 3.359412047149141e-16 9.885269259684927e-02
0 164 2.556997334600511e+02 3.276906206906093e-16 9.885252137857514e-02
2 13 2.560538239873125e+02 5.405619334794542e-16 4.358399494707727e-02
1 45 2.561543421638461e+02 2.010754683746364e-14 6.499418124464372e-02
0 165 2.572510553431321e+02 3.239720314847786e-16 9.885191346494814e-02
0 166 2.588023750904405e+02 3.183408153983866e-16 9.885343831515581e-02
0 167 2.603537002701795e+02 3.158160757918444e-16 9.885205680001573e-02
1 46 2.617440995553953e+02 6.563287582074924e-16 6.499487033460730e-02
0 168 2.619050177989655e+02 3.087874237856540e-16 9.885307121191710e-02
0 169 2.634563374979894e+02 3.036421022873899e-16 9.885215835741192e-02
0 170 2.650076635050551e+02 3.014893408857822e-16 9.885296963888901e-02
0 171 2.665589825680875e+02 2.944357972375948e-16 9.885201558521370e-02
1 47 2.673338728017218e+02 3.650350034429332e-18 6.499364408016696e-02
0 172 2.681103037710911e+02 2.912714048028237e-16 9.885215364778184e-02
0 173 2.696616217837802e+02 2.847331396358128e-16 9.885301091829231e-02
0 174 2.712129492339360e+02 2.836827465402437e-16 9.885206132859971e-02
0 175 2.727642656665252e+02 2.773229301462118e-16 9.885264247627787e-02
1 48 2.729235985868697e+02 3.307518601252509e-16 6.499496976875718e-02
0 176 2.743155870819089e+02 2.726790485852693e-16 9.885158024632318e-02
2 14 2.746084714114400e+02 2.649517837175490e-16 4.358300642406053e-02
0 177 2.758669098491790e+02 2.689164016098652e-16 9.885303886952586e-02
0 178 2.774182319390637e+02 2.649330883375795e-16 9.885162922769526e-02
1 49 2.785133837520424e+02 8.599548471637426e-16 6.499319396841517e-02
0 179 2.789695510770517e+02 2.594334969179993e-16 9.885243823696829e-02
0 180 2.805208690809100e+02 2.535492392870059e-16 9.885231300634582e-02
0 181 2.820721967218981e+02 2.518532963081826e-16 9.885225846067940e-02
0 182 2.836235137769978e+02 2.469145450790955e-16 9.885202508974433e-02
1 50 2.841031283699084e+02 2.806819627353980e-16 6.499371986383450e-02
0 183 2.851748358286967e+02 2.426895933872190e-16 9.885148908847842e-02
0 184 2.867261556575801e+02 2.376328793292860e-16 9.885297763594283e-02
0 185 2.882774813101496e+02 2.367009652646751e-16 9.885155830653151e-02
1 51 2.896929443133357e+02 2.795188355963531e-14 6.499300548263257e-02
0 186 2.898287987429006e+02 2.311501565018091e-16 9.885251095882179e-02
0 187 2.913801184948803e+02 2.255934270816977e-16 9.885154383363813e-02
0 188 2.929314441659587e+02 2.236113685697261e-16 9.885241605621062e-02
2 15 2.931630678579643e+02 8.065080520935573e-18 4.358346398951681e-02
0 189 2.944827632524572e+02 2.190081521922811e-16 9.885139524308131e-02
1 52 2.952827113395390e+02 3.647596115623066e-18 6.499110797773586e-02
0 190 2.960340840324911e+02 2.153455296229995e-16 9.885160472720360e-02
0 191 2.975854017359697e+02 2.095748661396375e-16 9.885244715979272e-02
0 192 2.991367292584998e+02 2.091051813831061e-16 9.885160638192370e-02
0 193 3.006880457822597e+02 2.029202042488191e-16 9.885214432304334e-02
1 53 3.008724477106970e+02 3.635741945062497e-18 6.499367687558132e-02
0 194 3.022393674210150e+02 1.989338486424173e-16 9.885111044897546e-02
0 195 3.037906901198779e+02 1.954621515259166e-16 9.885261523716038e-02
0 196 3.053420127861581e+02 1.927414760872809e-16 9.885117636807776e-02
1 54 3.064622792487604e+02 3.629175921266515e-18 6.499239240596666e-02
0 197 3.068933320101816e+02 1.882227976700278e-16 9.885196165318989e-02
0 198 3.084446501299906e+02 1.840055979083933e-16 9.885170268317611e-02
0 199 3.099959775799620e+02 1.827683314336818e-16 9.885171028139128e-02
0 200 3.115472946163035e+02 1.766879635882728e-16 9.885140222469760e-02
2 16 3.117176715091713e+02 1.481555905316645e-15 4.358520243105301e-02
1 55 3.120519968385523e+02 3.641519267043864e-18 6.499281827503080e-02
0 201 3.130986164299918e+02 1.738515278447222e-16 9.885090555246827e-02
0 202 3.146499357440120e+02 1.696808117668810e-16 9.885238040596919e-02
0 203 3.162012613817109e+02 1.679836608596839e-16 9.885104480360803e-02
1 56 3.176417494963532e+02 3.625028986013219e-18 6.499397703624094e-02
0 204 3.177525786874435e+02 1.629187125270671e-16 9.885203652692647e-02
0 205 3.193038987188054e+02 1.602096781729340e-16 9.885104516461149e-02
0 206 3.208552243054331e+02 1.566476871736233e-16 9.885198954243354e-02
0 207 3.224065438252952e+02 1.548903774457812e-16 9.885093811067373e-02
1 57 3.232315293322100e+02 3.625933568039149e-18 6.499269406856681e-02
0 208 3.239578647854637e+02 1.503342795851173e-16 9.885118924614729e-02
0 209 3.255091826650956e+02 1.465864324895302e-16 9.885189557862295e-02
0 210 3.270605102718351e+02 1.461721194456979e-16 9.885106229291525e-02
0 211 3.286118266664361e+02 1.411746539806834e-16 9.885153074199329e-02
1 58 3.288212468926941e+02 3.713146890639318e-18 6.499416298023560e-02
0 212 3.301631482585822e+02 1.375162367638386e-16 9.885051501744344e-02
2 17 3.302723226755573e+02 3.843167436617102e-14 4.358430408541898e-02
0 213 3.317144704841159e+02 1.354656228684617e-16 9.885202789501288e-02
0 214 3.332657931201849e+02 1.329196191981625e-16 9.885059339413821e-02
1 59 3.344110301655788e+02 3.624649139113568e-18 6.499269019954000e-02
0 215 3.348171119684999e+02 2.559682723382357e-14 9.885147227655505e-02
0 216 3.363684301953570e+02 1.256086208751608e-16 9.885118396484964e-02
0 217 3.379197576713704e+02 1.237920763837873e-16 9.885127731244742e-02
0 218 3.394710749604966e+02 1.194253240216593e-16 9.885090999263908e-02
1 60 3.400007774385334e+02 7.834373660305765e-14 6.499275730956229e-02
0 219 3.410223969383084e+02 1.173011098733644e-16 9.885048699534028e-02
0 220 3.425737163579832e+02 1.137211199824306e-16 9.885191030200778e-02
0 221 3.441250424304819e+02 1.125873360301561e-16 9.885053996163656e-02
1 61 3.455905819668384e+02 6.731438448481091e-15 6.499229154018724e-02
0 222 3.456763596262700e+02 1.091147985883587e-16 9.885146565781648e-02
0 223 3.472276797023839e+02 1.050994703935984e-16 9.885043347184898e-02
0 224 3.487790049334731e+02 1.052028152052012e-16 9.885143319661720e-02
2 18 3.488269270690828e+02 6.675023378741513e-16 4.358401310508626e-02
0 225 3.503303244774426e+02 1.008470523451196e-16 9.885032056412742e-02
1 62 3.511803549801041e+02 5.769729129319212e-17 6.499030805353533e-02
0 226 3.518816450018049e+02 9.761221928808150e-17 9.885064728047135e-02
0 227 3.534329626231958e+02 9.492499575321441e-17 9.885133675878874e-02
0 228 3.549842903006504e+02 9.383891002125512e-17 9.885061220231695e-02
0 229 3.565356068106003e+02 9.091277518864844e-17 9.885102972006810e-02
1 63 3.567700909910949e+02 2.844161605869319e-17 6.499267435244684e-02
0 230 3.580869286089402e+02 8.833917992457201e-17 9.885005208521516e-02
0 231 3.596382507807090e+02 8.578930454781595e-17 9.885160180942905e-02
0 232 3.611895739968597e+02 8.388338028989873e-17 9.885013783252629e-02
1 64 3.623599270083380e+02 6.930033024415694e-16 6.499152280031266e-02
0 233 3.627408929102905e+02 8.142871902997781e-17 9.885098419138098e-02
0 234 3.642922112485517e+02 7.924444243554711e-17 9.885057043999297e-02
