0 0 1.248704621283592e+00 4.657272867550148e-18 1.056693541837772e-01
0 1 2.800037202730831e+00 4.998034624118539e-18 1.056682682095476e-01
0 2 4.351357700679773e+00 4.994990939732037e-18 1.056695130760943e-01
1 0 4.480887921461580e+00 3.632301362733962e-18 6.540755815061028e-02
0 3 5.902678903407849e+00 5.249467252093770e-18 1.056683746271298e-01
0 4 7.454004938310280e+00 4.820691700101052e-18 1.056701075927285e-01
0 5 9.005325419277378e+00 5.414380595966577e-18 1.056681205424481e-01
1 1 1.007063359364109e+01 3.675374907564161e-18 6.540413799391961e-02
0 6 1.055665078075437e+01 5.158135133228030e-18 1.056687676377561e-01
0 7 1.210796836318882e+01 5.329579683118145e-18 1.056687492794421e-01
0 8 1.365930239160479e+01 4.987152508427539e-18 1.056690313035360e-01
0 9 1.521061939976780e+01 5.233269627442246e-18 1.056693297463220e-01
2 0 1.527478445362189e+01 3.198804109765855e-16 4.353907416974493e-02
1 2 1.566033613761998e+01 3.609292315219247e-18 6.540560745638117e-02
0 10 1.676194272869718e+01 5.404726343593904e-18 1.056684514413275e-01
0 11 1.831326357726463e+01 5.311857011837518e-18 1.056699489454277e-01
0 12 1.986459067442786e+01 5.144507521541725e-18 1.056679364895763e-01
1 3 2.125003464122221e+01 3.608642738675832e-18 6.540617387495452e-02
0 13 2.141591422580015e+01 4.632611207089381e-18 1.056692654283649e-01
0 14 2.296723336564405e+01 5.310221960584525e-18 1.056685058654657e-01
0 15 2.451856458108638e+01 5.474467826368174e-18 1.056698883648202e-01
0 16 2.606988156028005e+01 5.383196340027302e-18 1.056688220986271e-01
1 4 2.683980317331388e+01 3.603896352728561e-18 6.540316893888291e-02
0 17 2.762120673274907e+01 5.133008166785681e-18 1.056686552346361e-01
0 18 2.917252478366580e+01 5.221299515514345e-18 1.056694495568140e-01
0 19 3.072385756446044e+01 5.630896212579060e-18 1.056684034012887e-01
0 20 3.227517743676032e+01 5.301871346764620e-18 1.056695641007242e-01
1 5 3.242950302239974e+01 3.637899191756515e-18 6.540609290544977e-02
0 21 3.382649848743220e+01 5.198887292960116e-18 1.056684365269573e-01
2 1 3.382938471087302e+01 1.845696578933781e-14 4.353852331973801e-02
0 22 3.537782392366510e+01 5.537901401343953e-18 1.056701987360000e-01
0 23 3.692914479528788e+01 5.447628111502381e-18 1.056681775559226e-01
1 6 3.801923495626970e+01 3.662740688079699e-18 6.540323816628911e-02
0 24 3.848047005100409e+01 5.370610707523665e-18 1.056689188770520e-01
0 25 4.003178779445907e+01 5.109466590750652e-18 1.056688953636517e-01
0 26 4.158312206746521e+01 5.709841681633045e-18 1.056693233725839e-01
0 27 4.313443925879254e+01 6.042871467400994e-18 1.056695093826001e-01
1 7 4.360900356208923e+01 1.978256316542098e-14 6.540537348691990e-02
0 28 4.468576291978250e+01 5.443309625231774e-18 1.056686483479311e-01
0 29 4.623708352153388e+01 5.775674395857945e-18 1.056700935711746e-01
0 30 4.778841119312422e+01 5.429273000864357e-18 1.056680936665441e-01
1 8 4.919872813372445e+01 1.252297950232996e-14 6.540613149632504e-02
0 31 4.933973439108249e+01 5.606646968685486e-18 1.056693809952314e-01
0 32 5.089105333861425e+01 5.432267133414224e-18 1.056685340661019e-01
2 2 5.238397065707770e+01 3.750608222369224e-16 4.353700419678876e-02
0 33 5.244238383450461e+01 5.602221087503588e-18 1.056699887205662e-01
0 34 5.399370082068452e+01 5.503911068349064e-18 1.056688500960671e-01
1 9 5.478846305062669e+01 1.914157472535211e-16 6.540363711136205e-02
0 35 5.554502601586388e+01 5.766384980372895e-18 1.056687617807087e-01
0 36 5.709634391714312e+01 5.584874151712079e-18 1.056695235685172e-01
0 37 5.864767710143730e+01 5.339813140427071e-18 1.056686484291870e-01
0 38 6.019899702791982e+01 5.588004936392099e-18 1.056697997990264e-01
1 10 6.037817270415908e+01 1.135248028249186e-16 6.540823179484856e-02
0 39 6.175031860025895e+01 5.836853944104547e-18 1.056686565311942e-01
0 40 6.330164375477605e+01 5.582753881115953e-18 1.056703909457885e-01
0 41 6.485296516055537e+01 5.505705461477691e-18 1.056683199084948e-01
1 11 6.596791650076007e+01 9.479702313237225e-18 6.540525054834528e-02
0 42 6.640429037495410e+01 5.984044663312102e-18 1.056690902138417e-01
0 43 6.795560804413549e+01 5.670365178844424e-18 1.056689339528593e-01
0 44 6.950694184486461e+01 5.743744512273597e-18 1.056694275390410e-01
2 3 7.093859778602268e+01 8.346206224691680e-18 4.353859763277750e-02
0 45 7.105825856963621e+01 5.393000540747839e-18 1.056695308393400e-01
1 12 7.155762237102230e+01 2.227741127845057e-17 6.540615488145124e-02
0 46 7.260958225193784e+01 5.817250729367957e-18 1.056687416159650e-01
0 47 7.416090249866896e+01 5.643697966799889e-18 1.056701533708863e-01
0 48 7.571223066439308e+01 5.910964526973067e-18 1.056682378268148e-01
1 13 7.714731695794924e+01 3.260384835663093e-15 6.540738259879765e-02
0 49 7.726355375493029e+01 5.889926271739715e-18 1.056696076578143e-01
0 50 7.881487320557819e+01 5.555257300220205e-18 1.056687528368280e-01
0 51 8.036620362847796e+01 5.804697306858970e-18 1.056702414307569e-01
0 52 8.191752094662004e+01 6.059848665607318e-18 1.056689814410431e-01
1 14 8.273708293570091e+01 4.140314212948592e-14 6.540399349488753e-02
0 53 8.346884627399240e+01 5.878007169075076e-18 1.056689503460338e-01
0 54 8.502016411282675e+01 5.552958923042390e-18 1.056696114246139e-01
0 55 8.657149740879281e+01 5.823524827293362e-18 1.056687800386299e-01
0 56 8.812281670034371e+01 6.029335696624294e-18 1.056698430222815e-01
1 15 8.832678022987757e+01 3.636799945644130e-18 6.540688180965328e-02
2 4 8.949320474734279e+01 3.793333037301401e-16 4.353814139267594e-02
0 57 8.967413813963161e+01 5.865867034287626e-18 1.056687234720237e-01
0 58 9.122546272498214e+01 5.873228225813402e-18 1.056704769907691e-01
0 59 9.277678455798976e+01 6.029234209911207e-18 1.056683843313400e-01
1 16 9.391650890779719e+01 3.734176914214280e-18 6.540440791914279e-02
0 60 9.432810964686385e+01 5.688979898690067e-18 1.056692498969124e-01
0 61 9.587942752662987e+01 6.032699259469381e-18 1.056690909237405e-01
0 62 9.743076152953057e+01 5.605604400060439e-18 1.056697188233604e-01
0 63 9.898207846090142e+01 5.858910394005992e-18 1.056697010293732e-01
1 17 9.950628173747366e+01 3.618893801071604e-18 6.540569417213170e-02
0 64 1.005334024473351e+02 5.946501641192567e-18 1.056689362171974e-01
0 65 1.020847224735602e+02 6.033292285503291e-18 1.056702906314814e-01
0 66 1.036360511845668e+02 6.293806021633932e-18 1.056683957985268e-01
1 18 1.050960024313341e+02 3.638241300096631e-18 6.540698051185895e-02
0 67 1.051873738733326e+02 6.096375361517370e-18 1.056697135034302e-01
0 68 1.067386931279515e+02 6.431319840096598e-18 1.056687843245056e-01
2 5 1.080477851715441e+02 1.148637014084232e-16 4.353609994709865e-02
0 69 1.082900228264755e+02 6.000954543064631e-18 1.056703401222104e-01
0 70 1.098413402258664e+02 6.412608796134610e-18 1.056690113311037e-01
1 19 1.106857402124663e+02 3.605827161471119e-18 6.540418769258512e-02
0 71 1.113926655562398e+02 6.017596481826503e-18 1.056690599626862e-01
0 72 1.129439832836253e+02 6.274058585034807e-18 1.056696913783273e-01
0 73 1.144953169507854e+02 5.922815289968155e-18 1.056690356516562e-01
0 74 1.160466363200753e+02 6.165912676189807e-18 1.056700719887406e-01
1 20 1.162754571055635e+02 3.604231000460705e-18 6.540881962874751e-02
0 75 1.175979582650638e+02 6.359080175910230e-18 1.056689406515880e-01
0 76 1.191492825631845e+02 6.368867984507198e-18 1.056706603889641e-01
0 77 1.207006049586573e+02 6.403566624542387e-18 1.056685309801539e-01
1 21 1.218651987783277e+02 3.604866658199654e-18 6.540635422964880e-02
0 78 1.222519299672836e+02 6.154121449200830e-18 1.056694165861154e-01
0 79 1.238032477629201e+02 6.136107478910662e-18 1.056691261704342e-01
0 80 1.253545812239178e+02 6.292022504764196e-18 1.056698206382098e-01
2 6 1.266024085942051e+02 1.003428755464111e-14 4.353731656777542e-02
0 81 1.269058977502978e+02 6.482382515348167e-18 1.056697206077862e-01
1 22 1.274549087698374e+02 3.621948580117715e-18 6.540666321964578e-02
0 82 1.284572217672877e+02 6.373998519683144e-18 1.056690305324272e-01
0 83 1.300085414702957e+02 6.306042113104700e-18 1.056703470063023e-01
0 84 1.315598706613970e+02 6.522860937245061e-18 1.056685541436705e-01
1 23 1.330446001446330e+02 6.509964832258846e-14 6.540854042977765e-02
0 85 1.331111932536726e+02 6.779267741148474e-18 1.056699446476735e-01
0 86 1.346625130334423e+02 6.283126994588801e-18 1.056690073388318e-01
0 87 1.362138426199117e+02 6.296557598881709e-18 1.056705836069687e-01
0 88 1.377651603885120e+02 6.536948549880185e-18 1.056691416072433e-01
1 24 1.386343634888463e+02 5.696930992319484e-15 6.540488789048161e-02
0 89 1.393164858270600e+02 6.549825494264817e-18 1.056692478377831e-01
0 90 1.408678035099757e+02 6.927728292107149e-18 1.056697720822596e-01
0 91 1.424191371970960e+02 6.683035154052967e-18 1.056691633407772e-01
0 92 1.439704559315279e+02 6.693418583439278e-18 1.056701080307927e-01
1 25 1.442240589867403e+02 7.330647693733214e-18 6.540765314570041e-02
2 7 1.451570208272380e+02 9.117609987426483e-17 4.353712868962189e-02
0 93 1.455217777633745e+02 6.782003717167899e-18 1.056690121718617e-01
0 94 1.470731015242976e+02 6.762626729976088e-18 1.056707409633796e-01
0 95 1.486244243756401e+02 6.868172587036573e-18 1.056686038529172e-01
1 26 1.498137836525140e+02 1.014750846445849e-16 6.540563802041752e-02
0 96 1.501757492416433e+02 6.696518154363048e-18 1.056695849699293e-01
0 97 1.517270672965192e+02 6.734432874534172e-18 1.056692939978010e-01
0 98 1.532784009171096e+02 7.071763894304720e-18 1.056701096108231e-01
0 99 1.548297176752143e+02 6.577288011473729e-18 1.056698820527564e-01
1 27 1.554035594547249e+02 3.766873428486396e-18 6.540606536824220e-02
0 100 1.563810419681740e+02 6.817963329490844e-18 1.056692231914342e-01
0 101 1.579323614789284e+02 7.167119422022954e-18 1.056704770691564e-01
0 102 1.594836911752143e+02 6.846350524388960e-18 1.056687120917392e-01
0 103 1.610350133202443e+02 6.807942431202440e-18 1.056700403142515e-01
1 28 1.609932760481867e+02 1.563774117414015e-16 6.540777075975633e-02
0 104 1.625863329029189e+02 7.024564142403571e-18 1.056690426598940e-01
2 8 1.637115969103058e+02 1.983997339372401e-17 4.353489802219339e-02
0 105 1.641376617683442e+02 6.894235332553596e-18 1.056706802444576e-01
0 106 1.656889796892266e+02 7.093141705343666e-18 1.056691741777058e-01
1 29 1.665830159267227e+02 7.598513201465128e-15 6.540483889465955e-02
0 107 1.672403051082529e+02 6.922024786413550e-18 1.056693613002797e-01
0 108 1.687916227195149e+02 7.178756680823103e-18 1.056698593269816e-01
0 109 1.703429567440220e+02 6.880860791361139e-18 1.056694281238577e-01
0 110 1.718942755813798e+02 6.912316374079476e-18 1.056703292170553e-01
1 30 1.721727408442821e+02 7.065769543172385e-14 6.540930271766003e-02
0 111 1.734455978993249e+02 6.889974591459347e-18 1.056692260568610e-01
0 112 1.749969213733304e+02 7.035704716074284e-18 1.056709157969687e-01
0 113 1.765482448085029e+02 7.125479141528342e-18 1.056687549398451e-01
1 31 1.777624803099690e+02 3.630125156757673e-18 6.540744552871056e-02
0 114 1.780995695528516e+02 6.880413176709347e-18 1.056697461546227e-01
0 115 1.796508875118438e+02 7.265095521788850e-18 1.056693267905518e-01
0 116 1.812022205298061e+02 7.097962040006021e-18 1.056702091902229e-01
2 9 1.822662149464709e+02 4.775187958013003e-16 4.353582566714138e-02
0 117 1.827535369505732e+02 7.426439337155293e-18 1.056699004439013e-01
1 32 1.833521948406953e+02 3.603318551410253e-18 6.540715070766043e-02
0 118 1.843048612791980e+02 7.167288278459877e-18 1.056693183965634e-01
0 119 1.858561804984794e+02 6.989502555066821e-18 1.056705311050056e-01
0 120 1.874075106549605e+02 6.934225588013514e-18 1.056688847193260e-01
0 121 1.889588327184159e+02 7.412066346183204e-18 1.056702743820276e-01
1 33 1.889418841407760e+02 3.616028467190084e-18 6.540962646238342e-02
0 122 1.905101528429012e+02 7.333211362070643e-18 1.056692686795742e-01
0 123 1.920614815617003e+02 7.331778512054049e-18 1.056709141232927e-01
0 124 1.936127998896718e+02 7.346445152696078e-18 1.056693046814142e-01
1 34 1.945316447335225e+02 3.612023343087686e-18 6.540584995640632e-02
0 125 1.951641253917291e+02 7.218044014833625e-18 1.056695483692226e-01
0 126 1.967154429724478e+02 7.243608300481225e-18 1.056699333109886e-01
0 127 1.982667769230268e+02 7.432674184883057e-18 1.056695516449056e-01
0 128 1.998180951352672e+02 7.040620408247560e-18 1.056703588009657e-01
1 35 2.001213394250172e+02 3.604006835128176e-18 6.540840149358802e-02
2 10 2.008208314484118e+02 7.513250472145120e-14 4.353612386514182e-02
0 129 2.013694173602821e+02 7.109817540547155e-18 1.056693016302742e-01
0 130 2.029207403308194e+02 7.251876929587502e-18 1.056709906649235e-01
0 131 2.044720642422463e+02 7.510068278710185e-18 1.056688372670764e-01
1 36 2.057110592694704e+02 3.626422726713260e-18 6.540691355973079e-02
0 132 2.060233888301483e+02 7.485052366660018e-18 1.056699232773704e-01
0 133 2.075747070954787e+02 7.529741995328762e-18 1.056695052149566e-01
0 134 2.091260402307517e+02 7.769551050192414e-18 1.056704944220461e-01
0 135 2.106773569100775e+02 7.573808582530802e-18 1.056700540249816e-01
1 37 2.113008369684346e+02 3.616211649307721e-18 6.540648671448092e-02
0 136 2.122286814864887e+02 7.708813460184713e-18 1.056695095053612e-01
0 137 2.137800005428817e+02 7.725655036254410e-18 1.056706541480160e-01
0 138 2.153313311539017e+02 7.702321298356220e-18 1.056690417875402e-01
0 139 2.168826527286194e+02 7.818864841882234e-18 1.056703595689939e-01
1 38 2.168905492799425e+02 3.604722108267149e-18 6.540856254794711e-02
0 140 2.184339726577470e+02 7.620307650629919e-18 1.056693082410727e-01
2 11 2.193754055318953e+02 5.112348763306799e-15 4.353404893662897e-02
0 141 2.199853006662646e+02 7.690312546995163e-18 1.056710082546011e-01
0 142 2.215366192131119e+02 7.755849709775603e-18 1.056693407406475e-01
1 39 2.224802903674501e+02 3.667509580957991e-14 6.540556095622400e-02
0 143 2.230879446710306e+02 7.801272543675969e-18 1.056696664674349e-01
0 144 2.246392622215343e+02 7.769589490683439e-18 1.056700290768308e-01
0 145 2.261905964748028e+02 7.699193136812221e-18 1.056698240741270e-01
0 146 2.277419148165784e+02 7.859527030898231e-18 1.056705714210174e-01
1 40 2.280700239021471e+02 2.142203035839426e-15 6.540972366217333e-02
0 147 2.292932375048744e+02 7.689073719248196e-18 1.056695119239394e-01
0 148 2.308445601942671e+02 7.756020184898402e-18 1.056711572229098e-01
0 149 2.323958847028580e+02 7.847769820850262e-18 1.056689927136518e-01
1 41 2.336597608142221e+02 4.120792775915050e-17 6.540849740465356e-02
0 150 2.339472091256727e+02 7.939673982757328e-18 1.056700780207490e-01
0 151 2.354985272821884e+02 7.884433822235372e-18 1.056695364230550e-01
0 152 2.370498597637847e+02 8.004409948676066e-18 1.056705918719582e-01
2 12 2.379300175892247e+02 1.477670878225422e-17 4.353472693377175e-02
0 153 2.386011761782487e+02 8.113584473077597e-18 1.056700719408600e-01
1 42 2.392494802316191e+02 5.901263619073069e-17 6.540763063666476e-02
0 154 2.401525007910205e+02 8.134809748097878e-18 1.056696056115898e-01
0 155 2.417038195876440e+02 7.987758691368437e-18 1.056707070957613e-01
0 156 2.432551506339291e+02 7.917001121038300e-18 1.056692285633859e-01
0 157 2.448064721458695e+02 7.982493799433813e-18 1.056705949256709e-01
1 43 2.448391687497224e+02 3.616346828866756e-18 6.541062742766728e-02
0 158 2.463577926280167e+02 8.308700777550576e-18 1.056695360131219e-01
0 159 2.479091204602030e+02 8.395496403263236e-18 1.056712322840969e-01
0 160 2.494604394516756e+02 8.396387318892446e-18 1.056694726948975e-01
1 44 2.504289266421337e+02 6.260519405660531e-16 6.540689393888302e-02
0 161 2.510117649660590e+02 7.966303949464136e-18 1.056698525007898e-01
0 162 2.525630824956483e+02 8.168609285823662e-18 1.056700968317376e-01
0 163 2.541144165808565e+02 7.986566491050300e-18 1.056699432692386e-01
0 164 2.556657343170434e+02 8.023553689526646e-18 1.056705953453329e-01
1 45 2.560186213502486e+02 1.513819443501579e-14 6.540911409835502e-02
2 13 2.564846379383013e+02 6.687665741951839e-17 4.353560064110564e-02
0 165 2.572170569322964e+02 8.184217393591193e-18 1.056695909921513e-01
0 166 2.587683791530716e+02 7.971594604180281e-18 1.056712263091120e-01
0 167 2.603197041498941e+02 8.011222267093805e-18 1.056690854374459e-01
1 46 2.616083360456094e+02 3.607868005712559e-18 6.540820610917948e-02
0 168 2.618710284062613e+02 8.268278539790027e-18 1.056702636814495e-01
0 169 2.634223469140147e+02 8.510891508138251e-18 1.056697249584056e-01
0 170 2.649736794714402e+02 8.124077894038755e-18 1.056708720442214e-01
0 171 2.665249961729916e+02 8.392382870113014e-18 1.056702186901235e-01
1 47 2.671981144096434e+02 3.743469449704129e-18 6.540699031618739e-02
0 172 2.680763210055042e+02 8.361619883791764e-18 1.056697955640918e-01
0 173 2.696276396688938e+02 8.642998942307060e-18 1.056708233089853e-01
0 174 2.711789711092027e+02 8.779910512993933e-18 1.056693838879934e-01
0 175 2.727302920959817e+02 8.581688048841150e-18 1.056706695169222e-01
1 48 2.727878225182606e+02 3.755554861058993e-18 6.540933935655346e-02
0 176 2.742816123873588e+02 8.643761487786834e-18 1.056695800789423e-01
2 14 2.750392130649630e+02 5.160778337278241e-16 4.353386994875539e-02
0 177 2.758329395266760e+02 8.532354703207250e-18 1.056713234098287e-01
0 178 2.773842587980766e+02 8.911777608283249e-18 1.056695130666230e-01
1 49 2.783775638127080e+02 3.650524995407808e-18 6.540637445721495e-02
0 179 2.789355842424185e+02 8.482638824975268e-18 1.056699760019817e-01
0 180 2.804869017848299e+02 8.883041144372636e-18 1.056702021954784e-01
0 181 2.820382361376537e+02 8.805620197664556e-18 1.056702217469240e-01
0 182 2.835895540312116e+02 8.740946937671517e-18 1.056707988821707e-01
1 50 2.839673062066484e+02 3.603613406089326e-18 6.541008833475360e-02
0 183 2.851408770841541e+02 8.996948992104835e-18 1.056697975724135e-01
0 184 2.866921990345835e+02 8.702030578967425e-18 1.056713849149585e-01
0 185 2.882435246329832e+02 8.920543403674840e-18 1.056692449513796e-01
1 51 2.895570401121032e+02 3.604515826399650e-18 6.540951278154326e-02
0 186 2.897948486793951e+02 8.790576665792444e-18 1.056704109951238e-01
0 187 2.913461670649592e+02 8.976358195747168e-18 1.056697554162932e-01
0 188 2.928974989277950e+02 8.946876046352119e-18 1.056709674442048e-01
2 15 2.935938189481672e+02 4.760754185578646e-14 4.353424103791833e-02
0 189 2.944488154403933e+02 9.072465270472902e-18 1.056702368613906e-01
1 52 2.951467646117491e+02 3.633480178951976e-18 6.540809789060999e-02
0 190 2.960001403054007e+02 9.060844795648009e-18 1.056698927467487e-01
0 191 2.975514587407835e+02 9.187217637262848e-18 1.056708765517202e-01
0 192 2.991027905873368e+02 8.926743303483282e-18 1.056695844463474e-01
0 193 3.006541115338352e+02 8.980734493879383e-18 1.056709045173999e-01
1 53 3.007364538317224e+02 3.618887912626774e-18 6.541157159985916e-02
0 194 3.022054323839901e+02 9.271621372345467e-18 1.056698083782010e-01
0 195 3.037567593223912e+02 9.105244043467099e-18 1.056715374750995e-01
0 196 3.053080790745094e+02 9.195497675512942e-18 1.056696475821288e-01
1 54 3.063262089964347e+02 3.603261952766130e-18 6.540797557780119e-02
0 197 3.068594045470692e+02 9.130674873761269e-18 1.056701606390566e-01
0 198 3.084107220738243e+02 9.413434659320401e-18 1.056702642597771e-01
0 199 3.099620561661444e+02 9.414629509671000e-18 1.056703365440748e-01
0 200 3.115133734833400e+02 9.239372400563811e-18 1.056708179954268e-01
1 55 3.119159048372923e+02 1.986580303435882e-14 6.540980531837251e-02
2 16 3.121484426083790e+02 2.326476388292247e-15 4.353564116982180e-02
0 201 3.130646964821533e+02 9.172068501892280e-18 1.056698795791179e-01
0 202 3.146160179993647e+02 9.395114530900081e-18 1.056714483248428e-01
0 203 3.161673440895911e+02 9.325994968416312e-18 1.056693489235294e-01
1 56 3.175056139380399e+02 6.262841259456093e-16 6.540949303363165e-02
0 204 3.177186679638464e+02 9.255783250664382e-18 1.056706047433157e-01
0 205 3.192699867427221e+02 9.411366808484913e-18 1.056699533588382e-01
0 206 3.208213186412393e+02 9.443221237748676e-18 1.056712413594666e-01
0 207 3.223726354710598e+02 9.208248090132162e-18 1.056703779334497e-01
1 57 3.230953920562662e+02 9.935419216310632e-17 6.540757773816973e-02
0 208 3.239239605279865e+02 9.594753920120006e-18 1.056700819136431e-01
0 209 3.254752788592656e+02 9.782002697985351e-18 1.056709861407136e-01
0 210 3.270266110303876e+02 9.456534399051770e-18 1.056697371860470e-01
0 211 3.285779314213987e+02 9.384934167258346e-18 1.056709685990961e-01
1 58 3.286850960917792e+02 2.380359748529382e-17 6.541010245837811e-02
0 212 3.301292520881527e+02 9.475774798141210e-18 1.056698570714642e-01
2 17 3.307030219745856e+02 8.081682772799503e-18 4.353436665171799e-02
0 213 3.316805783569186e+02 9.861682352658573e-18 1.056716250712383e-01
0 214 3.332318984434860e+02 9.951873881595156e-18 1.056696931013806e-01
1 59 3.342748366795277e+02 5.310764486513896e-18 6.540729175216939e-02
0 215 3.347832238196771e+02 9.655139360407093e-18 1.056702902526674e-01
0 216 3.363345414037428e+02 9.972079740621974e-18 1.056703801156599e-01
0 217 3.378858757286385e+02 9.358296876992365e-18 1.056706194321386e-01
0 218 3.394371932320856e+02 9.933910328551137e-18 1.056710121986311e-01
1 60 3.398645875903974e+02 1.874658900868519e-15 6.541042069718446e-02
0 219 3.409885166406737e+02 9.959408047893726e-18 1.056700824916385e-01
0 220 3.425398379028661e+02 1.001692658655095e-17 1.056715993288660e-01
0 221 3.440911645894930e+02 1.011150726979059e-17 1.056695120137449e-01
1 61 3.454543182999909e+02 2.907311058312754e-14 6.541044970186788e-02
0 222 3.456424882082006e+02 1.003846409488618e-17 1.056707436249171e-01
0 223 3.471938068517745e+02 9.774749888787976e-18 1.056699838524442e-01
0 224 3.487451380250740e+02 1.000420629314975e-17 1.056713347462082e-01
2 18 3.492576218625544e+02 1.537100538453985e-16 4.353437399722086e-02
0 225 3.502964547438058e+02 9.828668762302593e-18 1.056703971044527e-01
1 62 3.510440476469060e+02 3.629211439457681e-18 6.540859494142047e-02
0 226 3.518477798247977e+02 1.021077999860894e-17 1.056701804975473e-01
0 227 3.533990979600635e+02 1.006940444985988e-17 1.056710411543063e-01
0 228 3.549504305053232e+02 9.850793916362161e-18 1.056699509370594e-01
0 229 3.565017508819945e+02 1.010308977986253e-17 1.056712016513005e-01
1 63 3.566337392107350e+02 3.631425543157544e-18 6.541241374673898e-02
0 230 3.580530721079105e+02 1.048226675573506e-17 1.056700847426447e-01
0 231 3.596043981564397e+02 9.994848229062814e-18 1.056718291766849e-01
0 232 3.611557187571899e+02 1.005083520957346e-17 1.056698311395781e-01
1 64 3.622234916487308e+02 3.688964681374261e-18 6.540909946429017e-02
0 233 3.627070441314796e+02 1.023527734744514e-17 1.056704729871873e-01
0 234 3.642583617008744e+02 1.064581838874021e-17 1.056704370639625e-01
