0 0 1.261605597574529e+00 1.511951084606774e-18 1.017277584452584e-01
0 1 2.812939090249759e+00 1.511960577461478e-18 1.017269999097389e-01
0 2 4.364259509936648e+00 1.573121625452787e-18 1.017281429079647e-01
1 0 4.464928844519929e+00 1.022005257084188e-15 6.420086494598196e-02
0 3 5.915581806938578e+00 1.573101253434844e-18 1.017272010573766e-01
0 4 7.466906421627218e+00 1.617906766814459e-18 1.017286177040476e-01
0 5 9.018230425069392e+00 1.617915591655924e-18 1.017265119859361e-01
1 1 1.005464457928405e+01 2.254543878843782e-14 6.419772316713887e-02
0 6 1.056955496140486e+01 1.511961643995667e-18 1.017270912422280e-01
0 7 1.212087499371635e+01 1.743084658073204e-18 1.017270108085311e-01
0 8 1.367220707569369e+01 1.556820149658150e-18 1.017275490805085e-01
0 9 1.522352514969041e+01 1.511953196233862e-18 1.017277449948103e-01
2 0 1.547625230406295e+01 9.083201070395435e-18 4.230350200598292e-02
1 2 1.564433611019035e+01 3.187438118689893e-14 6.419903417150165e-02
0 10 1.677484876646053e+01 1.617817757535786e-18 1.017270171285764e-01
0 11 1.832617042495595e+01 1.572889556318637e-18 1.017281265473938e-01
0 12 1.987750075013867e+01 1.743093181355189e-18 1.017262168956481e-01
1 3 2.123401592363841e+01 3.694566423492272e-18 6.419913614954138e-02
0 13 2.142882354432230e+01 1.572869239263966e-18 1.017274143527814e-01
0 14 2.298014453388809e+01 1.556873044652246e-18 1.017267956568491e-01
0 15 2.453147303569693e+01 1.556858539606527e-18 1.017281213149592e-01
0 16 2.608279251516140e+01 2.110099617788640e-18 1.017269017645389e-01
1 4 2.682376409673284e+01 3.674264178860582e-18 6.419594523423656e-02
0 17 2.763411732062674e+01 1.764526788515071e-18 1.017267681853152e-01
0 18 2.918543761797014e+01 1.556894486878346e-18 1.017273001017044e-01
0 19 3.073677105377586e+01 1.556901900430973e-18 1.017265932997579e-01
0 20 3.228809089774553e+01 1.572697868971300e-18 1.017276408425686e-01
1 5 3.241345489780011e+01 3.670481955926032e-18 6.419874449229447e-02
0 21 3.383941290769707e+01 1.556917652193201e-18 1.017267066683372e-01
2 1 3.403092438050016e+01 4.178747972500875e-15 4.230298556797583e-02
0 22 3.539073703927244e+01 1.511946362760607e-18 1.017281496647695e-01
0 23 3.694206150298267e+01 1.556939095401272e-18 1.017260212058344e-01
1 6 3.800316718181849e+01 3.691879160684303e-18 6.419622658060981e-02
0 24 3.849338596810798e+01 1.556938558103980e-18 1.017266699313803e-01
0 25 4.004470615229872e+01 1.572575623605916e-18 1.017265992476886e-01
0 26 4.159603836013497e+01 1.511958034657604e-18 1.017272769719524e-01
0 27 4.314735679227683e+01 1.617517779293393e-18 1.017273598558898e-01
1 7 4.359295862425586e+01 3.669661971216154e-18 6.419880362682673e-02
0 28 4.469868073258470e+01 1.928774777246480e-18 1.017266307386223e-01
0 29 4.625000227356384e+01 1.556958052020415e-18 1.017276917139578e-01
0 30 4.780133298978694e+01 1.556982836155109e-18 1.017258355336740e-01
1 8 4.918267897454901e+01 3.669012126652180e-18 6.419968188163594e-02
0 31 4.935265545195673e+01 1.903835601359233e-18 1.017269941819737e-01
0 32 5.090397615145295e+01 1.617440782418320e-18 1.017262843748274e-01
0 33 5.245530390722571e+01 1.763339314735319e-18 1.017276538174777e-01
2 2 5.258546021128117e+01 2.815357167499923e-14 4.230209847110734e-02
0 34 5.400662345079228e+01 1.763237865036193e-18 1.017263705355637e-01
1 9 5.477240765963563e+01 3.682507498183896e-18 6.419751036708214e-02
0 35 5.555794825824885e+01 2.073907949030511e-18 1.017263052397654e-01
0 36 5.710926851801653e+01 1.617356594821472e-18 1.017268026616752e-01
0 37 5.866060212716852e+01 1.572317236557403e-18 1.017262703312363e-01
0 38 6.021192214580637e+01 1.557019529523262e-18 1.017273245231989e-01
1 10 6.036210746657710e+01 1.257267079242395e-14 6.420215842381796e-02
0 39 6.176324468789919e+01 2.149785187829854e-18 1.017263742206342e-01
0 40 6.331456875385097e+01 1.511951937667489e-18 1.017277654366486e-01
0 41 6.486589375974272e+01 1.572217714465404e-18 1.017256009655245e-01
1 11 6.595182379217455e+01 1.204912609828466e-14 6.419944463547654e-02
0 42 6.641721811403922e+01 1.617271713104031e-18 1.017262900078146e-01
0 43 6.796853818058317e+01 1.557067729114300e-18 1.017261067744406e-01
0 44 6.951986973938719e+01 1.617236196294346e-18 1.017268147580043e-01
0 45 7.107118773600826e+01 2.358680443853978e-18 1.017268109255718e-01
2 3 7.114008730670272e+01 6.835050134151173e-14 4.230374824541833e-02
1 12 7.154151946971558e+01 9.066889922898068e-17 6.420023477286239e-02
0 46 7.262251159663333e+01 1.511973397387103e-18 1.017261572599406e-01
0 47 7.417383296531310e+01 1.762228573851698e-18 1.017271876950435e-01
0 48 7.572516408765543e+01 1.617179561996783e-18 1.017254209572945e-01
1 13 7.713119590739011e+01 5.851885795196586e-16 6.420092822622735e-02
0 49 7.727648649672540e+01 1.617146346669031e-18 1.017266608598292e-01
0 50 7.882780767232732e+01 1.511976416258688e-18 1.017259660905204e-01
0 51 8.037913548651569e+01 1.617101930259663e-18 1.017273438762183e-01
0 52 8.193045550734838e+01 1.617093738500372e-18 1.017259261112347e-01
1 14 8.272093623668029e+01 1.007421306940057e-16 6.419738373033806e-02
0 53 8.348178036688660e+01 1.511977906147726e-18 1.017259105398555e-01
0 54 8.503310056277658e+01 1.617047279299637e-18 1.017263414543858e-01
0 55 8.658443402903553e+01 1.557139943542995e-18 1.017258571559194e-01
0 56 8.813575346166624e+01 1.617019445329645e-18 1.017268113121641e-01
1 15 8.831062350729431e+01 9.371881976560120e-18 6.420014113817683e-02
0 57 8.968707573561831e+01 1.571826904011887e-18 1.017258823059646e-01
2 4 8.969477109424929e+01 1.420591297758656e-15 4.230328729624426e-02
0 58 9.123839936317050e+01 1.557145783350073e-18 1.017272927708025e-01
0 59 9.278972485387206e+01 1.571792848947323e-18 1.017251182036491e-01
1 16 9.390033149504436e+01 2.442656613973495e-15 6.419791009123151e-02
0 60 9.434104912184509e+01 1.511980139810394e-18 1.017258783662932e-01
0 61 9.589236937776720e+01 1.571727888506789e-18 1.017257097632342e-01
0 62 9.744370105498069e+01 1.511969193944338e-18 1.017265426267334e-01
0 63 9.899501943510698e+01 1.761060820773093e-18 1.017264142078610e-01
1 17 9.949012557845177e+01 3.873527059721020e-14 6.419950516865712e-02
0 64 1.005463435842366e+02 1.683417705759227e-18 1.017257658317411e-01
0 65 1.020976648417497e+02 1.511966719512222e-18 1.017267478926423e-01
0 66 1.036489963013018e+02 1.511989116092224e-18 1.017250421067430e-01
1 18 1.050798436807274e+02 3.694497813657509e-18 6.420085741533461e-02
0 67 1.052003183413047e+02 1.715551216668956e-18 1.017262304873539e-01
0 68 1.067516392153133e+02 1.511983943224784e-18 1.017254557677985e-01
0 69 1.083029663052124e+02 1.743087816221272e-18 1.017268759572355e-01
2 5 1.082493148972604e+02 5.831725223852538e-17 4.230183544338183e-02
0 70 1.098542864679146e+02 1.571520863340145e-18 1.017253996815628e-01
1 19 1.106695742586481e+02 3.697249767883683e-18 6.419846812099085e-02
0 71 1.114056113209208e+02 1.511984874250182e-18 1.017254509741403e-01
0 72 1.129569314976426e+02 1.715076859301304e-18 1.017258513191270e-01
0 73 1.145082651053387e+02 1.715096334414794e-18 1.017255443611845e-01
0 74 1.160595847466414e+02 1.714961935233673e-18 1.017264870669575e-01
1 20 1.162592858626443e+02 3.670139155614921e-18 6.420333146377236e-02
0 75 1.176109075384333e+02 1.571402045603903e-18 1.017255422738683e-01
0 76 1.191622310932083e+02 1.557264748079057e-18 1.017268979532715e-01
0 77 1.207135571241949e+02 1.511994084616874e-18 1.017247061736208e-01
1 21 1.218490030826223e+02 3.679431521963552e-18 6.420113108575015e-02
0 78 1.222648812543640e+02 1.511986053805640e-18 1.017254985848944e-01
0 79 1.238162013753808e+02 1.616625296625042e-18 1.017252148804870e-01
0 80 1.253675323579224e+02 1.616611904940268e-18 1.017260766772679e-01
2 6 1.268039241903876e+02 7.275894304573248e-15 4.230320383878362e-02
0 81 1.269188503645755e+02 1.511980528166932e-18 1.017258634450346e-01
1 22 1.274387036129558e+02 3.685067319070950e-18 6.420137126285343e-02
0 82 1.284701744515492e+02 1.759636912829670e-18 1.017252928653519e-01
0 83 1.300214955633140e+02 1.571191729545666e-18 1.017262395495004e-01
0 84 1.315728273834831e+02 1.714194746718801e-18 1.017246399750620e-01
1 23 1.330283772685433e+02 3.671109163641506e-18 6.420267850679688e-02
0 85 1.331241493888548e+02 1.940824258772668e-18 1.017259038491960e-01
0 86 1.346754707657123e+02 1.557350967817591e-18 1.017251415313450e-01
0 87 1.362267979014977e+02 1.557336603517065e-18 1.017265559302031e-01
0 88 1.377781185665650e+02 1.743110683380834e-18 1.017249551162491e-01
1 24 1.386181108184394e+02 3.668873461037067e-18 6.419891184269751e-02
0 89 1.393294434440085e+02 1.557371449203824e-18 1.017250594032192e-01
0 90 1.408807635631461e+02 1.743106087048878e-18 1.017253874761048e-01
0 91 1.424320969423875e+02 1.571043317451324e-18 1.017251240453690e-01
0 92 1.439834159957951e+02 1.758895524772292e-18 1.017259633416545e-01
1 25 1.442077956049214e+02 3.670258840402584e-18 6.420155261976603e-02
2 7 1.453586135038170e+02 3.515073944782928e-14 4.230281921511680e-02
0 93 1.455347385402578e+02 1.511989713392681e-18 1.017250525285775e-01
0 94 1.470860617010006e+02 1.557386074888439e-18 1.017264200591523e-01
0 95 1.486373882295521e+02 1.616362945492740e-18 1.017242319951290e-01
1 26 1.497974989899928e+02 7.849610305115974e-14 6.419966040906755e-02
0 96 1.501887122604376e+02 1.511992128807643e-18 1.017250970798957e-01
0 97 1.517400326100379e+02 1.557426844613622e-18 1.017248322420602e-01
0 98 1.532913637050328e+02 1.758479270763088e-18 1.017258030654154e-01
0 99 1.548426821208514e+02 1.511986297118148e-18 1.017254561913448e-01
1 27 1.553872923574323e+02 5.520552777385183e-15 6.420025144358096e-02
0 100 1.563940064605028e+02 1.511992197523644e-18 1.017248976063772e-01
0 101 1.579453274686893e+02 1.616228218938276e-18 1.017257956384892e-01
0 102 1.594966595650604e+02 1.570788385431581e-18 1.017242620626515e-01
1 28 1.609770070496164e+02 1.891087231046678e-16 6.420201379127351e-02
0 103 1.610479811654202e+02 1.684351065927416e-18 1.017254620325931e-01
0 104 1.625993022326653e+02 1.712515448167589e-18 1.017246323706846e-01
2 8 1.639131705048260e+02 3.758192677545646e-14 4.230093872398870e-02
0 105 1.641506286723867e+02 2.064775963535340e-18 1.017260872528448e-01
0 106 1.657019495525651e+02 1.557488060419863e-18 1.017244343174431e-01
1 29 1.665667381840550e+02 4.990575080562493e-16 6.419949743642939e-02
0 107 1.672532744119642e+02 1.570650827897686e-18 1.017246041186987e-01
0 108 1.688045945316528e+02 1.616114998804294e-18 1.017249064296320e-01
0 109 1.703559280263270e+02 1.557496445540925e-18 1.017248202638401e-01
0 110 1.719072473231252e+02 1.570570506384622e-18 1.017256297098252e-01
1 30 1.721564631799770e+02 3.473307677647386e-17 6.420438767226404e-02
0 111 1.734585703663291e+02 1.511994794543123e-18 1.017247043155031e-01
0 112 1.750098934485850e+02 1.616036867274549e-18 1.017260152067030e-01
0 113 1.765612205065065e+02 1.557537320369401e-18 1.017238283311425e-01
1 31 1.777461814867379e+02 6.735055603741287e-17 6.420276085503450e-02
0 114 1.781125443715414e+02 1.511998054868524e-18 1.017247160779118e-01
0 115 1.796638645670928e+02 1.936306463270804e-18 1.017243351834695e-01
0 116 1.812151949323236e+02 1.511987479452386e-18 1.017253340013684e-01
2 9 1.824677610572719e+02 3.424814284490971e-16 4.230192889444093e-02
0 117 1.827665130435556e+02 1.743113188333279e-18 1.017249049719450e-01
1 32 1.833358871648155e+02 5.669020718465783e-15 6.420247186487221e-02
0 118 1.843178373353382e+02 1.511999438040411e-18 1.017244253512859e-01
0 119 1.858691582215759e+02 1.711246646538960e-18 1.017252842431713e-01
0 120 1.874204906292003e+02 1.615934711956869e-18 1.017238723728937e-01
0 121 1.889718122181968e+02 1.570318303986138e-18 1.017251400976977e-01
1 33 1.889255590898310e+02 6.258830019447114e-14 6.420434046470812e-02
0 122 1.905231338103448e+02 1.615883546186414e-18 1.017243200540042e-01
0 123 1.920744602842004e+02 1.710976823766221e-18 1.017257563985025e-01
0 124 1.936257816897965e+02 1.512005661577515e-18 1.017239914048289e-01
1 34 1.945152870172133e+02 3.680556580814792e-18 6.420055153961249e-02
0 125 1.951771065468117e+02 1.743121207962137e-18 1.017242161601512e-01
0 126 1.967284266126915e+02 1.615805831607930e-18 1.017244401256175e-01
0 127 1.982797597954215e+02 1.615808384157827e-18 1.017243924873273e-01
0 128 1.998310785114560e+02 1.570146572392818e-18 1.017250963631609e-01
1 35 2.001049703867292e+02 3.717452773758190e-18 6.420294318712780e-02
2 10 2.010224502800735e+02 3.257158686686340e-16 4.230173108245698e-02
0 129 2.013824013293873e+02 1.684994621111397e-18 1.017242164626726e-01
0 130 2.029337240609170e+02 1.570083578720564e-18 1.017255316535626e-01
0 131 2.044850516171784e+02 1.557657880311995e-18 1.017233632565263e-01
1 36 2.056946690384099e+02 3.684424536413795e-18 6.420146693987144e-02
0 132 2.060363753728980e+02 2.071698945958249e-18 1.017243249292398e-01
0 133 2.075876958373639e+02 1.615691621834023e-18 1.017239663835942e-01
0 134 2.091390263100087e+02 1.557652997231374e-18 1.017250574781823e-01
0 135 2.106903448563644e+02 1.557671942994781e-18 1.017244884482097e-01
1 37 2.112844585659591e+02 3.703730955389031e-18 6.420107357697045e-02
0 136 2.122416693646994e+02 1.569963753659901e-18 1.017240275373623e-01
0 137 2.137929901559856e+02 1.557681505696669e-18 1.017248370201635e-01
0 138 2.153443227727255e+02 1.512012467922709e-18 1.017234937752661e-01
0 139 2.168956439227914e+02 1.512000197575117e-18 1.017246858131998e-01
1 38 2.168741689370041e+02 3.671596731635888e-18 6.420318969833812e-02
0 140 2.184469652010460e+02 1.615573384997105e-18 1.017238121933598e-01
2 11 2.195770248416952e+02 1.161897955960661e-14 4.229970336520786e-02
0 141 2.199982910124955e+02 1.743108523061098e-18 1.017252864919087e-01
0 142 2.215496127002017e+02 1.755137970411986e-18 1.017234769469379e-01
1 39 2.224638991522667e+02 3.672661556944110e-18 6.420060690396630e-02
0 143 2.231009375251985e+02 1.557731587632511e-18 1.017237660344783e-01
0 144 2.246522576132114e+02 1.615494219423141e-18 1.017239697767844e-01
0 145 2.262035908914970e+02 1.557734415269469e-18 1.017240964730533e-01
0 146 2.277549098860230e+02 1.557738654023032e-18 1.017247522828749e-01
1 40 2.280536386147103e+02 3.707999891215100e-18 6.420535122532488e-02
0 147 2.293062331791742e+02 1.569703021430269e-18 1.017238598296447e-01
0 148 2.308575558279231e+02 1.882356155295259e-18 1.017251174974710e-01
0 149 2.324088838933441e+02 1.615432212821020e-18 1.017229677515680e-01
1 41 2.336433577684208e+02 3.690684870605725e-18 6.420432140138087e-02
0 150 2.339602074541194e+02 1.708796386387311e-18 1.017239411155847e-01
0 151 2.355115277442085e+02 1.512013961869342e-18 1.017234673457028e-01
0 152 2.370628574626710e+02 1.615363226531971e-18 1.017245858666903e-01
2 12 2.381315968220147e+02 2.617120088304050e-13 4.230034801410373e-02
0 153 2.386141757788381e+02 1.569556877150908e-18 1.017239381504425e-01
1 42 2.392330689406744e+02 4.548435958009517e-14 6.420352094823281e-02
0 154 2.401655002500812e+02 1.743128876890862e-18 1.017235563373620e-01
0 155 2.417168209407374e+02 1.557802977452428e-18 1.017243240673976e-01
0 156 2.432681538177547e+02 1.557817346578117e-18 1.017231163694666e-01
0 157 2.448194749842784e+02 1.708217396388524e-18 1.017243664421562e-01
1 43 2.448227403787085e+02 2.072900846387253e-15 6.420595856504291e-02
0 158 2.463707968043423e+02 1.615260992862025e-18 1.017234996863973e-01
0 159 2.479221226389328e+02 1.569408428171393e-18 1.017249442220584e-01
0 160 2.494734448717381e+02 1.670132921912689e-18 1.017230373790015e-01
1 44 2.504124639307042e+02 3.964887071670829e-16 6.420225925079778e-02
0 161 2.510247696682343e+02 1.753722798757147e-18 1.017233819322573e-01
0 162 2.525760897033426e+02 1.580974060058211e-18 1.017235011333873e-01
0 163 2.541274225898260e+02 1.569341585043258e-18 1.017236611630111e-01
0 164 2.556787410201669e+02 1.615150165814903e-18 1.017242104400776e-01
1 45 2.560021470344835e+02 3.739276650761386e-16 6.420432224228030e-02
2 13 2.566862814088971e+02 1.892875158461780e-14 4.230052588976110e-02
0 165 2.572300641106907e+02 1.670077503463892e-18 1.017233736440532e-01
0 166 2.587813864503460e+02 1.615102091839261e-18 1.017246280601947e-01
0 167 2.603327150031131e+02 1.569250337891161e-18 1.017225122461859e-01
1 46 2.615918409010365e+02 1.053457355343550e-17 6.420329798529292e-02
0 168 2.618840384482071e+02 1.557893120016815e-18 1.017235602601431e-01
0 169 2.634353590479848e+02 1.753099885787608e-18 1.017231114978552e-01
0 170 2.649866888693039e+02 1.808037824283027e-18 1.017243050308901e-01
0 171 2.665380076467698e+02 1.569133226611981e-18 1.017235137943568e-01
1 47 2.671816240615443e+02 2.740984514902892e-16 6.420202146670845e-02
0 172 2.680893322986045e+02 1.615019328418426e-18 1.017231572581569e-01
0 173 2.696406529037244e+02 1.807773127527960e-18 1.017238742399080e-01
0 174 2.711919859178668e+02 1.523673786279586e-18 1.017227354792066e-01
0 175 2.727433066145677e+02 1.774547443653871e-18 1.017238989370214e-01
1 48 2.727713295042122e+02 1.106451650279081e-14 6.420437250450303e-02
0 176 2.742946281202883e+02 1.512020509031022e-18 1.017229932068684e-01
2 14 2.752408768565548e+02 4.337924870843662e-17 4.229864305509405e-02
0 177 2.758459533305398e+02 1.614917724765075e-18 1.017244725141908e-01
0 178 2.773972759046338e+02 1.686189389088256e-18 1.017225298546775e-01
1 49 2.783610575676955e+02 9.933279542242362e-14 6.420184885684847e-02
0 179 2.789486006532974e+02 1.512023131847600e-18 1.017229377940468e-01
0 180 2.804999207344374e+02 1.580577475582474e-18 1.017230428701844e-01
0 181 2.820512537025682e+02 1.669925187975350e-18 1.017233716057845e-01
0 182 2.836025724466091e+02 1.613045839530879e-18 1.017238552642998e-01
1 50 2.839508114992458e+02 3.742990713046364e-18 6.420621418386692e-02
0 183 2.851538959848638e+02 1.613068356803024e-18 1.017230087066665e-01
0 184 2.867052182388612e+02 1.580477375443655e-18 1.017242054896847e-01
0 185 2.882565472714017e+02 1.669897160726127e-18 1.017221243438569e-01
1 51 2.895405313285393e+02 3.688959165771336e-18 6.420579837751793e-02
0 186 2.898078704915249e+02 1.705867237252873e-18 1.017231718715717e-01
0 187 2.913591908961685e+02 1.669866341563331e-18 1.017226106456136e-01
0 188 2.929105199493605e+02 1.580409400273500e-18 1.017238313513419e-01
2 15 2.937954323286933e+02 1.021199630098586e-15 4.229901232598044e-02
0 189 2.944618385749760e+02 1.523697876414287e-18 1.017229657655790e-01
1 52 2.951302479404139e+02 3.683872098615345e-18 6.420453569880899e-02
0 190 2.960131631968093e+02 1.806657712701171e-18 1.017226875837816e-01
0 191 2.975644837205188e+02 1.717065971099710e-18 1.017233614022332e-01
0 192 2.991158169445882e+02 1.686510067154929e-18 1.017223700571638e-01
0 193 3.006671376897441e+02 1.523697899789292e-18 1.017235799348044e-01
1 53 3.007199206714440e+02 3.677615616537313e-18 6.420752243551248e-02
0 194 3.022184597486678e+02 1.716874321105423e-18 1.017226785046381e-01
0 195 3.037697849717711e+02 1.512006412666441e-18 1.017241184243771e-01
0 196 3.053211081058836e+02 1.716725852511030e-18 1.017220951714227e-01
1 54 3.063096409644824e+02 3.669766545918774e-18 6.420401121706169e-02
0 197 3.068724328004766e+02 1.580218489290508e-18 1.017225575199876e-01
0 198 3.084237528264956e+02 1.614564311402285e-18 1.017225719557107e-01
0 199 3.099750853280511e+02 1.750908577490035e-18 1.017229289143765e-01
0 200 3.115264035341334e+02 1.580139362627547e-18 1.017233062445360e-01
1 55 3.118993251592740e+02 3.689209022531396e-18 6.420568464570693e-02
2 16 3.123501086188391e+02 1.704449922221886e-14 4.229968330231030e-02
0 201 3.130777268923450e+02 1.923556266449414e-18 1.017225240338019e-01
0 202 3.146290488766945e+02 1.523708783853263e-18 1.017237101743297e-01
0 203 3.161803783744419e+02 1.568402384061726e-18 1.017216788058784e-01
1 56 3.174890141002759e+02 3.685965798196199e-18 6.420514572088687e-02
0 204 3.177317014768463e+02 1.558131543740327e-18 1.017228009371016e-01
0 205 3.192830222316271e+02 1.805641229802980e-18 1.017222665276297e-01
0 206 3.208343513832908e+02 1.580011648038434e-18 1.017235448387753e-01
0 207 3.223856704963765e+02 1.568285445290996e-18 1.017225351434286e-01
1 57 3.230787893417815e+02 1.977304287510523e-14 6.420308233935598e-02
0 208 3.239369952633958e+02 1.579972034687652e-18 1.017222884954365e-01
0 209 3.254883157114499e+02 1.686937551220938e-18 1.017229095733286e-01
0 210 3.270396489969561e+02 1.523742688647163e-18 1.017219853487871e-01
0 211 3.285909692454587e+02 1.805254578786564e-18 1.017230987705321e-01
1 58 3.286684895459593e+02 2.633165701135341e-14 6.420561471387552e-02
0 212 3.301422909933606e+02 1.568171605340604e-18 1.017221734441904e-01
2 17 3.309047265699162e+02 1.660395454305785e-13 4.229816588769678e-02
0 213 3.316936156335941e+02 1.669595073257307e-18 1.017236442840222e-01
0 214 3.332449391589482e+02 1.579847296178108e-18 1.017215950683139e-01
1 59 3.342582144014076e+02 5.557088385933039e-16 6.420319515163037e-02
0 215 3.347962637887434e+02 1.703492092138506e-18 1.017221201268482e-01
0 216 3.363475838873279e+02 1.558218266343150e-18 1.017221269071273e-01
0 217 3.378989164621039e+02 1.579781848780302e-18 1.017226444571136e-01
0 218 3.394502350169726e+02 1.558219259971224e-18 1.017229397349116e-01
1 60 3.398479819757177e+02 5.469309927436793e-16 6.420701003878843e-02
0 219 3.410015587919713e+02 1.614204864746662e-18 1.017221512426365e-01
0 220 3.425528806892210e+02 1.579685577595610e-18 1.017232802081134e-01
0 221 3.441042106286527e+02 1.523770192658753e-18 1.017212976304882e-01
1 61 3.454377020629569e+02 2.234915694295651e-16 6.420717586749872e-02
0 222 3.456555334753274e+02 1.975864461333472e-18 1.017224061096940e-01
0 223 3.472068540145454e+02 1.558265207038438e-18 1.017217640051345e-01
0 224 3.487581823941188e+02 1.873979217063554e-18 1.017230694566411e-01
2 18 3.494592691025318e+02 8.770271935393308e-15 4.229830326184981e-02
0 225 3.503095014358593e+02 1.523769620931634e-18 1.017219906662310e-01
1 62 3.510274238756795e+02 3.732082754879917e-18 6.420554071801740e-02
0 226 3.518608261762039e+02 1.714317469319538e-18 1.017218209173007e-01
0 227 3.534121465604484e+02 1.558285226510785e-18 1.017223986471439e-01
0 228 3.549634800082378e+02 1.669474773482588e-18 1.017216314821718e-01
0 229 3.565148003408859e+02 1.877728329072133e-18 1.017227779920316e-01
1 63 3.566170999976584e+02 8.662335510707847e-16 6.420898966948982e-02
0 230 3.580661226476133e+02 1.702261246483595e-18 1.017218547285740e-01
0 231 3.596174472910459e+02 1.523761111549672e-18 1.017232781803413e-01
0 232 3.611687713852311e+02 1.669434844943655e-18 1.017211666059332e-01
1 64 3.622068182605467e+02 2.059033140464231e-14 6.420580964792572e-02
0 233 3.627200959357551e+02 1.579427373447204e-18 1.017217433518421e-01
0 234 3.642714159737575e+02 1.613943431808230e-18 1.017216537362774e-01
