0 0 1.255243958321287e+00 1.665865970110942e-18 1.010400540266694e-01
0 1 2.806566587952035e+00 1.571773527824404e-18 1.010390388285415e-01
0 2 4.357881794870126e+00 1.564182982147152e-18 1.010396484164678e-01
1 0 4.609995406011103e+00 1.157173188465903e-15 6.528190779387952e-02
0 3 5.909199383245981e+00 1.678039864482168e-18 1.010385053275870e-01
0 4 7.460523928617795e+00 1.677944575310842e-18 1.010402652130945e-01
0 5 9.011841283368968e+00 1.564079358398947e-18 1.010390238712582e-01
1 1 1.019981322849806e+01 3.635230473121741e-18 6.527988449547183e-02
0 6 1.056315939772440e+01 1.564030362281259e-18 1.010398406537680e-01
0 7 1.211447215063688e+01 1.793209030840824e-18 1.010396211664088e-01
0 8 1.366579772684453e+01 1.534841370572607e-18 1.010393507424073e-01
2 0 1.506703074969580e+01 1.020471848743885e-17 4.413450251439250e-02
0 9 1.521711259246060e+01 1.677250222081983e-18 1.010392186655991e-01
1 2 1.578954432727806e+01 1.646789272985799e-16 6.528018575399192e-02
0 10 1.676843183408983e+01 1.714147304313322e-18 1.010386625232475e-01
0 11 1.831975069316018e+01 1.672893694192545e-18 1.010406161925388e-01
0 12 1.987107034752054e+01 1.613416363145298e-18 1.010393093102285e-01
0 13 2.142238664421452e+01 1.534844709608544e-18 1.010403330845278e-01
1 3 2.137929511394465e+01 5.611398998120751e-16 6.528148814707294e-02
0 14 2.297370151520037e+01 1.522263547305386e-18 1.010392367167658e-01
0 15 2.452502839428843e+01 1.563672656921023e-18 1.010400969386462e-01
0 16 2.607634430462767e+01 1.563635067247837e-18 1.010392774382483e-01
1 4 2.696909554480660e+01 2.551657094349441e-16 6.527953639418303e-02
0 17 2.762766375413636e+01 1.563595451824856e-18 1.010395074955390e-01
0 18 2.917897778859032e+01 1.713095173891730e-18 1.010405322156911e-01
0 19 3.073030058871893e+01 1.571955634931195e-18 1.010395123039713e-01
0 20 3.228161555335768e+01 1.576070264125507e-18 1.010400513370797e-01
1 5 3.255881828222509e+01 2.265206979669980e-14 6.528144881272245e-02
2 1 3.362156889881061e+01 7.973803052827243e-18 4.413367055685174e-02
0 21 3.383293312894671e+01 1.663014483844684e-18 1.010389363465613e-01
0 22 3.538425711849134e+01 1.571970757192132e-18 1.010407529330604e-01
0 23 3.693557447239995e+01 1.575971015939748e-18 1.010395144377758e-01
1 6 3.814859245408433e+01 3.686828422619193e-18 6.527986951734414e-02
0 24 3.848689239657362e+01 1.675247065804216e-18 1.010404158732209e-01
0 25 4.003820529685662e+01 1.801154084171020e-18 1.010401450226587e-01
0 26 4.158953124798023e+01 1.575857828548408e-18 1.010399731851511e-01
0 27 4.314084636352415e+01 1.837875791073804e-18 1.010397837235576e-01
1 7 4.373835276840091e+01 3.627124571259489e-18 6.528014891025377e-02
0 28 4.469216588200334e+01 1.612944549534525e-18 1.010392838508711e-01
0 29 4.624348443535608e+01 1.674560089992752e-18 1.010411774889452e-01
0 30 4.779480436097347e+01 1.787360062199740e-18 1.010398280624462e-01
0 31 4.934612043238970e+01 1.575653970006969e-18 1.010407888864240e-01
1 8 4.932812397554165e+01 3.609334380154811e-18 6.528035153214062e-02
0 32 5.089743534172578e+01 1.575618049249577e-18 1.010396412177270e-01
2 2 5.217615076348107e+01 7.982514737861611e-18 4.413200879034432e-02
0 33 5.244876194378810e+01 1.534890423484862e-18 1.010405918810000e-01
0 34 5.400007774900886e+01 1.562909800784333e-18 1.010397327369957e-01
1 9 5.491789374517628e+01 3.617310796198539e-18 6.527803737675368e-02
0 35 5.555139697411128e+01 1.710999825968072e-18 1.010400493662201e-01
0 36 5.710271071998672e+01 1.575454362770997e-18 1.010410227970168e-01
0 37 5.865403387874403e+01 1.575442166409615e-18 1.010400956096797e-01
0 38 6.020534898759380e+01 1.522247203553241e-18 1.010405996622058e-01
1 10 6.050763224826500e+01 3.617169945389519e-18 6.528084276842909e-02
0 39 6.175666697532262e+01 1.673215054091477e-18 1.010395179857105e-01
0 40 6.330799080078518e+01 1.522234311780799e-18 1.010413764039390e-01
0 41 6.485930847217288e+01 1.710244974663663e-18 1.010400906851032e-01
1 11 6.609744829383006e+01 3.623513830774275e-18 6.527909727126982e-02
0 42 6.641062629182134e+01 1.562577146492243e-18 1.010409709274765e-01
0 43 6.796193916864335e+01 1.534917394354796e-18 1.010405584351610e-01
0 44 6.951326510210255e+01 1.575181687852387e-18 1.010404513379229e-01
2 3 7.073068857081513e+01 5.417724483705798e-17 4.413357649722330e-02
0 45 7.106458004146792e+01 1.534928379815978e-18 1.010402041100165e-01
1 12 7.168718406649322e+01 3.629984335961237e-18 6.527888235008694e-02
0 46 7.261589941470528e+01 1.795866673478105e-18 1.010397711481662e-01
0 47 7.416721735715490e+01 2.071812053509164e-18 1.010416510116511e-01
0 48 7.571853747539467e+01 1.632179515960407e-18 1.010403646968896e-01
0 49 7.726985352332630e+01 1.562286050533828e-18 1.010413513076763e-01
1 13 7.727693155926541e+01 3.620998060964473e-18 6.528062109160850e-02
0 50 7.882116885776944e+01 1.632237924435055e-18 1.010401932929448e-01
0 51 8.037249559011804e+01 1.672218798240292e-18 1.010412337981041e-01
0 52 8.192381170491764e+01 1.574879699853519e-18 1.010403265398634e-01
1 14 8.286673697184722e+01 9.217964945306923e-14 6.527857117010717e-02
0 53 8.347513100397087e+01 1.915813802422805e-18 1.010406739559712e-01
0 54 8.502644456501480e+01 1.927965991011417e-18 1.010414903700157e-01
0 55 8.657776787766369e+01 1.562062795643078e-18 1.010405672937432e-01
0 56 8.812908275270621e+01 1.658225184618223e-18 1.010410011299963e-01
1 15 8.845645696719812e+01 9.551395151592924e-15 6.528039482178838e-02
2 4 8.928521950153502e+01 1.346966957951269e-16 4.413303566257874e-02
0 57 8.968040071134460e+01 1.574687956480797e-18 1.010399558565026e-01
0 58 9.123172394555593e+01 1.670692648880449e-18 1.010418606226567e-01
0 59 9.278304163609822e+01 1.522242881388495e-18 1.010405855571868e-01
1 16 9.404622904197086e+01 1.504089259121332e-16 6.527923506922073e-02
0 60 9.433435927701764e+01 1.534950679710580e-18 1.010415450969321e-01
0 61 9.588567235755696e+01 1.574517083702571e-18 1.010410859536893e-01
0 62 9.743699864481133e+01 1.657451077271474e-18 1.010410785311196e-01
0 63 9.898831384624236e+01 1.574460296956877e-18 1.010407743530439e-01
1 17 9.963599439132031e+01 6.402890124963691e-18 6.527903122757431e-02
0 64 1.005396334697801e+02 1.522246021629598e-18 1.010403980285106e-01
0 65 1.020909511108628e+02 1.534952474079832e-18 1.010422002847884e-01
0 66 1.036422714929736e+02 1.656893466030739e-18 1.010408755101486e-01
0 67 1.051935873105929e+02 1.669458188284734e-18 1.010417943150108e-01
1 18 1.052257572812023e+02 3.931369630407070e-16 6.527955389662227e-02
0 68 1.067449026837923e+02 1.790128790344261e-18 1.010406004542660e-01
2 5 1.078397966006429e+02 8.338492131059661e-18 4.413098792023602e-02
0 69 1.082962290885577e+02 1.777268777798721e-18 1.010417293094691e-01
0 70 1.098475451110332e+02 1.522240465918237e-18 1.010407869286979e-01
1 19 1.108155301983435e+02 2.984803254464466e-16 6.527723580753374e-02
0 71 1.113988641782490e+02 1.534982142196101e-18 1.010412216546296e-01
0 72 1.129501775197242e+02 1.668758962514554e-18 1.010419837116471e-01
0 73 1.145015012025653e+02 1.522235418961537e-18 1.010411568686676e-01
0 74 1.160528162428766e+02 1.611560141859662e-18 1.010415499342409e-01
1 20 1.164052694506125e+02 2.851510130562557e-15 6.527973680607634e-02
0 75 1.176041345963413e+02 1.574010035465184e-18 1.010405443660639e-01
0 76 1.191554576277421e+02 1.655517752241898e-18 1.010424772004673e-01
0 77 1.207067756359882e+02 1.611482005469537e-18 1.010411556872478e-01
1 21 1.219950826065428e+02 5.861286915522421e-14 6.527831031075421e-02
0 78 1.222580931519398e+02 1.573889331453324e-18 1.010420855720914e-01
0 79 1.238094062337117e+02 1.787290537534940e-18 1.010414958150560e-01
0 80 1.253607324677812e+02 1.572567621768855e-18 1.010415604378396e-01
2 6 1.263943423350331e+02 7.972252078766562e-18 4.413242611797775e-02
0 81 1.269120475046201e+02 1.573784176374473e-18 1.010412004951917e-01
1 22 1.275848234068935e+02 3.637839237898487e-18 6.527761317336511e-02
0 82 1.284633669627518e+02 1.560976442463502e-18 1.010408939659877e-01
0 83 1.300146840218907e+02 1.611280714523505e-18 1.010426722717418e-01
0 84 1.315660046224321e+02 1.654425775161139e-18 1.010414173856986e-01
0 85 1.331173204418468e+02 1.535006633271506e-18 1.010423517259946e-01
1 23 1.331745678991443e+02 3.619391703377773e-18 6.527973469228850e-02
0 86 1.346686362503618e+02 1.560798282219810e-18 1.010411563810096e-01
0 87 1.362199627345734e+02 1.671599483958915e-18 1.010423709749421e-01
0 88 1.377712790727059e+02 1.822729324013133e-18 1.010413821479090e-01
1 24 1.387643776805118e+02 3.609420745184971e-18 6.527763693943464e-02
0 89 1.393225981865883e+02 1.560689880182014e-18 1.010418409591040e-01
0 90 1.408739113792998e+02 1.560624715839037e-18 1.010424414502862e-01
0 91 1.424252351970905e+02 1.771536837627938e-18 1.010416278837039e-01
0 92 1.439765500129923e+02 1.611025939030052e-18 1.010419516661774e-01
1 25 1.443540963572884e+02 3.614418930842898e-18 6.527928296134249e-02
2 7 1.449488667990632e+02 8.076315319752978e-18 4.413236715463040e-02
0 93 1.455278683192183e+02 1.703649837904330e-18 1.010409895740333e-01
0 94 1.470791907308074e+02 1.560474240422644e-18 1.010429575781374e-01
0 95 1.486305087793251e+02 1.573259402619273e-18 1.010416547444646e-01
1 26 1.499438656069259e+02 3.649726695879388e-18 6.527858032709119e-02
0 96 1.501818261308547e+02 1.560395849289644e-18 1.010426575464780e-01
0 97 1.517331394669712e+02 1.610868079283126e-18 1.010420270366645e-01
0 98 1.532844660282376e+02 1.610855147131033e-18 1.010421919225430e-01
0 99 1.548357813383126e+02 1.665184585787392e-18 1.010417760499112e-01
1 27 1.555336364872003e+02 3.614737983829207e-18 6.527792426365715e-02
0 100 1.563871010198452e+02 1.535053264063535e-18 1.010415254470585e-01
0 101 1.579384177896494e+02 1.664891836617592e-18 1.010432093837596e-01
0 102 1.594897386454077e+02 1.560166392731591e-18 1.010419208231636e-01
0 103 1.610410542319888e+02 1.572942929668431e-18 1.010427833982672e-01
1 28 1.611233910838096e+02 3.615301207026950e-18 6.527876246638491e-02
0 104 1.625923700757212e+02 1.651642527173547e-18 1.010415670163227e-01
2 8 1.635034375666719e+02 1.077360067966004e-16 4.413028142754610e-02
0 105 1.641436961812525e+02 1.610641683138056e-18 1.010428661210100e-01
0 106 1.656950124404278e+02 1.664259754138463e-18 1.010418472319040e-01
1 29 1.667131664492584e+02 3.614008157395566e-18 6.527648602465000e-02
0 107 1.672463313177898e+02 1.780216804862895e-18 1.010423933946235e-01
0 108 1.687976443613920e+02 1.610535158861627e-18 1.010429380869477e-01
0 109 1.703489685566314e+02 1.663859153248228e-18 1.010422238813288e-01
0 110 1.719002835576434e+02 1.610488962639592e-18 1.010425021630932e-01
1 30 1.723029071944927e+02 4.315319160345598e-14 6.527861732600060e-02
0 111 1.734516022389282e+02 1.892868591842437e-18 1.010415852908863e-01
0 112 1.750029244152923e+02 1.892557946372652e-18 1.010435662282925e-01
0 113 1.765542427809182e+02 1.572582308624777e-18 1.010422179378266e-01
1 31 1.778927162247764e+02 2.683545579043501e-15 6.527751110594841e-02
0 114 1.781055599893047e+02 1.522209161761874e-18 1.010431826725548e-01
0 115 1.796568733470306e+02 1.559622332397765e-18 1.010424343314308e-01
0 116 1.812081998159634e+02 1.777937011517497e-18 1.010426774716876e-01
2 9 1.820579919044280e+02 7.257344265284103e-17 4.413161877199086e-02
0 117 1.827595149728289e+02 1.662771520324601e-18 1.010422080475632e-01
1 32 1.834824623122836e+02 5.127818033113622e-18 6.527640472772890e-02
0 118 1.843108344697253e+02 1.522221811496930e-18 1.010420297164158e-01
0 119 1.858621506959483e+02 1.535074468074438e-18 1.010436804876523e-01
0 120 1.874134717951468e+02 1.572316448712309e-18 1.010424682809033e-01
0 121 1.889647874094796e+02 1.572263579391231e-18 1.010433364829439e-01
1 33 1.890722040971029e+02 7.125976462387017e-17 6.527880175334291e-02
0 122 1.905161036929964e+02 1.522219571846116e-18 1.010421272675186e-01
0 123 1.920674298262798e+02 1.661988401099438e-18 1.010435065506529e-01
0 124 1.936187464065576e+02 1.522215324565831e-18 1.010424427373726e-01
1 34 1.946620176833198e+02 5.698943043342317e-16 6.527675426009469e-02
0 125 1.951700653041517e+02 1.559236811515359e-18 1.010430056065420e-01
0 126 1.967213782353086e+02 1.661516237985225e-18 1.010433868334106e-01
0 127 1.982727025439181e+02 1.760313537311242e-18 1.010426952722079e-01
0 128 1.998240173305543e+02 1.522211628780660e-18 1.010429056875616e-01
1 35 2.002517361620124e+02 1.378103259261298e-17 6.527811320606522e-02
2 10 2.006125117415428e+02 8.013152714039886e-18 4.413216629318070e-02
0 129 2.013753359449819e+02 1.661153028975267e-18 1.010420382282322e-01
0 130 2.029266574809574e+02 1.559020778282289e-18 1.010440425881134e-01
0 131 2.044779759090356e+02 1.573086111778398e-18 1.010427211498857e-01
1 36 2.058415022513386e+02 1.206826103049338e-14 6.527787158892207e-02
0 132 2.060292929700538e+02 1.571852629701489e-18 1.010437514889756e-01
0 133 2.075806066265303e+02 1.609796872017820e-18 1.010429692889326e-01
0 134 2.091319333907852e+02 1.647601907492357e-18 1.010433126797121e-01
0 135 2.106832488311708e+02 1.571751855756361e-18 1.010427888153491e-01
1 37 2.114312788578938e+02 2.031061155274039e-14 6.527685414489603e-02
0 136 2.122345685244218e+02 1.609726870973262e-18 1.010426646411192e-01
0 137 2.137858844803194e+02 1.660058009948086e-18 1.010442054797091e-01
0 138 2.153372058246311e+02 1.647042048157940e-18 1.010429650900151e-01
0 139 2.168885212059059e+02 1.522200621461582e-18 1.010437585388420e-01
1 38 2.170210255154892e+02 3.609464573729626e-18 6.527794496485588e-02
0 140 2.184398375175099e+02 1.558625021893209e-18 1.010425421620196e-01
2 11 2.191670761585598e+02 7.973632459701627e-18 4.413034121231545e-02
0 141 2.199911632215562e+02 1.535127951609524e-18 1.010440003969929e-01
0 142 2.215424797369550e+02 1.659430990229470e-18 1.010429121273203e-01
1 39 2.226108025406905e+02 3.618037214572187e-18 6.527578984153544e-02
0 143 2.230937983962423e+02 1.609511073240652e-18 1.010435616137231e-01
0 144 2.246451112486565e+02 1.558446265512236e-18 1.010438872238849e-01
0 145 2.261964359372051e+02 1.659031368270797e-18 1.010432977457304e-01
0 146 2.277477509274588e+02 1.892022302314209e-18 1.010434589607008e-01
1 40 2.282005455930338e+02 3.613632359617266e-18 6.527748405416953e-02
0 147 2.292990698951852e+02 1.535161598855531e-18 1.010426413274868e-01
0 148 2.308503911707242e+02 1.535137378584256e-18 1.010446423765616e-01
0 149 2.324017099144115e+02 1.645539021178624e-18 1.010432767738872e-01
1 41 2.337903492695674e+02 3.609895460151469e-18 6.527671434792397e-02
0 150 2.339530268165011e+02 1.609294812754556e-18 1.010442608382229e-01
0 151 2.355043405103612e+02 1.558172080108566e-18 1.010433749941752e-01
0 152 2.370556671396478e+02 1.558151806344117e-18 1.010438015510701e-01
2 12 2.377216394656328e+02 8.984729008804285e-18 4.413151275667492e-02
0 153 2.386069824380469e+02 1.609217568769545e-18 1.010432265855248e-01
1 42 2.393801007464293e+02 3.622109676615026e-18 6.527524343232445e-02
0 154 2.401583019287380e+02 1.558072827640287e-18 1.010431767845208e-01
0 155 2.417096173879465e+02 1.570975055142267e-18 1.010446764305826e-01
0 156 2.432609389993840e+02 1.657548220010110e-18 1.010435185166103e-01
0 157 2.448122544346101e+02 1.535169176059624e-18 1.010443082221260e-01
1 43 2.449698402342781e+02 3.688726048596108e-18 6.527784621444263e-02
0 158 2.463635711851929e+02 1.644257553906300e-18 1.010431072684378e-01
0 159 2.479148968656311e+02 1.570842049150788e-18 1.010446385645768e-01
0 160 2.494662137069350e+02 1.535183356053844e-18 1.010435067375353e-01
1 44 2.505596567483665e+02 3.620860820246943e-18 6.527588845079273e-02
0 161 2.510175323610640e+02 1.557783615784003e-18 1.010441649482157e-01
0 162 2.525688451364174e+02 1.885688325811634e-18 1.010443278616397e-01
0 163 2.541201699138311e+02 1.557709125738070e-18 1.010437704392448e-01
0 164 2.556714847001308e+02 1.694680186832078e-18 1.010438655773691e-01
1 45 2.561493763860405e+02 3.635384170438785e-18 6.527690409229160e-02
2 13 2.562761571198216e+02 1.953980154768362e-16 4.413263545087658e-02
0 165 2.572228035802798e+02 1.557627459809587e-18 1.010431022759193e-01
0 166 2.587741242037600e+02 1.656189545409321e-18 1.010451147124883e-01
0 167 2.603254430330356e+02 1.656074509264909e-18 1.010437842084651e-01
1 46 2.617391388684589e+02 1.730499921955777e-14 6.527711320861428e-02
0 168 2.618767598073858e+02 1.570496044909353e-18 1.010448257672862e-01
0 169 2.634280738378674e+02 1.557445185827626e-18 1.010439137365361e-01
0 170 2.649794007256559e+02 1.642676676253597e-18 1.010444398144686e-01
0 171 2.665307163170459e+02 1.570397381423436e-18 1.010438122541909e-01
1 47 2.673289214005862e+02 5.240951244920936e-16 6.527582283283861e-02
0 172 2.680820359770723e+02 1.570363136575016e-18 1.010438138075675e-01
0 173 2.696333511910016e+02 1.655224478341297e-18 1.010451895080842e-01
0 174 2.711846730357842e+02 1.655138331176101e-18 1.010440095959536e-01
0 175 2.727359882397680e+02 1.654965898704184e-18 1.010447225615516e-01
1 48 2.729186606161432e+02 3.773612140127737e-18 6.527707523977472e-02
0 176 2.742873050080908e+02 1.641798550469341e-18 1.010435271685598e-01
2 14 2.748307158638846e+02 4.297253301333420e-17 4.413118140397761e-02
0 177 2.758386302104712e+02 1.570164214693644e-18 1.010451302145444e-01
0 178 2.773899470018032e+02 1.557103635160586e-18 1.010439800751313e-01
1 49 2.785084386439357e+02 2.549861254254548e-16 6.527513932665623e-02
0 179 2.789412654188465e+02 1.608437014295311e-18 1.010447233183121e-01
0 180 2.804925781842829e+02 1.522180571524289e-18 1.010448323782928e-01
0 181 2.820439033389723e+02 1.556981651428494e-18 1.010443793228316e-01
0 182 2.835952183460018e+02 1.569975613718865e-18 1.010444225432735e-01
1 50 2.840981845257531e+02 4.874091904529016e-16 6.527635594267060e-02
0 183 2.851465375561217e+02 1.556901484234956e-18 1.010437127436362e-01
0 184 2.866978579018118e+02 1.556840911260099e-18 1.010457048304212e-01
0 185 2.882491770441871e+02 1.653663578768659e-18 1.010443318385795e-01
1 51 2.896879819972448e+02 9.168182027424812e-16 6.527588059850080e-02
0 186 2.898004936462842e+02 1.522177368587509e-18 1.010453192920088e-01
0 187 2.913518077252051e+02 1.875895080665090e-18 1.010443188225186e-01
0 188 2.929031344322052e+02 1.653274232680262e-18 1.010449314964586e-01
2 15 2.933852876563793e+02 7.972540110399289e-18 4.413203723167468e-02
0 189 2.944544498927519e+02 1.535250732440680e-18 1.010442555621156e-01
1 52 2.952777386736246e+02 3.491697319380482e-14 6.527416967965698e-02
0 190 2.960057693339513e+02 1.608117241882534e-18 1.010443332242530e-01
0 191 2.975570841054844e+02 1.608061886107054e-18 1.010456610839390e-01
0 192 2.991084062391936e+02 1.569605961096254e-18 1.010445693957766e-01
0 193 3.006597215231491e+02 1.796513991233631e-18 1.010452699415843e-01
1 53 3.008674763754273e+02 3.682995009664961e-18 6.527683919391417e-02
0 194 3.022110387248847e+02 1.858029922395274e-18 1.010440976919608e-01
0 195 3.037623638539013e+02 1.556407436973676e-18 1.010457650687425e-01
0 196 3.053136809752882e+02 1.522183046386928e-18 1.010445725946476e-01
1 54 3.064572948482066e+02 3.701323578820042e-18 6.527504723330517e-02
0 197 3.068649993630305e+02 1.652047669767078e-18 1.010453160593576e-01
0 198 3.084163120848007e+02 1.638767664192069e-18 1.010452658170293e-01
0 199 3.099676373006701e+02 1.638705036730524e-18 1.010448540922149e-01
0 200 3.115189521143587e+02 1.522181881407864e-18 1.010448332973466e-01
2 16 3.119398058069993e+02 7.970812912447213e-18 4.413363906147164e-02
1 55 3.120470168508444e+02 3.671077277798865e-18 6.527565755766555e-02
0 201 3.130702712154504e+02 1.651502322876661e-18 1.010441818592231e-01
0 202 3.146215909070007e+02 1.569210868394133e-18 1.010461733084682e-01
0 203 3.161729101588899e+02 1.569192037450567e-18 1.010448436647382e-01
1 56 3.176367754599032e+02 3.611704407191162e-18 6.527632326310548e-02
0 204 3.177242266552171e+02 1.755251439604723e-18 1.010458798803398e-01
0 205 3.192755411019634e+02 1.555995090525455e-18 1.010448614373453e-01
0 206 3.208268680261841e+02 1.637750943775831e-18 1.010455720586147e-01
0 207 3.223781837884527e+02 1.650705151740323e-18 1.010448456221260e-01
1 57 3.232265639191683e+02 3.618118570955437e-18 6.527481012437701e-02
0 208 3.239295033721601e+02 1.555894623287889e-18 1.010449708335256e-01
0 209 3.254808179283793e+02 1.650391293896319e-18 1.010461625965846e-01
0 210 3.270321402817658e+02 1.637191674120948e-18 1.010450557554340e-01
0 211 3.285834553380608e+02 1.568878293010726e-18 1.010456785592787e-01
1 58 3.288162965472378e+02 3.669419534477893e-18 6.527617035794919e-02
0 212 3.301347725443568e+02 1.555725268066075e-18 1.010445232915810e-01
2 17 3.304943595067886e+02 1.425302582889630e-17 4.413250305416240e-02
0 213 3.316860971495137e+02 1.739880700660385e-18 1.010462536993017e-01
0 214 3.332374142367614e+02 1.568780229054153e-18 1.010450495749245e-01
1 59 3.344060746589128e+02 3.636492841522625e-18 6.527450581030468e-02
0 215 3.347887323917256e+02 1.535298689977306e-18 1.010458755760348e-01
0 216 3.363400451695640e+02 1.607319889774350e-18 1.010457747429408e-01
0 217 3.378913707546022e+02 1.636239476041031e-18 1.010454691888680e-01
0 218 3.394426858047364e+02 1.568621678822931e-18 1.010453946801782e-01
1 60 3.399958241879586e+02 3.616643625178997e-18 6.527523411586578e-02
0 219 3.409940052112977e+02 1.555450800988988e-18 1.010447994720857e-01
0 220 3.425453246159506e+02 1.573967031103991e-18 1.010467530919440e-01
0 221 3.440966441773012e+02 1.648833396209484e-18 1.010453830974203e-01
1 61 3.455856144953432e+02 6.736777668163108e-14 6.527504440888349e-02
0 222 3.456479604905320e+02 1.648669228031101e-18 1.010463579345634e-01
0 223 3.471992749920999e+02 1.555271830427930e-18 1.010452668668448e-01
0 224 3.487506016869982e+02 1.568401700667839e-18 1.010460658729707e-01
2 18 3.490489383020439e+02 3.270223344163532e-16 4.413282715053714e-02
0 225 3.503019173295961e+02 1.607073640128045e-18 1.010452941151372e-01
1 62 3.511753761425268e+02 5.752627960525775e-15 6.527317311387235e-02
0 226 3.518532366801909e+02 1.555168062231640e-18 1.010454967903161e-01
0 227 3.534045508543861e+02 1.522154173110458e-18 1.010466355925502e-01
0 228 3.549558735160421e+02 1.669185051894699e-18 1.010456223197498e-01
0 229 3.565071886777687e+02 1.568199353056287e-18 1.010462248332932e-01
1 63 3.567651125729893e+02 4.671604846063821e-17 6.527578652979131e-02
0 230 3.580585063076996e+02 1.686336054022095e-18 1.010450997918043e-01
0 231 3.596098307926611e+02 1.634316723838407e-18 1.010468841831128e-01
0 232 3.611611482134539e+02 1.634183835297093e-18 1.010456388330976e-01
1 64 3.623549320391076e+02 2.272847522342807e-17 6.527421560385262e-02
0 233 3.627124663164385e+02 1.554877042568624e-18 1.010464561282807e-01
0 234 3.642637790811176e+02 1.535342774961158e-18 1.010462019086944e-01
