0 0 1.265473099766436e+00 1.553009714301218e-18 9.901852652427724e-02
0 1 2.816801143028343e+00 1.664779943304644e-18 9.901781865155582e-02
0 2 4.368119092461978e+00 2.155541495315764e-18 9.901858829247374e-02
1 0 4.530525915738703e+00 3.839262528514530e-17 6.501575478746476e-02
0 3 5.919439748468460e+00 1.837434406090616e-18 9.901758371236791e-02
0 4 7.470763723002545e+00 1.778802239357877e-18 9.901896044946815e-02
0 5 9.022087029910344e+00 1.553025139562903e-18 9.901732094101680e-02
1 1 1.012034838900594e+01 3.692948794475433e-18 6.501313800475507e-02
0 6 1.057340836494494e+01 1.664666508553704e-18 9.901802551526442e-02
0 7 1.212472680481123e+01 1.623862866801560e-18 9.901797725791091e-02
0 8 1.367605472490909e+01 1.707976851083122e-18 9.901821058870630e-02
2 0 1.474592657647216e+01 6.840756585766577e-15 4.394471410690569e-02
0 9 1.522737256464428e+01 1.553018872171456e-18 9.901800873439458e-02
1 2 1.571010400214688e+01 3.681694024725557e-18 6.501420750148720e-02
0 10 1.677869441332371e+01 1.664583008715663e-18 9.901735634833998e-02
0 11 1.833001545740566e+01 1.553008470983877e-18 9.901864903840568e-02
0 12 1.988134175623077e+01 1.664548312131015e-18 9.901725852787926e-02
1 3 2.129985646568012e+01 1.453217703411434e-16 6.501550607285562e-02
0 13 2.143266112819606e+01 1.836518920934335e-18 9.901836888076608e-02
0 14 2.298398029629385e+01 1.708177878961198e-18 9.901759321346235e-02
0 15 2.453530661945523e+01 1.778806316700661e-18 9.901861998726454e-02
0 16 2.608662678996200e+01 2.014857320429741e-18 9.901745304359182e-02
1 4 2.688966349954160e+01 2.398785696638015e-15 6.501367356071693e-02
0 17 2.763794918186388e+01 1.778819568915793e-18 9.901750398811836e-02
0 18 2.918926842584984e+01 1.836031924931108e-18 9.901818977891402e-02
0 19 3.074059650536361e+01 1.623535586545110e-18 9.901752275065583e-02
0 20 3.229191428377926e+01 1.664361677545448e-18 9.901823005797240e-02
1 5 3.247939735990128e+01 3.638478356181220e-18 6.501656595635441e-02
2 1 3.330054018257129e+01 7.999069329111618e-16 4.394456411239916e-02
0 21 3.384323491070839e+01 1.553027246542292e-18 9.901721599338843e-02
0 22 3.539455841141640e+01 1.593897210054337e-18 9.901859525413789e-02
0 23 3.694588171912859e+01 1.835614330629589e-18 9.901698617913723e-02
1 6 3.806916449437605e+01 3.668414471843859e-18 6.501440097327768e-02
0 24 3.849720278963682e+01 1.950043279767983e-18 9.901780214869139e-02
0 25 4.004852126029713e+01 1.664251034072209e-18 9.901771726915307e-02
0 26 4.159984919438597e+01 1.949016853647792e-18 9.901802624725910e-02
0 27 4.315116728659508e+01 1.949065911113154e-18 9.901775754200914e-02
1 7 4.365893847358937e+01 3.642670760234113e-18 6.501526803706494e-02
0 28 4.470248946445688e+01 1.835130081024340e-18 9.901716192370376e-02
0 29 4.625381059647201e+01 1.664160073215337e-18 9.901838435625297e-02
0 30 4.780513722995516e+01 1.664165185726362e-18 9.901697228786954e-02
1 8 4.924870631227874e+01 3.635234093650596e-18 6.501498425818422e-02
0 31 4.935645641620959e+01 1.593976842510890e-18 9.901805202300884e-02
0 32 5.090777558755943e+01 1.623141757806365e-18 9.901723114388507e-02
2 2 5.185517449031529e+01 8.030354107002391e-18 4.394255491929051e-02
0 33 5.245910156243968e+01 1.623110868662062e-18 9.901828646331227e-02
0 34 5.401042170920122e+01 1.553030606442211e-18 9.901705348030829e-02
1 9 5.483848107065106e+01 3.628284743836073e-18 6.501230875725304e-02
0 35 5.556174378743448e+01 1.664048798563064e-18 9.901720773705239e-02
0 36 5.711306279467888e+01 1.834359529656658e-18 9.901789932653737e-02
0 37 5.866439096443515e+01 1.949141074269054e-18 9.901733419554612e-02
0 38 6.021570878280433e+01 1.793183893058930e-18 9.901798301695690e-02
1 10 6.042823454314701e+01 3.627175834336150e-18 6.501562479298419e-02
0 39 6.176702970176640e+01 1.663960444255341e-18 9.901699891739463e-02
0 40 6.331835324871824e+01 1.553012738588839e-18 9.901839260065855e-02
0 41 6.486967710552683e+01 1.663928229527981e-18 9.901673390741660e-02
1 11 6.601805487877378e+01 3.638555938065242e-18 6.501314676337304e-02
0 42 6.642099816742633e+01 1.622856572236451e-18 9.901752966708427e-02
0 43 6.797231660969450e+01 2.119437158544972e-18 9.901735041084792e-02
0 44 6.952364434894821e+01 1.622800242601289e-18 9.901772623326345e-02
2 3 7.040983427662839e+01 6.136605236974531e-15 4.394386721619045e-02
0 45 7.107496238093547e+01 1.709085930870537e-18 9.901735571641034e-02
1 12 7.160781410483854e+01 3.777470249923094e-18 6.501355562486416e-02
0 46 7.262628435672144e+01 1.709119647532682e-18 9.901680548240251e-02
0 47 7.417760503218676e+01 1.622693957987589e-18 9.901804133313208e-02
0 48 7.572893173562466e+01 1.792225265131915e-18 9.901673952597741e-02
1 13 7.719756516721402e+01 3.631729743064518e-18 6.501537300975005e-02
0 49 7.728025081218739e+01 1.622646738735165e-18 9.901783982492403e-02
0 50 7.883157019538857e+01 1.622617195990905e-18 9.901698487583414e-02
0 51 8.038289614853983e+01 1.553016756651442e-18 9.901810204333455e-02
0 52 8.193421680689138e+01 1.832914338671598e-18 9.901681873545920e-02
1 14 8.278737668357454e+01 4.032306153732759e-15 6.501335488010929e-02
0 53 8.348553910840077e+01 2.048910449346669e-18 9.901698787856651e-02
0 54 8.503685813354663e+01 1.622493934521729e-18 9.901755591584625e-02
0 55 8.658818630146338e+01 1.663627186124975e-18 9.901703902254744e-02
0 56 8.813950396637463e+01 1.663593146934965e-18 9.901761787276510e-02
1 15 8.837711118233121e+01 3.347260240604484e-16 6.501629189217970e-02
2 4 8.896444948836768e+01 1.144995637523027e-13 4.394428354185109e-02
0 57 8.969082484144498e+01 1.622419996933265e-18 9.901663105241486e-02
0 58 9.124214790571186e+01 1.791173307600182e-18 9.901802543547916e-02
0 59 9.279347176772401e+01 1.594209975518689e-18 9.901641183875941e-02
1 16 9.396687629917456e+01 5.957686571340942e-18 6.501456951645464e-02
0 60 9.434479257739066e+01 1.663511242409723e-18 9.901731219722748e-02
0 61 9.589611108203704e+01 1.947388840628278e-18 9.901709240209573e-02
0 62 9.744743882023549e+01 1.553024308044725e-18 9.901754146017698e-02
0 63 9.899875714275285e+01 1.663445946304382e-18 9.901710647128438e-02
1 17 9.955665432669068e+01 3.652542469296242e-18 6.501489052946087e-02
0 64 1.005500794419612e+02 1.622218352526499e-18 9.901661207522711e-02
0 65 1.021014002055850e+02 1.594242074913854e-18 9.901776640756781e-02
0 66 1.036527272001794e+02 1.622172898627108e-18 9.901645152670444e-02
0 67 1.052040460844725e+02 1.778824199706122e-18 9.901751651014730e-02
1 18 1.051464136871453e+02 1.140510432333531e-17 6.501512370281187e-02
0 68 1.067553654760353e+02 1.831409423888664e-18 9.901662354319207e-02
2 5 1.075190758842266e+02 5.249975824055282e-15 4.394247733486441e-02
0 69 1.083066910602596e+02 1.622063580537597e-18 9.901776243900580e-02
0 70 1.098580117007212e+02 1.594296753972179e-18 9.901642489616247e-02
1 19 1.107361890862569e+02 5.367291727917238e-16 6.501236154561578e-02
0 71 1.114093336811790e+02 1.622015316337573e-18 9.901670215468554e-02
0 72 1.129606525091019e+02 1.594303676523916e-18 9.901727097024786e-02
0 73 1.145119807543747e+02 1.594311112653590e-18 9.901685264655323e-02
0 74 1.160632984874890e+02 1.663207237197768e-18 9.901736662439369e-02
1 20 1.163259439198827e+02 5.546696142420026e-15 6.501544226292959e-02
0 75 1.176146196606736e+02 1.621895688502942e-18 9.901641897843461e-02
0 76 1.191659427813078e+02 2.328334593273735e-18 9.901781652137627e-02
0 77 1.207172671767794e+02 1.663160211376155e-18 9.901615664699899e-02
1 21 1.219157607956423e+02 3.701636269757333e-18 6.501319203030927e-02
0 78 1.222685879458687e+02 1.946207716000205e-18 9.901703316766698e-02
0 79 1.238199064284677e+02 2.044075805165451e-18 9.901672595950861e-02
0 80 1.253712339472068e+02 1.553029282043336e-18 9.901723845865930e-02
2 6 1.260737386064919e+02 2.978345112921963e-16 4.394363760392365e-02
0 81 1.269225522243798e+02 1.594380341425559e-18 9.901670219719994e-02
1 22 1.275055234397934e+02 3.645219920029073e-18 6.501295368933799e-02
0 82 1.284738742972869e+02 1.553042082459664e-18 9.901626141276477e-02
0 83 1.300251946250941e+02 1.778822674928575e-18 9.901742890078249e-02
0 84 1.315765216915550e+02 1.663010395772018e-18 9.901622838042028e-02
0 85 1.331278404859649e+02 1.829845746064532e-18 9.901729879685314e-02
1 23 1.330952734069957e+02 3.638717534785202e-18 6.501522235962591e-02
0 86 1.346791601037161e+02 1.662954049246671e-18 9.901638035947558e-02
0 87 1.362304856691175e+02 1.778820748759873e-18 9.901757664758523e-02
0 88 1.377818068423477e+02 1.553043629318250e-18 9.901619126717838e-02
1 24 1.386850889222063e+02 3.632424574301887e-18 6.501307862366654e-02
0 89 1.393331290179531e+02 1.553040362234152e-18 9.901647709601751e-02
0 90 1.408844478581511e+02 1.594447153788322e-18 9.901692181624398e-02
0 91 1.424357760655228e+02 1.710429009605586e-18 9.901655802585968e-02
0 92 1.439870936643825e+02 1.594463283798687e-18 9.901699493612819e-02
1 25 1.442748252051297e+02 3.626792160162496e-18 6.501591778531270e-02
2 7 1.446283575602309e+02 3.584240938698480e-17 4.394470390936096e-02
0 93 1.455384147759464e+02 1.662809626717654e-18 9.901605130947197e-02
0 94 1.470897374079315e+02 1.829000664877490e-18 9.901744833309163e-02
0 95 1.486410618123348e+02 1.553047814733897e-18 9.901584757611571e-02
1 26 1.498645879945057e+02 3.656815187484905e-18 6.501470175898205e-02
0 96 1.501923823434562e+02 1.662741863387696e-18 9.901682009298912e-02
0 97 1.517437009178228e+02 1.710626167514894e-18 9.901646974780436e-02
0 98 1.532950284223479e+02 1.944792437615815e-18 9.901705313408267e-02
0 99 1.548463470278715e+02 1.621197423206218e-18 9.901645549572845e-02
1 27 1.554543705437052e+02 3.687598141882361e-18 6.501449527052565e-02
0 100 1.563976694160329e+02 1.594533356421658e-18 9.901606828556773e-02
0 101 1.579489898309155e+02 1.621125961240135e-18 9.901714382816697e-02
0 102 1.595003171435579e+02 1.710759490122288e-18 9.901593896309326e-02
0 103 1.610516357438838e+02 1.621079132943477e-18 9.901696880522136e-02
1 28 1.610441220914732e+02 3.652897923326408e-18 6.501526261749861e-02
0 104 1.626029553725933e+02 1.594566615904611e-18 9.901601952211718e-02
2 8 1.631829782642237e+02 1.349604388319126e-14 4.394327378055741e-02
0 105 1.641542805497301e+02 1.786472823769455e-18 9.901723100157150e-02
0 106 1.657056017095230e+02 1.662536721858756e-18 9.901580435529618e-02
1 29 1.666338976253561e+02 2.645158350743053e-15 6.501247551026655e-02
0 107 1.672569235597305e+02 1.662510680207015e-18 9.901620184444480e-02
0 108 1.688082422427729e+02 1.662476205638336e-18 9.901664204061894e-02
0 109 1.703595705131547e+02 2.155034969367237e-18 9.901637304592158e-02
0 110 1.719108882104703e+02 1.662438920014432e-18 9.901674053008674e-02
1 30 1.722236542718427e+02 1.671727782398287e-15 6.501523862948370e-02
0 111 1.734622096246740e+02 1.951781263732703e-18 9.901584409079668e-02
0 112 1.750135323231634e+02 1.827332362539107e-18 9.901723244960452e-02
0 113 1.765648572398865e+02 1.996338952177190e-18 9.901558924835939e-02
1 31 1.778134662111372e+02 7.882003636665872e-17 6.501326065408561e-02
0 114 1.781161777008458e+02 1.662358660704793e-18 9.901653432727889e-02
0 115 1.796674962604697e+02 1.711157186799862e-18 9.901610418083812e-02
0 116 1.812188235219009e+02 1.662314630079628e-18 9.901674643157493e-02
2 9 1.817376427646445e+02 1.825270193078386e-13 4.394415170215564e-02
0 117 1.827701420952620e+02 1.662295871383909e-18 9.901604979868932e-02
1 32 1.834032321053251e+02 3.652654174600958e-18 6.501243306596077e-02
0 118 1.843214642336784e+02 1.785168327993526e-18 9.901572423288879e-02
0 119 1.858727842372051e+02 1.785035969150319e-18 9.901681232579006e-02
0 120 1.874241116219132e+02 1.662241238574758e-18 9.901572439840123e-02
0 121 1.889754301535662e+02 1.662203915038875e-18 9.901674491200846e-02
1 33 1.889929812515703e+02 3.652681326180214e-18 6.501505696971821e-02
0 122 1.905267500208506e+02 1.778842375589484e-18 9.901577987432854e-02
0 123 1.920780751842773e+02 1.884688975567352e-18 9.901704342844780e-02
0 124 1.936293968932671e+02 1.620480081368670e-18 9.901557137101935e-02
1 34 1.945828002636131e+02 7.659780929312966e-17 6.501287112836543e-02
0 125 1.951807189087036e+02 1.826153538958835e-18 9.901597105258415e-02
0 126 1.967320375994898e+02 1.778837146228993e-18 9.901628809167286e-02
0 127 1.982833657980306e+02 1.594739119682997e-18 9.901607870041776e-02
0 128 1.998346833812712e+02 1.620352361097398e-18 9.901636278727365e-02
1 35 2.001725390378530e+02 1.572936180297020e-15 6.501542631006667e-02
2 10 2.002922674612462e+02 3.673034312296818e-15 4.394575473150436e-02
0 129 2.013860047135288e+02 2.566240675241644e-18 9.901547707419596e-02
0 130 2.029373269205158e+02 1.594756466195895e-18 9.901686423356870e-02
0 131 2.044886518493265e+02 1.662007326003219e-18 9.901529328299243e-02
1 36 2.057622995522308e+02 2.683680370587621e-15 6.501477452041329e-02
0 132 2.060399720884208e+02 1.885254993564911e-18 9.901632403929214e-02
0 133 2.075912907668467e+02 1.553049648125335e-18 9.901584966244022e-02
0 134 2.091426180030836e+02 1.594788238746258e-18 9.901656046623324e-02
0 135 2.106939369417520e+02 1.825214918796471e-18 9.901580608171677e-02
1 37 2.113520867933588e+02 3.654067403041301e-18 6.501411295691163e-02
0 136 2.122452593847913e+02 1.778845814046476e-18 9.901553061960260e-02
0 137 2.137965794730908e+02 1.620080392694847e-18 9.901651734169670e-02
0 138 2.153479070582985e+02 2.115756366090101e-18 9.901543388967897e-02
0 139 2.168992253986687e+02 1.553046462654027e-18 9.901640810850949e-02
1 38 2.169418316151383e+02 3.628199760153232e-18 6.501537767600807e-02
0 140 2.184505452766482e+02 1.711896638515676e-18 9.901541928811863e-02
2 11 2.188468848830583e+02 7.127631573407341e-17 4.394468954683180e-02
0 141 2.200018700339130e+02 1.619969253038118e-18 9.901669193067110e-02
0 142 2.215531917325675e+02 1.594869456802103e-18 9.901519253190226e-02
1 39 2.225316067356127e+02 3.662170324513636e-18 6.501264981811197e-02
0 143 2.231045134213812e+02 1.952805219882902e-18 9.901570600956365e-02
0 144 2.246558319950923e+02 1.824354202776717e-18 9.901601310044314e-02
0 145 2.262071602412853e+02 1.619868831778334e-18 9.901589443233816e-02
0 146 2.277584779550647e+02 1.782345863214927e-18 9.901610634548874e-02
1 40 2.281213657322993e+02 3.629515923872098e-18 6.501500622378013e-02
0 147 2.293097995929250e+02 1.594907998497067e-18 9.901527445477459e-02
0 148 2.308611218762393e+02 1.553039963420501e-18 9.901664072299683e-02
0 149 2.324124472909717e+02 2.031316142386115e-18 9.901503168611799e-02
1 41 2.337111712603724e+02 3.630854171803758e-18 6.501335832931154e-02
0 150 2.339637674333079e+02 1.941088363640514e-18 9.901603135067476e-02
0 151 2.355150861048058e+02 1.553055287018923e-18 9.901548531301677e-02
0 152 2.370664130752572e+02 1.781773373514438e-18 9.901624939137228e-02
2 12 2.374015493522323e+02 2.855794416062677e-16 4.394508908963504e-02
0 153 2.386177319930860e+02 1.823550218669461e-18 9.901540002203872e-02
1 42 2.393009402215160e+02 3.637350605884768e-18 6.501198634523406e-02
0 154 2.401690541642121e+02 1.712304775869083e-18 9.901519395896530e-02
0 155 2.417203738691238e+02 1.619556596968817e-18 9.901619221743518e-02
0 156 2.432717015247609e+02 1.594974728784170e-18 9.901522681925899e-02
0 157 2.448230198191403e+02 1.594977329112360e-18 9.901617770749140e-02
1 43 2.448906888260755e+02 3.632247874775185e-18 6.501490971196391e-02
0 158 2.463743399462080e+02 1.619481730681431e-18 9.901518362188146e-02
0 159 2.479256646968890e+02 1.712433272050713e-18 9.901650211098249e-02
0 160 2.494769869560901e+02 1.661384581937190e-18 9.901495966403134e-02
1 44 2.504805105752137e+02 3.717935779503978e-18 6.501269744488607e-02
0 161 2.510283087788578e+02 1.661357661876221e-18 9.901546898610149e-02
0 162 2.525796273570886e+02 1.778845590193680e-18 9.901565530913373e-02
0 163 2.541309554996364e+02 1.553053740728548e-18 9.901559998796736e-02
0 164 2.556822731198529e+02 1.619306985324207e-18 9.901572313446251e-02
2 13 2.559561812354554e+02 2.697234460435094e-14 4.394699211400407e-02
1 45 2.560702526123840e+02 5.800611820539190e-15 6.501486534703793e-02
0 165 2.572335946532315e+02 1.712632927210270e-18 9.901490864886889e-02
0 166 2.587849164455130e+02 2.028107787798344e-18 9.901627349440288e-02
0 167 2.603362418750060e+02 1.661238849183988e-18 9.901474873498806e-02
1 46 2.616600107231664e+02 5.695263584743408e-16 6.501478811340822e-02
0 168 2.618875618132960e+02 1.822161391933846e-18 9.901582218981787e-02
0 169 2.634388806281495e+02 1.778850432300621e-18 9.901523247066742e-02
0 170 2.649902075648096e+02 1.595073604077959e-18 9.901606271044931e-02
0 171 2.665415268833979e+02 1.821881806804824e-18 9.901515956807953e-02
1 47 2.672498029023534e+02 1.265634400554021e-17 6.501374992443702e-02
0 172 2.680928493460146e+02 1.778853214453203e-18 9.901499907103141e-02
0 173 2.696441691323234e+02 2.758764933051883e-18 9.901588768868431e-02
0 174 2.711954969427982e+02 1.595117454088129e-18 9.901493551271916e-02
0 175 2.727468150530491e+02 1.712915951108523e-18 9.901583406526017e-02
1 48 2.728395422035019e+02 3.689920902962026e-18 6.501544360295755e-02
0 176 2.742981351874315e+02 1.778855335955173e-18 9.901482306817667e-02
2 14 2.745107971954947e+02 8.675365037418764e-15 4.394614186401438e-02
0 177 2.758494595156309e+02 1.661003083859869e-18 9.901614510331988e-02
0 178 2.774007817663189e+02 1.553067852760772e-18 9.901458996451533e-02
1 49 2.784293165190572e+02 5.426360988569172e-18 6.501287276674694e-02
0 179 2.789521032643835e+02 1.618876296064737e-18 9.901521366695522e-02
0 180 2.805034217651060e+02 1.821019468931935e-18 9.901538468379652e-02
0 181 2.820547499394140e+02 1.820983204363892e-18 9.901541585125904e-02
0 182 2.836060677238324e+02 1.660902676533161e-18 9.901546579435110e-02
1 50 2.840190781607596e+02 3.127203886115265e-16 6.501474020073335e-02
0 183 2.851573895641935e+02 1.660887500897527e-18 9.901471026961131e-02
0 184 2.867087114420019e+02 1.618714014449474e-18 9.901604177063072e-02
0 185 2.882600373261174e+02 1.660855396540082e-18 9.901448381933045e-02
1 51 2.896088762605552e+02 3.972193800313799e-15 6.501344867746862e-02
0 186 2.898113571446015e+02 1.954187505585010e-18 9.901552239982164e-02
0 187 2.913626759603604e+02 1.618637283488716e-18 9.901486955990030e-02
0 188 2.929140026094789e+02 1.553053100428048e-18 9.901574665486559e-02
2 15 2.930654591907446e+02 2.309089629653843e-15 4.394586701230029e-02
0 189 2.944653219165925e+02 1.820216939261977e-18 9.901475423483350e-02
1 52 2.951986478498868e+02 3.638267355937332e-18 6.501165966253307e-02
0 190 2.960166440868751e+02 1.553067412380502e-18 9.901467051167259e-02
0 191 2.975679635209835e+02 1.618511021216376e-18 9.901556919798245e-02
0 192 2.991192913983472e+02 1.660702549567396e-18 9.901473482202444e-02
0 193 3.006706094868083e+02 1.777631910361499e-18 9.901559716885246e-02
1 53 3.007883962881629e+02 3.646472915512751e-18 6.501475252227211e-02
0 194 3.022219298790272e+02 1.660649859342465e-18 9.901459179677444e-02
0 195 3.037732542095623e+02 1.819651406049904e-18 9.901595251771381e-02
0 196 3.053245770268290e+02 1.595297600146624e-18 9.901435664846121e-02
1 54 3.063782198824243e+02 3.639835867234651e-18 6.501257134069181e-02
0 197 3.068758986267242e+02 1.595299319913173e-18 9.901496994569201e-02
0 198 3.084272171301984e+02 1.595307829741173e-18 9.901502398408560e-02
0 199 3.099785451711446e+02 1.660547735173247e-18 9.901512084409154e-02
0 200 3.115298628822483e+02 1.595323508950623e-18 9.901507777217024e-02
2 16 3.116200986935728e+02 9.671411892661936e-18 4.394783788422077e-02
1 55 3.119679657228385e+02 3.636671809527502e-18 6.501424427964597e-02
0 201 3.130811845938215e+02 1.713694828921939e-18 9.901434631735215e-02
0 202 3.146325059845874e+02 1.937369144533787e-18 9.901567653528014e-02
0 203 3.161838318857103e+02 1.713744878484868e-18 9.901421359611261e-02
1 56 3.175577214045548e+02 3.627499318818576e-18 6.501475528692857e-02
0 204 3.177351515195783e+02 1.595351451964185e-18 9.901531272158351e-02
0 205 3.192864705006764e+02 1.778858620554412e-18 9.901461846688331e-02
0 206 3.208377971099183e+02 1.618084963945746e-18 9.901555918255571e-02
0 207 3.223891168511090e+02 1.553070677166342e-18 9.901451715904114e-02
1 57 3.231475186293373e+02 3.653949226104959e-18 6.501339215907287e-02
0 208 3.239404392972458e+02 2.113009341121757e-18 9.901447354388147e-02
0 209 3.254917588085063e+02 1.660318765140260e-18 9.901525561208138e-02
0 210 3.270430867957314e+02 1.595402507534884e-18 9.901444296115529e-02
0 211 3.285944047111822e+02 1.595407355544570e-18 9.901524678259067e-02
1 58 3.287372538295180e+02 3.641421070244561e-18 6.501546008546594e-02
0 212 3.301457251040638e+02 1.660267439685461e-18 9.901423110897550e-02
2 17 3.301747137639822e+02 1.178875571246828e-15 4.394708378666091e-02
0 213 3.316970489975236e+02 1.817983876709421e-18 9.901559049064389e-02
0 214 3.332483718069147e+02 1.660233259587887e-18 9.901399705540287e-02
1 59 3.343270268096202e+02 3.651805813865178e-18 6.501310534098215e-02
0 215 3.347996930871407e+02 1.617829818086622e-18 9.901472363903328e-02
0 216 3.363510115516564e+02 1.778857633436940e-18 9.901475729026114e-02
0 217 3.379023396084267e+02 1.936339929273951e-18 9.901493636297426e-02
0 218 3.394536575186521e+02 1.660134732907797e-18 9.901482063739357e-02
1 60 3.399167916876426e+02 3.689780539362303e-18 6.501445660669064e-02
0 219 3.410049795369692e+02 1.778864157698363e-18 9.901415172413176e-02
0 220 3.425563010215596e+02 1.817321617546825e-18 9.901543610200646e-02
0 221 3.441076273415829e+02 1.660086846838828e-18 9.901394539119829e-02
1 61 3.455065813156883e+02 2.501860351776976e-15 6.501354808882495e-02
0 222 3.456589468366275e+02 1.817161638442935e-18 9.901500567246287e-02
0 223 3.472102658259620e+02 1.595510954167735e-18 9.901425709703740e-02
0 224 3.487615921268576e+02 1.617563156549759e-18 9.901523762042246e-02
2 18 3.487293707291647e+02 4.957173928391074e-14 4.394610624482306e-02
0 225 3.503129118639272e+02 1.659992978284216e-18 9.901411366362751e-02
1 62 3.510963552004966e+02 1.534964473434866e-16 6.501143892781053e-02
0 226 3.518642339994840e+02 1.553075726213536e-18 9.901415369716587e-02
0 227 3.534155531925897e+02 1.816664693972495e-18 9.901494389126717e-02
0 228 3.549668812412516e+02 1.595544713770232e-18 9.901424753367939e-02
0 229 3.565181991606486e+02 1.659897447649820e-18 9.901500372414947e-02
1 63 3.566861037893372e+02 3.855046877945817e-18 6.501457716165496e-02
0 230 3.580695198184778e+02 1.659881742760842e-18 9.901400458807359e-02
0 231 3.596208437247362e+02 1.595556459773157e-18 9.901539456860890e-02
0 232 3.611721671012639e+02 1.595583663032674e-18 9.901376271201023e-02
1 64 3.622759282795252e+02 3.652707837951740e-18 6.501248445228090e-02
0 233 3.627234884509156e+02 1.595584715312600e-18 9.901447278414602e-02
0 234 3.642748069179370e+02 1.659789931883193e-18 9.901439457562054e-02
