0 0 1.229990929569153e+00 1.636974504779113e-17 9.760911440395109e-02
0 1 2.781305454739171e+00 1.569147537379425e-17 9.760841891068496e-02
0 2 4.332617502285963e+00 1.575403483458191e-17 9.760889426200249e-02
1 0 4.586679734217864e+00 3.471345844287103e-18 6.814273059206513e-02
0 3 5.883925706641924e+00 1.587867131469201e-17 9.760749553449061e-02
0 4 7.435245896445628e+00 1.581860976741456e-17 9.760851039562904e-02
0 5 8.986557636135940e+00 1.526182602866410e-17 9.760762884484099e-02
1 1 1.017652009571419e+01 3.538224308586610e-18 6.814087085655073e-02
0 6 1.053787206854830e+01 1.526216731118281e-17 9.760851726793400e-02
0 7 1.208918049578657e+01 1.526262459517684e-17 9.760919454868573e-02
0 8 1.364049590784728e+01 1.476919363215380e-17 9.760880396499495e-02
2 0 1.491184080081462e+01 5.561865603878027e-17 4.662053411731385e-02
0 9 1.519180622100993e+01 1.432935067668379e-17 9.760851894598863e-02
1 2 1.576627898250423e+01 3.469231430283838e-18 6.814178412124436e-02
0 10 1.674311753114030e+01 1.470348693056180e-17 9.760768207483951e-02
0 11 1.829443751164910e+01 1.483686197871231e-17 9.760960259059680e-02
0 12 1.984575101864585e+01 1.477020681805779e-17 9.760879174220390e-02
1 3 2.135602280037062e+01 2.578837132600472e-14 6.814295428362560e-02
0 13 2.139706474950846e+01 1.514846093603423e-17 9.760988096515373e-02
0 14 2.294837072218710e+01 1.433454100229655e-17 9.760893430061326e-02
0 15 2.449968836700264e+01 1.452944706326945e-17 9.760913120423485e-02
0 16 2.605099867061598e+01 1.453011151584699e-17 9.760841008542261e-02
1 4 2.694584703543080e+01 6.956712321157785e-15 6.814115182511023e-02
0 17 2.760231233611477e+01 1.415038392610297e-17 9.760855017904288e-02
0 18 2.915362718300588e+01 1.440416485751342e-17 9.761044894379448e-02
0 19 3.070494168084235e+01 1.409362905123225e-17 9.760972989215490e-02
0 20 3.225625353735798e+01 1.391022007598894e-17 9.761014716827139e-02
1 5 3.253556730454448e+01 2.252228623485938e-16 6.814303642856040e-02
2 1 3.346641850857861e+01 7.878601331104591e-18 4.661986045292870e-02
0 21 3.380756193258075e+01 1.358459851325986e-17 9.760876017922812e-02
0 22 3.535888208539760e+01 1.347194596603317e-17 9.760983827059143e-02
0 23 3.691019386392795e+01 1.290586607302465e-17 9.760899207401585e-02
1 6 3.812535912031826e+01 6.292980683842347e-18 6.814103751571286e-02
0 24 3.846150834677703e+01 1.336118555303990e-17 9.760999536681067e-02
0 25 4.001281643312379e+01 1.372824303875586e-17 9.761057010102346e-02
0 26 4.156413200020176e+01 1.303176734079266e-17 9.761020900711523e-02
0 27 4.311544231731493e+01 1.323376816229343e-17 9.760987977466189e-02
1 7 4.371515412465692e+01 2.879872469896155e-17 6.814138483811774e-02
0 28 4.466675403476984e+01 1.336301536271086e-17 9.760912764124659e-02
0 29 4.621807390269620e+01 1.315919213680826e-17 9.761105432111565e-02
0 30 4.776938746520509e+01 1.266400899893762e-17 9.761017778500142e-02
0 31 4.932070098719197e+01 1.273931807185201e-17 9.761119904114514e-02
1 8 4.930494394758385e+01 5.541034691583615e-16 6.814067141927702e-02
0 32 5.087200699053601e+01 1.198566346567203e-17 9.761017273821651e-02
2 2 5.202098671024111e+01 2.775250022406093e-16 4.661786641797785e-02
0 33 5.242332478309734e+01 1.255684731022852e-17 9.761042649971326e-02
0 34 5.397463497863178e+01 1.253276705108465e-17 9.760967193451554e-02
1 9 5.489476560659306e+01 1.398791257987390e-14 6.813833847460649e-02
0 35 5.552594865867913e+01 1.263546342637034e-17 9.760993102542125e-02
0 36 5.707726298405682e+01 1.255732543165963e-17 9.761184008378064e-02
0 37 5.862857762764410e+01 1.294999837530348e-17 9.761117770315500e-02
0 38 6.017988937073065e+01 1.219293474360054e-17 9.761152267251789e-02
1 10 6.048452318686746e+01 5.932232057601268e-14 6.814141427465556e-02
0 39 6.173119813359015e+01 1.237551997247889e-17 9.761016151487253e-02
0 40 6.328251861068958e+01 1.201124465573979e-17 9.761133016590068e-02
0 41 6.483383064929210e+01 1.219369522798077e-17 9.761043751343626e-02
1 11 6.607436230238974e+01 3.497165593456519e-18 6.813975717072833e-02
0 42 6.638514506395960e+01 1.237606302995287e-17 9.761140790105050e-02
0 43 6.793645266848750e+01 1.201227375377434e-17 9.761180076834161e-02
0 44 6.948776832383449e+01 1.174850824525444e-17 9.761148581725429e-02
2 3 7.057555089046696e+01 1.175946430107735e-14 4.661933505668430e-02
0 45 7.103907847749628e+01 1.156655239404775e-17 9.761110607342290e-02
1 12 7.166413199167033e+01 3.468972153025901e-18 6.814008067747282e-02
0 46 7.259039021464569e+01 1.191524390807944e-17 9.761041531448203e-02
0 47 7.414170972136802e+01 1.223050166701024e-17 9.761242781042727e-02
0 48 7.569302344451764e+01 1.125222595966671e-17 9.761162945238618e-02
0 49 7.724433692117917e+01 1.156635755106762e-17 9.761265230562260e-02
1 13 7.725387329888640e+01 3.460655925361090e-18 6.814176336377538e-02
0 50 7.879564305853775e+01 1.120333735787837e-17 9.761153958491575e-02
0 51 8.034696117955565e+01 1.125158096536975e-17 9.761186181244427e-02
0 52 8.189827165698506e+01 1.115579634753289e-17 9.761109998143122e-02
1 14 8.284370080958274e+01 3.457181977537851e-18 6.813988275021715e-02
0 53 8.344958554884079e+01 1.070747870947709e-17 9.761138933617652e-02
0 54 8.500089923162170e+01 1.052640541789934e-17 9.761315688792138e-02
0 55 8.655221385178386e+01 1.133781196894412e-17 9.761247978268434e-02
0 56 8.810352540949849e+01 1.133809482215165e-17 9.761276948229482e-02
1 15 8.843341948844473e+01 3.496918110723487e-18 6.814191741198916e-02
2 4 8.913012563674408e+01 1.307000750090278e-16 4.661914865253144e-02
0 57 8.965483435172099e+01 1.048015567975180e-17 9.761142895902672e-02
0 58 9.120615474517716e+01 1.070722492138600e-17 9.761266450986197e-02
0 59 9.275746684109565e+01 1.057028236958973e-17 9.761181591356935e-02
1 16 9.402320311380193e+01 3.529095586210467e-18 6.814032636825772e-02
0 60 9.430878129544318e+01 9.669641294238689e-18 9.761289078834551e-02
0 61 9.586008862691087e+01 1.093295127110726e-17 9.761317300861103e-02
0 62 9.741140445525801e+01 1.066191368823011e-17 9.761288868217967e-02
0 63 9.896271464952132e+01 1.070694795736407e-17 9.761247311659579e-02
1 17 9.961300311562226e+01 3.457192244482667e-18 6.814013875103947e-02
0 64 1.005140267811586e+02 9.759639180543399e-18 9.761186684045400e-02
0 65 1.020653460833490e+02 1.021018158506861e-17 9.761386623480495e-02
0 66 1.036166598383545e+02 1.007430486362557e-17 9.761300481579555e-02
0 67 1.051679731003194e+02 1.025912077289553e-17 9.761395578123155e-02
1 18 1.052027814514789e+02 3.493226111484266e-18 6.813973566035049e-02
0 68 1.067192793325515e+02 1.007999768972709e-17 9.761278449568742e-02
2 5 1.076846924529735e+02 5.106945658294665e-17 4.661705478277152e-02
0 69 1.082705975922987e+02 1.034624948900393e-17 9.761316354225118e-02
0 70 1.098219079810521e+02 9.441102099886585e-18 9.761237577966750e-02
1 19 1.107926037039919e+02 2.540757691209207e-14 6.813730409426220e-02
0 71 1.113732218902770e+02 9.806779051626827e-18 9.761278768802617e-02
0 72 1.129245350495618e+02 9.216445617911856e-18 9.761454491226784e-02
0 73 1.144758498121351e+02 9.395669335653197e-18 9.761392073922437e-02
0 74 1.160271612596829e+02 9.765926047856527e-18 9.761413697564537e-02
1 20 1.163823661956596e+02 1.870167753144120e-15 6.814009602460538e-02
0 75 1.175784705830047e+02 9.310886129111713e-18 9.761283834069667e-02
0 76 1.191297912548379e+02 9.587483771147688e-18 9.761415921311645e-02
0 77 1.206811035868125e+02 9.173034248324556e-18 9.761325936821776e-02
1 21 1.219722028504733e+02 1.470052009853507e-17 6.813863171502661e-02
0 78 1.222324179378056e+02 9.490337179060685e-18 9.761429224150998e-02
0 79 1.237837248702483e+02 9.213863322651399e-18 9.761439937643354e-02
0 80 1.253350408103200e+02 9.311378205748431e-18 9.761416685520979e-02
2 6 1.262392571473268e+02 7.545315327736531e-18 4.661844572908986e-02
0 81 1.268863508508742e+02 9.132612099253691e-18 9.761370134887246e-02
1 22 1.275619831604935e+02 2.055503783583772e-17 6.813840720589966e-02
0 82 1.284376629857145e+02 9.074674497527752e-18 9.761316431077183e-02
0 83 1.299889818764007e+02 8.895353340207532e-18 9.761524235732694e-02
0 84 1.315402957928552e+02 8.716111771529017e-18 9.761445944611437e-02
0 85 1.330916089947461e+02 8.319017882305433e-18 9.761539588304728e-02
1 23 1.331517232770108e+02 3.525303036016873e-17 6.814053033423575e-02
0 86 1.346429154175301e+02 8.814943307160604e-18 9.761415529875984e-02
0 87 1.361942340230439e+02 8.420581104566873e-18 9.761461050116592e-02
0 88 1.377455447144902e+02 8.636688719341993e-18 9.761381393403862e-02
1 24 1.387415537813355e+02 3.116219520749652e-15 6.813867412577326e-02
0 89 1.392968587960150e+02 8.496645066825766e-18 9.761424628187275e-02
0 90 1.408481712944723e+02 8.080387579449657e-18 9.761584456043843e-02
0 91 1.423994860420813e+02 8.000716223140594e-18 9.761521482853069e-02
0 92 1.439507973108161e+02 8.038920067478178e-18 9.761537886541137e-02
1 25 1.443312734314385e+02 3.735921248307812e-14 6.814068424122828e-02
2 7 1.447938286569785e+02 7.258600149373124e-16 4.661896695767458e-02
0 93 1.455021067947285e+02 8.318151873633538e-18 9.761410828849508e-02
0 94 1.470534273318339e+02 8.393750061755507e-18 9.761549941013069e-02
0 95 1.486047397374763e+02 8.177285669544173e-18 9.761465160504397e-02
1 26 1.499210488232174e+02 3.478316748789451e-18 6.813954879727910e-02
0 96 1.501560541158638e+02 7.543338924414930e-18 9.761577656612240e-02
0 97 1.517073608492522e+02 7.858818947917052e-18 9.761576933433572e-02
0 98 1.532586769833214e+02 7.504131060250853e-18 9.761556978368018e-02
0 99 1.548099871040408e+02 7.050061974778535e-18 9.761507659384638e-02
1 27 1.555108535000487e+02 3.512631989541523e-18 6.813889455701701e-02
0 100 1.563612996174249e+02 7.445746410838263e-18 9.761462158373733e-02
0 101 1.579126182134231e+02 8.071656495369693e-18 9.761666578650093e-02
0 102 1.594639321411826e+02 8.039023465457572e-18 9.761582349100088e-02
0 103 1.610152451262033e+02 7.539003957035554e-18 9.761668580680417e-02
1 28 1.611006201995971e+02 3.457408244983774e-18 6.813884487436189e-02
0 104 1.625665516951586e+02 7.643634041103208e-18 9.761540685487254e-02
2 8 1.633483957709387e+02 1.961810003540169e-14 4.661709105710131e-02
0 105 1.641178704221547e+02 7.929681102349742e-18 9.761591884667473e-02
0 106 1.656691810440357e+02 7.786349626272597e-18 9.761510464232810e-02
1 29 1.666904411955678e+02 3.457384401404650e-18 6.813636959472777e-02
0 107 1.672204951449847e+02 7.819792118960472e-18 9.761566139783744e-02
0 108 1.687718071324746e+02 7.578062919074509e-18 9.761722910332428e-02
0 109 1.703231220218483e+02 6.691214083697588e-18 9.761664867544016e-02
0 110 1.718744331885015e+02 7.517758089218422e-18 9.761674034816104e-02
1 30 1.722802091111573e+02 3.464362160668550e-18 6.813878726028333e-02
0 111 1.734257430616259e+02 6.971576028275069e-18 9.761552568681722e-02
0 112 1.749770638199904e+02 6.829451107036013e-18 9.761699425691561e-02
0 113 1.765283764341308e+02 6.879089428047488e-18 9.761609098411060e-02
1 31 1.778700418666926e+02 3.510977296567243e-18 6.813751394081159e-02
0 114 1.780796906774857e+02 6.795755282296952e-18 9.761716482159617e-02
0 115 1.796309971015480e+02 7.375907411672803e-18 9.761699396196119e-02
0 116 1.811823133696014e+02 6.652575035124320e-18 9.761685092073269e-02
2 9 1.819029619006176e+02 2.627708174851651e-17 4.661836675629574e-02
0 117 1.827336233478251e+02 7.002664825773012e-18 9.761630867098219e-02
1 32 1.834598323190105e+02 3.462840845301840e-18 6.813677080188156e-02
0 118 1.842849358516034e+02 6.826858101405820e-18 9.761593063569572e-02
0 119 1.858362539897992e+02 6.685144381768671e-18 9.761804351581908e-02
0 120 1.873875680784047e+02 6.765085870844868e-18 9.761727924690228e-02
0 121 1.889388809904068e+02 6.765188134503955e-18 9.761811264855812e-02
1 33 1.890495724336250e+02 3.582264219054979e-18 6.813928589826397e-02
0 122 1.904901877974956e+02 7.114752354825437e-18 9.761678252307492e-02
0 123 1.920415068803526e+02 6.236292345707663e-18 9.761737760918843e-02
0 124 1.935928178186054e+02 6.794184828700559e-18 9.761655179678180e-02
1 34 1.946394055426422e+02 3.087261190730800e-14 6.813747654160789e-02
0 125 1.951441320504449e+02 6.912512400281995e-18 9.761711877789384e-02
0 126 1.966954433780314e+02 6.793865083424342e-18 9.761851260296160e-02
0 127 1.982467582654248e+02 6.300329474941791e-18 9.761793596930440e-02
0 128 1.997980692607753e+02 6.418389640514931e-18 9.761797844570529e-02
1 35 2.002291287341720e+02 9.041081301126435e-15 6.813934790087310e-02
2 10 2.004575306709910e+02 3.657242947624283e-17 4.661955002566393e-02
0 129 2.013493792705721e+02 5.636892917476841e-18 9.761679816153261e-02
0 130 2.029006998396841e+02 5.324312972486458e-18 9.761833962348473e-02
0 131 2.044520125417980e+02 6.473138780399257e-18 9.761749555015092e-02
1 36 2.058188960883791e+02 3.412427359264531e-16 6.813867990444641e-02
0 132 2.060033267993235e+02 5.706688092169049e-18 9.761864731325944e-02
0 133 2.075546331012916e+02 6.246489845882542e-18 9.761836275294737e-02
0 134 2.091059495863663e+02 5.980824334023187e-18 9.761825624680595e-02
0 135 2.106572596859202e+02 5.581264738371112e-18 9.761769383341157e-02
1 37 2.114087051157056e+02 4.597749239499940e-18 6.813767034975832e-02
0 136 2.122085725491086e+02 5.926607717167152e-18 9.761739339451198e-02
0 137 2.137598903072333e+02 5.462722185046898e-18 9.761945054640148e-02
0 138 2.153112043902230e+02 6.053193093161933e-18 9.761863158477445e-02
0 139 2.168625170863222e+02 5.436426972498531e-18 9.761939044835052e-02
1 38 2.169984604571639e+02 3.037124005538041e-17 6.813795158236045e-02
0 140 2.184138240772436e+02 6.296956022141270e-18 9.761804048422475e-02
2 11 2.190121001408048e+02 8.121930834806649e-18 4.661800224378789e-02
0 141 2.199651432558575e+02 6.571209209391111e-18 9.761869247131828e-02
0 142 2.215164541429700e+02 5.607483499774867e-18 9.761785793820618e-02
1 39 2.225882786649034e+02 3.635590303712259e-16 6.813555760090993e-02
0 143 2.230677683949277e+02 6.123427764327492e-18 9.761854931398106e-02
0 144 2.246190792389316e+02 5.584976059246464e-18 9.761989359175455e-02
0 145 2.261703942706134e+02 4.885273306902526e-18 9.761936289849263e-02
0 146 2.277217051771941e+02 5.607271405273206e-18 9.761933607887305e-02
1 40 2.281780521100199e+02 1.090525645897268e-14 6.813748439587781e-02
0 147 2.292730155800649e+02 5.054362574988014e-18 9.761822353088183e-02
0 148 2.308243363032431e+02 6.058811128752029e-18 9.761983189338724e-02
0 149 2.323756491839960e+02 5.907552227154644e-18 9.761892887238705e-02
1 41 2.337678797200098e+02 4.992582218427283e-14 6.813637496991454e-02
0 150 2.339269632789854e+02 5.778272223929947e-18 9.762002058951674e-02
0 151 2.354782693639732e+02 4.836132015127896e-18 9.761958807878057e-02
0 152 2.370295860024562e+02 5.720651073655517e-18 9.761954178806054e-02
2 12 2.375666682376934e+02 1.650716870014843e-15 4.661894609993664e-02
0 153 2.385808959718298e+02 5.118266461271962e-18 9.761893170169156e-02
1 42 2.393576792681393e+02 3.476582002973966e-18 6.813520826740482e-02
0 154 2.401322088162232e+02 5.143011208069156e-18 9.761871570292248e-02
0 155 2.416835260763818e+02 5.587181747951746e-18 9.762082889396698e-02
0 156 2.432348403186620e+02 5.723245127577494e-18 9.762008675402319e-02
0 157 2.447861529307734e+02 5.002772877833765e-18 9.762080444008683e-02
1 43 2.449474205788059e+02 3.457445468261661e-18 6.813801047903917e-02
0 158 2.463374601982182e+02 5.117502787394492e-18 9.761942174320917e-02
0 159 2.478887797341232e+02 4.802590831063967e-18 9.762016258075096e-02
0 160 2.494400909437134e+02 4.929858104758921e-18 9.761931257662648e-02
1 44 2.505372557619935e+02 3.457516799531007e-18 6.813629838569558e-02
0 161 2.509914052837952e+02 5.266920323487553e-18 9.762000363670192e-02
0 162 2.525427154882099e+02 5.419183978494932e-18 9.762116237729992e-02
0 163 2.540940305351957e+02 4.970113738524036e-18 9.762064486183603e-02
0 164 2.556453412790179e+02 5.573725573879271e-18 9.762057151632751e-02
1 45 2.561269849029098e+02 3.457480288189604e-18 6.813790997024671e-02
2 13 2.561212348794043e+02 3.141229758548730e-14 4.662058953204731e-02
0 165 2.571966517915508e+02 4.779960113826500e-18 9.761949892725055e-02
0 166 2.587479722685963e+02 5.098573075560285e-18 9.762118170713993e-02
0 167 2.602992852496814e+02 4.465505653512764e-18 9.762034414425298e-02
1 46 2.617167446860886e+02 3.498193482945663e-18 6.813773792877903e-02
0 168 2.618505993452346e+02 4.764136049817952e-18 9.762149825177194e-02
0 169 2.634019053848139e+02 4.631870494077969e-18 9.762095683397459e-02
0 170 2.649532222641486e+02 4.447118450081612e-18 9.762095180729313e-02
0 171 2.665045323961150e+02 4.967292102811208e-18 9.762032814240859e-02
1 47 2.673065577593408e+02 3.463091482157772e-18 6.813644076363629e-02
0 172 2.680558455774094e+02 4.947139122897129e-18 9.762018356796578e-02
0 173 2.696071623799150e+02 4.282695042637086e-18 9.762221843226869e-02
0 174 2.711584766037241e+02 4.464124985275864e-18 9.762142725569342e-02
0 175 2.727097890035276e+02 4.191845960031034e-18 9.762207175669234e-02
1 48 2.728963025519451e+02 3.594909633498403e-18 6.813705728627967e-02
0 176 2.742610964788914e+02 4.298163429014694e-18 9.762068554513693e-02
2 14 2.746758079691371e+02 1.793209875020738e-17 4.661930999501362e-02
0 177 2.758124160764626e+02 4.524495936048726e-18 9.762148361726376e-02
0 178 2.773637272523843e+02 4.320243310027115e-18 9.762063424810680e-02
1 49 2.784861164002554e+02 3.492786491271743e-18 6.813480081004485e-02
0 179 2.789150416115434e+02 4.319882945615000e-18 9.762144768014668e-02
0 180 2.804663513740749e+02 4.297587363442611e-18 9.762254003121405e-02
0 181 2.820176665713013e+02 3.989646690964118e-18 9.762206551431603e-02
0 182 2.835689772451041e+02 4.133183477727404e-18 9.762192760321477e-02
1 50 2.840758955911857e+02 3.129639840679466e-14 6.813620360600070e-02
0 183 2.851202881512284e+02 4.612932938135065e-18 9.762093223894026e-02
0 184 2.866716087066242e+02 3.857753345504363e-18 9.762266871775145e-02
0 185 2.882229218354029e+02 4.924384275888574e-18 9.762176960084121e-02
1 51 2.896657166542848e+02 2.472782956996434e-15 6.813523326902188e-02
0 186 2.897742357455681e+02 3.988276941941761e-18 9.762285526980391e-02
0 187 2.913255416589627e+02 4.121502130651832e-18 9.762218504694586e-02
0 188 2.928768587065998e+02 4.316411832195916e-18 9.762224294526659e-02
2 15 2.932303777353142e+02 2.132056521302774e-17 4.661972893704266e-02
0 189 2.944281687213368e+02 4.778760447240347e-18 9.762157368641290e-02
1 52 2.952555240323756e+02 2.796949915364243e-17 6.813375073249908e-02
0 190 2.959794818778648e+02 3.854899676497638e-18 9.762152056073266e-02
0 191 2.975307981506146e+02 3.961109871121565e-18 9.762359648559531e-02
0 192 2.990821125317360e+02 3.969863091213829e-18 9.762288029841625e-02
0 193 3.006334248387871e+02 3.853612105828907e-18 9.762347369247920e-02
1 53 3.008452675634987e+02 1.681522122225049e-17 6.813668539387639e-02
0 194 3.021847326202211e+02 3.649890726236075e-18 9.762207295498344e-02
0 195 3.037360525666840e+02 3.985697313430950e-18 9.762296403050140e-02
0 196 3.052873640635471e+02 4.448395132450839e-18 9.762209450647573e-02
1 54 3.064351043977609e+02 2.729509557267646e-17 6.813514026427674e-02
0 197 3.068386784674254e+02 3.650015268860026e-18 9.762289679252185e-02
0 198 3.083899876293365e+02 3.808958589170421e-18 9.762379593925224e-02
0 199 3.099413028629875e+02 3.191751497240978e-18 9.762334384734241e-02
0 200 3.114926133836678e+02 3.661736355871815e-18 9.762316156986843e-02
2 16 3.117849428771169e+02 2.141895386270096e-17 4.662167115314680e-02
1 55 3.120248412164926e+02 2.236423614789004e-15 6.813638167922151e-02
0 201 3.130439243712364e+02 3.527494920580802e-18 9.762221133765210e-02
0 202 3.145952446224760e+02 3.263841748483592e-18 9.762402223638088e-02
0 203 3.161465578621160e+02 4.123805338617700e-18 9.762319388670526e-02
1 56 3.176145944067214e+02 3.080941225954031e-14 6.813668691857001e-02
0 204 3.176978717593315e+02 3.821364489970727e-18 9.762432555628700e-02
0 205 3.192491777007387e+02 4.130932993271573e-18 9.762355485001452e-02
0 206 3.208004950124833e+02 3.502122074799485e-18 9.762365978226788e-02
0 207 3.223518052295818e+02 3.820589396592936e-18 9.762298233869787e-02
1 57 3.232044110953630e+02 3.462840636456804e-18 6.813523426409561e-02
0 208 3.239031186969314e+02 3.806050158276813e-18 9.762299296216895e-02
0 209 3.254544344452232e+02 4.130559573119899e-18 9.762496777634160e-02
0 210 3.270057487994623e+02 3.366056205796924e-18 9.762420910844129e-02
0 211 3.285570608999838e+02 3.191195888578348e-18 9.762473223268588e-02
1 58 3.287941467408405e+02 3.472274000840356e-18 6.813612409745441e-02
0 212 3.301083689005950e+02 3.496944620137093e-18 9.762334182669123e-02
2 17 3.303395195484527e+02 3.378308744792672e-15 4.662059245400586e-02
0 213 3.316596888667329e+02 3.501157492166941e-18 9.762429070804904e-02
0 214 3.332110003463161e+02 3.807469613549170e-18 9.762343141601379e-02
1 59 3.343839548576011e+02 3.466953173671208e-18 6.813409238198827e-02
0 215 3.347623147663653e+02 4.286209427859039e-18 9.762435193292773e-02
0 216 3.363136235409966e+02 4.286630466430371e-18 9.762517074551809e-02
0 217 3.378649389342863e+02 3.207854780757351e-18 9.762475928901455e-02
0 218 3.394162494091029e+02 3.348112278610519e-18 9.762451851887247e-02
1 60 3.399737398784590e+02 3.458420848356092e-18 6.813494003550113e-02
0 219 3.409675607880811e+02 3.651074572327338e-18 9.762365259053488e-02
0 220 3.425188810353674e+02 3.653025093403025e-18 9.762550141925400e-02
0 221 3.440701943918063e+02 2.902237875540666e-18 9.762460988606546e-02
1 61 3.455635530545582e+02 3.481082872633018e-18 6.813412414253457e-02
0 222 3.456215080856694e+02 3.653594693614019e-18 9.762566566464363e-02
0 223 3.471728139863059e+02 2.794734884101645e-18 9.762478777845580e-02
0 224 3.487241314750879e+02 3.254060586424904e-18 9.762495739301093e-02
2 18 3.488940903383398e+02 4.875513288936649e-14 4.662037106580056e-02
0 225 3.502754415880443e+02 3.499448367444857e-18 9.762423728304150e-02
1 62 3.511533667009987e+02 3.476472007009125e-18 6.813238222845318e-02
0 226 3.518267550272333e+02 3.343738613770624e-18 9.762434569392679e-02
0 227 3.533780702245663e+02 3.052028175722891e-18 9.762634474626661e-02
0 228 3.549293847343241e+02 3.655367688827665e-18 9.762565871220870e-02
0 229 3.564806967358862e+02 3.496088582766456e-18 9.762612319179394e-02
1 63 3.567431134647691e+02 3.463104329364340e-18 6.813534182824914e-02
0 230 3.580320050641074e+02 3.051340059545287e-18 9.762473581666366e-02
0 231 3.595833253601094e+02 3.095656722421083e-18 9.762577985719646e-02
0 232 3.611346371517803e+02 3.667624261294479e-18 9.762489516338924e-02
1 64 3.623329511628423e+02 3.504648488450109e-18 6.813397701844319e-02
0 233 3.626859515733940e+02 3.040043778318688e-18 9.762579344818369e-02
0 234 3.642372598033118e+02 2.753635425659088e-18 9.762641596267331e-02
