0 0 4.012062512074221e+00 4.797390210586733e-18 6.076133270481106e-02
0 1 1.028125287608119e+01 4.374107782717284e-18 6.075992110786675e-02
1 0 1.162684074188637e+01 8.647323831887773e-18 4.423367371585876e-02
2 0 1.181825598399520e+01 7.095858768942763e-15 4.392225931268927e-02
0 2 1.655046014536919e+01 4.390543613355975e-18 6.075755244070342e-02
0 3 2.281974648760221e+01 4.458358485182363e-18 6.075995740158125e-02
0 4 2.908891779499801e+01 4.821822458192814e-18 6.075957537518242e-02
2 1 2.963711346127035e+01 2.217090852082082e-15 4.421360579509190e-02
1 1 3.052937225880477e+01 1.201692226385042e-15 4.394239473335072e-02
0 5 3.535810793477351e+01 4.458294661787052e-18 6.075684896183123e-02
0 6 4.162736157349990e+01 4.572444706287783e-18 6.075760004289558e-02
2 2 4.739637015651945e+01 8.592488242787628e-18 4.421657727895169e-02
0 7 4.789649928370599e+01 4.875965996197435e-18 6.075786223283999e-02
1 2 4.949392906304660e+01 8.656760916742850e-18 4.393951628705250e-02
0 8 5.416564503081119e+01 5.099550804604468e-18 6.075602156620818e-02
0 9 6.043486374233677e+01 4.373926566699130e-18 6.075578679951069e-02
2 3 6.514945251005128e+01 8.413414663871899e-18 4.421333128496402e-02
0 10 6.670399358955081e+01 5.079047213620486e-18 6.075573996725089e-02
1 3 6.846386631278243e+01 4.716706777819651e-16 4.394203850966509e-02
0 11 7.297313511889870e+01 4.373787965426999e-18 6.075612548632144e-02
0 12 7.924235422698814e+01 4.373769501175553e-18 6.075566675946470e-02
2 4 8.290447358160156e+01 1.867791201436868e-15 4.420732394402385e-02
0 13 8.551152113967055e+01 4.444070185198087e-18 6.075473016488312e-02
1 4 8.743059087594970e+01 8.713195362895911e-18 4.394662775234048e-02
0 14 9.178072865926423e+01 4.373596531640044e-18 6.075688254610303e-02
0 15 9.804997240643102e+01 4.444203730066580e-18 6.075682919483424e-02
2 5 1.006641306615615e+02 8.402803462441599e-18 4.420288608635416e-02
0 16 1.043191990507728e+02 5.437294892219918e-18 6.075481338012103e-02
1 5 1.063915939956215e+02 7.098412697570724e-16 4.395147602332288e-02
0 17 1.105884828911639e+02 4.305224742224220e-18 6.075677533170425e-02
0 18 1.168577355271974e+02 5.087710384901101e-18 6.075765576419422e-02
2 6 1.184289752947857e+02 4.173988751341185e-14 4.420140111816877e-02
0 19 1.231269963863729e+02 4.376524511706261e-18 6.075461217542070e-02
1 6 1.253470360043940e+02 8.818559937303990e-18 4.395553881368604e-02
0 20 1.293962950633280e+02 4.564597660475104e-18 6.075497008907627e-02
0 21 1.356655180756894e+02 4.373394219381279e-18 6.075708693298278e-02
2 7 1.361980930227078e+02 5.135505746926899e-16 4.420032308822521e-02
0 22 1.419347586189234e+02 4.445101834245433e-18 6.075348874610516e-02
1 7 1.442986854358324e+02 1.962234682660757e-14 4.395815452021553e-02
0 23 1.482040164894615e+02 4.373552480791211e-18 6.075223610866673e-02
2 8 1.539694262928381e+02 8.411722074741021e-18 4.419931203289264e-02
0 24 1.544731934445634e+02 4.831496292547439e-18 6.075520031566474e-02
0 25 1.607423865779995e+02 4.830571143263059e-18 6.075229708763989e-02
1 8 1.632492306593615e+02 8.704148935274147e-18 4.395881071352019e-02
0 26 1.670116024727821e+02 4.636581916335912e-18 6.075013337253841e-02
2 9 1.717403774121722e+02 8.389232065423718e-18 4.419929783273473e-02
0 27 1.732807579019603e+02 4.445868377742555e-18 6.075301183998773e-02
0 28 1.795499426181942e+02 4.446074758992305e-18 6.075210705242415e-02
1 9 1.822016325005475e+02 8.744402887312789e-18 4.395731841522931e-02
0 29 1.858191508922143e+02 4.373400125712688e-18 6.074977402784174e-02
2 10 1.895083805617179e+02 2.989711341669296e-15 4.420054753635871e-02
0 30 1.920883284922483e+02 4.378684675919908e-18 6.075197031531579e-02
0 31 1.983575738052982e+02 4.373162762788868e-18 6.075268057066080e-02
1 10 2.011584610587294e+02 8.827768008440481e-18 4.395394072647887e-02
0 32 2.046267986897682e+02 4.840397035923242e-18 6.075080770596164e-02
2 11 2.072715857872859e+02 8.424328908929582e-18 4.420482582937420e-02
0 33 2.108960218859964e+02 4.446719648444486e-18 6.075208584718107e-02
0 34 2.171653406989681e+02 4.373063241742183e-18 6.075251903547484e-02
1 11 2.201211964932340e+02 8.640539294660709e-18 4.394966544779549e-02
0 35 2.234345670800189e+02 4.836789575755426e-18 6.075166292039623e-02
2 12 2.250294648652614e+02 8.398443082901000e-18 4.421137532057984e-02
0 36 2.297038118755844e+02 4.574813049470307e-18 6.075201826771315e-02
0 37 2.359731435385496e+02 4.567892671916734e-18 6.075071970129726e-02
1 12 2.390894213796824e+02 8.751666428970987e-18 4.394651511306286e-02
0 38 2.422423321404721e+02 4.641940329469220e-18 6.075122949398797e-02
2 13 2.427832260037445e+02 1.075570520926217e-16 4.421502879723409e-02
0 39 2.485115435084410e+02 4.641936041358769e-18 6.075109179960220e-02
0 40 2.547808304772774e+02 4.447623385752089e-18 6.074804080589883e-02
1 13 2.580594022750782e+02 8.805019507792152e-18 4.394886360724618e-02
2 14 2.605369014671440e+02 8.378171503841258e-18 4.421061109456734e-02
0 41 2.610499642324623e+02 4.447772038144845e-18 6.074953769519140e-02
0 42 2.673191144781507e+02 4.919249071173883e-18 6.075016463111033e-02
0 43 2.735883554147449e+02 4.448226536551963e-18 6.074610918840681e-02
1 14 2.770173536822230e+02 8.670721995983405e-18 4.397939262281685e-02
2 15 2.783047074842933e+02 8.387898276789513e-18 4.417437490326343e-02
0 44 2.798574600292192e+02 4.580503480507347e-18 6.074762876173745e-02
0 45 2.861265900262778e+02 4.372689478764484e-18 6.075028023624991e-02
0 46 2.923958194670899e+02 4.649113952884028e-18 6.074598964652902e-02
2 16 2.958000958973637e+02 3.220438049264761e-16 4.594388543833093e-02
1 15 2.962587640090055e+02 9.028104198908835e-18 4.225729702557621e-02
0 47 2.986649442308153e+02 4.382032571528371e-18 6.074688779794469e-02
0 48 3.049341220135860e+02 5.249563197176722e-18 6.075044719711533e-02
0 49 3.112033504325205e+02 4.930181098458995e-18 6.074616813067004e-02
2 17 3.135561472907074e+02 8.153480209066171e-18 4.597160832790134e-02
1 16 3.152285214154812e+02 2.984747918196826e-15 4.222955756147620e-02
0 50 3.174724896675602e+02 4.382721186720972e-18 6.074611029351456e-02
0 51 3.237416683692555e+02 4.652797581961546e-18 6.074879901845091e-02
0 52 3.300108524006395e+02 4.653692465459215e-18 6.074560206706679e-02
2 18 3.312878271294218e+02 8.067172329789621e-18 4.597627015694647e-02
1 17 3.342226521655397e+02 9.104334883215831e-18 4.222623007700768e-02
0 53 3.362799647020802e+02 4.564754972884111e-18 6.074475030295975e-02
0 54 3.425491123945824e+02 4.305924166604760e-18 6.074602513870167e-02
0 55 3.488182358934815e+02 4.590097897016822e-18 6.074468704222614e-02
2 19 3.490180915436606e+02 3.032786885218662e-14 4.597332798012463e-02
1 18 3.532173966762398e+02 8.978106206488088e-18 4.222819935682040e-02
0 56 3.550872994626711e+02 4.563952344669507e-18 6.074394660862465e-02
0 57 3.613564177838139e+02 4.592372846755750e-18 6.074381697387764e-02
