0 0 3.967935161719202e+00 4.230276882454669e-18 6.382560211502721e-02
0 1 1.023708696879336e+01 4.461571436957904e-18 6.382345872560294e-02
2 0 1.043404270743331e+01 6.127971975641315e-18 5.738610559721137e-02
1 0 1.283440773524789e+01 1.076029478790845e-17 3.763168857612522e-02
0 2 1.650575289286413e+01 4.777869717092439e-18 6.382158143803206e-02
0 3 2.277458876617278e+01 4.339903318730345e-18 6.381933236775114e-02
2 1 2.527289538449998e+01 2.370634221839333e-15 5.738194476377414e-02
0 4 2.904354762320173e+01 4.232749114953387e-18 6.381850683250119e-02
0 5 3.531240635738281e+01 4.292187670688538e-18 6.381894455099177e-02
1 1 3.672987153723353e+01 1.078413584479921e-17 3.763024441329634e-02
2 2 4.011048793998900e+01 6.053232097849536e-18 5.738817902962879e-02
0 6 4.158117489372677e+01 4.615029510976644e-18 6.382164833453365e-02
0 7 4.785034205904230e+01 4.292419328215917e-18 6.382729490267233e-02
0 8 5.411949551631265e+01 4.234333875656818e-18 6.382177631569463e-02
2 3 5.494564172481218e+01 6.056878415337993e-18 5.739651751269328e-02
0 9 6.038806279923054e+01 4.461626371999248e-18 6.381888715338026e-02
1 2 6.063028249841335e+01 1.034290729934584e-13 3.762833381812810e-02
0 10 6.665680671358507e+01 4.564220681009194e-18 6.381701465694255e-02
2 4 6.978372612142169e+01 1.554882805865239e-15 5.739355809437861e-02
0 11 7.292561856179708e+01 4.168615912936162e-18 6.381731253160866e-02
0 12 7.919438838629492e+01 4.592513293516029e-18 6.381550543603676e-02
1 3 8.452924145958411e+01 6.360261573573215e-14 3.762985892686615e-02
2 5 8.462172482964320e+01 6.164932745874950e-18 5.739049857369060e-02
0 13 8.546293725427238e+01 4.238362674566855e-18 6.381945477312312e-02
0 14 9.173220028475447e+01 4.238017040872592e-18 6.382803809087048e-02
0 15 9.800141788340086e+01 4.295859872925011e-18 6.382462718255909e-02
2 6 9.945929544742434e+01 6.058489596493542e-18 5.738278641176753e-02
0 16 1.042704712365526e+02 4.296501118119940e-18 6.381885850776130e-02
1 4 1.084219876923969e+02 1.077606659360711e-17 3.763115250522805e-02
0 17 1.105396382056328e+02 4.333041773918859e-18 6.381811702338150e-02
2 7 1.142984380059027e+02 2.500562800488045e-15 5.738405192078101e-02
0 18 1.168088062768212e+02 4.296767925649380e-18 6.381935272805890e-02
0 19 1.230779226810212e+02 4.634597377048219e-18 6.382192529077724e-02
2 8 1.291309714367376e+02 6.051719267986851e-18 5.748262417658768e-02
0 20 1.293468477063775e+02 4.800655320670004e-18 6.382329703019045e-02
1 5 1.323309034754405e+02 1.078286680569852e-17 3.755289128115465e-02
0 21 1.356158954861799e+02 4.461214061575726e-18 6.382740532473546e-02
0 22 1.418850388497794e+02 4.714889775639309e-18 6.382440150818415e-02
2 9 1.439339393261919e+02 6.051674306970276e-18 5.747600915584213e-02
0 23 1.481542373148049e+02 5.056041739087575e-18 6.382273836272363e-02
0 24 1.544234205235115e+02 4.167227799121763e-18 6.382255782111122e-02
1 6 1.563022721315942e+02 1.228760637692235e-14 3.755004817334443e-02
2 10 1.587351837939000e+02 6.465424237452744e-15 5.748058382423571e-02
0 25 1.606925671871537e+02 4.298038439479155e-18 6.382473541227621e-02
0 26 1.669618282837453e+02 4.166795393085356e-18 6.382793074370542e-02
0 27 1.732310237657127e+02 4.804818109658432e-18 6.382523766479990e-02
2 11 1.735356875247730e+02 7.315155084555474e-14 5.748613389076478e-02
0 28 1.794995454832879e+02 4.461353981985576e-18 6.382360102333938e-02
1 7 1.802765152602124e+02 1.079748609524996e-17 3.755256699549545e-02
0 29 1.857682548853474e+02 4.809327202003797e-18 6.382111136940202e-02
2 12 1.883403283307212e+02 5.996913543725470e-18 5.748565663565409e-02
0 30 1.920370443539195e+02 4.811150869620695e-18 6.381981926131028e-02
0 31 1.983058589982435e+02 4.300851536352883e-18 6.381820523517769e-02
2 13 2.031495108209589e+02 6.066955400050330e-18 5.745089706915742e-02
1 8 2.042424143983030e+02 9.336610690646190e-14 3.757849500289558e-02
0 32 2.045744724534051e+02 4.301260341892693e-18 6.382202327696482e-02
0 33 2.108435181387271e+02 5.693661511163192e-18 6.382742635008165e-02
0 34 2.171124688866670e+02 4.886984212585732e-18 6.382288958010615e-02
2 14 2.179638762032061e+02 6.125708320809303e-18 5.744929765874424e-02
0 35 2.233809757330142e+02 5.095281045947823e-18 6.381664505761526e-02
1 9 2.281880962973118e+02 1.080417745920138e-17 3.757758756532597e-02
0 36 2.296496204613725e+02 4.303603422760655e-18 6.381557159042467e-02
2 15 2.327796538448827e+02 4.837673038035016e-14 5.745174375387525e-02
0 37 2.359183269877767e+02 4.249408295181246e-18 6.381521223703135e-02
0 38 2.421869269813149e+02 4.461724684348307e-18 6.381649784954158e-02
2 16 2.475934679881927e+02 6.050216665366895e-18 5.747043887083102e-02
0 39 2.484553664464034e+02 5.120407345391443e-18 6.381824200533948e-02
1 10 2.521405785601152e+02 4.259680177272590e-13 3.756356304479033e-02
0 40 2.547245601358965e+02 4.320394507863559e-18 6.382728374104718e-02
0 41 2.609936906419396e+02 4.251450113297190e-18 6.382290177414734e-02
2 17 2.624030966462204e+02 6.091874308440621e-18 5.746389354509193e-02
0 42 2.672626477121801e+02 4.461605206511009e-18 6.382038175833131e-02
0 43 2.735316967450061e+02 4.461661851610916e-18 6.381913897715968e-02
1 11 2.760978191555675e+02 1.080987469372724e-17 3.756067057897516e-02
2 18 2.772117944842000e+02 2.341106094028370e-13 5.746402535361803e-02
0 44 2.798007885586143e+02 4.461557319881502e-18 6.382021666473502e-02
0 45 2.860697932871491e+02 5.749654402867001e-18 6.382151214994544e-02
2 19 2.920213647573285e+02 1.550054698538402e-14 5.746413623623174e-02
0 46 2.923386788226176e+02 4.835794923277406e-18 6.382503803021457e-02
0 47 2.986077965864670e+02 5.348330653850348e-18 6.383155415830086e-02
1 12 3.000539173826279e+02 1.083380138159655e-17 3.756495149146132e-02
0 48 3.048769992394739e+02 4.461144249891361e-18 6.382811127947831e-02
2 20 3.068318035739653e+02 6.056281173556621e-18 5.746120334688234e-02
0 49 3.111461983720272e+02 5.741807845761553e-18 6.382534080947407e-02
0 50 3.174155186401660e+02 4.317386104658441e-18 6.382434970871893e-02
2 21 3.217457836159988e+02 2.114182798399064e-16 5.810564053956309e-02
0 51 3.236846880812502e+02 4.631265123526787e-18 6.382766469521889e-02
1 13 3.239141516234797e+02 8.393339074110721e-14 3.709612514736933e-02
0 52 3.299539771205860e+02 5.146628352876473e-18 6.383006828995012e-02
0 53 3.362231137493752e+02 4.110218827854126e-18 6.382821033652487e-02
2 22 3.364112113649040e+02 6.271210530316864e-18 5.810598470231988e-02
0 54 3.424916282898763e+02 4.841655914579960e-18 6.382557623988880e-02
1 14 3.484768646429881e+02 1.912328401057030e-13 3.709211404870307e-02
0 55 3.487602183489352e+02 4.256669348620684e-18 6.382392196432765e-02
2 23 3.510776478413346e+02 5.923272325651748e-18 5.811099164059640e-02
0 56 3.550288895567647e+02 1.065386723905211e-14 6.382128493322067e-02
0 57 3.612975385113975e+02 8.547066961870242e-15 6.382098796911424e-02
