0 0 4.022469269946975e+00 4.308050732412292e-18 6.703193648245995e-02
0 1 1.029155611297602e+01 4.771264858897230e-18 6.703015300264008e-02
1 0 1.145625960619951e+01 6.195984716608323e-16 4.758193871170928e-02
2 0 1.171696181950655e+01 1.148267308655427e-15 4.588790968624330e-02
0 2 1.656078039752258e+01 4.788129213375938e-18 6.702681353278429e-02
0 3 2.283011744160477e+01 5.462350326257685e-18 6.702831642838468e-02
1 1 2.844147024204847e+01 1.749125218245092e-13 4.757979878511445e-02
0 4 2.909928087951415e+01 4.310808628749549e-18 6.702770796917663e-02
2 1 3.165356265623760e+01 8.403341398540674e-18 4.589009910249361e-02
0 5 3.536844842804295e+01 4.136907137880788e-18 6.702672396400358e-02
0 6 4.163772828695947e+01 5.610332292437710e-18 6.702484991088166e-02
1 2 4.542705631320461e+01 7.698682675940167e-18 4.757405615510185e-02
0 7 4.790702651436435e+01 4.442236723964393e-18 6.702318111917195e-02
2 2 5.158724287978819e+01 8.489046072036577e-15 4.589562263090952e-02
0 8 5.417624051693561e+01 4.216974978693579e-18 6.702768520808744e-02
0 9 6.044539289558796e+01 4.690505423898629e-18 6.702611876441762e-02
1 3 6.241689542745829e+01 7.686278031837128e-18 4.757137707411267e-02
0 10 6.671470728834829e+01 5.332278595792518e-18 6.702343261522055e-02
2 3 7.151615414229899e+01 8.397222453636727e-18 4.589793028989717e-02
0 11 7.298400458673967e+01 4.215690220139946e-18 6.702700269927682e-02
0 12 7.925309679516586e+01 4.141092652505410e-18 6.702817307001055e-02
1 4 7.940723363203435e+01 7.744720520756081e-18 4.757428754505618e-02
0 13 8.552230866456593e+01 4.604754755982635e-18 6.702615738736220e-02
2 4 9.144806686539940e+01 8.479740658904573e-18 4.589369012379670e-02
0 14 9.179157036416342e+01 4.316233466628038e-18 6.702557152450438e-02
1 5 9.639387411938522e+01 8.341786249109136e-18 4.757838507466711e-02
0 15 9.806073524683760e+01 4.797674613544401e-18 6.702636181581860e-02
0 16 1.043299021290391e+02 4.646327921298340e-18 6.702970840035900e-02
0 17 1.105990567230505e+02 4.803048900581619e-18 6.702679005696258e-02
2 5 1.113852401241280e+02 2.809139929388606e-15 4.589531774274721e-02
1 6 1.133785933324121e+02 3.561584468477334e-14 4.757262401275669e-02
0 18 1.168682998662942e+02 4.651211506659086e-18 6.702511562220281e-02
0 19 1.231375760090813e+02 3.931438317686196e-18 6.703024472754193e-02
0 20 1.294066807995271e+02 4.166902780929369e-18 6.702799702172144e-02
1 7 1.303768069939111e+02 7.673577322443788e-18 4.766078819478256e-02
2 6 1.313081107121187e+02 8.451958272226686e-18 4.580849551421923e-02
0 21 1.356759075443838e+02 4.716393777582298e-18 6.702480388562933e-02
0 22 1.419452420389809e+02 4.167827413230311e-18 6.702562465515165e-02
1 8 1.473151047655230e+02 7.700919787549720e-18 4.765931603446993e-02
0 23 1.482144470343158e+02 4.226866544807756e-18 6.702484194228550e-02
2 7 1.513068870510935e+02 8.508033336884196e-18 4.581058850533013e-02
0 24 1.544836092517438e+02 4.663717428516318e-18 6.702505832876750e-02
0 25 1.607528658994937e+02 4.150493768422018e-18 6.702279767813459e-02
1 9 1.642562345077805e+02 7.663344995322852e-18 4.765316783330401e-02
0 26 1.670221845393225e+02 4.228587980347225e-18 6.702140876582684e-02
2 8 1.713002198752677e+02 1.886890634830466e-16 4.581626250923797e-02
0 27 1.732914071288345e+02 4.228930065177279e-18 6.702668636169166e-02
0 28 1.795605345759071e+02 3.931635388306838e-18 6.702522442750519e-02
1 10 1.812008575499644e+02 7.700652177132813e-18 4.765248042844716e-02
0 29 1.858298281413603e+02 4.172387170216081e-18 6.702301720416978e-02
2 9 1.912909367132732e+02 1.415904049051855e-13 4.581605245947438e-02
0 30 1.920991147723466e+02 4.084103729709869e-18 6.702583905902204e-02
1 11 1.981443494979121e+02 7.673198158117862e-18 4.765653969572911e-02
0 31 1.983682155534422e+02 3.931512041338992e-18 6.702696951400126e-02
0 32 2.046373921853366e+02 4.211536572136409e-18 6.702614780332555e-02
0 33 2.109066259136068e+02 4.681799131222738e-18 6.702429237610849e-02
2 10 2.112868750040225e+02 8.427691670660492e-18 4.581100684044083e-02
1 12 2.150837561423791e+02 7.885694609589298e-18 4.765913590336412e-02
0 34 2.171758269733175e+02 3.989433192705488e-18 6.702438898916808e-02
0 35 2.234450063497076e+02 4.838353437787317e-18 6.702915863459437e-02
0 36 2.297141549303272e+02 4.747361243819260e-18 6.702516397337313e-02
2 11 2.312801653508589e+02 8.453465528206900e-18 4.584425339880147e-02
1 13 2.320297345442394e+02 7.712380340331356e-18 4.761819589151420e-02
0 37 2.359834188107228e+02 4.236084835122934e-18 6.702312779160732e-02
0 38 2.422527197604265e+02 4.236167957262272e-18 6.702743806221940e-02
0 39 2.485218676299462e+02 4.798339326142730e-18 6.702525391032543e-02
1 14 2.490130151004258e+02 9.988389501652550e-14 4.768561549053103e-02
2 12 2.512207847013243e+02 1.131815324192520e-15 4.577731797639850e-02
0 40 2.547910802141616e+02 4.237993641070045e-18 6.702264381400493e-02
0 41 2.610604001041701e+02 4.238244367633387e-18 6.702230313887168e-02
1 15 2.659866860942299e+02 1.108253551251490e-16 4.768176252264519e-02
0 42 2.673296565720700e+02 4.161760122691904e-18 6.702176490564642e-02
2 13 2.711708934384944e+02 8.432833914607445e-18 4.578256720214639e-02
0 43 2.735988120728837e+02 4.162586289423895e-18 6.702397999644619e-02
0 44 2.798680328630524e+02 4.240277618105626e-18 6.702131499421196e-02
1 16 2.829646327483869e+02 2.864138193552304e-14 4.767625811859889e-02
0 45 2.861373556756259e+02 3.912296348065644e-18 6.702032560969674e-02
2 14 2.911149961600767e+02 8.596622537142132e-18 4.578682489841125e-02
0 46 2.924065820902151e+02 4.240845175926659e-18 6.702586579518147e-02
0 47 2.986756885117995e+02 4.461992449457886e-18 6.702456380617446e-02
1 17 2.999446488223967e+02 7.814224908601278e-18 4.767807504381848e-02
0 48 3.049449508539836e+02 4.693042137810530e-18 6.702276126403418e-02
2 15 3.110595285052916e+02 7.985418175725427e-15 4.578352240367394e-02
0 49 3.112142200285593e+02 4.242881027006288e-18 6.702448907862546e-02
1 18 3.169220035523618e+02 7.663473449176364e-18 4.768276345513511e-02
0 50 3.174833401216052e+02 4.167270482066139e-18 6.702541801781479e-02
0 51 3.237524961872595e+02 4.244699714184745e-18 6.702575697969237e-02
0 52 3.300217190952798e+02 3.988665511517085e-18 6.702263515145566e-02
2 16 3.310101646550284e+02 8.423141844951806e-18 4.577998633080353e-02
1 19 3.338956971979287e+02 7.795407809531727e-18 4.768236975226441e-02
0 53 3.362909491807698e+02 5.000249948800347e-18 6.702239953491650e-02
0 54 3.425601452970950e+02 3.911894131976522e-18 6.702770092621521e-02
0 55 3.488293086328931e+02 4.207233165238494e-18 6.702309504666645e-02
2 17 3.507939838372196e+02 7.912116716785956e-18 4.726759167446036e-02
1 20 3.510451307261591e+02 8.207833534380333e-18 4.612204237733804e-02
0 56 3.550985751924849e+02 3.988526552036705e-18 6.702117591740246e-02
0 57 3.613678325870752e+02 4.789021585344873e-18 6.702586307453000e-02
