0 0 3.825368625489688e+00 4.258575525089894e-18 6.687991966081240e-02
0 1 1.009437662451250e+01 4.257112335960438e-18 6.688066825892987e-02
1 0 1.033771397043886e+01 6.602136714741429e-18 5.483924242795064e-02
2 0 1.322371579153874e+01 3.457853970207787e-16 3.694841836866793e-02
0 2 1.636317455409890e+01 4.472488637181949e-18 6.687879007554759e-02
0 3 2.263208312093374e+01 3.991457585291934e-18 6.687754803870886e-02
1 1 2.681320310382096e+01 2.036282861292793e-15 5.483411412825606e-02
0 4 2.890110224371988e+01 4.806056292267308e-18 6.687604783375035e-02
0 5 3.517021029232032e+01 4.250468186275549e-18 6.688087069306767e-02
2 1 3.505214461332972e+01 1.072902676030353e-17 3.695558145203715e-02
0 6 4.143918910085333e+01 5.400323057090740e-18 6.687740946265061e-02
1 2 4.329121661739101e+01 6.655786978950111e-18 5.483441522958810e-02
0 7 4.770825058484720e+01 4.211144892776262e-18 6.687756557704336e-02
0 8 5.397731973929370e+01 6.243896438076387e-18 6.687781844452806e-02
2 2 5.688059097875659e+01 9.510037645920492e-16 3.694856642029363e-02
1 3 5.976590381762179e+01 7.999513168660767e-16 5.484060142077284e-02
0 9 6.024627494981102e+01 4.464741333117483e-18 6.688051386615242e-02
0 10 6.651517390527992e+01 5.917134987312835e-18 6.688393527168358e-02
0 11 7.278418485802706e+01 4.462153743228842e-18 6.687895445257293e-02
1 4 7.622263363818431e+01 6.691505709597210e-18 5.481181482978777e-02
2 3 7.874251217130062e+01 5.026668737102418e-16 3.697059916527627e-02
0 12 7.905330572622687e+01 4.240514449519520e-18 6.687975147645377e-02
0 13 8.532245212543626e+01 5.345784318503885e-18 6.688142539326472e-02
0 14 9.159155828665521e+01 4.238442977067773e-18 6.688167391246502e-02
1 5 9.272164254466489e+01 6.636002608818859e-18 5.480978346222393e-02
0 15 9.786041038559290e+01 5.421858431588293e-18 6.687908029650584e-02
2 4 1.005309945845731e+02 7.056803037389513e-15 3.697166055417177e-02
0 16 1.041294134328430e+02 4.798797670910152e-18 6.687809771325311e-02
1 6 1.092244625051325e+02 1.185650479323941e-15 5.481001349563999e-02
0 17 1.103983168145686e+02 5.297327157008722e-18 6.688153799152040e-02
0 18 1.166673675330675e+02 5.293756247531196e-18 6.688447278275274e-02
2 5 1.223192987050011e+02 1.340417351403200e-16 3.696993135464954e-02
0 19 1.229364097452942e+02 5.674486523333770e-18 6.688267086494475e-02
1 7 1.257238562085599e+02 6.556093894274018e-18 5.481097560533527e-02
0 20 1.292055456490487e+02 6.654807095864985e-18 6.688089460010606e-02
0 21 1.354748574580799e+02 6.652626648351649e-18 6.688453658942209e-02
0 22 1.417438816508431e+02 5.231152684779103e-18 6.688468956494549e-02
1 8 1.421680999575336e+02 3.219270403551867e-15 5.492177531857977e-02
2 6 1.441971917867013e+02 1.065201904412187e-17 3.687255505306120e-02
0 23 1.480126793659006e+02 6.270328642253276e-18 6.688202961244458e-02
0 24 1.542815952197613e+02 5.272491088569195e-18 6.688146005983149e-02
1 9 1.586274325298844e+02 6.525040030024519e-18 5.491703963589741e-02
0 25 1.605505110492611e+02 6.252913107200173e-18 6.688102498997224e-02
2 7 1.660525370295730e+02 9.895432877928799e-15 3.687808027661254e-02
0 26 1.668195648870212e+02 6.752621803587319e-18 6.688604634241800e-02
0 27 1.730885020075414e+02 5.259582398879040e-18 6.688254837866249e-02
1 10 1.750897852356085e+02 1.017705156036592e-14 5.491528599219832e-02
0 28 1.793576247313011e+02 7.302533203310219e-18 6.688231613893696e-02
0 29 1.856266968544374e+02 6.474693609476243e-18 6.688307242481796e-02
2 8 1.879059252229873e+02 1.458435412706564e-16 3.687223940609179e-02
1 11 1.915491658027357e+02 6.526991240597957e-18 5.492145083636741e-02
0 30 1.918956317014732e+02 7.020330366916530e-18 6.688544132109044e-02
0 31 1.981644776633499e+02 7.825881425532900e-18 6.688831534058802e-02
0 32 2.044333939024964e+02 8.367766435310594e-18 6.688435304501626e-02
1 12 2.076310421206169e+02 9.397367198699480e-18 5.595743746642554e-02
2 9 2.103923236732890e+02 3.747537797013475e-15 3.596661060182220e-02
0 33 2.107024673056505e+02 7.533838818467749e-18 6.688448565542028e-02
0 34 2.169715514162484e+02 8.942345469589245e-18 6.688563659421920e-02
0 35 2.232405570058492e+02 9.176299777822305e-18 6.688731481885142e-02
1 13 2.236772113022334e+02 9.175139647214526e-18 5.595574704087283e-02
0 36 2.295091753618593e+02 8.904046876552352e-18 6.688519933838163e-02
2 10 2.329948727897126e+02 1.047439387970201e-16 3.596683068999433e-02
0 37 2.357779603134062e+02 1.112075078340813e-17 6.688389036085252e-02
1 14 2.397269099475808e+02 6.555397751142602e-18 5.595701127538168e-02
0 38 2.420467686631387e+02 9.855322030924933e-18 6.688522452333878e-02
0 39 2.483157348016388e+02 1.065053036894760e-17 6.688569847541294e-02
0 40 2.545845495230668e+02 1.196761492531938e-17 6.688249277848909e-02
2 11 2.555983184541014e+02 3.605985597894555e-15 3.596969003250826e-02
1 15 2.557743334511195e+02 6.338604956953608e-18 5.596070651231001e-02
0 41 2.608531716406648e+02 1.348272557636783e-17 6.687879269208893e-02
0 42 2.671219329297442e+02 1.242527156721321e-17 6.688019903016294e-02
1 16 2.718218911197394e+02 6.370057874407506e-18 5.596265164536278e-02
0 43 2.733905886822442e+02 1.405376649400366e-17 6.688247843832740e-02
2 12 2.782031506347370e+02 1.187848926207027e-16 3.596675991605975e-02
0 44 2.796594076668549e+02 1.439374722201545e-17 6.688796348710711e-02
0 45 2.859281369589822e+02 1.568007239700630e-17 6.688404956856667e-02
1 17 2.878705233032113e+02 9.970908202781962e-16 5.595867649162076e-02
0 46 2.921970842870421e+02 1.657881736240188e-17 6.688189134778058e-02
0 47 2.984659783791653e+02 1.869997934030582e-17 6.688256771362942e-02
2 13 3.008065928243093e+02 1.100536441834921e-14 3.596303106816533e-02
1 18 3.039168999566332e+02 4.579468414752114e-14 5.596468257484069e-02
0 48 3.047347355748414e+02 1.899935334051375e-17 6.688574463301131e-02
0 49 3.110036239252894e+02 1.999290374221008e-17 6.689179539041745e-02
0 50 3.172725135012354e+02 2.082110831317588e-17 6.688703916599369e-02
1 19 3.199416495465996e+02 1.060828737894190e-14 5.591870426349740e-02
0 51 3.235415550040259e+02 2.106012699906452e-17 6.688602596206752e-02
2 14 3.234506871016770e+02 8.842153517113841e-15 3.600085363451192e-02
0 52 3.298106363485389e+02 2.350170607487184e-17 6.688640368369718e-02
0 53 3.360796095735914e+02 2.591479224114542e-17 6.689135747958994e-02
1 20 3.360037043153290e+02 6.370841393147851e-18 5.591496039803963e-02
0 54 3.423483737597923e+02 2.449127502025156e-17 6.689193803840207e-02
2 15 3.460247501571062e+02 1.101116798198805e-17 3.600011352270291e-02
0 55 3.486172723828972e+02 2.724085704366119e-17 6.689023855055957e-02
1 21 3.520680942860616e+02 6.357046762653703e-18 5.591576542649319e-02
0 56 3.548862484662552e+02 2.836473560220514e-17 6.689033721412983e-02
0 57 3.611553774829709e+02 2.944940935967878e-17 6.688983526643838e-02
