0 0 3.984626112733194e+00 3.984641493240916e-18 6.697261753755168e-02
0 1 1.025370877661614e+01 4.284183744278454e-18 6.697097407816574e-02
1 0 1.142142901214382e+01 2.391796541571812e-17 4.671493280691415e-02
2 0 1.178498713959138e+01 3.677280209706611e-16 4.753788498516601e-02
0 2 1.652290910428096e+01 4.299092825076200e-18 6.696765518127422e-02
0 3 2.279222278695273e+01 3.917242715997785e-18 6.697096426749360e-02
0 4 2.906130532897301e+01 4.300488713652958e-18 6.697088480298384e-02
1 1 2.995464732417325e+01 2.165932676271483e-17 4.554990920714620e-02
2 1 2.995708134313065e+01 4.354394329609040e-16 4.872747756002959e-02
0 5 3.533047949299379e+01 4.284366423816784e-18 6.696716054980432e-02
0 6 4.159982425479850e+01 3.984502238659919e-18 6.696936945031477e-02
0 7 4.786890962465162e+01 4.562149843986698e-18 6.697104906503235e-02
2 2 4.812349762274698e+01 1.022103760321915e-16 4.755930711286703e-02
1 2 4.849363772823057e+01 6.747966197183515e-14 4.669397555971926e-02
0 8 5.413806863151790e+01 4.092225202509193e-18 6.696744487148601e-02
0 9 6.040743136668218e+01 4.092187473042566e-18 6.696829833951279e-02
2 3 6.659402798213145e+01 1.328044724370315e-17 4.613253846596763e-02
0 10 6.667654139511582e+01 4.025393937041695e-18 6.697117661978400e-02
1 3 6.673008779161529e+01 7.857580446958105e-18 4.808558634019681e-02
0 11 7.294567609890183e+01 4.306022810568873e-18 6.696812910914553e-02
0 12 7.921505435304522e+01 4.284335097960989e-18 6.696775469456349e-02
1 4 8.498704068860731e+01 7.891175663101237e-18 4.853563770538697e-02
2 4 8.505289630125274e+01 8.303408721405347e-18 4.566000215686952e-02
0 13 8.548418599587394e+01 3.917274876196041e-18 6.697135818270669e-02
0 14 9.175330970740872e+01 3.917343529739164e-18 6.696951460183397e-02
0 15 9.802268487884768e+01 3.984127267473014e-18 6.696766175465457e-02
1 5 1.033040027372985e+02 2.070953857221884e-15 4.779253047729391e-02
2 5 1.034473606610452e+02 8.068958926568922e-18 4.643493831445696e-02
0 16 1.042918505427372e+02 3.983887013545130e-18 6.697141255900443e-02
0 17 1.105609630904039e+02 3.917256329811904e-18 6.697103185971143e-02
0 18 1.168303294801976e+02 4.093514560549880e-18 6.696806424406980e-02
1 6 1.215592026305828e+02 8.101331793331343e-18 4.642592874200759e-02
2 6 1.218988267951061e+02 7.894299225062161e-18 4.783026782280595e-02
0 19 1.230995195027638e+02 4.284156816147941e-18 6.697147818827694e-02
0 20 1.293686285591437e+02 3.983561500002056e-18 6.697274496511776e-02
0 21 1.356379636520344e+02 4.027531296485563e-18 6.696858822263040e-02
1 7 1.401259705792607e+02 8.243533494201819e-18 4.560127255782520e-02
2 7 1.400400410032901e+02 7.929758328507431e-18 4.867285683422744e-02
0 22 1.419071768887838e+02 4.027577315485756e-18 6.697141333196655e-02
0 23 1.481762953740827e+02 4.094003632121039e-18 6.697412608844545e-02
0 24 1.544455983847166e+02 4.465712871227840e-18 6.696919693010925e-02
2 8 1.582436034800004e+02 7.977252521028768e-18 4.717297545723409e-02
1 8 1.586240941707122e+02 7.975989426937041e-18 4.706672039204558e-02
0 25 1.607148244857370e+02 4.028154993262436e-18 6.697117414661005e-02
0 26 1.669839530232423e+02 4.094357818458062e-18 6.697519772805202e-02
0 27 1.732532127611326e+02 4.172850269166911e-18 6.696969699475759e-02
1 9 1.768156556010505e+02 7.932663332644268e-18 4.840128281677942e-02
2 9 1.767631236890290e+02 8.169222614357110e-18 4.579571180242149e-02
0 28 1.795224467179385e+02 4.172618665811205e-18 6.697073887858682e-02
0 29 1.857915974870027e+02 4.028801054914559e-18 6.697542645447031e-02
0 30 1.920608059224726e+02 4.029292801192523e-18 6.696994822707171e-02
1 10 1.950916065176025e+02 1.354631942457112e-14 4.840905997929673e-02
2 10 1.952034470915728e+02 8.490392588805066e-18 4.578961678759875e-02
0 31 1.983300425679627e+02 4.965808458743615e-18 6.696997092848646e-02
0 32 2.045992181387018e+02 4.029418672962204e-18 6.697519091382133e-02
0 33 2.108683852827170e+02 4.171540230382066e-18 6.696998550523585e-02
1 11 2.134120063973832e+02 7.967763082383339e-18 4.736047436601100e-02
2 11 2.135918413318382e+02 1.198665861149530e-13 4.687578445810305e-02
0 34 2.171376116171035e+02 4.284246272683387e-18 6.696899374634330e-02
0 35 2.234068203480299e+02 3.982707949402993e-18 6.697410747292556e-02
0 36 2.296759401686850e+02 4.577258004832454e-18 6.696986368193046e-02
1 12 2.317057149554804e+02 8.183319071314131e-18 4.613671816223997e-02
2 12 2.320048110784263e+02 7.814384757316720e-18 4.812483599111548e-02
0 37 2.359451613885285e+02 4.939369876026541e-18 6.696792618866779e-02
0 38 2.422144028236582e+02 4.390265746676150e-18 6.697272034533398e-02
0 39 2.484834984777121e+02 4.284243048801011e-18 6.696960178360539e-02
1 13 2.503005504327115e+02 8.387934480208370e-18 4.576553178389555e-02
2 13 2.501204465441721e+02 7.801261234422593e-18 4.850895993962020e-02
0 40 2.547526981986635e+02 4.031706299911950e-18 6.696679818749056e-02
0 41 2.610219759740943e+02 4.457909415845476e-18 6.697093776418583e-02
0 42 2.672910471423805e+02 4.457229201763454e-18 6.696957623776902e-02
2 14 2.683809146472761e+02 8.307525323877676e-18 4.673320789571184e-02
1 14 2.687388092604187e+02 7.938591636647721e-18 4.749906456883659e-02
0 43 2.735602340510617e+02 3.982665692573494e-18 6.696616834988972e-02
0 44 2.798295415311445e+02 4.284256861768007e-18 6.696921638284274e-02
0 45 2.860986143702586e+02 3.982409012972714e-18 6.696948755585400e-02
1 15 2.868823657304445e+02 7.757846227993656e-18 4.854559158476157e-02
2 15 2.869548675824439e+02 1.624636798992073e-16 4.565051902403967e-02
0 46 2.923677765095705e+02 4.397124913266714e-18 6.696574901863443e-02
0 47 2.986371181371335e+02 4.583426114284415e-18 6.696775936029133e-02
0 48 3.049061976037430e+02 4.398291563628482e-18 6.696960864697185e-02
1 16 3.052255325069974e+02 7.903665642204525e-18 4.820170009141494e-02
2 16 3.053247511503565e+02 8.125652362601307e-18 4.600766738865138e-02
0 49 3.111753439838971e+02 4.740604244857197e-18 6.696602072063919e-02
0 50 3.174447006597665e+02 4.399399171300536e-18 6.696664226093794e-02
1 17 3.234961813761208e+02 8.000268301787538e-18 4.683735296835754e-02
0 51 3.237138067507100e+02 4.034039431991674e-18 6.696968266670672e-02
2 17 3.237613604727871e+02 8.184606349373710e-18 4.741019585938644e-02
0 52 3.299829333505015e+02 3.917500762950868e-18 6.696678248526115e-02
0 53 3.362523062885327e+02 4.099114204229402e-18 6.696614443489779e-02
1 18 3.418833022014700e+02 1.270143696741033e-14 4.577542394578221e-02
2 18 3.420801491623145e+02 7.782349046781739e-18 4.849621443253493e-02
0 54 3.425214370670456e+02 4.284277234397941e-18 6.696976411310178e-02
0 55 3.487905485893458e+02 4.166759588988509e-18 6.696810599278737e-02
0 56 3.550599147792975e+02 4.035113792810941e-18 6.696604918964144e-02
2 19 3.601982488664739e+02 7.793199864686721e-18 4.818847410345194e-02
1 19 3.604758877479254e+02 8.259963062208068e-18 4.607914434601812e-02
0 57 3.613290770541529e+02 4.284260917892082e-18 6.696976451389192e-02
