0 0 3.910997871352717e+00 1.589579304635894e-17 6.658456403716634e-02
0 1 1.018005064668004e+01 2.490025274218590e-17 6.658384846388360e-02
1 0 1.142990074263103e+01 7.071033066830865e-16 4.677104457813416e-02
2 0 1.157375591365068e+01 8.450240574645234e-18 4.572721100295597e-02
0 2 1.644917782775569e+01 3.308305712767306e-17 6.658044080050569e-02
0 3 2.271849276672165e+01 3.633798502155473e-17 6.658067636261351e-02
1 1 2.823652348639146e+01 7.789701390478024e-18 4.676790180018588e-02
0 4 2.898764193628221e+01 4.945040044528378e-17 6.658031516272329e-02
2 1 3.176708659600476e+01 3.412124249975369e-14 4.573225908255030e-02
0 5 3.525672961247037e+01 6.416054495230291e-17 6.657997717888743e-02
0 6 4.152588373326491e+01 8.123655916114229e-17 6.657825496729587e-02
1 2 4.504481392036885e+01 8.875851216420797e-14 4.676154602257913e-02
0 7 4.779511195114510e+01 9.503902097619370e-17 6.657654457698176e-02
2 2 5.195615245648661e+01 8.485011213780781e-18 4.573718781202693e-02
0 8 5.406436556273603e+01 1.088582470865821e-16 6.658255935225071e-02
0 9 6.033344556243514e+01 1.453542770849570e-16 6.658252971334160e-02
1 3 6.185634335206815e+01 7.823776007944348e-18 4.676037534144471e-02
0 10 6.660265333119968e+01 1.647906663618237e-16 6.657991315987663e-02
2 3 7.214244504206810e+01 8.550062652388316e-18 4.573697864652634e-02
0 11 7.287196875575576e+01 1.801935483146630e-16 6.658115185012002e-02
1 4 7.866645478333163e+01 7.801884946460948e-18 4.676546620656403e-02
0 12 7.914109136493354e+01 2.198569646153742e-16 6.658260165062556e-02
0 13 8.541021638549138e+01 2.712902184238211e-16 6.658242567166409e-02
0 14 9.167935079434599e+01 3.244474336312798e-16 6.658005619148867e-02
2 4 9.233428398516165e+01 1.253746498070180e-14 4.573325260712013e-02
1 5 9.547311288582820e+01 8.074216091664110e-16 4.676563377785838e-02
0 15 9.794851593350313e+01 3.823360653097582e-16 6.657944127057286e-02
0 16 1.042177331834336e+02 4.346353191486726e-16 6.658581983187255e-02
0 17 1.104867928218811e+02 5.369000185272305e-16 6.658313446789364e-02
1 6 1.123079454313758e+02 7.805778414693653e-18 4.670184485539882e-02
2 5 1.124986638524058e+02 8.555702896938515e-18 4.581757699251857e-02
0 18 1.167559500214138e+02 6.246452548351666e-16 6.658042782053429e-02
0 19 1.230253076483901e+02 6.412585037129896e-16 6.658065990080458e-02
1 7 1.286033018111519e+02 7.988317002400581e-18 4.669843394665393e-02
0 20 1.292945156232494e+02 7.190530976681657e-16 6.658075402310469e-02
2 6 1.334437456755701e+02 8.700858162606848e-18 4.582552649238865e-02
0 21 1.355636029451596e+02 8.620514510753088e-16 6.658158012843682e-02
0 22 1.418327247183252e+02 1.007373252630963e-15 6.657921585535695e-02
1 8 1.449020270985200e+02 7.773825154097543e-18 4.669278564970442e-02
0 23 1.481019645272076e+02 1.105275790634012e-15 6.657899393349102e-02
0 24 1.543713117439183e+02 1.140913379580091e-15 6.658544923806180e-02
2 7 1.543832946170306e+02 2.933802523240466e-16 4.582741376867677e-02
0 25 1.606404180102094e+02 1.341153053977758e-15 6.658538111561600e-02
1 9 1.612003246075643e+02 7.772072936999053e-18 4.669744055969875e-02
0 26 1.669095639794712e+02 1.533457457417917e-15 6.658387865522827e-02
0 27 1.731787738623896e+02 1.676673489833155e-15 6.657870585378449e-02
2 8 1.753273464190310e+02 1.395673549756934e-13 4.582425461657073e-02
1 10 1.774965162501592e+02 7.898779169072114e-18 4.669441161868586e-02
0 28 1.794479836061325e+02 1.852100342527867e-15 6.657916711404339e-02
0 29 1.857171329818819e+02 2.111456469575946e-15 6.658570031391679e-02
0 30 1.919862667683210e+02 2.402348678969127e-15 6.658272068426495e-02
1 11 1.937991868986139e+02 7.795507371289008e-18 4.671620330273351e-02
2 9 1.962631450739636e+02 8.530694488264322e-18 4.580351433224743e-02
0 31 1.982554453725369e+02 2.673554223976325e-15 6.658182031485887e-02
0 32 2.045247829399721e+02 2.746982414293801e-15 6.658134097390467e-02
1 12 2.100969668046631e+02 7.796733623096779e-18 4.671402687529624e-02
0 33 2.107939991598695e+02 3.003073702586632e-15 6.658342212246383e-02
0 34 2.170630322454275e+02 3.561679077676298e-15 6.658481014890782e-02
2 10 2.172031355810155e+02 8.774449114557052e-18 4.580972286621602e-02
0 35 2.233321449611457e+02 4.039746586228219e-15 6.658087034864101e-02
1 13 2.263976810017121e+02 7.895912699283070e-18 4.671117659036993e-02
0 36 2.296013565127729e+02 4.399270101177548e-15 6.658166514130603e-02
0 37 2.358707050422789e+02 4.490865637591230e-15 6.658483096096127e-02
2 11 2.381420140404996e+02 8.613814047511456e-18 4.580344652196014e-02
0 38 2.421398442662128e+02 5.033442978287785e-15 6.658498120026664e-02
1 14 2.426956480416355e+02 7.765035785187565e-18 4.671715546166151e-02
0 39 2.484089678359917e+02 5.656809044186833e-15 6.658362911671627e-02
0 40 2.546782489037256e+02 5.902390945621263e-15 6.657845421087970e-02
2 12 2.589458591657543e+02 8.161642194361512e-18 4.702137320879203e-02
1 15 2.591361167654895e+02 5.282272180676607e-14 4.552221848682921e-02
0 41 2.609474762387019e+02 6.363932745167389e-15 6.658075437707313e-02
0 42 2.672165856141948e+02 7.180379673228352e-15 6.658404788920236e-02
0 43 2.734857922163854e+02 7.723070037526737e-15 6.658006183373263e-02
1 16 2.764683762050380e+02 8.043022802198931e-18 4.576867842322756e-02
2 13 2.784655433133016e+02 5.658980239344447e-15 4.676066442158795e-02
0 44 2.797550023232849e+02 8.349986379334532e-15 6.658137449706089e-02
0 45 2.860242082787307e+02 9.024199836329565e-15 6.658594013423468e-02
0 46 2.922933820105193e+02 9.834708963307929e-15 6.658492961019330e-02
1 17 2.937801919156939e+02 8.178951536571990e-18 4.576876301541077e-02
2 14 2.980058665903692e+02 8.416446660149550e-18 4.676448987326948e-02
0 47 2.985625304020247e+02 1.084688325914685e-14 6.658496548058433e-02
0 48 3.048318177598804e+02 1.128848354035194e-14 6.658554503125926e-02
0 49 3.111010202007785e+02 1.216324397769406e-14 6.658729518782444e-02
1 18 3.110955560125694e+02 1.845268604783260e-15 4.576528667655828e-02
0 50 3.173701039984447e+02 1.368170365209014e-14 6.658696991087275e-02
2 15 3.175405109064779e+02 8.190761180224463e-18 4.676939706867122e-02
0 51 3.236393345807489e+02 1.448590663947227e-14 6.658302234918946e-02
1 19 3.284153466047139e+02 6.811762227714353e-14 4.576179329730731e-02
0 52 3.299085741244843e+02 1.536383503141843e-14 6.658530822272117e-02
0 53 3.361776397517155e+02 1.733057882992985e-14 6.658695457008837e-02
2 16 3.370704064832366e+02 6.112378328224392e-14 4.677075513310422e-02
0 54 3.424467775190968e+02 1.893739247898779e-14 6.658238948786264e-02
1 20 3.457365078134227e+02 8.092426120013888e-18 4.576067363877127e-02
0 55 3.487160120542603e+02 2.005430145953710e-14 6.658374113937526e-02
0 56 3.549851707623196e+02 2.180921667288014e-14 6.658690947624329e-02
2 17 3.566011407101901e+02 4.466806071279342e-14 4.676687249118357e-02
0 57 3.612542725490101e+02 2.410274424165801e-14 6.658455908800522e-02
1 21 3.630551093573289e+02 8.115586270468125e-18 4.576520484699261e-02
