0 0 4.032454585408143e+00 7.836652662032110e-18 6.438190528164213e-02
0 1 1.030161415035663e+01 7.725535608535369e-18 6.437981690922120e-02
1 0 1.150835300844349e+01 7.826639474253828e-18 4.823041540904163e-02
2 0 1.168215080000904e+01 8.613525168379326e-18 4.419967052322137e-02
0 2 1.657085098987527e+01 8.155326692505169e-18 6.437683704914092e-02
0 3 2.284014209652027e+01 6.865616749005647e-18 6.438010315675313e-02
0 4 2.910927581269450e+01 8.045714703984805e-18 6.437989379736164e-02
1 1 2.974250615682829e+01 8.104937261031753e-18 4.764456331818515e-02
2 1 3.016578662775530e+01 8.322907144046794e-18 4.479805414396541e-02
0 5 3.537851302215044e+01 6.433773141803670e-18 6.437666405465321e-02
0 6 4.164785674787065e+01 7.412886754911975e-18 6.437892802891619e-02
0 7 4.791699305555501e+01 6.552484147094764e-18 6.438016434494703e-02
1 2 4.835817690676861e+01 1.239947508351042e-13 4.752245225377581e-02
2 2 4.826347644584052e+01 8.283928960690281e-18 4.492621398452740e-02
0 8 5.418622671441183e+01 8.312799141542386e-18 6.437689976470488e-02
0 9 6.045563965890388e+01 7.107570855046153e-18 6.437884585880560e-02
2 3 6.451946240592727e+01 7.865633920148693e-18 4.584121977745451e-02
0 10 6.672482811910311e+01 6.961833652022316e-18 6.437922873989536e-02
1 3 6.951249336027387e+01 5.815191686282925e-13 4.663024604731525e-02
0 11 7.299399306659350e+01 6.728120723970768e-18 6.437999679589526e-02
0 12 7.926317365782108e+01 6.141614929351952e-18 6.437653415145093e-02
2 4 8.073665720840646e+01 6.637315194558714e-14 4.583897941082397e-02
0 13 8.553245224137308e+01 7.110213458373651e-18 6.437421492849957e-02
1 4 9.069765505376699e+01 8.447609018061305e-18 4.663646419999529e-02
0 14 9.180171584665509e+01 5.863800620920666e-18 6.437856666493988e-02
2 5 9.695577995817679e+01 2.417211549193973e-13 4.584093495194801e-02
0 15 9.807094742755544e+01 6.697075712281176e-18 6.438124473252597e-02
0 16 1.043402447310610e+02 5.985542335985982e-18 6.438068556857417e-02
0 17 1.106097542024533e+02 6.428619300845828e-18 6.437329399100283e-02
1 5 1.118852706490415e+02 4.274817621326245e-13 4.663049220717427e-02
2 6 1.131711454856902e+02 7.827817898413317e-18 4.584516671739943e-02
0 18 1.168790134269900e+02 7.734158719447893e-18 6.437137348886275e-02
0 19 1.231482454887235e+02 5.679588140457502e-18 6.437452136855826e-02
0 20 1.294174035531937e+02 5.988557203831223e-18 6.437528717982004e-02
2 7 1.294009427812697e+02 7.873464457895597e-18 4.583281852292715e-02
1 6 1.330548223182342e+02 4.354254412878374e-14 4.664188609237638e-02
0 21 1.356866610295249e+02 5.165121870740500e-18 6.437451556837109e-02
0 22 1.419561271745597e+02 7.027372379915198e-18 6.437667044584346e-02
2 8 1.456291343349514e+02 1.444716097596710e-13 4.582694848710413e-02
0 23 1.482253287484527e+02 6.529892601390128e-18 6.437680511006290e-02
1 7 1.542232531878214e+02 8.391675238144320e-18 4.664846581984917e-02
0 24 1.544944390505140e+02 5.675155975590532e-18 6.437917710955690e-02
0 25 1.607635118371990e+02 5.861321650931590e-18 6.437505758515780e-02
2 9 1.618604328130833e+02 2.075891758490900e-13 4.582857190686571e-02
0 26 1.670327957311100e+02 5.598294026806126e-18 6.437337304008907e-02
0 27 1.733020943752630e+02 6.234141301663829e-18 6.437553639342757e-02
1 8 1.753906054690203e+02 3.828651323951962e-15 4.664323414039474e-02
2 10 1.780897050685646e+02 7.918643472951326e-18 4.583176977104017e-02
0 28 1.795713586200360e+02 5.860650207380197e-18 6.437682989135034e-02
0 29 1.858406004603090e+02 5.670762660854921e-18 6.437843363699423e-02
0 30 1.921100132398629e+02 5.860763544330192e-18 6.436951793099518e-02
2 11 1.943198239602889e+02 7.903545478555737e-18 4.581881628760161e-02
1 9 1.965584000677769e+02 8.391129692575614e-18 4.665522997709205e-02
0 31 1.983792635381677e+02 4.720244083497387e-18 6.436981831812248e-02
0 32 2.046484943681265e+02 5.669498177210161e-18 6.437401664880464e-02
2 12 2.105431651739725e+02 8.016446736548869e-18 4.582701874337745e-02
0 33 2.109177405365536e+02 5.120149227415211e-18 6.437578599058051e-02
0 34 2.171870037666242e+02 6.001764427163515e-18 6.437510854177735e-02
1 10 2.177364912924067e+02 1.094698590039568e-13 4.665539215931686e-02
0 35 2.234565347820000e+02 5.523260210082261e-18 6.437120646929807e-02
2 13 2.267677344934415e+02 5.977460655017486e-14 4.582081091533505e-02
0 36 2.297257525073945e+02 5.405924125486719e-18 6.437196484722392e-02
0 37 2.359948920388140e+02 5.350279576533341e-18 6.437263064006947e-02
1 11 2.389108468450116e+02 8.448872613103019e-18 4.665236911765451e-02
0 38 2.422639843567703e+02 6.223884037377146e-18 6.437171409891027e-02
2 14 2.429929557414809e+02 1.020088278873965e-14 4.582700750077104e-02
0 39 2.485332339192129e+02 5.760360362433385e-18 6.437201992141721e-02
0 40 2.548025757833477e+02 5.322170232686291e-18 6.437368042350411e-02
2 15 2.592161160663532e+02 7.845606435511029e-18 4.580443446418897e-02
1 12 2.600892798044200e+02 4.976877621692125e-13 4.667282667140872e-02
0 41 2.610717620164395e+02 5.350098370281932e-18 6.437675110058820e-02
0 42 2.673409129469111e+02 5.140993434038419e-18 6.437738662915414e-02
0 43 2.736102173768074e+02 5.153954522486341e-18 6.436978831502500e-02
2 16 2.753640212334539e+02 2.286165850946723e-14 4.592403759364960e-02
0 44 2.798795011474630e+02 5.399686522780895e-18 6.436809402277488e-02
1 13 2.813957452089426e+02 4.507777268974669e-13 4.658206113778982e-02
0 45 2.861488131393749e+02 4.913126495162310e-18 6.436979296430471e-02
2 17 2.914991927103942e+02 8.024795869637542e-18 4.592098650129006e-02
0 46 2.924181097081959e+02 5.538411905949289e-18 6.437326443936245e-02
0 47 2.986874003690992e+02 5.539307433844595e-18 6.437186951840336e-02
1 14 3.027069723177633e+02 3.767558229741868e-13 4.658326035402661e-02
0 48 3.049569630911574e+02 5.350565302817414e-18 6.436629193720429e-02
2 18 3.076348426731204e+02 1.347737541171222e-13 4.592312096349964e-02
0 49 3.112261974809732e+02 4.728341785683684e-18 6.436794287274601e-02
0 50 3.174954241353810e+02 5.152098513454882e-18 6.436960683019109e-02
0 51 3.237645542961833e+02 5.771076689158974e-18 6.437198903136468e-02
2 19 3.237685861905113e+02 7.865130430400518e-18 4.590087414699286e-02
1 15 3.240222110985450e+02 3.799360725244128e-13 4.660913431410894e-02
0 52 3.300338018254867e+02 4.729569265287090e-18 6.436900897483065e-02
0 53 3.363033269863499e+02 5.334603076036066e-18 6.436845898827571e-02
2 20 3.399030669652410e+02 1.483954504576343e-13 4.532729200168211e-02
0 54 3.425724882185148e+02 5.395570618670071e-18 6.436816821757663e-02
1 16 3.453195510047733e+02 9.603938358227501e-14 4.714720161361358e-02
0 55 3.488416205121646e+02 4.921341311211211e-18 6.436937495251531e-02
0 56 3.551106916880962e+02 4.915308444259009e-18 6.436944634062397e-02
2 21 3.560642808834651e+02 7.905011415425408e-18 4.532503824939975e-02
0 57 3.613799135297663e+02 5.002661322044994e-18 6.436698535788664e-02
