0 0 3.877385044941157e+00 4.640358007858193e-18 6.370241552047347e-02
0 1 1.014650533068747e+01 4.582333604149674e-18 6.370142932723025e-02
2 0 1.145282710760617e+01 8.887824190114197e-18 4.685490691867931e-02
1 0 1.207131675802658e+01 8.542964670889406e-18 4.533454108355960e-02
0 2 1.641562947134445e+01 5.263466941508117e-18 6.369839514497688e-02
0 3 2.268495798283265e+01 4.244343489314143e-18 6.370014103831378e-02
0 4 2.895409243228959e+01 4.301320726146651e-18 6.370054748937601e-02
2 1 2.929625803124397e+01 1.760269794135772e-16 4.694840656805358e-02
1 1 3.094130371456295e+01 1.563595064845418e-14 4.524639650565022e-02
0 5 3.522319747394077e+01 5.094507398111730e-18 6.369766342387005e-02
0 6 4.149250251394159e+01 4.636224334460208e-18 6.369830167156278e-02
2 2 4.709963386114926e+01 7.994556396031277e-18 4.696077108418439e-02
0 7 4.776165185576017e+01 5.092096914618292e-18 6.369942961278570e-02
1 2 4.984961460228082e+01 8.378515351077452e-18 4.523470664727759e-02
0 8 5.403076246822665e+01 4.594868093076881e-18 6.369846576163220e-02
0 9 6.030004802726631e+01 5.254902217488788e-18 6.369851031816527e-02
2 3 6.489764531952828e+01 7.933838527612151e-18 4.695947122803421e-02
0 10 6.656922113524450e+01 4.798949163739927e-18 6.369915546926716e-02
1 3 6.876202564204119e+01 2.964911335679702e-13 4.523429171643137e-02
0 11 7.283840095149978e+01 4.300152129212815e-18 6.370073753630195e-02
0 12 7.910769344838275e+01 4.300090400890340e-18 6.370068055806918e-02
2 4 8.269755767573491e+01 7.957376324374171e-18 4.695328919251422e-02
0 13 8.537690205416592e+01 4.115465652826955e-18 6.370028298305105e-02
1 4 8.767107214452203e+01 5.493180340403323e-16 4.523763617659604e-02
0 14 9.164618275808795e+01 5.054522426891915e-18 6.370271559673731e-02
0 15 9.791550360566688e+01 4.572872931919597e-18 6.370307190263789e-02
2 5 1.005019691171952e+02 1.802769887391974e-15 4.694779998207582e-02
0 16 1.041847454937165e+02 5.834196161887197e-18 6.370151252738668e-02
1 5 1.065743129830063e+02 8.370551549569758e-18 4.524215288167908e-02
0 17 1.104540969253140e+02 4.723688830258572e-18 6.370299456106877e-02
0 18 1.167234469226442e+02 5.054049015457919e-18 6.370439695895129e-02
2 6 1.183115866096657e+02 2.336061604389895e-15 4.694466350029737e-02
0 19 1.229926989846907e+02 4.597702279171266e-18 6.370186984079612e-02
1 6 1.254716470118364e+02 8.449387108366563e-18 4.524635737720324e-02
0 20 1.292620706500772e+02 4.173271917574509e-18 6.370181871055254e-02
0 21 1.355314408474020e+02 4.173139752997475e-18 6.370482085866207e-02
2 7 1.361258119845727e+02 7.974034418008696e-18 4.694276986303045e-02
0 22 1.418006800426101e+02 4.173298718449769e-18 6.370202117969682e-02
1 7 1.443644458602828e+02 2.646000785981783e-16 4.524919712887168e-02
0 23 1.480700380323151e+02 5.053719266949680e-18 6.370068056642039e-02
2 8 1.539430497775917e+02 7.946089869355451e-18 4.694186806065514e-02
0 24 1.543394255973830e+02 4.465960697506443e-18 6.370488821146329e-02
0 25 1.606086625468631e+02 4.173267939036001e-18 6.370338690422793e-02
1 8 1.632549921337601e+02 8.411904972417249e-18 4.525001524917717e-02
0 26 1.668780023012631e+02 4.115435879199535e-18 6.370123296282866e-02
2 9 1.717611146893289e+02 7.969618776889809e-18 4.694193508024552e-02
0 27 1.731474125110632e+02 5.019611486552803e-18 6.370542907290105e-02
0 28 1.794167021690662e+02 5.382510387076744e-18 6.370638064165669e-02
1 9 1.821459736341806e+02 8.382305293579873e-18 4.524856737488006e-02
0 29 1.856860444862565e+02 5.053101682619891e-18 6.370388658562001e-02
2 10 1.895775281931948e+02 7.925638865371072e-18 4.694229619953275e-02
0 30 1.919554874969168e+02 5.757879534365489e-18 6.370734411665462e-02
0 31 1.982248754586123e+02 4.172929196257061e-18 6.370962169140035e-02
1 10 2.010399805532923e+02 8.398954265756570e-18 4.524505935172790e-02
0 32 2.044942441924978e+02 4.927787258223592e-18 6.370727416121863e-02
2 11 2.073901216662543e+02 5.227075909252383e-16 4.694525391793702e-02
0 33 2.107637218805560e+02 4.627977506205178e-18 6.370975777886974e-02
0 34 2.170331941597984e+02 4.597714389939387e-18 6.371140803006629e-02
1 11 2.199389974257806e+02 3.554898325461689e-15 4.524012532139855e-02
0 35 2.233025950820654e+02 4.172859768038916e-18 6.370981581515932e-02
2 12 2.251975994604025e+02 8.767276597291045e-15 4.695109414838146e-02
0 36 2.295720876696014e+02 4.298926058668903e-18 6.371139237456955e-02
0 37 2.358415942282535e+02 4.723416036039921e-18 6.371143866370370e-02
1 12 2.388438736962302e+02 8.389952719670237e-18 4.523489603264731e-02
0 38 2.421110184233418e+02 4.241252775623442e-18 6.371128582175592e-02
2 13 2.429998098078427e+02 8.064246812132345e-18 4.695713552439441e-02
0 39 2.483804968456209e+02 5.051646117270753e-18 6.371243817405917e-02
0 40 2.546499943808132e+02 4.241503066318906e-18 6.371092844917126e-02
1 13 2.577536871031565e+02 8.429128884705201e-18 4.523110796044420e-02
0 41 2.609194354765946e+02 4.172608373196224e-18 6.371222445890885e-02
2 14 2.607980911821912e+02 7.917219125901365e-18 4.696012018820511e-02
0 42 2.671888952262557e+02 5.083180755152950e-18 6.371430306907219e-02
0 43 2.734583682106324e+02 4.465548723876351e-18 6.371169648657261e-02
1 14 2.766645211871665e+02 3.095980538924174e-15 4.523169343254729e-02
2 15 2.785964089802537e+02 8.101360423669838e-18 4.695785516987590e-02
0 44 2.797278285327397e+02 4.797361298072593e-18 6.371326947729013e-02
0 45 2.859973150380003e+02 5.382006804329570e-18 6.371786028594742e-02
0 46 2.922667779008142e+02 4.574257480999183e-18 6.371466893950047e-02
1 15 2.955644771625642e+02 8.390726240671826e-18 4.524507362322586e-02
2 16 2.964061630395101e+02 2.061190346193968e-17 4.694057554437030e-02
0 47 2.985362657283125e+02 4.172206539156231e-18 6.371558435214834e-02
0 48 3.048058338575759e+02 4.464990247726118e-18 6.372205802568412e-02
0 49 3.110753118498596e+02 4.242017809578099e-18 6.371879839604461e-02
1 16 3.143700617263743e+02 8.309062883400481e-18 4.554440912418854e-02
2 17 3.143083716085449e+02 3.882505715618484e-14 4.662657156596876e-02
0 50 3.173448324729976e+02 4.633682354399140e-18 6.371875696507123e-02
0 51 3.236144770158288e+02 5.780145414045250e-18 6.372547253497529e-02
0 52 3.298839725542524e+02 5.035152985141788e-18 6.372499229637774e-02
2 18 3.308570837865811e+02 8.792305878765607e-18 4.464201342845157e-02
1 17 3.349337425189520e+02 1.263461719441745e-14 4.752666688886639e-02
0 53 3.361534724745522e+02 4.171415477307743e-18 6.372455109440353e-02
0 54 3.424231387403990e+02 4.171264412889062e-18 6.372553862928573e-02
2 19 3.475351108981411e+02 1.455496714814777e-14 4.463834441932227e-02
0 55 3.486926999539193e+02 4.171180958822969e-18 6.372645828095941e-02
0 56 3.549621785884854e+02 4.464689256743056e-18 6.372760513883489e-02
1 18 3.553787204240416e+02 9.263260700665368e-14 4.753164708915839e-02
0 57 3.612316161268358e+02 4.637683980995382e-18 6.372248637559673e-02
2 20 3.642164708904077e+02 8.303284763908919e-18 4.463443505195877e-02
