0 0 3.911549031978779e+00 7.871839586339372e-18 6.641503172748180e-02
0 1 1.018062020128266e+01 8.100399964975646e-18 6.641381633664258e-02
1 0 1.147603034457316e+01 2.538668612988075e-16 4.745906886581262e-02
2 0 1.175955009565508e+01 2.033707849632085e-17 4.645805850837419e-02
0 2 1.644975520724471e+01 1.122637163514260e-17 6.641035045719773e-02
0 3 2.271906511655212e+01 1.186381706519426e-17 6.641197198199181e-02
0 4 2.898816718046973e+01 1.512478152705704e-17 6.641209363074028e-02
1 1 2.893300642408467e+01 7.806383356136262e-18 4.746313092669031e-02
2 1 3.109896492168199e+01 8.255681001170854e-18 4.645320193646233e-02
0 5 3.525726074614349e+01 2.163825119457225e-17 6.640953343469866e-02
0 6 4.152650307225970e+01 2.653754767344556e-17 6.640942504187669e-02
1 2 4.638293144740963e+01 7.778954008175627e-18 4.746151504432693e-02
0 7 4.779564814662745e+01 3.709438715840014e-17 6.640919007054301e-02
2 2 5.044476145749456e+01 8.235076350945596e-18 4.645481911621076e-02
0 8 5.406476137396940e+01 4.850401973445018e-17 6.641087142097682e-02
0 9 6.033392583855209e+01 6.009222372292225e-17 6.641045330362369e-02
1 3 6.383642056318126e+01 3.656485546356982e-15 4.745489282148937e-02
0 10 6.660310019242588e+01 7.534496430730999e-17 6.640861358525366e-02
2 3 6.978515474418485e+01 3.062885423601949e-14 4.645936614021119e-02
0 11 7.287233227077117e+01 9.001644718650783e-17 6.641276175476026e-02
0 12 7.914145433973043e+01 1.123235843513051e-16 6.641315174772491e-02
1 4 8.129452331794747e+01 7.871896506660348e-18 4.745083932824470e-02
0 13 8.541064075913224e+01 1.361459973897997e-16 6.640964560752149e-02
2 4 8.911991096605689e+01 3.367468331846342e-14 4.646263579803465e-02
0 14 9.167994858838838e+01 1.454783571484887e-16 6.641201239863168e-02
0 15 9.794906501386141e+01 1.815707241228256e-16 6.641411472601778e-02
1 5 9.875525955036602e+01 7.806008441792040e-18 4.745136639431977e-02
0 16 1.042182277972837e+02 2.194154388348430e-16 6.640986556710114e-02
2 5 1.084530050709819e+02 8.216745828090406e-18 4.646241117509513e-02
0 17 1.104875121991317e+02 2.394181170460135e-16 6.640985454841304e-02
1 6 1.162153209543131e+02 7.904708017174020e-18 4.745427253214518e-02
0 18 1.167566447622645e+02 2.900953174989413e-16 6.641306667447244e-02
0 19 1.230257749543406e+02 3.471362550706209e-16 6.641097329671648e-02
2 6 1.277894249084608e+02 5.098126219627343e-14 4.645884867876039e-02
0 20 1.292949834522537e+02 3.971132385464985e-16 6.640996538574456e-02
1 7 1.336717789565869e+02 1.077599150447460e-14 4.745787576112843e-02
0 21 1.355641277362726e+02 4.713554515924011e-16 6.641197539079995e-02
0 22 1.418333173670549e+02 5.399940993255972e-16 6.641424413445922e-02
2 7 1.471320272341172e+02 4.669518243974141e-15 4.645496173915124e-02
0 23 1.481024539095618e+02 6.374264625570028e-16 6.641353482350182e-02
1 8 1.511235545784065e+02 7.931209583996824e-18 4.745987552097999e-02
0 24 1.543715948435039e+02 7.469219744828558e-16 6.641323043286874e-02
0 25 1.606409026600798e+02 7.932799727868380e-16 6.641627553351385e-02
2 8 1.664778583886980e+02 8.233359713794448e-18 4.645912064991140e-02
0 26 1.669100051857277e+02 9.443908848228879e-16 6.641687990523500e-02
1 9 1.685742428637989e+02 7.953408569872793e-18 4.745524651577398e-02
0 27 1.731791241916027e+02 1.107380575075137e-15 6.641428986863582e-02
0 28 1.794484668938324e+02 1.142774566533684e-15 6.641491841572573e-02
0 29 1.857175687202823e+02 1.351508402677513e-15 6.641734491956648e-02
2 9 1.857692344026899e+02 1.760151484326643e-14 4.674702009413889e-02
1 10 1.860825067693585e+02 1.326609350567236e-15 4.715083623809713e-02
0 30 1.919866411132863e+02 1.608663809298347e-15 6.641402445809264e-02
0 31 1.982559509939988e+02 1.684728593829955e-15 6.641301798298430e-02
1 11 2.038886310022737e+02 7.441511680172614e-15 4.758736082114166e-02
0 32 2.045250667456534e+02 1.961881006141764e-15 6.641618484312388e-02
2 10 2.047032274025854e+02 8.210014723753284e-18 4.630163947153677e-02
0 33 2.107941110049371e+02 2.342768695946324e-15 6.641456047495858e-02
0 34 2.170633688218183e+02 2.504846874490867e-15 6.641271959353107e-02
1 12 2.215897311829594e+02 7.864098849734207e-18 4.759812675038930e-02
0 35 2.233324958789923e+02 2.874130177796502e-15 6.641516832089725e-02
2 11 2.237528874832384e+02 8.353923220126606e-18 4.629022995361914e-02
0 36 2.296015768759772e+02 3.351444146116767e-15 6.641641233471100e-02
0 37 2.358707850984687e+02 3.660130373115051e-15 6.641459682076024e-02
1 13 2.392835661217573e+02 7.851568226877047e-18 4.759643453645949e-02
0 38 2.421399163513910e+02 4.145657518093690e-15 6.641551615417220e-02
2 12 2.428092628275101e+02 2.381384663226079e-15 4.629082194204072e-02
0 39 2.484090830509906e+02 4.610304364519058e-15 6.641765872163993e-02
0 40 2.546782632282317e+02 5.072800691908974e-15 6.641672346357351e-02
1 14 2.569795122266500e+02 7.837054228076308e-18 4.759247141840579e-02
0 41 2.609473865170474e+02 5.726799147485616e-15 6.641593069767036e-02
2 13 2.618620151940985e+02 5.116351093404981e-15 4.629501583772310e-02
0 42 2.672166156060074e+02 6.154871834838326e-15 6.641658522285863e-02
0 43 2.734857892137018e+02 6.771312242047060e-15 6.641738524657785e-02
1 15 2.746802677722998e+02 8.279381941684518e-18 4.758897277112874e-02
0 44 2.797548818201734e+02 7.681430772101531e-15 6.641525864418776e-02
2 14 2.809086373768654e+02 8.319777635433537e-18 4.629969386635049e-02
0 45 2.860241203281296e+02 8.186737981920168e-15 6.641379340891805e-02
0 46 2.922933041001600e+02 8.946570708956072e-15 6.641658428890164e-02
1 16 2.923858759217684e+02 7.839893205194773e-18 4.758547976828992e-02
0 47 2.985623526228588e+02 1.026749934130027e-14 6.641447366782714e-02
2 15 2.999498750832960e+02 8.529261030724729e-18 4.630292743782229e-02
0 48 3.048315602193375e+02 1.103623752474090e-14 6.641145867278962e-02
1 17 3.100947948921802e+02 7.791257126990632e-18 4.758369227012084e-02
0 49 3.111007610928535e+02 1.193948331763516e-14 6.641497375450514e-02
0 50 3.173697990762455e+02 1.368880373105832e-14 6.641508181721015e-02
2 16 3.189883524496823e+02 6.662107647977156e-15 4.630352165357414e-02
0 51 3.236389613952618e+02 1.492195705560322e-14 6.641137645178866e-02
1 18 3.278045654679808e+02 7.877348228965587e-18 4.758280423320967e-02
0 52 3.299081736120729e+02 1.600372352453152e-14 6.641429605295014e-02
0 53 3.361772711354250e+02 1.785994803290062e-14 6.641665730275180e-02
2 17 3.380275257030580e+02 1.533820383593463e-14 4.630110649161747e-02
0 54 3.424464003676999e+02 1.963106642301606e-14 6.641310961796533e-02
1 19 3.455124053456659e+02 7.832465095526312e-18 4.758459501088900e-02
0 55 3.487156150309353e+02 2.095270579630270e-14 6.641490349527711e-02
0 56 3.549847985992952e+02 2.257953987346764e-14 6.641704021539126e-02
2 18 3.570706467968410e+02 8.283799413994401e-18 4.629629141807849e-02
0 57 3.612539176787558e+02 2.481603358767143e-14 6.641453126700521e-02
1 20 3.632161142506005e+02 5.578246642456554e-14 4.758983683290323e-02
