0 0 3.879691661194226e+00 4.306844821094139e-18 6.652412878384831e-02
0 1 1.014869214715689e+01 4.567005589934576e-18 6.652426644575993e-02
1 0 1.137859377186126e+01 5.043005203645063e-14 4.506037121665368e-02
2 0 1.168946880977599e+01 8.435245922921235e-18 4.474932925293496e-02
0 2 1.641775226516042e+01 4.001157287587825e-18 6.652131259567447e-02
0 3 2.268705509491695e+01 4.306792471088585e-18 6.652510571043732e-02
0 4 2.895607642001960e+01 4.489442958727073e-18 6.652641858994769e-02
1 1 2.978536744467520e+01 8.541062504302738e-18 4.383032375372718e-02
2 1 2.997714644089281e+01 4.509896284960996e-15 4.600854901706255e-02
0 5 3.522511828018303e+01 4.488266261671530e-18 6.652315901385253e-02
0 6 4.149444833339076e+01 5.443375693612466e-18 6.652528689042221e-02
0 7 4.776349256181177e+01 4.486593234732398e-18 6.652755836235930e-02
1 2 4.828770862879078e+01 8.581911844811974e-18 4.357596358907406e-02
2 2 4.817807233572771e+01 8.264156810951939e-18 4.626486134531436e-02
0 8 5.403251947093057e+01 4.136272720146370e-18 6.652436926065076e-02
0 9 6.030185795598852e+01 4.076812221374876e-18 6.652426539982663e-02
0 10 6.657094348796895e+01 5.153538349652503e-18 6.652720139998664e-02
2 3 6.643644676651428e+01 8.312541745998445e-18 4.522181666172145e-02
1 3 6.672675302709480e+01 8.609465735051206e-18 4.460222589585885e-02
0 11 7.283997357143483e+01 4.135687777774970e-18 6.652446440795141e-02
0 12 7.910930255759044e+01 4.306936344663781e-18 6.652260880775834e-02
1 4 8.503650366045048e+01 8.251595139452135e-18 4.585352312859824e-02
2 4 8.482284108500173e+01 2.514386096077374e-14 4.393865618602844e-02
0 13 8.537842635680337e+01 4.075665993073873e-18 6.652576880918076e-02
0 14 9.164745423313812e+01 3.942050923891542e-18 6.652391134124269e-02
0 15 9.791676618424239e+01 4.075451707744401e-18 6.652025318355997e-02
1 5 1.032574558161531e+02 6.190856975572261e-16 4.629920482106771e-02
2 5 1.033110099987269e+02 1.300657032156490e-16 4.347301254499398e-02
0 16 1.041859263041071e+02 4.479140293149493e-18 6.652333436720149e-02
0 17 1.104549712898096e+02 4.775756550436770e-18 6.652278987323100e-02
0 18 1.167242403476289e+02 4.134865889977958e-18 6.651808575603188e-02
1 6 1.214952646542170e+02 1.447317379392803e-14 4.538788326061168e-02
2 6 1.217775723843740e+02 3.797712664942729e-17 4.441861722122592e-02
0 19 1.229934303193275e+02 4.134590106952299e-18 6.652074345566140e-02
0 20 1.292624859244793e+02 4.441239210720085e-18 6.652163915191803e-02
0 21 1.355317178751626e+02 3.942513008108509e-18 6.651622318594343e-02
1 7 1.398566158076939e+02 8.557940815961716e-18 4.409943645400594e-02
2 7 1.401101876626070e+02 8.224520067407299e-18 4.573731540027283e-02
0 22 1.418009206122705e+02 4.073842488976834e-18 6.651827247821422e-02
0 23 1.480699977329903e+02 4.473083169500812e-18 6.652088782037249e-02
0 24 1.543391709463951e+02 3.942557734741619e-18 6.651537080672616e-02
1 8 1.583483061046117e+02 8.632184555045494e-18 4.347356289487055e-02
2 8 1.583199660720931e+02 8.162801876119490e-18 4.636646217577831e-02
0 25 1.606083771277616e+02 4.003028049027759e-18 6.651667459389732e-02
0 26 1.668774791694376e+02 4.133176943035312e-18 6.652068409474486e-02
0 27 1.731466081902379e+02 4.925009023885680e-18 6.651557745945652e-02
2 9 1.765443965511044e+02 8.258157183230011e-18 4.553203767273592e-02
1 9 1.768236196153972e+02 8.677528362353212e-18 4.429838599432998e-02
0 28 1.794158019607246e+02 4.133051925984661e-18 6.651604610401850e-02
0 29 1.856849288361299e+02 4.071716731634987e-18 6.652143051019380e-02
0 30 1.919540055134100e+02 4.178081095342509e-18 6.651698138527236e-02
2 10 1.949026176334247e+02 8.638579152145702e-18 4.420468369426059e-02
1 10 1.951599229154868e+02 8.648015980570262e-18 4.559255351130229e-02
0 31 1.982231749916622e+02 4.307250401185868e-18 6.651661796116476e-02
0 32 2.044923430817664e+02 4.403899147667546e-18 6.652273577154251e-02
0 33 2.107613840677997e+02 4.463769313918397e-18 6.651944299739780e-02
1 11 2.133871497774011e+02 8.264201284632990e-18 4.632818219363143e-02
2 11 2.133821798321028e+02 1.397212255817301e-14 4.343698195137586e-02
0 34 2.170305270560584e+02 4.462915443194823e-18 6.651824062190109e-02
0 35 2.232997253573710e+02 4.069794756163309e-18 6.652464908256529e-02
0 36 2.295687396335206e+02 4.069471373571033e-18 6.652247208999761e-02
1 12 2.316169040055571e+02 8.237601781268106e-18 4.567138033220425e-02
2 12 2.318598197189093e+02 1.874878420127282e-14 4.412289081472234e-02
0 37 2.358378462055618e+02 4.842920354426278e-18 6.652051009936938e-02
0 38 2.421070949238219e+02 4.003398232161470e-18 6.652654821025687e-02
0 39 2.483760952987713e+02 4.129990100192756e-18 6.652577466637805e-02
1 13 2.499465274580548e+02 1.571546515804192e-15 4.438931005415524e-02
2 13 2.502251912416182e+02 8.389280144214310e-18 4.543747283578999e-02
0 40 2.546451754946418e+02 4.394613296304328e-18 6.652317165802923e-02
0 41 2.609144532213502e+02 4.455687142678248e-18 6.652808505205875e-02
0 42 2.671834618680909e+02 4.129178015586533e-18 6.652853935489041e-02
1 14 2.684054840064198e+02 8.642875103741642e-18 4.349802728951600e-02
2 14 2.684653761341265e+02 1.037134843900855e-17 4.634085589066665e-02
0 43 2.734525152746180e+02 4.306746200893847e-18 6.652545475295640e-02
0 44 2.797218324096089e+02 4.066851740830050e-18 6.652892471366012e-02
0 45 2.859908548142883e+02 4.451238782351585e-18 6.653054792337482e-02
1 15 2.869027689927920e+02 8.565333658185338e-18 4.400359362189327e-02
2 15 2.866703699539763e+02 8.222130055899552e-18 4.583380596233492e-02
0 46 2.922598904338171e+02 4.450034453876389e-18 6.652728895599754e-02
0 47 2.985292216164202e+02 4.182384251157038e-18 6.652865557408631e-02
0 48 3.047982807990108e+02 4.065510937474174e-18 6.653116443581490e-02
2 16 3.049836810487412e+02 8.433443555342244e-18 4.452305745238485e-02
1 16 3.052833006925499e+02 8.322595446620652e-18 4.528438582775494e-02
0 49 3.110673111642498e+02 4.127625000386333e-18 6.652804469991334e-02
0 50 3.173366492003588e+02 4.127638610379106e-18 6.652757074580015e-02
0 51 3.236057428380005e+02 4.306543824331975e-18 6.653059130179804e-02
1 17 3.235239519895470e+02 8.153735764674214e-18 4.627283062375252e-02
2 17 3.234462650881261e+02 8.658851446357051e-18 4.350143887573854e-02
0 52 3.298747668378332e+02 4.004398289758268e-18 6.652806975118618e-02
0 53 3.361440946780734e+02 4.306782541212347e-18 6.652552871881121e-02
1 18 3.417354529296529e+02 8.198609519411634e-18 4.591885844501106e-02
2 18 3.419447282572284e+02 8.532789861085943e-18 4.387322055749186e-02
0 54 3.424132302869763e+02 3.941823759825071e-18 6.652872475142188e-02
0 55 3.486822677299296e+02 4.063761639616316e-18 6.652722117327489e-02
0 56 3.549515648900685e+02 4.063894660267814e-18 6.652333342432382e-02
1 19 3.600430841318989e+02 1.258724792772209e-14 4.468941627872886e-02
2 19 3.603336400680108e+02 8.689523651642083e-18 4.513589304492539e-02
0 57 3.612207353021856e+02 4.126399727873634e-18 6.652630246538041e-02
