0 0 3.972577432438212e+00 4.579311979787781e-18 6.382152693368667e-02
1 0 4.094444122915631e+00 9.894757617796148e-17 6.536902354956803e-02
0 1 1.018119851192661e+01 1.255393440619028e-15 6.380608075962843e-02
1 1 1.086398822548505e+01 4.167692526116224e-18 6.538508415296962e-02
0 2 1.638736043601841e+01 4.260630511149349e-18 6.380531830952724e-02
1 2 1.763584859967522e+01 4.266319303528012e-18 6.538871715432121e-02
0 3 2.259442561477129e+01 4.245175794070168e-18 6.380058926962263e-02
1 3 2.440631134423571e+01 5.290118096757954e-17 6.539519331210435e-02
0 4 2.880310940764499e+01 4.118790059710047e-18 6.379524681474885e-02
1 4 3.117479583604393e+01 2.521057676581001e-14 6.540034298773489e-02
0 5 3.501312653944707e+01 4.098986519336241e-18 6.379152386723275e-02
1 5 3.794195469353574e+01 1.801342143857280e-16 6.540199201570693e-02
0 6 4.122365144475049e+01 9.366747926891135e-18 6.379101008845169e-02
1 6 4.470904272972371e+01 5.104958650703602e-18 6.539955640181877e-02
0 7 4.743368642015798e+01 4.272628320389305e-18 6.379426222178983e-02
1 7 5.147735351998321e+01 4.455025753698985e-18 6.539388985759363e-02
0 8 5.364241998136458e+01 4.277032081886727e-18 6.380018042609575e-02
1 8 5.824763825392196e+01 1.488710124874045e-17 6.538774436793106e-02
0 9 5.984957161062562e+01 5.368868615619530e-18 6.380567839123306e-02
1 9 6.501945061860137e+01 1.785671754319775e-14 6.538726219445005e-02
0 10 6.605584361087742e+01 4.259981161294509e-18 6.380448071019644e-02
1 10 7.178898122994568e+01 3.561378205856854e-16 6.542870766997265e-02
0 11 7.226515873736375e+01 1.810865947236893e-15 6.375870485251624e-02
0 12 7.848832297976467e+01 4.300341923501954e-18 6.378149037005555e-02
1 11 7.854253830566672e+01 4.876290873200906e-18 6.542402505790830e-02
0 13 8.456828690419172e+01 4.425645986482910e-18 6.367789941083114e-02
1 12 8.546899595731742e+01 4.564992755315430e-18 6.551638181595786e-02
0 14 9.064746390170566e+01 4.318886847988593e-18 6.367435967154156e-02
1 13 9.239575234115013e+01 4.509355298433606e-18 6.552270942720545e-02
0 15 9.672809997579597e+01 3.034178830257715e-15 6.366918378624598e-02
1 14 9.932051240891066e+01 3.555462132640507e-17 6.552708107536401e-02
0 16 1.028097618630461e+02 3.122547267682028e-17 6.366706295023049e-02
1 15 1.062445288395270e+02 3.253515086443135e-16 6.552538523969646e-02
0 17 1.088911525633267e+02 4.266261432649330e-18 6.367036982030204e-02
1 16 1.131698467219358e+02 2.308796442346748e-16 6.551910097336289e-02
0 18 1.149712297071851e+02 4.657251996388497e-18 6.367647406106974e-02
1 17 1.200970330600176e+02 1.245221010692103e-17 6.551767682966295e-02
0 19 1.210502989921443e+02 4.895113001641274e-18 6.367527615922410e-02
1 18 1.269901144823516e+02 1.609309385949682e-17 6.646193892519012e-02
0 20 1.271687621280480e+02 4.263663426764046e-18 6.268723326830242e-02
0 21 1.335523090382019e+02 4.242033740451155e-18 6.284740516249397e-02
1 19 1.335639464067814e+02 5.403477216372721e-17 6.629336673191824e-02
1 20 1.396869030929406e+02 4.550666226316233e-18 6.397328814557986e-02
0 22 1.404183222021366e+02 1.109016516508083e-17 6.513442480348482e-02
1 21 1.458218121094437e+02 5.098737087977287e-18 6.398764315085974e-02
0 23 1.472725951021632e+02 4.400196148612338e-18 6.512532233554198e-02
1 22 1.519566079377146e+02 6.294418360356155e-18 6.398378919100671e-02
0 24 1.541261021517820e+02 4.209536686653114e-18 6.513140980711184e-02
1 23 1.580929073819831e+02 4.912515935232073e-18 6.397796891684944e-02
0 25 1.609776549107461e+02 7.142552288506526e-16 6.513638889377117e-02
1 24 1.642303836776975e+02 6.913052740601382e-16 6.397514179689796e-02
0 26 1.678283114869614e+02 4.360147640449806e-18 6.513622404678850e-02
1 25 1.703679394368817e+02 2.112017936069952e-15 6.397703160301929e-02
0 27 1.746797868250123e+02 4.302209077975014e-18 6.513169754556114e-02
1 26 1.765044137229483e+02 2.576220904791466e-16 6.398237221013353e-02
0 28 1.815331797256787e+02 4.368293670486490e-18 6.512593104685920e-02
1 27 1.826393099149263e+02 4.057748104480836e-18 6.398771022991064e-02
0 29 1.883876058913475e+02 2.362095676187066e-17 6.512400561154374e-02
1 28 1.887737197641302e+02 4.660953083734256e-18 6.398836855888941e-02
1 29 1.949183675095296e+02 3.595657846875525e-17 6.389275822761036e-02
0 30 1.952307834477735e+02 4.215467523545799e-18 6.521662464210090e-02
1 30 2.010321273954905e+02 4.290474558421712e-18 6.406366473866333e-02
0 31 2.021131112481751e+02 4.227749248324656e-18 6.507003959708597e-02
1 31 2.071382873726706e+02 2.326443482281655e-17 6.406454743315770e-02
0 32 2.090010216885907e+02 4.886092406521426e-18 6.507278359839765e-02
1 32 2.132455692619086e+02 4.599892520312384e-18 6.405872603380318e-02
0 33 2.158870746487958e+02 4.594519876262780e-18 6.507900041768851e-02
1 33 2.193542470571900e+02 7.975155412917572e-18 6.405459954011847e-02
0 34 2.227717393823161e+02 4.217691322231641e-18 6.508040866251565e-02
1 34 2.254633496249652e+02 4.403285161517899e-18 6.405535972189608e-02
0 35 2.296568234502711e+02 4.343483608095248e-18 6.507654921252956e-02
1 35 2.315715938550506e+02 4.946844404337101e-18 6.406031669118846e-02
0 36 2.365437523711105e+02 5.800295148950335e-18 6.507069980423637e-02
1 36 2.376782886183276e+02 4.882721542787275e-18 6.406581764604163e-02
0 37 2.434318244452479e+02 7.241831407077251e-15 6.506815024221410e-02
1 37 2.437844294438812e+02 4.402854073667641e-18 6.406711028201216e-02
1 38 2.499020451069521e+02 4.124922721720497e-18 6.398560854810827e-02
0 38 2.503070007598045e+02 9.253542038954516e-18 6.514639364164854e-02
1 39 2.560042723151482e+02 4.158262361338096e-18 6.405847585473695e-02
0 39 2.572015794824842e+02 2.687639102578905e-17 6.508660123146426e-02
1 40 2.621030946402531e+02 2.647315449586950e-17 6.405728091231420e-02
0 40 2.640981805887440e+02 1.973608825469209e-17 6.509102280921154e-02
1 41 2.682032160978615e+02 4.955865450661947e-18 6.405136050805868e-02
0 41 2.709928270193500e+02 1.006859902520473e-16 6.509668788288757e-02
1 42 2.743046098288567e+02 3.573532263504825e-16 6.404805945591398e-02
0 42 2.778863861809575e+02 7.177458473893307e-16 6.509687824116420e-02
1 43 2.804061613959186e+02 1.571919609783277e-15 6.404991060773420e-02
0 43 2.847807633111856e+02 2.068285593413442e-15 6.509220226047784e-02
1 44 2.865066207813355e+02 4.046512978498963e-15 6.405540449201948e-02
0 44 2.916770888312504e+02 2.063840243962832e-15 6.508661779299559e-02
1 45 2.926055678729334e+02 8.510406756567894e-14 6.406018470174048e-02
0 45 2.985735881052119e+02 1.855783866404445e-15 6.507508327790947e-02
1 46 2.987048514400624e+02 6.159239334016600e-16 6.407370105146656e-02
1 47 3.048489122035937e+02 3.129775778373589e-15 6.400060596409582e-02
0 46 3.054177241815194e+02 4.318544558280484e-18 6.514229483558127e-02
1 48 3.109844404744130e+02 2.171047764345078e-16 6.403176256538695e-02
0 47 3.122717414600538e+02 4.540610611354270e-18 6.511840258157083e-02
1 49 3.171186178625996e+02 4.283552128224214e-18 6.402958560989931e-02
0 48 3.191261095855249e+02 5.990220575959795e-18 6.512340557172136e-02
1 50 3.232541805768485e+02 4.404242211882604e-18 6.402363773237514e-02
0 49 3.259785133743348e+02 5.595758760470101e-18 6.512920629077128e-02
1 51 3.293910865107509e+02 2.053345280087540e-17 6.401987456377019e-02
0 50 3.328296786205565e+02 4.515758226409888e-18 6.513025974747265e-02
1 52 3.355283496637613e+02 6.393951175216630e-15 6.402071735772162e-02
0 51 3.396812878815490e+02 4.281157466245354e-18 6.512649520481227e-02
1 53 3.416647596942846e+02 1.585365133757275e-15 6.402552318082287e-02
0 52 3.465346863221926e+02 1.188015021582905e-15 6.512064107873329e-02
1 54 3.477996064793774e+02 6.051128977332449e-14 6.403125755702820e-02
0 53 3.533895926274017e+02 4.208167138763670e-18 6.511741670002676e-02
1 55 3.539335002513910e+02 1.460397005369560e-16 6.403315428489294e-02
0 54 3.602383956532441e+02 4.215501180418877e-18 6.524480152659598e-02
1 56 3.600732723539979e+02 4.416718701319066e-18 6.390564204165551e-02
