0 0 3.942145847311973e+00 7.565846656795601e-17 7.145448616269470e-02
1 0 4.306361446868513e+00 4.573396555380617e-18 6.406965901195760e-02
0 1 1.002984101856616e+01 5.163601860335758e-16 7.146066725662438e-02
1 1 1.122068374242582e+01 4.372350860167790e-18 6.406319877610786e-02
0 2 1.611750485229068e+01 4.018799974857747e-18 7.145475968696524e-02
1 2 1.813435753772660e+01 4.416958834964081e-18 6.406885862901336e-02
0 3 2.220662703943075e+01 1.291883700004149e-17 7.144884750049227e-02
1 3 2.504612183535605e+01 4.375207346762737e-18 6.407343628930502e-02
0 4 2.829660135750644e+01 4.431959637504081e-18 7.144790301292490e-02
1 4 3.195750017866820e+01 4.252295006864235e-18 6.407130166461607e-02
0 5 3.438614401279528e+01 3.745185927353200e-18 7.145261370732081e-02
1 5 3.887041256846736e+01 4.273927225561204e-18 6.406480207392511e-02
0 6 4.047430414919214e+01 2.572201886081445e-17 7.145920951264705e-02
1 6 4.578499775969635e+01 4.326449318130812e-18 6.406497449714724e-02
0 7 4.656157964672160e+01 4.554545155123837e-18 7.145824001214383e-02
0 8 5.265996377798093e+01 3.923462340630597e-16 7.127145196812555e-02
1 7 5.268820030316164e+01 4.319601291653935e-18 6.423694415918201e-02
0 9 5.876851380876649e+01 1.995046776759114e-17 7.131526813373695e-02
1 8 5.957708961692251e+01 4.266038310069326e-18 6.419834656179628e-02
0 10 6.487336225779383e+01 1.793326679522137e-16 7.131287799962402e-02
1 9 6.646950166086937e+01 4.219944947297173e-18 6.420049573221800e-02
0 11 7.097935730279562e+01 6.795125790683122e-15 7.130607673741139e-02
1 10 7.336008153463921e+01 4.250832364061483e-18 6.420677313411036e-02
0 12 7.708670960289953e+01 6.988810949070760e-17 7.130185060212255e-02
1 11 8.024921335058536e+01 4.223045505011430e-18 6.420899212653466e-02
0 13 8.319443954949305e+01 4.955714249597695e-18 7.130317887148244e-02
1 12 8.713873718857147e+01 4.289700332082509e-18 6.420465748280446e-02
0 14 8.930130965955760e+01 2.765473324974430e-17 7.130912079724076e-02
1 13 9.403014689690647e+01 4.351620063295105e-18 6.419850056403581e-02
0 15 9.540670601952462e+01 4.028638427304880e-18 7.131494433263823e-02
1 14 1.009226018725455e+02 4.218427459341959e-18 6.420384741652733e-02
0 16 1.015118195019179e+02 8.855354124431194e-18 7.130878815070707e-02
0 17 1.076667023563409e+02 3.918524002669238e-18 7.030001216200157e-02
1 15 1.077605943620733e+02 4.209575906878021e-18 6.517469390924986e-02
0 18 1.138697504563634e+02 4.133374807310710e-18 7.035308803224345e-02
1 16 1.145352224222472e+02 4.484844449247048e-18 6.512328990263316e-02
0 19 1.200664823868834e+02 7.292140769205045e-18 7.035601045553520e-02
1 17 1.213162449953491e+02 4.156696882428058e-18 6.512013914519188e-02
0 20 1.262635930352631e+02 3.786725921148724e-18 7.035065813936911e-02
1 18 1.280963410544237e+02 4.812190848208234e-18 6.512526113090225e-02
0 21 1.324622209521768e+02 2.194944887147269e-16 7.034393079675508e-02
1 19 1.348744505772947e+02 4.292923821678400e-18 6.513151684950046e-02
0 22 1.386622494828233e+02 4.244498125099864e-18 7.033937807109937e-02
1 20 1.416510820680561e+02 5.045309802800691e-18 6.513484197462874e-02
0 23 1.448629250227390e+02 6.034235864788083e-18 7.033888185953008e-02
1 21 1.484274948844215e+02 4.134285624099898e-18 6.513330639027713e-02
0 24 1.510632457636581e+02 2.455878724491424e-17 7.034259909694310e-02
1 22 1.552050523938101e+02 4.154935136011580e-18 6.512766221037844e-02
0 25 1.572623408832349e+02 3.707357908327911e-18 7.034897767652656e-02
1 23 1.619845707369437e+02 4.135827448605472e-18 6.512137881454816e-02
0 26 1.634598562201611e+02 4.353778961321186e-17 7.035491799238622e-02
1 24 1.687656020283079e+02 4.268849641287007e-18 6.512077658697701e-02
0 27 1.696564477227233e+02 3.784661670019690e-18 7.035487178915079e-02
1 25 1.755442381563965e+02 4.168895093602282e-18 6.514909639782084e-02
0 28 1.758557874879787e+02 2.039787665061157e-16 7.032556090435350e-02
0 29 1.803267154693046e+02 1.642684484658743e-18 1.842479446088184e-01
0 30 1.835243568936395e+02 8.397842648719222e-19 1.842487045776704e-01
0 31 1.899196402218402e+02 6.739168255611888e-16 1.842489621033492e-01
0 32 1.931172817538464e+02 4.870168965166677e-12 1.842490026206990e-01
0 33 1.963149232949304e+02 2.363883697738101e-18 1.842490276026738e-01
0 34 1.995125648187415e+02 1.543285582824885e-18 1.842490443692492e-01
0 35 2.059078477841468e+02 6.352215287770131e-11 1.842490652407756e-01
0 36 2.091054892618780e+02 3.282090800768266e-11 1.842490721238832e-01
0 37 2.123031307422408e+02 4.029033810999197e-18 1.842490776071147e-01
0 38 2.155007722164050e+02 3.569635126902041e-18 1.842490820578591e-01
0 39 2.218960551418786e+02 2.492025632575569e-11 1.842490888246913e-01
0 40 2.250936966057049e+02 7.465639397880229e-13 1.842490914474233e-01
0 41 2.282913380702249e+02 1.587896789256235e-18 1.842490937114078e-01
0 42 2.314889795316865e+02 1.549203869097995e-18 1.842490956780525e-01
0 43 2.378842624448797e+02 4.815994404439296e-12 1.842490989238135e-01
0 44 2.410819039024747e+02 4.028905306126371e-11 1.842491002748398e-01
0 45 2.442795453609444e+02 2.857520818662788e-18 1.842491014878188e-01
0 46 2.474771868172980e+02 1.945668379952402e-17 1.842491025787382e-01
0 47 2.538724697248076e+02 1.315969161908595e-12 1.842491044615424e-01
0 48 2.570701111799322e+02 4.400830474897698e-11 1.842491052773715e-01
0 49 2.602677526348004e+02 8.973312934272255e-18 1.842491060271248e-01
0 50 2.634653940885763e+02 1.080868727991316e-16 1.842491067157830e-01
0 51 2.698606769932127e+02 3.827243833885107e-11 1.842491079381871e-01
0 52 2.730583184460755e+02 1.751496472576350e-11 1.842491084816666e-01
0 53 2.762559598994605e+02 2.156911297333844e-17 1.842491089888978e-01
0 54 2.794536013517452e+02 5.452633849471580e-16 1.842491094614014e-01
0 55 2.858488842544148e+02 2.409593317540478e-11 1.842491103164093e-01
0 56 2.890465257063404e+02 3.747599984047813e-12 1.842491107033888e-01
0 57 2.922441671585013e+02 4.241151029781731e-17 1.842491110685367e-01
0 58 2.954418086098408e+02 2.627882253110794e-15 1.842491114121134e-01
0 59 3.018370915111503e+02 3.539455656134979e-12 1.842491120425621e-01
0 60 3.050347329623399e+02 2.395233484005159e-11 1.842491123316556e-01
0 61 3.082323744138334e+02 9.527659959280340e-17 1.842491126066780e-01
0 62 3.114300158645341e+02 1.209550212893800e-14 1.842491128673903e-01
0 63 3.178252987649183e+02 7.085944197964614e-12 1.842491133508572e-01
0 64 3.210229402155666e+02 3.733570534359236e-11 1.842491135747642e-01
0 65 3.242205816665823e+02 1.952242508669270e-16 1.842491137891180e-01
0 66 3.274182231168305e+02 5.302055350363542e-14 1.842491139934923e-01
0 67 3.338135060168594e+02 4.426769612520587e-11 1.842491143755920e-01
0 68 3.370111474673458e+02 5.488988681471450e-11 1.842491145539337e-01
0 69 3.402087889174559e+02 4.031237510804154e-16 1.842491147255197e-01
0 70 3.498017132666126e+02 1.371816599334073e-11 1.842491151991018e-01
0 71 3.529993547166522e+02 3.148449306047771e-11 1.842491153443361e-01
0 72 3.561969961669261e+02 3.215704927618751e-13 1.842491154846329e-01
