1 0 3.428964740926214e+00 3.602703207352389e-15 9.331210735898830e-02
0 0 6.126667175071048e+00 1.917007762786397e-15 3.769603078543160e-02
1 1 9.053108225055828e+00 1.267068156894043e-16 9.331253519009847e-02
1 2 1.467535835233358e+01 2.891703290651102e-18 9.332161731850767e-02
0 1 1.661840612546895e+01 7.705952888313247e-18 3.768731297497274e-02
1 3 2.029885851367613e+01 2.971052147295243e-18 9.332116257757896e-02
1 4 2.592505753397323e+01 3.214268041180136e-14 9.328945246104565e-02
0 2 2.710168522507863e+01 7.710612174699586e-18 3.771124237339434e-02
1 5 3.155190520814534e+01 4.145369474892091e-15 9.328781437166291e-02
1 6 3.717799916304669e+01 2.974895139589810e-16 9.329222197191757e-02
0 3 3.758195028049262e+01 7.774208771144615e-18 3.770737777488569e-02
1 7 4.280417838057191e+01 1.318178164676402e-17 9.328891507917780e-02
0 4 4.806310084835193e+01 7.764113453138795e-18 3.770446936859682e-02
1 8 4.842992752994509e+01 6.593013502360182e-17 9.329424720037217e-02
1 9 5.405569928718158e+01 1.435875064484484e-15 9.328915103619594e-02
0 5 5.854423830452036e+01 3.680868216908470e-15 3.770765350550180e-02
1 10 5.968200277093204e+01 1.571452617091464e-14 9.329263183691891e-02
1 11 6.530827040558006e+01 1.147517944004162e-13 9.328806950007006e-02
0 6 6.902432272265213e+01 2.186846682328316e-16 3.771104017466983e-02
1 12 7.093515414513651e+01 3.455775877249454e-18 9.328989490469475e-02
1 13 7.656154509732360e+01 3.097186343901287e-18 9.331597076752689e-02
0 7 7.950608050749213e+01 5.778826327830173e-17 3.768933202895359e-02
1 14 8.218477473577836e+01 5.426387690615509e-17 9.331669540050865e-02
1 15 8.780675553967663e+01 1.699516049172799e-15 9.331330714886694e-02
0 8 8.999879547977085e+01 7.717016175322883e-18 3.768876209898051e-02
1 16 9.343065989008630e+01 1.769023413342817e-14 9.331319343424090e-02
1 17 9.919925432611082e+01 3.879749079445436e-15 9.549459100474272e-02
0 9 1.006195313376184e+02 8.194433599536115e-18 3.572343164772559e-02
1 18 1.049202658329320e+02 1.110100952236814e-13 9.549377635424122e-02
1 19 1.106423157534457e+02 1.127764087813722e-14 9.548086566999109e-02
0 10 1.116924716595897e+02 8.278664051607708e-18 3.573299583545150e-02
1 20 1.163647035370181e+02 5.066988311976950e-18 9.547976988758404e-02
1 21 1.220866302340576e+02 1.919853374743396e-15 9.548179408118621e-02
0 11 1.227640178481494e+02 9.092985591164680e-16 3.573088876732126e-02
1 22 1.278086672987367e+02 4.868788805417245e-18 9.547990723275625e-02
1 23 1.335298826301009e+02 2.246945513451381e-14 9.548525749766679e-02
0 12 1.338369227657784e+02 8.166366601691272e-18 3.572602321625443e-02
1 24 1.392511340229229e+02 3.759975944022182e-18 9.548279173642572e-02
0 13 1.449116934565701e+02 1.646784754751623e-17 3.572132676760894e-02
1 25 1.449716704953364e+02 1.391517982219019e-15 9.548861686773484e-02
1 26 1.506922208162852e+02 2.500584633122433e-18 9.548517048374437e-02
0 14 1.559877758246867e+02 1.560541067269547e-15 3.571911796747607e-02
1 27 1.564124650252644e+02 2.031922253979541e-14 9.549015951629680e-02
1 28 1.621327226211236e+02 6.060490483304626e-18 9.548596334421357e-02
0 15 1.670640470617174e+02 8.159277678955902e-18 3.572055439766733e-02
1 29 1.678531909945683e+02 1.884019421717188e-15 9.549012207356608e-02
1 30 1.735736761324150e+02 1.697661686736295e-13 9.548499589673673e-02
0 16 1.781393200694378e+02 1.690638652218233e-17 3.572486624074973e-02
1 31 1.792947800753449e+02 1.753009995641674e-14 9.548803513701391e-02
1 32 1.850158929863308e+02 3.756396796768004e-18 9.548260302824758e-02
0 17 1.892128092329106e+02 2.077111661669401e-15 3.572992766311842e-02
1 33 1.907377730703796e+02 1.476066956200391e-15 9.548494175541430e-02
1 34 1.964596258311056e+02 2.984990707784974e-18 9.548051699948959e-02
0 18 2.002845073320634e+02 8.159895873054583e-18 3.573318457726626e-02
1 35 2.021820397692321e+02 3.259702446402637e-14 9.548205322437328e-02
1 36 2.079043232600777e+02 4.502739306193920e-18 9.548321130779455e-02
0 19 2.113556195431497e+02 4.060609205150554e-16 3.573081721396956e-02
1 37 2.136263395755529e+02 5.465774023436721e-16 9.548434937241543e-02
1 38 2.193478632578400e+02 1.024495499407283e-13 9.551703268841839e-02
0 20 2.224306913627028e+02 3.841571354607626e-15 3.570496266217348e-02
1 39 2.250649899879099e+02 3.181907339613186e-14 9.551768647379312e-02
1 40 2.307815673589826e+02 3.754806573382326e-18 9.548047524760207e-02
0 21 2.335179240531585e+02 8.156593863011004e-18 3.572590873049937e-02
1 41 2.365037137425121e+02 1.601093055081510e-15 9.548091155366832e-02
1 42 2.422249200083491e+02 2.991981590954487e-18 9.547630538836287e-02
0 22 2.445919573755490e+02 4.414039399062917e-17 3.572600969839235e-02
1 43 2.479478909460189e+02 2.938573780091459e-14 9.547638530384775e-02
1 44 2.536692129475180e+02 3.025581738278109e-18 9.548549602081641e-02
0 23 2.556653857148719e+02 2.178236392781729e-15 3.571751541105809e-02
1 45 2.593915121904184e+02 6.722971585978255e-16 9.548530768511827e-02
1 46 2.651091299956483e+02 5.122649705504445e-18 9.552980950577832e-02
0 24 2.667478793564539e+02 8.167631698940937e-18 3.568432604796297e-02
1 47 2.708272223229817e+02 1.602053594692895e-14 9.552930579597170e-02
1 48 2.765500351990909e+02 3.360613375983502e-18 9.547971688981509e-02
0 25 2.778217627455028e+02 1.876160898533596e-17 3.572070114355014e-02
1 49 2.822736105726900e+02 8.229909632198099e-16 9.547876548377025e-02
1 50 2.879972729432333e+02 9.129568659795993e-14 9.547556215606802e-02
0 26 2.888891512359204e+02 2.444154626749749e-15 3.572281234598645e-02
1 51 2.937211354233215e+02 1.309555993182916e-13 9.547413677854315e-02
1 52 2.994442897390663e+02 3.364206391860348e-18 9.547837557688776e-02
0 27 2.999568829424682e+02 8.231801178341465e-18 3.571884219313657e-02
1 53 3.051675092044776e+02 9.312664678479114e-17 9.547615307819900e-02
0 28 3.110263781388882e+02 1.092793909356172e-15 3.571383353483147e-02
1 54 3.108899109240425e+02 2.614031764795024e-18 9.548194463759427e-02
1 55 3.166123349113706e+02 6.066209478150642e-14 9.547901396505581e-02
0 29 3.220975495166928e+02 1.100405503903805e-16 3.571016547300999e-02
1 56 3.223342263700344e+02 2.891228668819658e-18 9.548451420779824e-02
1 57 3.280561301178427e+02 3.619168170076341e-17 9.548059551614052e-02
0 30 3.331694746620488e+02 8.199522115815283e-18 3.570986897057367e-02
1 58 3.337780052671002e+02 2.877646331240890e-18 9.548511145795886e-02
1 59 3.394998973351791e+02 3.826332233833872e-14 9.548039795709731e-02
0 31 3.442409184275077e+02 9.530518010944197e-16 3.571307904623740e-02
1 60 3.452222529056817e+02 2.883005897161078e-18 9.548399965256975e-02
1 61 3.509446230672622e+02 5.650912732501192e-17 9.547851619328904e-02
0 32 3.553108503845750e+02 1.823850391867307e-14 3.571809613642335e-02
1 62 3.566677356570571e+02 4.189272243212046e-18 9.548107754370257e-02
1 63 3.623908418133077e+02 1.554294655589300e-14 9.547595214418614e-02
