0 0 3.954339173997917e+00 4.245420244279587e-18 6.504449478149729e-02
1 0 4.204428971273412e+00 4.140767791600019e-18 6.494253454162054e-02
0 1 1.017050805454881e+01 7.477607612443994e-15 6.506537823273097e-02
1 1 1.096303166903752e+01 4.299019399010079e-18 6.492402147223204e-02
0 2 1.638400839501772e+01 4.365417361903515e-18 6.506558148020924e-02
1 2 1.772401702713592e+01 1.235554899701226e-14 6.492563020804286e-02
0 3 2.259833603470458e+01 4.021925756304372e-18 6.506053418405996e-02
1 3 2.448364238920452e+01 4.454724484524236e-18 6.493175961675912e-02
0 4 2.881427035519033e+01 4.345271374908156e-18 6.505469230231399e-02
1 4 3.124126641535576e+01 5.529436249125453e-18 6.493744993219534e-02
0 5 3.503161047711468e+01 4.092836657294784e-18 6.505061669970176e-02
1 5 3.799745317330864e+01 4.212622064755143e-18 6.494011678276683e-02
0 6 4.124960976438808e+01 4.234681326593617e-18 6.504981615799325e-02
1 6 4.475337909789528e+01 4.702504401963812e-18 6.493873886088218e-02
0 7 4.746730277439707e+01 5.642273988595425e-18 6.505264465094944e-02
1 7 5.151032319046138e+01 4.316524602045026e-18 6.493381472893960e-02
0 8 5.368382826725885e+01 4.182995693578173e-18 6.505814987523037e-02
1 8 5.826915324165424e+01 4.308998716543251e-18 6.492743698076991e-02
0 9 5.989874731148000e+01 4.403225116419226e-18 6.506406581239592e-02
1 9 6.502979200598584e+01 3.760167401354678e-15 6.492370745904168e-02
0 10 6.611239944922903e+01 4.403624830051790e-18 6.506645383173501e-02
1 10 7.179020051985253e+01 1.666713872491082e-17 6.493386536561388e-02
0 11 7.232679716856741e+01 4.090376430984533e-18 6.505423438355792e-02
0 12 7.856455375407272e+01 5.130593118021300e-18 6.493822220996967e-02
1 11 7.852760519893141e+01 4.197758111743256e-18 6.500802323796104e-02
1 12 8.466360456157786e+01 4.376241144081434e-18 6.495248140592202e-02
0 13 8.540492752020549e+01 3.647927971056927e-15 6.498822293166336e-02
1 13 9.079597093472839e+01 4.369373127946003e-18 6.495160882078063e-02
0 14 9.224851584560267e+01 4.155616432730090e-18 6.499125467472998e-02
1 14 9.692942205519086e+01 4.945806818018109e-18 6.494591162385421e-02
0 15 9.909042654824422e+01 4.469344859966836e-18 6.499745478781875e-02
1 15 1.030644197623562e+02 4.287158845063915e-18 6.494101837864499e-02
0 16 1.059306033898469e+02 6.178567899155522e-18 6.500076837959126e-02
1 16 1.092002143033532e+02 5.163750157550116e-18 6.494004193320035e-02
0 17 1.127704506838297e+02 4.502161652423265e-18 6.499894327501493e-02
1 17 1.153356060925858e+02 7.314453435245050e-18 6.494373008960447e-02
0 18 1.196116046532964e+02 4.303404806874848e-18 6.499308488858740e-02
1 18 1.214696304772930e+02 8.787124886223938e-18 6.494989816078575e-02
0 19 1.264547184896467e+02 4.664418180219671e-18 6.498835032889251e-02
1 19 1.276022409572011e+02 4.099521624860855e-18 6.495312906420449e-02
0 20 1.332976529371260e+02 4.235332594942505e-18 6.500328133094729e-02
1 20 1.337357722728268e+02 4.239271664300565e-18 6.493417463935870e-02
1 21 1.398868638794621e+02 4.001225823467140e-18 6.505141572977698e-02
0 21 1.401218998943319e+02 7.132394808620827e-17 6.489145370105584e-02
1 22 1.459984645540179e+02 4.391265248208570e-18 6.505809768833197e-02
0 22 1.469906075251040e+02 8.024418645546889e-18 6.488678618918291e-02
1 23 1.521093855330036e+02 5.960436432827450e-18 6.505426154779589e-02
0 23 1.538594095299721e+02 4.185234653894568e-18 6.489222258685623e-02
1 24 1.582217827955932e+02 4.069003001656472e-18 6.504845580035909e-02
0 24 1.607262410991619e+02 4.258061320160722e-18 6.489748485590957e-02
1 25 1.643354370387307e+02 4.270882029126408e-18 6.504537698829140e-02
0 25 1.675919634815825e+02 4.291824171922900e-18 6.489798810801857e-02
1 26 1.704492227488209e+02 4.089388526891467e-18 6.504724283198325e-02
0 26 1.744583758032002e+02 4.020110061316404e-14 6.489323530168135e-02
1 27 1.765619480845520e+02 4.159461502628264e-18 6.505300199310780e-02
0 27 1.813267167002227e+02 2.065247115239619e-15 6.488733114503811e-02
1 28 1.826731578619877e+02 4.159263918903616e-18 6.505784624525926e-02
0 28 1.881959164965693e+02 4.513127475134026e-18 6.489380623296091e-02
1 29 1.887842954664971e+02 4.157642546684131e-18 6.504815489140996e-02
0 29 1.950488004331158e+02 4.258877293129307e-18 6.486376387124713e-02
1 30 1.949115246253185e+02 4.528433786375036e-18 6.508384156311382e-02
1 31 2.009592202461578e+02 6.030980105412180e-18 6.508051362427240e-02
0 30 2.019950873206884e+02 4.772611330498658e-18 6.486774730734038e-02
1 32 2.070064791934711e+02 4.603615112863268e-18 6.507592232858851e-02
0 31 2.089411322665304e+02 6.701571361720704e-15 6.487378984843513e-02
1 33 2.130552282421188e+02 4.165720792157644e-18 6.507070234922718e-02
0 32 2.158852804216941e+02 4.422588316982313e-18 6.487737389829494e-02
1 34 2.191047741028247e+02 8.315233015949682e-17 6.507005329593563e-02
0 33 2.228292034786200e+02 5.318128694342489e-18 6.487440734984287e-02
1 35 2.251537101641292e+02 4.395756596724171e-18 6.507493172053376e-02
0 34 2.297748430345389e+02 8.695251649754125e-17 6.486816573759609e-02
1 36 2.312012068010810e+02 2.092419188838214e-14 6.508025119387978e-02
0 35 2.367214639058706e+02 4.409627666321190e-18 6.487645462662064e-02
1 37 2.372486679357202e+02 4.290975405919329e-18 6.506783266890050e-02
1 38 2.433054426458823e+02 4.276882413410370e-18 6.516138406653557e-02
0 36 2.436578140659132e+02 4.432726219201648e-18 6.478727939507620e-02
1 39 2.493443242230516e+02 4.337799737540613e-18 6.516256946671380e-02
0 37 2.506147391883898e+02 1.511850855124511e-16 6.478850593021021e-02
1 40 2.553837931317891e+02 3.976405034134584e-18 6.515708915171384e-02
0 38 2.575703444155632e+02 4.826121171837756e-18 6.479464427964736e-02
1 41 2.614246995631963e+02 1.152988467496922e-16 6.515282738750974e-02
0 39 2.645243565513562e+02 5.333948955869219e-18 6.479635622057850e-02
1 42 2.674659851740669e+02 4.065549318134768e-18 6.515407836484607e-02
0 40 2.714788489266591e+02 3.035593560065334e-17 6.479154658344338e-02
1 43 2.735062748502911e+02 1.301137263657073e-17 6.515998235512778e-02
0 41 2.784352944319432e+02 4.784686259215972e-18 6.478675099369502e-02
1 44 2.795452216104943e+02 4.616155098292022e-18 6.516286766196143e-02
0 42 2.853895024366647e+02 5.503359496614653e-14 6.484452880755269e-02
1 45 2.855875846719551e+02 9.109551149486064e-18 6.509291041713423e-02
1 46 2.916585736538770e+02 4.185468056138709e-18 6.525304068058031e-02
0 43 2.923079629538141e+02 4.479484669679234e-17 6.468869048754793e-02
1 47 2.977228069960759e+02 4.048168457341947e-18 6.525144083409373e-02
0 44 2.992333767960822e+02 4.190093149583946e-18 6.469246520802223e-02
1 48 3.037882085312214e+02 4.296448068205547e-18 6.524562421335141e-02
0 45 3.061569708795299e+02 4.189277701772857e-18 6.469819178419500e-02
1 49 3.098549502471047e+02 6.842264180679015e-15 6.524213479445232e-02
0 46 3.130792667203777e+02 4.256393549872716e-18 6.469891086880161e-02
1 50 3.159218631253793e+02 4.224354345472413e-18 6.524409345326523e-02
0 47 3.200022983381188e+02 4.356019091396410e-18 6.469373183489655e-02
1 51 3.219876684503646e+02 4.281844748267344e-18 6.525012982816435e-02
0 48 3.269272943261014e+02 2.014369118234164e-17 6.468902846248674e-02
1 52 3.280521130391567e+02 6.088339192570202e-18 6.525310807985207e-02
0 49 3.338508922599616e+02 6.037273436794211e-17 6.472776045423942e-02
1 53 3.341189778302666e+02 4.879995964902031e-18 6.520636445913107e-02
1 54 3.402051071317226e+02 4.335120991273575e-18 6.536014075133155e-02
0 50 3.407510815037538e+02 4.436114732289483e-17 6.457917134141500e-02
1 55 3.462817784562914e+02 4.217594740430890e-18 6.535986027866210e-02
0 51 3.476614135284188e+02 1.189208698259601e-17 6.458157273523267e-02
1 56 3.523593813319306e+02 7.006318259203033e-18 6.535414832640235e-02
0 52 3.545701456353786e+02 5.117658711676855e-18 6.458761874219321e-02
1 57 3.584384453399300e+02 3.310642743669088e-14 6.534984748584555e-02
0 53 3.614772930837816e+02 4.550075260483213e-18 6.458966403955457e-02
1 58 3.645179792665841e+02 4.150429211810118e-18 6.535051082624413e-02
