0 0 3.973096248408129e+00 4.270277813539382e-18 6.402472504058887e-02
1 0 4.246488610338132e+00 6.127871857483286e-15 6.570840609113261e-02
0 1 1.021317496647086e+01 5.749320216836975e-18 6.406366782861526e-02
1 1 1.097925304379538e+01 4.124534280253107e-18 6.567387381740447e-02
0 2 1.644935953147043e+01 6.639177180991840e-16 6.406671288959219e-02
1 2 1.771559505419857e+01 2.660214503411857e-17 6.567295267880033e-02
0 3 2.268599021445913e+01 4.088376521887539e-18 6.406259599809963e-02
1 3 2.445098269890866e+01 4.096539344059081e-18 6.567843218601117e-02
0 4 2.892413936286120e+01 4.251046014028594e-18 6.405662892653498e-02
1 4 3.118440544682866e+01 5.888173095348372e-16 6.568474196776514e-02
0 5 3.516387021261586e+01 4.108586725878321e-18 6.405156082034416e-02
1 5 3.791606354320327e+01 5.906779309813672e-18 6.568916751211479e-02
0 6 4.140467262050191e+01 4.110974156608030e-18 6.404910872686743e-02
1 6 4.464683154865625e+01 2.028388494155923e-14 6.569032113643052e-02
0 7 4.764572213557557e+01 1.373836877133272e-17 6.404999476177120e-02
1 7 5.137787498749903e+01 4.110190570735492e-18 6.568780563490748e-02
0 8 5.388612586552276e+01 4.295615801570350e-18 6.405390660394841e-02
1 8 5.811027136029081e+01 4.090249811032839e-18 6.568235364187254e-02
0 9 6.012517043305161e+01 4.409406629025013e-18 6.405957311926945e-02
1 9 6.484463207858859e+01 4.267546400919019e-18 6.567586893254936e-02
0 10 6.636257026209591e+01 4.713735821815535e-18 6.406490809025654e-02
1 10 7.158069248026362e+01 4.274089532861030e-18 6.567195420904379e-02
0 11 7.259876589950616e+01 4.600111407264549e-18 6.406661376654921e-02
1 11 7.831645466710616e+01 4.109581373086687e-18 6.567974288066759e-02
0 12 7.883569545238123e+01 1.423953857548585e-17 6.405580529296523e-02
0 13 8.508415908358940e+01 4.544865958699899e-14 6.426927844679511e-02
1 12 8.504063222859496e+01 4.111897862107250e-18 6.542804343632272e-02
1 13 9.126447949005670e+01 7.221668642219819e-18 6.541556011833548e-02
0 14 9.182509235326485e+01 4.790274064385321e-18 6.428139596265239e-02
1 14 9.748259791457579e+01 2.233163672363580e-16 6.541737538902652e-02
0 15 9.857169156024135e+01 1.305710545086206e-15 6.428049879734200e-02
1 15 1.037009199933971e+02 4.235796747108134e-18 6.541283315794195e-02
0 16 1.053176555092450e+02 4.925309812450607e-18 6.428550118351475e-02
1 16 1.099207519956073e+02 4.183652351909892e-18 6.540672735821806e-02
0 17 1.120617266669076e+02 4.527189911569361e-18 6.429140242434374e-02
1 17 1.161421917691135e+02 5.475607533968419e-18 6.540171419079366e-02
0 18 1.188040667682480e+02 4.865682361062910e-18 6.429549713270910e-02
1 18 1.223646780520400e+02 4.000499256927480e-18 6.539948534749701e-02
0 19 1.255455934526581e+02 4.526587049748222e-18 6.429622075324327e-02
1 19 1.285873065543881e+02 4.148677038148872e-18 6.540079609729277e-02
0 20 1.322875309773615e+02 2.734068776307157e-17 6.429309671869862e-02
1 20 1.348091330324688e+02 5.308966669154489e-17 6.540531395846234e-02
0 21 1.390309584134137e+02 7.600889358152367e-16 6.428721692980170e-02
1 21 1.410294736906364e+02 1.883372400908660e-17 6.541151742946860e-02
0 22 1.457763512089659e+02 1.164223048259664e-17 6.428139864601241e-02
1 22 1.472482048794279e+02 4.067142730505262e-18 6.541655353345317e-02
0 23 1.525230307872036e+02 4.528500642789244e-18 6.428144294685069e-02
1 23 1.534661943167491e+02 4.816925775505089e-14 6.541481118061268e-02
0 24 1.592671631059865e+02 5.284094642835184e-18 6.431459565553763e-02
1 24 1.596873530812893e+02 4.546528561743340e-18 6.537725723462333e-02
1 25 1.659258700897138e+02 4.056183322895400e-18 6.605903127859056e-02
0 25 1.659931684171212e+02 7.595516212756899e-14 6.370626066532262e-02
1 26 1.717651019753002e+02 7.425609680926548e-16 6.605419236592307e-02
0 26 1.732146975831866e+02 4.454250023140353e-18 6.371451901209851e-02
1 27 1.776052072916470e+02 1.691444635493203e-14 6.604873587873368e-02
0 27 1.804345302331533e+02 4.442925019472597e-18 6.371814813339051e-02
1 28 1.834459451693255e+02 2.055857180170279e-17 6.604969769705173e-02
0 28 1.876546802314431e+02 4.432613575740383e-18 6.371232894162837e-02
1 29 1.892856860731015e+02 1.831194671333197e-17 6.605560721607788e-02
0 29 1.948747350639004e+02 4.641848470108193e-18 6.375462468565236e-02
1 30 1.951271657604885e+02 4.700535114689174e-14 6.599956611017066e-02
1 31 2.009812893805633e+02 1.236669779981194e-16 6.604696458203092e-02
0 30 2.020758502571477e+02 4.363664073529389e-18 6.370928857822868e-02
1 32 2.068349396767236e+02 9.557788510556526e-18 6.604127052804197e-02
0 31 2.092767840502260e+02 4.489640291149686e-18 6.371470556567115e-02
1 33 2.126896486660098e+02 6.430164531210491e-17 6.603976342891980e-02
0 32 2.164770289162213e+02 4.447128165246731e-18 6.371121447121564e-02
1 34 2.185437375232592e+02 5.542032426520781e-17 6.604550057291821e-02
0 33 2.236790165506155e+02 1.081473518989238e-13 6.371162166516851e-02
1 35 2.243970676048638e+02 2.467068076842415e-17 6.604062508103643e-02
1 36 2.302530305780259e+02 1.364091728513298e-14 6.609032207116432e-02
0 34 2.308779328900809e+02 1.959849994381368e-14 6.366531631708978e-02
1 37 2.361045557585328e+02 2.939968624965579e-17 6.608541266625373e-02
0 35 2.380819497022823e+02 8.203688368130730e-16 6.367135874487510e-02
1 38 2.419573679302436e+02 4.881362271649019e-17 6.608151097679825e-02
0 36 2.452843727613750e+02 6.821009296345846e-16 6.367142439237446e-02
1 39 2.478101499109197e+02 2.536047906890711e-14 6.608540069694734e-02
0 37 2.524881931154926e+02 3.511289864246746e-15 6.366573993746180e-02
1 40 2.536617762351146e+02 2.134667393042509e-17 6.608884231764406e-02
0 38 2.596896514877669e+02 8.867870424140822e-15 6.360905900825242e-02
1 41 2.595166584357772e+02 1.083379673360175e-16 6.615416785131729e-02
1 42 2.653224849945216e+02 4.008535932233880e-18 6.614767553023941e-02
0 39 2.669582341951458e+02 4.782523674590217e-18 6.361691031192154e-02
1 43 2.711294080893684e+02 5.069953693164091e-16 6.614276448776447e-02
0 40 2.742250320424024e+02 4.865227223416345e-18 6.361878855098636e-02
1 44 2.769366100848837e+02 1.080194143308797e-13 6.614553224065378e-02
0 41 2.814928343039713e+02 2.511364777038885e-16 6.361274603319483e-02
1 45 2.827427228692590e+02 2.174555522126306e-15 6.614971531915079e-02
0 42 2.887593462134893e+02 4.355374519652985e-18 6.356329372288659e-02
1 46 2.885511253965991e+02 6.627263400058886e-16 6.620605861096232e-02
1 47 2.943258355495130e+02 5.654424967982343e-16 6.619930284960576e-02
0 43 2.960727183539194e+02 8.936761678669152e-16 6.357073276803997e-02
1 48 3.001016873390153e+02 3.979656570233085e-18 6.619488054577895e-02
0 44 3.033843738895172e+02 7.829698993599420e-18 6.357121327249002e-02
1 49 3.058775732909921e+02 4.735039335538892e-18 6.619880125500298e-02
0 45 3.106973972620507e+02 4.409918229288280e-18 6.356684993339122e-02
1 50 3.116524759876729e+02 4.058012871230157e-17 6.619972684350861e-02
1 51 3.174287346981993e+02 4.041483062291424e-18 6.623991996086552e-02
0 46 3.180093899759851e+02 1.293183634803841e-15 6.352967842780817e-02
1 52 3.232001914555140e+02 3.328620453054397e-15 6.623464379808545e-02
0 47 3.253272903815905e+02 7.661343735863943e-18 6.353593814100077e-02
1 53 3.289728202005104e+02 1.079669086567979e-13 6.623186690497707e-02
0 48 3.326439719148070e+02 4.358531796179563e-18 6.353333833595955e-02
1 54 3.347450135399382e+02 7.686761195590396e-17 6.623740507765573e-02
0 49 3.399621773014767e+02 9.180456401669610e-15 6.353801621216049e-02
1 55 3.405167936974948e+02 4.797641444156633e-18 6.622655518004222e-02
1 56 3.462919922677364e+02 4.019448029513846e-18 6.626185581177241e-02
0 50 3.472754164020761e+02 1.063867751966243e-17 6.350598603725328e-02
1 57 3.520662221254714e+02 4.326946611281828e-16 6.625622300217990e-02
0 51 3.545891832002253e+02 4.628040478167153e-18 6.351119948824337e-02
1 58 3.578413709533675e+02 7.078527469939777e-14 6.625563894085540e-02
0 52 3.619026201682459e+02 2.277061026474602e-15 6.350603189106083e-02
1 59 3.636157049364086e+02 2.096961321221011e-15 6.626164735096279e-02
