0 0 4.110141633489103e+00 4.351424960523077e-18 6.339513475395546e-02
1 0 4.169446776901581e+00 4.031278511211213e-18 6.669701066319947e-02
0 1 1.060983607327749e+01 4.051338308404872e-18 6.602545563881103e-02
1 1 1.062054110567783e+01 1.703321868255876e-17 6.400920071189310e-02
0 2 1.706761144762312e+01 8.157716595802193e-15 6.516141098159765e-02
1 2 1.710727161282587e+01 4.893810276291901e-15 6.491611309284526e-02
0 3 2.362530948240612e+01 4.271459543251572e-18 6.586057767557396e-02
1 3 2.349431866935409e+01 1.309855335984041e-17 6.417795661681891e-02
1 4 2.973204753785613e+01 4.668503355927741e-18 6.469707891411461e-02
0 4 3.034453721533267e+01 4.960994128836373e-18 6.538532137053993e-02
1 5 3.594612615860562e+01 4.464295969685241e-18 6.471027089439498e-02
0 5 3.708512569424600e+01 4.277776288773668e-18 6.537446321245417e-02
1 6 4.215950358914378e+01 7.018959024213333e-18 6.470788960146613e-02
0 6 4.382585178863156e+01 4.511995497825125e-18 6.537775620586149e-02
1 7 4.837415568087120e+01 4.564985940530823e-18 6.470173077810723e-02
0 7 5.056481622008806e+01 4.457622217943811e-18 6.538396528941161e-02
1 8 5.459044419054659e+01 4.256248002513333e-18 6.469597116669029e-02
0 8 5.730191698503757e+01 4.178000087768629e-18 6.538914796591187e-02
1 9 6.080797515670990e+01 9.256802228267382e-18 6.469295737288176e-02
0 9 6.403793338545816e+01 4.105324399111636e-18 6.539123709903433e-02
1 10 6.702592956982835e+01 5.346148779082718e-18 6.469358543644275e-02
0 10 7.077405266520530e+01 5.261491764835392e-18 6.538947163395163e-02
1 11 7.324335111701438e+01 4.227880988707447e-18 6.469741409811189e-02
0 11 7.751142354925823e+01 4.457667459330182e-18 6.538441312832238e-02
1 12 7.945944242007045e+01 5.094146132090564e-17 6.470303011937095e-02
0 12 8.425071297122457e+01 4.188301888314009e-18 6.537802560816830e-02
1 13 8.567386674330922e+01 4.399644709983207e-18 6.470831114594826e-02
0 13 9.099162734363244e+01 4.269337475883878e-18 6.537402991258305e-02
1 14 9.188710649763763e+01 4.123143122306625e-18 6.471001756713606e-02
0 14 9.773185276524282e+01 4.255307303583439e-18 6.538078021122340e-02
1 15 9.810142624417713e+01 4.848866519084694e-18 6.470019035618924e-02
0 15 1.044494262162556e+02 5.541857097755827e-18 6.575799852013253e-02
1 16 1.043375514530710e+02 4.083815022068343e-18 6.431738279618178e-02
1 17 1.104239817880064e+02 4.426864953041828e-18 6.462444379030573e-02
0 16 1.113426711629806e+02 6.754632257991644e-18 6.549163383770745e-02
1 18 1.164985071531746e+02 4.076882677405707e-18 6.462471101430999e-02
0 17 1.182457877587695e+02 4.276240166369704e-18 6.549356034946775e-02
1 19 1.225741156274977e+02 4.799919342781061e-18 6.461844608035458e-02
0 18 1.251470681525944e+02 4.210409083497629e-18 6.549971413321036e-02
1 20 1.286510741948992e+02 4.548667632132068e-18 6.461489289502442e-02
0 19 1.320470299057551e+02 4.811202380515417e-18 6.550151859477099e-02
1 21 1.347283435201551e+02 4.376730916009403e-18 6.461682873991817e-02
0 20 1.389476181419212e+02 4.479037190531968e-18 6.549733300225719e-02
1 22 1.408046205807711e+02 4.328232263115168e-18 6.462223131090521e-02
0 21 1.458501544359766e+02 4.828464282733606e-18 6.549114041063266e-02
1 23 1.468793867790526e+02 9.663002620832879e-16 6.462624432926356e-02
0 22 1.527529591068554e+02 4.128226296046815e-18 6.549045784116336e-02
1 24 1.529545136689900e+02 4.254237310744645e-18 6.462431273245164e-02
1 25 1.590664795245422e+02 1.614882359878509e-16 6.455589268199842e-02
0 23 1.596131626952670e+02 6.832725354506641e-18 6.555435761121105e-02
1 26 1.651670935255919e+02 4.422485496350588e-18 6.456963575699388e-02
0 24 1.664853689145248e+02 4.122859480305468e-17 6.554430976187817e-02
1 27 1.712675034657457e+02 4.646189972807474e-18 6.456499352719415e-02
0 25 1.733569396033470e+02 2.168428247666863e-16 6.554995312757798e-02
1 28 1.773693970897461e+02 4.046861364929307e-18 6.455913230050850e-02
0 26 1.802265716104214e+02 5.532894426801489e-17 6.555498180317983e-02
1 29 1.834723630194120e+02 4.133914142912035e-18 6.455741169070796e-02
0 27 1.870954974559828e+02 5.790359554364138e-18 6.555484867676376e-02
1 30 1.895752119250872e+02 4.098109042332345e-18 6.456067351667666e-02
0 28 1.939655473005014e+02 4.471003808295324e-18 6.554959682165078e-02
1 31 1.956768049515925e+02 4.097882463430367e-18 6.456629541352413e-02
0 29 2.008375611039894e+02 4.121440149600493e-18 6.554391123432246e-02
1 32 2.017769433601945e+02 4.384288529154181e-18 6.456946987503430e-02
0 30 2.077091879073163e+02 4.253434787629320e-18 6.554325984885036e-02
1 33 2.078780274253001e+02 4.305941508411146e-18 6.456752243865498e-02
1 34 2.140285243429283e+02 4.039961489076356e-18 6.449578344570941e-02
0 31 2.145243109833463e+02 4.108915379647738e-18 6.561014433541767e-02
1 35 2.201645757788322e+02 4.097670552322607e-18 6.451389432580382e-02
0 32 2.213546405168727e+02 1.124341893882624e-17 6.559589388479457e-02
1 36 2.262998819386241e+02 4.144883261346723e-18 6.451045974152642e-02
0 33 2.281849550757726e+02 4.086872835825656e-17 6.560056523298645e-02
1 37 2.324366094247772e+02 4.684255004109560e-18 6.450418973995610e-02
0 34 2.350133084434651e+02 4.174227102871242e-18 6.560650860770963e-02
1 38 2.385747033445387e+02 4.602803742152402e-18 6.450056822334897e-02
0 35 2.418403507123459e+02 1.394265296594938e-15 6.560876760895799e-02
1 39 2.447132314354802e+02 5.407946222839953e-18 6.450164564741573e-02
0 36 2.486676719190530e+02 4.460530953152946e-18 6.560589735708172e-02
1 40 2.508510143061494e+02 4.395344524201284e-18 6.450642232557693e-02
0 37 2.554966738914324e+02 9.030389034584320e-17 6.559964981438986e-02
1 41 2.569872669801578e+02 4.291968313098299e-18 6.451191107052212e-02
0 38 2.623274432808399e+02 5.451496677031122e-18 6.559548164007432e-02
1 42 2.631223097049689e+02 5.330669146110325e-18 6.451321179756786e-02
0 39 2.691563220409485e+02 4.162137906495067e-18 6.558273292456981e-02
1 43 2.692596524861695e+02 4.109594961779484e-18 6.452552165144491e-02
1 44 2.755018802545195e+02 4.296151343767441e-18 6.442396227940927e-02
0 40 2.758679932106181e+02 7.423454284961276e-17 6.567628854298681e-02
1 45 2.817173104735129e+02 4.226508844344307e-18 6.446278440593811e-02
0 41 2.826076256142928e+02 9.067053324140989e-16 6.564239517474713e-02
1 46 2.879295615671854e+02 2.478750323732404e-16 6.446451926998188e-02
0 42 2.893498443669939e+02 6.507830433247216e-17 6.564224176962699e-02
1 47 2.941425458828982e+02 4.241406305657906e-18 6.445939169943113e-02
0 43 2.960907947150016e+02 7.524271601093633e-15 6.564789021075909e-02
1 48 3.003571312961329e+02 4.447563468046122e-18 6.445312937180295e-02
0 44 3.028297833082354e+02 6.263258260689724e-17 6.565384333316721e-02
1 49 3.065731963884690e+02 4.575344724733404e-18 6.444875304997513e-02
0 45 3.095672761568629e+02 1.779572982586028e-15 6.565740730104172e-02
1 50 3.127900640952889e+02 4.796347391477927e-18 6.444781442709203e-02
0 46 3.163043465335477e+02 8.343223112002620e-17 6.565725263040678e-02
1 51 3.190067975082242e+02 4.296078195651493e-18 6.445042792751927e-02
0 47 3.230422192366310e+02 6.043862514433738e-16 6.565340070920125e-02
1 52 3.252224953437949e+02 1.100720549527641e-17 6.445553239980438e-02
0 48 3.297818199421234e+02 9.118701020369338e-17 6.564718560675704e-02
1 53 3.314365925879376e+02 4.171380482817963e-18 6.446123449154804e-02
0 49 3.365233225584113e+02 6.513327269691549e-16 6.564157206145964e-02
1 54 3.376491807978883e+02 4.077756834126366e-18 6.446480045003053e-02
0 50 3.432654844154155e+02 7.141143895612165e-17 6.564260802664318e-02
1 55 3.438615687394906e+02 7.823097805870316e-18 6.446075131379518e-02
0 51 3.500020231613737e+02 1.640934747180468e-15 6.561570255620336e-02
1 56 3.500797677932492e+02 4.146048625364550e-18 6.448834266981611e-02
0 52 3.565477130112513e+02 5.325182165994720e-18 6.623854915726597e-02
1 57 3.564792388237188e+02 4.376465825054243e-18 6.385159155969639e-02
1 58 3.623128129686762e+02 3.992413345935808e-18 6.435724724337699e-02
0 53 3.637752635690478e+02 3.367682375096686e-17 6.582367455985397e-02
