1 0 3.929247240792041e+00 4.621495144106014e-15 5.868700329744866e-02
0 0 4.453238176656437e+00 1.474093486447442e-14 7.307129941419641e-02
0 1 1.053015665156137e+01 4.508104886316373e-18 7.307874529121015e-02
1 1 1.137423768459145e+01 6.645536962521313e-18 5.867831649321124e-02
0 2 1.660659634034802e+01 7.042294963987534e-15 7.307236872210233e-02
1 2 1.881944520488253e+01 8.069827860270008e-17 5.868294972674166e-02
0 3 2.268415912785607e+01 3.795154011295560e-17 7.307096417914358e-02
1 3 2.626385420976711e+01 1.788218508963653e-17 5.867880863082281e-02
0 4 2.876093582077571e+01 5.442438727153601e-18 7.307752897162367e-02
1 4 3.370966660730407e+01 8.515376802586868e-15 5.868655508944837e-02
0 5 3.483761975433932e+01 8.439916918140253e-14 7.306815281585294e-02
0 6 4.091299224725032e+01 3.682708703320803e-18 7.322131896744112e-02
1 5 4.115708976940138e+01 5.212423452768846e-14 5.854853054312429e-02
0 7 4.691497148346121e+01 3.743171037308940e-18 7.321515267539468e-02
1 6 4.873483468450466e+01 1.655699015311419e-13 5.855377787231474e-02
0 8 5.291823573624782e+01 5.815054362688897e-17 7.321212569110469e-02
1 7 5.631114657293688e+01 5.031178605356315e-18 5.855110236507131e-02
0 9 5.892097670987209e+01 6.322921264493630e-15 7.321809201957072e-02
1 8 6.388858524669390e+01 4.978764065201744e-17 5.856173446638287e-02
0 10 6.492389493831871e+01 9.161423522537401e-15 7.320462865609850e-02
0 11 7.092721136864446e+01 3.360824307294544e-15 7.321944390691820e-02
1 9 7.146479794975309e+01 4.132333835115028e-15 5.854663151235618e-02
0 12 7.692628495010729e+01 5.838076823388747e-18 7.321291468880886e-02
1 10 7.904684795417644e+01 4.788970801809457e-18 5.855146310837090e-02
0 13 8.292650103898994e+01 3.821502442373588e-14 7.321142059835284e-02
1 11 8.662803502269345e+01 4.775089474035749e-18 5.854655474102971e-02
0 14 8.892587407652134e+01 4.205413803990569e-18 7.321841179649126e-02
1 12 9.420721052676521e+01 4.860281710239433e-15 5.861631215191600e-02
0 15 9.492955514895677e+01 1.253554079841498e-16 7.313873213417858e-02
0 16 1.009365450790646e+02 1.181004055478803e-14 7.314677090183422e-02
1 13 1.017778261020579e+02 5.026124716754266e-18 5.860775875445109e-02
0 17 1.069430189672189e+02 7.002970663669635e-14 7.314064418512213e-02
1 14 1.093487678757329e+02 1.089011199417895e-16 5.861188291692020e-02
0 18 1.129503513049354e+02 3.343517976530018e-16 7.314076463340055e-02
1 15 1.169195345443108e+02 4.688357695738886e-15 5.860585347077012e-02
0 19 1.189566671658008e+02 3.884229954111213e-18 7.314780289469539e-02
1 16 1.245932296589763e+02 5.573322976309691e-18 5.689961677571171e-02
0 20 1.248600706182019e+02 9.620601406271583e-16 7.502664117406203e-02
0 21 1.307230365332757e+02 1.535997216609173e-13 7.502565201502547e-02
1 17 1.323820786702484e+02 4.992490826684554e-18 5.690054893017798e-02
0 22 1.365870896250370e+02 2.107458284627050e-13 7.502230936055979e-02
1 18 1.401695916594915e+02 4.899658558945459e-18 5.689703396255173e-02
0 23 1.424505579900724e+02 1.345491812147547e-14 7.502892490326564e-02
1 19 1.479358368858944e+02 1.019410568735790e-15 5.725352355567111e-02
0 24 1.483379650148804e+02 2.845508230122729e-14 7.462076248884464e-02
0 25 1.542383105227096e+02 9.525338477006815e-14 7.462183334088464e-02
1 20 1.556666105257914e+02 4.904149704562765e-18 5.725188354892741e-02
0 26 1.601395830623045e+02 7.974369177321318e-16 7.461747553936221e-02
1 21 1.633960021348187e+02 4.916194680277328e-18 5.725087459754977e-02
0 27 1.660406168149289e+02 3.916411099695033e-18 7.462272225116709e-02
1 22 1.711259187071754e+02 6.143196369194220e-16 5.726713332453241e-02
0 28 1.719422973577458e+02 3.804186662726670e-18 7.460257640221417e-02
0 29 1.778449399251542e+02 2.371416154882386e-16 7.460964260037613e-02
1 23 1.788532038733261e+02 1.244851881238559e-13 5.725963990186958e-02
0 30 1.837474457043315e+02 8.176404336251788e-14 7.460403429042439e-02
1 24 1.865803570680955e+02 4.981297375317528e-18 5.726190340610491e-02
0 31 1.896502961538843e+02 2.153837545288940e-13 7.460687066480855e-02
1 25 1.943082119730825e+02 1.857146506940079e-16 5.726000827769454e-02
0 32 1.955524561624360e+02 2.873886236207194e-16 7.460763722031022e-02
0 33 2.014541656252672e+02 3.801974596048644e-18 7.462756206294503e-02
1 26 2.020371198228241e+02 5.945471936111211e-18 5.724018150631967e-02
0 34 2.073506478009601e+02 1.340952403548648e-13 7.462122939544236e-02
1 27 2.097738013748369e+02 4.936017016343984e-18 5.724454731398788e-02
0 35 2.132479845008396e+02 2.946042598361563e-15 7.462164902686441e-02
1 28 2.175103716604500e+02 2.968587375782799e-16 5.723881013420914e-02
0 36 2.191443728921133e+02 1.869546280431877e-14 7.462759613339096e-02
0 37 2.250370034445472e+02 2.095927684556848e-15 7.472190604600876e-02
1 29 2.252534635525662e+02 4.910260317566888e-18 5.713327309100124e-02
0 38 2.309495885782588e+02 1.143687689645065e-17 7.471631941747191e-02
1 30 2.329645900927021e+02 4.934967473740414e-18 5.713845352117108e-02
0 39 2.368633440111361e+02 3.542180379404947e-18 7.471443058547007e-02
1 31 2.406747080836701e+02 1.366449752762659e-17 5.713336877946783e-02
0 40 2.427762753122489e+02 3.382342421326474e-18 7.472154593925313e-02
0 41 2.486459356576664e+02 4.157868844231292e-14 7.547286897652231e-02
1 32 2.484316732272270e+02 2.845374184124677e-17 5.644840639077513e-02
0 42 2.545055305365087e+02 3.814194664002208e-15 7.547116350389482e-02
1 33 2.562221138580957e+02 5.050173192963720e-18 5.645006676651262e-02
0 43 2.603662219056184e+02 2.307973856924511e-13 7.546800280701468e-02
1 34 2.640112614524060e+02 1.164279660245801e-16 5.644628870795368e-02
0 44 2.662262912408941e+02 2.820138054518835e-15 7.547473317630891e-02
1 35 2.717463471782864e+02 4.760791951615304e-16 5.712155679611396e-02
0 45 2.721468072201423e+02 7.506312774535919e-14 7.470832840209707e-02
0 46 2.780826041880064e+02 9.126298171052790e-15 7.470958740358111e-02
1 36 2.794406567272590e+02 4.967169555372426e-15 5.711943357833462e-02
0 47 2.840192532485196e+02 5.826131906619017e-14 7.470487169814914e-02
1 37 2.871336106979905e+02 3.472634324154548e-15 5.711958329966969e-02
0 48 2.899558488642463e+02 1.477512559669992e-14 7.470928784524015e-02
1 38 2.948275554577335e+02 9.926843055923593e-17 5.712320176002320e-02
0 49 2.958921430180602e+02 5.123978307827293e-15 7.470395812067247e-02
0 50 3.018284403935018e+02 9.165257826505532e-16 7.471834585021983e-02
1 39 3.025213497648555e+02 1.283091683247362e-17 5.710841037800071e-02
0 51 3.077619485174287e+02 6.356159410013235e-17 7.471209373584148e-02
1 40 3.102189592298156e+02 5.385671727129453e-18 5.711254549610070e-02
0 52 3.136962926226583e+02 9.688650479069030e-15 7.471259609981988e-02
1 41 3.179165121661390e+02 4.935958772893165e-18 5.710666203696861e-02
0 53 3.196296459192029e+02 3.385310385131409e-18 7.471896277889549e-02
0 54 3.255592582296827e+02 3.801067579371829e-18 7.480438737461845e-02
1 42 3.256201440321788e+02 9.009189737597550e-18 5.701773028320391e-02
0 55 3.314952044082232e+02 3.801316643555749e-18 7.480004680370760e-02
1 43 3.333140227732052e+02 3.976967519215642e-16 5.702230863229633e-02
0 56 3.374323638623549e+02 4.948051286140165e-18 7.479716088319320e-02
1 44 3.410065679224572e+02 1.139274983833381e-16 5.701872039567726e-02
0 57 3.433688923284841e+02 3.632968855438942e-17 7.480373641362609e-02
1 45 3.486969890198469e+02 5.334008057977286e-18 5.708213197194384e-02
0 58 3.493094247400995e+02 3.760111685565493e-16 7.473077057049018e-02
0 59 3.552528926648712e+02 1.894662901541829e-15 7.473517187201566e-02
1 46 3.563793802233761e+02 3.446438358254208e-16 5.707679200446339e-02
0 60 3.611966766953523e+02 7.473352777761790e-15 7.472973108831359e-02
1 47 3.640610038468216e+02 5.027746337115952e-18 5.707885792321766e-02
