0 0 1.188384668820389e+00 5.098458279686013e-16 6.252093822174221e-02
1 0 1.513657064544077e+00 4.006596159719896e-18 6.034116428428115e-02
0 1 6.426420763156222e+00 4.816016039404297e-15 6.251978633201305e-02
1 1 8.227716281035526e+00 4.065360073184188e-18 6.034539817707205e-02
0 2 1.166539233812971e+01 3.176759532805258e-16 6.251480406099325e-02
1 2 1.493986131137888e+01 5.239666104272528e-18 6.034734181089958e-02
0 3 1.690452630271070e+01 4.165791078048597e-14 6.251913170634216e-02
1 3 2.165381822199354e+01 8.813289492831000e-16 6.033991576901098e-02
0 4 2.214248263731503e+01 4.657740570018905e-18 6.252145860508231e-02
0 5 2.738801519102616e+01 3.553842086255912e-18 6.257757012178441e-02
1 4 2.835733841535929e+01 5.351827232224702e-18 6.027993444355012e-02
0 6 3.262920064308576e+01 3.639389388439602e-18 6.257116254868836e-02
1 5 3.506548559197929e+01 3.936494090275832e-18 6.028743447930694e-02
0 7 3.787145807158984e+01 3.988706236701291e-18 6.257031118146257e-02
1 6 4.177308318896039e+01 4.036125257683696e-18 6.028267228641133e-02
0 8 4.311299352366412e+01 3.896633158935164e-18 6.257626251396883e-02
0 9 4.835608442507500e+01 3.903073629899048e-18 6.245572616965193e-02
1 7 4.848008845397185e+01 4.082311056254393e-18 6.040847218686705e-02
0 10 5.359094288846530e+01 3.872028075599027e-18 6.245840722553594e-02
1 8 5.519988911058955e+01 5.179038133369238e-18 6.041066767673433e-02
0 11 5.882632262876319e+01 3.604934387819218e-18 6.245252273878751e-02
1 9 6.191789191401563e+01 3.081121762155432e-17 6.041448874120763e-02
0 12 6.406212606188461e+01 4.916761085723916e-18 6.245590847691210e-02
1 10 6.863733201866815e+01 3.988982260335588e-18 6.040643840199083e-02
0 13 6.929672341703019e+01 1.541476159467851e-17 6.245970660180507e-02
0 14 7.453723286632457e+01 3.242443183820096e-17 6.247075990126114e-02
1 11 7.534923242896055e+01 4.079601962952167e-18 6.039426511827754e-02
0 15 7.977294090404979e+01 8.914398389479121e-17 6.246504266987286e-02
1 12 8.206667243608975e+01 4.079280913074482e-18 6.040180771926661e-02
0 16 8.500977465486369e+01 1.942404309256125e-16 6.246317564471951e-02
1 13 8.878313318656296e+01 5.438641273673960e-18 6.039840679334554e-02
0 17 9.024606942325579e+01 2.095144112719988e-16 6.246901498652110e-02
0 18 9.548251636087318e+01 5.483543086942821e-17 6.241934279011456e-02
1 14 9.550075182140164e+01 3.249560203019409e-17 6.043912108962445e-02
0 19 1.007157782892247e+02 9.725201788648453e-18 6.244613424962014e-02
1 15 1.022236587425093e+02 3.989487883115215e-18 6.042165839790713e-02
0 20 1.059490066972603e+02 3.587199626468154e-18 6.243985728157946e-02
1 16 1.089452103516005e+02 3.929305192309751e-18 6.042646196278412e-02
0 21 1.111827976498112e+02 3.895147843517340e-18 6.244264374812111e-02
1 17 1.156679334697103e+02 4.059295343599021e-18 6.041840706992693e-02
0 22 1.164154063659303e+02 3.901795936758362e-18 6.244712039696480e-02
0 23 1.216532379292998e+02 3.902230341395497e-18 6.243509339639889e-02
1 18 1.223842814538852e+02 4.398800706000412e-15 6.043042667950370e-02
0 24 1.268860702857155e+02 3.752668977218549e-18 6.242997675175997e-02
1 19 1.291066368562054e+02 5.649665358508089e-18 6.043777694316670e-02
0 25 1.321200349057657e+02 1.858706039703764e-17 6.242755367756018e-02
1 20 1.358277939891317e+02 4.034087074010265e-18 6.043523388196325e-02
0 26 1.373535724834825e+02 1.633588913949263e-16 6.243324295445193e-02
0 27 1.425867572574705e+02 4.565806555994500e-14 6.241846217824502e-02
1 21 1.425506008456808e+02 4.049676863288122e-18 6.043868030313330e-02
0 28 1.478205962635880e+02 3.899883630369409e-18 6.249128193920224e-02
1 22 1.492729107103102e+02 9.084164131840014e-18 6.036973748831519e-02
0 29 1.530537392640646e+02 3.749504367268209e-18 6.248481276246514e-02
1 23 1.559945677048021e+02 8.556371301177218e-17 6.037509968139201e-02
0 30 1.582875275963877e+02 3.565350599387979e-18 6.248720383149430e-02
1 24 1.627172150060214e+02 4.200060291072523e-18 6.036716618857160e-02
0 31 1.635201592209125e+02 3.570963147121351e-18 6.249206547090175e-02
0 32 1.687576313609706e+02 3.767714268667589e-18 6.246398632612811e-02
1 25 1.694341153331673e+02 3.931583955111392e-18 6.039604364998032e-02
0 33 1.739899950763079e+02 4.453413645148183e-18 6.245941066521163e-02
1 26 1.761573194922603e+02 4.296382136887982e-18 6.040308710475840e-02
0 34 1.792234861118367e+02 1.261691611783858e-17 6.245655378206568e-02
1 27 1.828791704798258e+02 1.616605574770531e-17 6.040124551169652e-02
0 35 1.844566418268966e+02 4.638072178733964e-17 6.246211054410725e-02
0 36 1.896891583026623e+02 1.142629137502256e-16 6.245972715915406e-02
1 28 1.896028804967318e+02 4.295092495985225e-18 6.039444668930238e-02
0 37 1.949260314042448e+02 1.080858100349444e-16 6.258649088950717e-02
1 29 1.963204976785334e+02 4.006218938609856e-18 6.026305396958417e-02
0 38 2.001612552631351e+02 2.804573341210708e-17 6.257985126193592e-02
1 30 2.030386167934324e+02 4.164304293611127e-18 6.026893609508404e-02
0 39 2.053972093423680e+02 7.645707791720725e-18 6.258178764956351e-02
1 31 2.097575124347134e+02 4.303965818671844e-18 6.026128389677314e-02
0 40 2.106320449247277e+02 3.684054188343134e-18 6.258703136339862e-02
0 41 2.158712523090916e+02 3.592888607445042e-18 6.254023457800842e-02
1 32 2.164714203104775e+02 8.729730215047447e-18 6.030987143179567e-02
0 42 2.211051072556952e+02 3.898230884911514e-18 6.253651338130657e-02
1 33 2.231921989318762e+02 4.002041083100025e-18 6.031627617721903e-02
0 43 2.263400689599077e+02 3.566086666209471e-18 6.253306420314604e-02
1 34 2.299114274110254e+02 4.415731024871159e-18 6.031546818932106e-02
0 44 2.315748280158726e+02 3.700176121298703e-18 6.253836599911351e-02
1 35 2.366326458989382e+02 5.559202514756731e-18 6.030810657693235e-02
0 45 2.368086940816788e+02 2.472473256589046e-14 6.254022507360185e-02
0 46 2.420523312920063e+02 5.889791162340421e-15 6.270948370960751e-02
1 36 2.433394469019056e+02 4.337410678427584e-18 6.012556806766706e-02
0 47 2.472925901824904e+02 4.947408219895571e-17 6.270269608919693e-02
1 37 2.500490775954025e+02 1.280673143964521e-17 6.013216522657540e-02
0 48 2.525337080247885e+02 2.563739491596956e-15 6.270382001009660e-02
1 38 2.567590913563398e+02 3.946006182250018e-18 6.012524141437613e-02
0 49 2.577738016020639e+02 1.616293841128572e-16 6.270949299006423e-02
0 50 2.630173767048437e+02 7.397261390819730e-16 6.263267959470355e-02
1 39 2.634655266145363e+02 4.016004889661901e-18 6.020573443429606e-02
0 51 2.682547882527621e+02 1.445325652167231e-16 6.263092043936752e-02
1 40 2.701805163691162e+02 4.031458620302347e-18 6.021047114971428e-02
0 52 2.734932095626351e+02 3.240625328072036e-14 6.262643712749770e-02
1 41 2.768936855837617e+02 4.454205314864916e-18 6.021153763705836e-02
0 53 2.787316748856865e+02 3.648885167520185e-18 6.263113538926615e-02
1 42 2.836087981829436e+02 1.926386296463990e-17 6.020424287168687e-02
0 54 2.839690022778610e+02 4.186954936244428e-18 6.263344906631550e-02
0 55 2.892171224475782e+02 3.698587871809840e-18 6.273137169577565e-02
1 43 2.903083471557707e+02 4.752168840362855e-16 6.009862065608573e-02
0 56 2.944604914155024e+02 3.891230118435931e-18 6.272470292461146e-02
1 44 2.970127890858896e+02 1.058363167107267e-17 6.010598563126070e-02
0 57 2.997048846720695e+02 3.553613887402085e-18 6.272445107808280e-02
1 45 3.037169611858160e+02 4.141007454941629e-18 6.010060867309891e-02
0 58 3.049484619856292e+02 3.482672416503339e-18 6.273039365165442e-02
0 59 3.101939549718518e+02 3.942607810837692e-18 6.262391541871842e-02
1 46 3.104198680625634e+02 4.345846032426492e-18 6.021295485748021e-02
0 60 3.154317224926166e+02 4.222615460678718e-18 6.262609645865108e-02
1 47 3.171346338392769e+02 4.185502446183636e-18 6.021435094082599e-02
0 61 3.206701655103068e+02 3.588631486922510e-18 6.262044900969849e-02
1 48 3.238475225684170e+02 4.131747998648331e-18 6.021768481459073e-02
0 62 3.259089646592143e+02 3.759345417463378e-18 6.262412606358027e-02
1 49 3.305619907370715e+02 7.536413692355470e-18 6.020965541511598e-02
0 63 3.311465377313807e+02 3.894857574178900e-18 6.262788291488573e-02
0 64 3.363915425858869e+02 5.158986123451028e-18 6.264094111854918e-02
1 50 3.372665194427977e+02 4.126330622119649e-18 6.019519833144833e-02
0 65 3.416317465646202e+02 5.766761399915700e-18 6.263503675715380e-02
1 51 3.439763713395536e+02 9.829922757220869e-18 6.020274249287581e-02
0 66 3.468730731644781e+02 1.040526695838579e-17 6.263333991912071e-02
1 52 3.506853198944056e+02 4.002887984285859e-18 6.019927175141496e-02
0 67 3.521138415429570e+02 1.904045659449259e-17 6.263918005730228e-02
0 68 3.573547077980031e+02 2.705160201965886e-17 6.258622520814990e-02
1 53 3.573954212207139e+02 3.936643306571529e-18 6.024623577501793e-02
0 69 3.625894134581727e+02 5.594896845320974e-17 6.260749251606709e-02
1 54 3.641159140220047e+02 4.077132259088438e-18 6.023425277663821e-02
