0 0 1.102784504297814e+00 3.561250320174115e-18 6.326135307305077e-02
1 0 1.394181721153333e+00 4.041377724722194e-18 6.050848866625962e-02
0 1 6.339407407250327e+00 3.690204694314245e-18 6.326042927822950e-02
1 1 8.110223618923293e+00 3.958323767980052e-18 6.051395955925001e-02
0 2 1.157702201820888e+01 3.507781336016403e-18 6.325522088036110e-02
1 2 1.482428142379504e+01 4.625998376717945e-18 6.051473732303379e-02
0 3 1.681475963085117e+01 4.216789691013542e-18 6.325944826909986e-02
1 3 2.154009442734618e+01 3.932253558205386e-18 6.050840411345184e-02
0 4 2.205137465562163e+01 4.547129183875692e-18 6.326213701946938e-02
0 5 2.729458051448463e+01 5.045068167120274e-18 6.332768496370360e-02
1 4 2.824705133914500e+01 4.433468560400189e-18 6.043928620601537e-02
0 6 3.253332158212668e+01 1.087264832839410e-17 6.332179995878891e-02
1 5 3.495893286317536e+01 3.929753514872654e-18 6.044683259409760e-02
0 7 3.777314565952301e+01 3.502637464678112e-18 6.332042609318228e-02
1 6 4.167021777971213e+01 3.993560493095462e-18 6.044108241685145e-02
0 8 4.301220906323291e+01 3.699536914748024e-18 6.332697604492692e-02
0 9 4.825303415496958e+01 3.583458932825805e-18 6.320153684646168e-02
1 7 4.838072186992137e+01 3.978177313214365e-18 6.057222362293334e-02
0 10 5.348797790793013e+01 3.603997909040750e-18 6.320368268565550e-02
1 8 5.509989838169777e+01 4.010743193218908e-18 6.057669586556413e-02
0 11 5.872358663975884e+01 3.529308583718813e-18 6.319788731808464e-02
1 9 6.181718052986275e+01 3.981182352468973e-18 6.057921292348992e-02
0 12 6.395954572991789e+01 3.567895052458547e-18 6.320115032680647e-02
1 10 6.853589801452996e+01 3.923523117513421e-18 6.057182775200536e-02
0 13 6.919434007885448e+01 3.915553981726480e-18 6.320538290445415e-02
0 14 7.443498428843002e+01 3.651243178029408e-18 6.323165490575772e-02
1 11 7.524723729118367e+01 4.253789489342740e-18 6.054429533339004e-02
0 15 7.967039757802607e+01 3.456982590511806e-18 6.322641060043882e-02
1 12 8.196478501492922e+01 2.265107127786446e-14 6.055215494712394e-02
0 16 8.490696305717545e+01 3.714552521276506e-18 6.322412634856818e-02
1 13 8.868133017351596e+01 4.081664272538851e-18 6.054747535714273e-02
0 17 9.014292660174648e+01 4.681409076687298e-18 6.323047427835453e-02
0 18 9.537915687360571e+01 1.185771139207946e-14 6.318208736003697e-02
1 14 9.539896724747938e+01 4.971768868845637e-18 6.058814407768244e-02
0 19 1.006148908897172e+02 1.296599690263468e-17 6.320535359858093e-02
1 15 1.021171860965477e+02 4.005124155463978e-18 6.057530298543828e-02
0 20 1.058507908411466e+02 7.835933297900937e-15 6.319925158528460e-02
1 16 1.088338929976358e+02 4.172245341157538e-18 6.057905003169185e-02
0 21 1.110872046250018e+02 1.110759246554868e-14 6.320172969167279e-02
1 17 1.155517311605631e+02 8.944412704532727e-15 6.057131437075902e-02
0 22 1.163224625149115e+02 4.055586982300538e-18 6.320686482374395e-02
0 23 1.215631069849866e+02 4.022455692832116e-18 6.320058860936419e-02
1 18 1.222631053678965e+02 4.004307342573259e-18 6.057808797353980e-02
0 24 1.267978790021242e+02 3.869061079595563e-18 6.319610456853450e-02
1 19 1.289818165311268e+02 3.980873762888595e-18 6.058585547844107e-02
0 25 1.320338330149060e+02 3.902400166146342e-18 6.319305501526856e-02
1 20 1.356992034268334e+02 3.922651830682865e-18 6.058229941347074e-02
0 26 1.372693398847430e+02 3.842386809186905e-18 6.319910260498043e-02
0 27 1.425044033077943e+02 3.460646460765763e-18 6.319244820766300e-02
1 21 1.424183460534506e+02 4.159544285497939e-18 6.058147632459300e-02
0 28 1.477442156350558e+02 3.547192617360279e-18 6.328537022118287e-02
1 22 1.491302279612802e+02 1.352912684420771e-14 6.048792270706031e-02
0 29 1.529830890740614e+02 3.551073079179729e-18 6.327904927030698e-02
1 23 1.558418725395163e+02 3.927963578911220e-18 6.049286755652338e-02
0 30 1.582226436286348e+02 4.144377344588542e-18 6.328062344806253e-02
1 24 1.625542645868782e+02 5.010597604757168e-18 6.048518438978194e-02
0 31 1.634610882939714e+02 1.034852826167271e-17 6.328651290768737e-02
0 32 1.687043895357793e+02 1.292601992915128e-17 6.323916080924076e-02
1 25 1.692611807406980e+02 4.059731670950516e-18 6.053534083462364e-02
0 33 1.739408721744973e+02 3.484911531485888e-18 6.323595024089486e-02
1 26 1.759771489641250e+02 4.018178655849257e-18 6.054250239138234e-02
0 34 1.791785275253083e+02 3.485373380744050e-18 6.323196998409514e-02
1 27 1.826914428947599e+02 4.167938500043001e-18 6.054058026237444e-02
0 35 1.844159523507885e+02 3.734618444119142e-18 6.323744730458207e-02
1 28 1.894077039180375e+02 4.059520551573415e-18 6.053662435838222e-02
0 36 1.896525100440410e+02 3.480961641182494e-18 6.323723689625477e-02
0 37 1.948972309306760e+02 3.473959800778377e-18 6.336738794151642e-02
1 29 1.961119429385253e+02 4.159821163523329e-18 6.039816340095192e-02
0 38 2.001389831370120e+02 3.540515628219069e-18 6.336102384902101e-02
1 30 2.028187232333976e+02 3.931850389058274e-18 6.040448241915441e-02
0 39 2.053816175465911e+02 3.732084968420777e-18 6.336132171262895e-02
1 31 2.095256783808494e+02 4.073270794041724e-18 6.039737920376775e-02
0 40 2.106232632434685e+02 3.554857533630677e-18 6.336776034073759e-02
0 41 2.158687897786149e+02 3.728745993671372e-18 6.326307671096018e-02
1 32 2.162287429945090e+02 4.005526834705953e-18 6.050890380946457e-02
0 42 2.211062344658568e+02 3.636815458045766e-18 6.326200061503985e-02
1 33 2.229433346844388e+02 4.173893034553951e-18 6.051445363404451e-02
0 43 2.263447223056367e+02 3.933279432001533e-18 6.325700167250881e-02
1 34 2.296559741460204e+02 4.051804344704042e-18 6.051471716647559e-02
0 44 2.315832673401383e+02 3.657015869270699e-18 6.326149427306581e-02
1 35 2.363704504896263e+02 4.010841104975881e-18 6.050867740005762e-02
0 45 2.368207094457559e+02 3.866609377020560e-18 6.326388238778119e-02
0 46 2.420657461446900e+02 4.159011271841308e-18 6.334267230978882e-02
1 36 2.430744332693532e+02 4.297045410712923e-18 6.042517407276979e-02
0 47 2.473063535828995e+02 3.452263791028418e-18 6.333667573087894e-02
1 37 2.497831631470438e+02 4.083279567020937e-18 6.043258659795104e-02
0 48 2.525480187401699e+02 3.452368206429047e-18 6.333555890259024e-02
1 38 2.564914183697903e+02 3.990490252121603e-18 6.042663912133876e-02
0 49 2.577888876946556e+02 9.226841628841105e-15 6.334210432238589e-02
0 50 2.630317475457675e+02 1.445786570447029e-15 6.321638603505293e-02
1 39 2.631984994065260e+02 3.999346582864985e-18 6.056013120523190e-02
0 51 2.682674450401162e+02 4.134485710173198e-16 6.321791844153982e-02
1 40 2.699163671195671e+02 3.997792197821716e-18 6.056397427603338e-02
0 52 2.735038583490499e+02 9.207112398726361e-16 6.321218634236764e-02
1 41 2.766323084063322e+02 4.289684136588512e-18 6.056627799557221e-02
0 53 2.787405948051322e+02 1.575499921930225e-15 6.321558933283959e-02
1 42 2.833497434483749e+02 3.924244511675953e-18 6.055897878150274e-02
0 54 2.839761620605516e+02 3.681974492921759e-18 6.321973691107489e-02
0 55 2.892180908868314e+02 4.052655346148876e-18 6.324691560180973e-02
1 43 2.900589744445950e+02 1.397709457697744e-14 6.053038062123198e-02
0 56 2.944548895453314e+02 3.590853794613742e-18 6.324161410953986e-02
1 44 2.967741785603411e+02 4.223244800637109e-18 6.053822726611689e-02
0 57 2.996928346222117e+02 3.953023287349437e-18 6.323941456742330e-02
1 45 3.034884219586896e+02 4.013602074873325e-18 6.053349560597791e-02
0 58 3.049301672476535e+02 3.535984735291975e-18 6.324576749380180e-02
0 59 3.101678111338471e+02 3.550419254183215e-18 6.319045230712794e-02
1 46 3.102036782764918e+02 4.901064211110793e-18 6.058319485071352e-02
0 60 3.154029922613227e+02 3.653429342609735e-18 6.320908461629406e-02
1 47 3.169228192580359e+02 3.936331375398352e-18 6.057506160950217e-02
0 61 3.206383639318915e+02 3.481598342057956e-18 6.320297412882835e-02
1 48 3.236404137710057e+02 1.311930993644938e-14 6.057877757013904e-02
0 62 3.258742438168560e+02 4.626032525580710e-18 6.320550984165037e-02
1 49 3.303591664795805e+02 4.008652892794301e-18 6.057104802125612e-02
0 63 3.311089633071069e+02 1.412445415438996e-17 6.321063244013206e-02
0 64 3.363492691748677e+02 2.580201558500434e-17 6.320222613026159e-02
1 50 3.370710983133744e+02 4.082937711141695e-18 6.057999695816895e-02
0 65 3.415839965278406e+02 3.458172109411809e-18 6.319772792984667e-02
1 51 3.437898748473122e+02 3.922164986480712e-18 6.058778708932832e-02
0 66 3.468199011734879e+02 3.631320745419896e-18 6.319474158910598e-02
1 52 3.505073598213692e+02 3.932726140687296e-18 6.058416177835028e-02
0 67 3.520553489303409e+02 3.810080240282272e-18 6.320080848240435e-02
0 68 3.572903826927418e+02 3.553896119559413e-18 6.319213467742028e-02
1 53 3.572265691956346e+02 3.975928994449330e-18 6.058438523778766e-02
0 69 3.625282751631540e+02 3.839213127667542e-18 6.327659294181029e-02
1 54 3.639416827632182e+02 4.005284563570477e-18 6.050230874677232e-02
