0 0 1.083811576256047e+00 3.816334122126981e-18 6.533443865050455e-02
1 0 1.255098884776305e+00 4.495373887383295e-18 6.035352190424726e-02
0 1 6.321830562461878e+00 6.499144021679257e-18 6.533173785841442e-02
1 1 7.966882611357972e+00 2.004669662526564e-14 6.036135439836134e-02
0 2 1.156092943719159e+01 1.477091475501631e-17 6.532636367128819e-02
1 2 1.467661598961250e+01 8.314249920266356e-17 6.036132363931747e-02
0 3 1.680011417308178e+01 3.763786880591128e-17 6.533035429837243e-02
1 3 2.138794969285163e+01 7.329186630055044e-15 6.035632544074448e-02
0 4 2.203827161436504e+01 4.789005512540738e-18 6.533312272429494e-02
0 5 2.727906791214799e+01 4.912196371036385e-18 6.541007556747043e-02
1 4 2.809649970148642e+01 5.242692252759486e-18 6.027658445396819e-02
0 6 3.251540134711182e+01 4.558808199483697e-18 6.540431028835508e-02
1 5 3.481061357816457e+01 4.179013777923011e-18 6.028414281784068e-02
0 7 3.775284834141787e+01 4.112989001853209e-18 6.540229398942098e-02
1 6 4.152395162822679e+01 4.098139293230939e-18 6.027768268688279e-02
0 8 4.298953206984316e+01 3.367096222831721e-18 6.540950846468342e-02
0 9 4.822753829712914e+01 3.703445500318582e-18 6.534485742805315e-02
1 7 4.823738280573679e+01 9.596220940913696e-18 6.033317939020596e-02
0 10 5.347316277033128e+01 3.619954094123682e-18 6.535691843535218e-02
1 8 5.493672691016844e+01 2.927603495929761e-14 6.032992222048703e-02
0 11 5.871948929427796e+01 3.625706930605916e-18 6.535099119519933e-02
1 9 6.163419526727950e+01 4.733012091665180e-17 6.033224229293018e-02
0 12 6.396620558712882e+01 3.450970610242445e-18 6.535342455053185e-02
1 10 6.833279199527438e+01 2.244753842248825e-14 6.032513037564943e-02
0 13 6.921181333554323e+01 3.370035045592778e-18 6.535900297322533e-02
0 14 7.446166589408277e+01 3.444792364345509e-18 6.542224213122556e-02
1 11 7.502712950669381e+01 1.535526184401281e-16 6.025958332933892e-02
0 15 7.970042096494132e+01 3.343334291363765e-18 6.541742929326248e-02
1 12 8.173729884394001e+01 1.555926610198179e-13 6.026770363255923e-02
0 16 8.494042715266242e+01 3.531204882532816e-18 6.541380615672233e-02
1 13 8.844596394376012e+01 4.405548960436342e-18 6.026343419201943e-02
0 17 9.017997582664063e+01 4.055828397491697e-18 6.542013171941075e-02
1 14 9.515635883746641e+01 3.929661169642383e-18 6.026833074411452e-02
0 18 9.541910234172170e+01 3.421187040037706e-18 6.541200572892426e-02
0 19 1.006619545076910e+02 3.764473160163545e-18 6.547323839191575e-02
1 15 1.018607804610491e+02 4.181721421063536e-18 6.020607210255113e-02
0 20 1.059041520636695e+02 3.559092928201289e-18 6.546701006465412e-02
1 16 1.085650387195183e+02 4.081567270704874e-18 6.021102066416063e-02
0 21 1.111470842905572e+02 3.613183156058648e-18 6.546755101534250e-02
1 17 1.152696792406694e+02 1.800557765596530e-13 6.020332035812697e-02
0 22 1.163889779333381e+02 4.680311592934012e-18 6.547454675497481e-02
0 23 1.216407719456506e+02 3.617268700104155e-18 6.531785816382733e-02
1 18 1.219628643171526e+02 1.431550304436182e-17 6.037473891484010e-02
0 24 1.268707880725452e+02 4.039021489968880e-18 6.531379482669450e-02
1 19 1.286879436307171e+02 5.950199001479196e-18 6.038281064841754e-02
0 25 1.321020203723224e+02 3.872532969105481e-17 6.530916430492668e-02
1 20 1.354111255477165e+02 4.053486915232546e-18 6.038053710842549e-02
0 26 1.373330550326266e+02 3.332476423278746e-15 6.531449200885804e-02
1 21 1.421361142344444e+02 4.261212053522208e-18 6.037993020981595e-02
0 27 1.425633184185690e+02 3.510582420411374e-18 6.531231737164393e-02
0 28 1.477965012506583e+02 3.558307918048142e-18 6.537950571782326e-02
1 22 1.488569732513536e+02 4.329051047720348e-15 6.031105647639391e-02
0 29 1.530280674917647e+02 3.540095222155244e-18 6.537334575075943e-02
1 23 1.555790963081288e+02 3.004095959680681e-16 6.031693787321501e-02
0 30 1.582604842855203e+02 4.046133413235001e-18 6.537318047104329e-02
1 24 1.623012866238078e+02 4.127681586542522e-18 6.030930223784369e-02
0 31 1.634919229283852e+02 3.503132813868532e-18 6.538033671502728e-02
0 32 1.687334577780739e+02 3.646578361856344e-18 6.516583996624255e-02
1 25 1.690119147352373e+02 4.174807912575265e-18 6.054285195279989e-02
0 33 1.739528115840476e+02 2.912572878339321e-17 6.516166460911653e-02
1 26 1.757551075308304e+02 3.782335046467994e-17 6.055130019754636e-02
0 34 1.791733622131575e+02 3.562926057918444e-18 6.515705609046593e-02
1 27 1.824964087345948e+02 4.452341755930340e-18 6.054884852357269e-02
0 35 1.843936925227126e+02 3.627425193295806e-18 6.516254568561472e-02
1 28 1.892394822196233e+02 3.983383666126659e-18 6.054982148895394e-02
0 36 1.896133625007899e+02 4.069976292726587e-18 6.515830239600984e-02
0 37 1.948364137807896e+02 3.576763723852083e-18 6.521883968329228e-02
1 29 1.959773514752635e+02 2.220362734795519e-16 6.048818744550070e-02
0 38 2.000584830342323e+02 2.576044130396465e-15 6.521270812430592e-02
1 30 2.027155863670697e+02 4.044460606518112e-18 6.049311497493953e-02
0 39 2.052812568594896e+02 1.961772471137664e-14 6.521342307916761e-02
1 31 2.094542615494860e+02 3.920468308243529e-18 6.048536853237447e-02
0 40 2.105030055414093e+02 3.925010743664858e-18 6.521999583219959e-02
0 41 2.157290876976426e+02 4.546755222764745e-18 6.525014927200608e-02
1 32 2.161887954956017e+02 4.154866261054592e-17 6.045549637748313e-02
0 42 2.209411608018831e+02 3.346763369999796e-18 6.524533293338694e-02
1 33 2.229442542197849e+02 4.171041447066839e-18 6.046385026114148e-02
0 43 2.261544537899868e+02 3.347906935291943e-18 6.524177751785958e-02
1 34 2.296982176331153e+02 2.164437132211954e-16 6.045909197063479e-02
0 44 2.313672422415628e+02 3.568268929810273e-18 6.524840705642912e-02
1 35 2.364534405532580e+02 4.014004619591197e-18 6.047428577415670e-02
0 45 2.365802195954541e+02 3.430760469992830e-18 6.522664747575592e-02
0 46 2.417994350243386e+02 3.573619900915134e-18 6.526376106145486e-02
1 36 2.431974635335392e+02 1.544399424718298e-16 6.043947302541081e-02
0 47 2.470190294940047e+02 5.608271112646376e-16 6.525789117541055e-02
1 37 2.499400278081169e+02 4.111363571037177e-18 6.044160636940009e-02
0 48 2.522389678103984e+02 3.524716653078089e-18 6.526063281341898e-02
1 38 2.566837967592604e+02 5.522425653258687e-15 6.043517532527160e-02
0 49 2.574578660249605e+02 3.423235675977313e-18 6.526492470097900e-02
0 50 2.626790700636082e+02 3.938484207011194e-18 6.533056338871214e-02
1 39 2.634254699590649e+02 1.141025309605845e-17 6.036735621998178e-02
0 51 2.678952408289289e+02 4.989769152610230e-18 6.532489781320436e-02
1 40 2.701737733951437e+02 3.946982898980254e-18 6.037499491506054e-02
0 52 2.731125057007402e+02 3.375206800224528e-18 6.532297275382429e-02
1 41 2.769213263030451e+02 4.771018290664863e-18 6.036820619811582e-02
0 53 2.783289845556852e+02 3.401251502491243e-18 6.533025689756050e-02
0 54 2.835502100925482e+02 3.443082575246775e-18 6.509612840554095e-02
1 42 2.836648208517063e+02 3.928858477908683e-18 6.060754063897700e-02
0 55 2.887794703619060e+02 4.299063034298500e-18 6.509403635704192e-02
1 43 2.903914358038603e+02 8.345856158361093e-18 6.061573166520246e-02
0 56 2.940097474902900e+02 3.358394298925707e-18 6.508863361227131e-02
1 44 2.971160161649980e+02 6.588270015636261e-15 6.061580690389100e-02
0 57 2.992401172599548e+02 3.540894130707938e-18 6.509262678762649e-02
1 45 3.038421871246846e+02 4.277977897619997e-18 6.061107256869516e-02
0 58 3.044694925541925e+02 3.569549095251899e-18 6.509484658871849e-02
0 59 3.097015316906485e+02 1.462208993867483e-14 6.516301193432336e-02
1 46 3.105653250408726e+02 4.535894724006010e-18 6.054073077975225e-02
0 60 3.149300604965147e+02 4.438575996066933e-18 6.515718580438286e-02
1 47 3.172925973041474e+02 4.856677489261985e-15 6.054798737063978e-02
0 61 3.201596293410619e+02 3.354738710306414e-18 6.515568859169793e-02
1 48 3.240193313486679e+02 3.980791349239753e-17 6.054096935511680e-02
0 62 3.253883624085968e+02 3.451808062817619e-18 6.516297404756473e-02
0 63 3.306220473215984e+02 3.633960629727738e-18 6.491715229856332e-02
1 49 3.307417048616390e+02 4.264152257044212e-18 6.079476709790331e-02
0 64 3.358610986103819e+02 3.462547572805132e-18 6.491526864663304e-02
1 50 3.374518517138955e+02 4.175642471986056e-18 6.080304144926217e-02
0 65 3.411011359408765e+02 3.789831144196253e-18 6.490971901471564e-02
1 51 3.441599507859572e+02 4.260296743915054e-18 6.080375209483838e-02
0 66 3.463413494706448e+02 6.676295108660435e-18 6.491327366069380e-02
1 52 3.508695401748328e+02 1.100079796577574e-13 6.079785253904601e-02
0 67 3.515805010391360e+02 1.601161031394381e-17 6.491682592069457e-02
0 68 3.568227769351333e+02 2.729488726726222e-17 6.498331116161711e-02
1 53 3.575757762748747e+02 4.610727074859090e-17 6.072889207083119e-02
0 69 3.620598226556667e+02 8.836217395268271e-17 6.497789795616740e-02
1 54 3.642887233597542e+02 7.994623962992826e-17 6.073678463359761e-02
