0 0 1.142808933602111e+00 3.423255010286019e-18 6.848752729782531e-02
1 0 1.417442146125129e+00 4.969984896434124e-18 5.959894521620795e-02
0 1 6.386942835003412e+00 3.419106672871100e-18 6.848693675703868e-02
1 1 8.121571323714884e+00 4.000113154144626e-18 5.960200508677570e-02
0 2 1.163203310124674e+01 3.806922536460542e-18 6.848112129453085e-02
1 2 1.482375346985149e+01 4.165039659158918e-18 5.960361915568207e-02
0 3 1.687730316131838e+01 4.148707672625599e-18 6.848560004238664e-02
1 3 2.152761506702119e+01 4.005470909900164e-18 5.959757896701597e-02
0 4 2.212142043722665e+01 3.752763082539191e-18 6.848921715630961e-02
0 5 2.736708109695287e+01 3.958975201113963e-18 6.869106337267220e-02
1 4 2.823176740953625e+01 4.001723850341933e-18 5.938847858082843e-02
0 6 3.260226551045493e+01 3.297294994105671e-18 6.868435241982192e-02
1 5 3.495035714798728e+01 4.019019997187314e-18 5.939604657429451e-02
0 7 3.783856550490974e+01 3.279014390809558e-18 6.868260603578673e-02
1 6 4.166818612956816e+01 4.001379963800181e-18 5.939062567912649e-02
0 8 4.307416306409158e+01 3.477081534194875e-18 6.868974230865008e-02
0 9 4.831031077377953e+01 3.268781455104324e-18 6.864876181286329e-02
1 7 4.838667581870983e+01 3.585563853139204e-15 5.942610330373895e-02
0 10 5.354784264454697e+01 3.340845691049403e-18 6.865643908388007e-02
1 8 5.510218592676823e+01 3.998320537639546e-18 5.942353925763767e-02
0 11 5.878594244943960e+01 3.580648648868102e-18 6.864987196102737e-02
1 9 6.181594031414587e+01 4.218990048363875e-18 5.942702415593939e-02
0 12 6.402446003765043e+01 3.540355510732219e-18 6.865327815939598e-02
1 10 6.853101966886523e+01 4.287975658482070e-18 5.941986822234477e-02
0 13 6.926180496940965e+01 8.260120893304984e-17 6.865840550652999e-02
0 14 7.450699624730447e+01 1.023701555535331e-16 6.885343225174000e-02
1 11 7.523743431747098e+01 4.116373362804004e-18 5.921971144286012e-02
0 15 7.973272853413353e+01 1.081279878312622e-17 6.884723245815928e-02
1 12 8.197206711518156e+01 2.991833719134693e-15 5.922713302487184e-02
0 16 8.495961114453549e+01 3.343489509618308e-18 6.884478506863780e-02
1 13 8.870566401687574e+01 4.053482215853134e-18 5.922243277025175e-02
0 17 9.018589438889269e+01 3.556397160876025e-18 6.885180615954352e-02
0 18 9.541240812627177e+01 3.615784068342668e-18 6.882217895969775e-02
1 14 9.544029390387342e+01 4.375770543687151e-18 5.924531398763335e-02
0 19 1.006402138501682e+02 3.351136340598947e-18 6.883293775375569e-02
1 15 1.021722604911298e+02 4.369117612480414e-15 5.924011915895398e-02
0 20 1.058685177646917e+02 1.687967226733526e-15 6.882638320683954e-02
1 16 1.089025484281500e+02 4.360171606183564e-18 5.924350068844413e-02
0 21 1.110972238926257e+02 6.110689530123389e-16 6.882989494983467e-02
1 17 1.156341893525910e+02 4.611376438397512e-18 5.923661235011554e-02
0 22 1.163247770531892e+02 4.345197431366806e-18 6.883468726688315e-02
0 23 1.215547228310099e+02 3.377145081814595e-18 6.905557102633761e-02
1 18 1.223651931526497e+02 4.603737375486031e-18 5.900925208472907e-02
0 24 1.267706307664525e+02 3.158603078348350e-18 6.904888335392305e-02
1 19 1.291164973774291e+02 4.100130611909951e-18 5.901675725515269e-02
0 25 1.319876361972036e+02 6.308887641983149e-18 6.904729861981702e-02
1 20 1.358671050693463e+02 4.229415829364412e-18 5.901092602999530e-02
0 26 1.372038955631817e+02 5.587990775444676e-17 6.905453077168144e-02
0 27 1.424218131344860e+02 3.872294590228062e-18 6.897763757991708e-02
1 21 1.426169254876063e+02 4.554338228865664e-18 5.908515488179353e-02
0 28 1.476420892613098e+02 4.305162829569610e-18 6.897818015539571e-02
1 22 1.493613785367037e+02 4.850166052954141e-18 5.908781058296212e-02
0 29 1.528632555822728e+02 3.396446793853898e-18 6.897247579713192e-02
1 23 1.561039674808799e+02 4.030304261520736e-18 5.908888975271326e-02
0 30 1.580845336345781e+02 5.328384212231148e-18 6.897734886195814e-02
1 24 1.628482899350623e+02 4.198056964049603e-18 5.908437533630372e-02
0 31 1.633047704669638e+02 2.820556271364768e-15 6.897925158324733e-02
0 32 1.685243314278814e+02 3.451497021665739e-18 6.909004120323255e-02
1 25 1.695953527723688e+02 2.092734102561209e-15 5.897078578169689e-02
0 33 1.737403044314615e+02 3.254329350072260e-18 6.908278031507718e-02
1 26 1.763464698235865e+02 4.262896945410321e-18 5.897767297022158e-02
0 34 1.789571892602809e+02 4.750935585147944e-18 6.908315232264661e-02
1 27 1.830977005632188e+02 4.205192067285865e-18 5.897035627170789e-02
0 35 1.841730864951718e+02 9.442327233007351e-17 6.909019275369695e-02
0 36 1.893983288521848e+02 9.515050686041320e-18 6.883427177411551e-02
1 28 1.898368576966674e+02 1.818178607202754e-15 5.923241749631102e-02
0 37 1.946254916768839e+02 3.441629025249171e-18 6.883053092552420e-02
1 29 1.965693214359567e+02 4.013874357088824e-18 5.923810148818703e-02
0 38 1.998537803979855e+02 3.282074257726828e-18 6.882603675114145e-02
1 30 2.033000771234661e+02 4.101132733421053e-18 5.923671484544640e-02
0 39 2.050818801137976e+02 3.171255467689855e-18 6.883199506849798e-02
1 31 2.100326947475554e+02 1.260559098771755e-15 5.923569444875796e-02
0 40 2.103091687604942e+02 3.779959728176923e-18 6.882968887616574e-02
0 41 2.155362157938481e+02 3.048343677760436e-15 6.889417526907197e-02
1 32 2.167665834767903e+02 4.037703452670630e-18 5.917069938809708e-02
0 42 2.207619923694687e+02 2.444390307772786e-15 6.888693384483410e-02
1 33 2.235010161134776e+02 4.023685643170846e-18 5.917678087539778e-02
0 43 2.259885480620836e+02 3.404290952743032e-18 6.888827025309373e-02
1 34 2.302359644890059e+02 1.860866674671772e-15 5.916917437878878e-02
0 44 2.312140310391119e+02 3.376746870808473e-18 6.889496687664998e-02
0 45 2.364545598819093e+02 3.298600700292782e-18 6.858292824677477e-02
1 35 2.369504600596417e+02 4.066989927127903e-18 5.949264743110336e-02
0 46 2.416914849466828e+02 3.385371171812057e-18 6.857864767064602e-02
1 36 2.436663928074963e+02 4.085239423513398e-18 5.949875407818642e-02
0 47 2.469295712249798e+02 3.717824042158583e-18 6.857431408697108e-02
1 37 2.503806440214416e+02 4.176482644589783e-18 5.949717781503193e-02
0 48 2.521674430556095e+02 3.627101434709120e-18 6.858031320044480e-02
1 38 2.570967975719640e+02 4.022388961725035e-18 5.949595949674082e-02
0 49 2.574044696891061e+02 4.591335688615260e-18 6.857832599788277e-02
0 50 2.626413888652063e+02 5.632377292363016e-18 6.865536292520492e-02
1 39 2.638141168072518e+02 3.720320239801804e-16 5.941742967422898e-02
0 51 2.678765698020238e+02 5.028009705723007e-18 6.864810139387117e-02
1 40 2.705326456856520e+02 4.071603819487616e-18 5.942398842024581e-02
0 52 2.731126137674382e+02 7.775899521952733e-17 6.864879086735673e-02
1 41 2.772514206477856e+02 4.087894851982749e-18 5.941658536604041e-02
0 53 2.783476414943228e+02 2.157098954793231e-17 6.865579080486583e-02
0 54 2.835897517668096e+02 1.059322684934396e-17 6.843840009270433e-02
1 42 2.839616518341635e+02 4.343365311221775e-18 5.963945171920224e-02
0 55 2.888337927954512e+02 8.257595286711022e-18 6.843593704313483e-02
1 43 2.906657973544802e+02 4.069601580845626e-18 5.964410745326290e-02
0 56 2.940789151549191e+02 6.401697895773029e-18 6.843067369211162e-02
1 44 2.973680438051985e+02 4.748199613199134e-15 5.964446879676888e-02
0 57 2.993240602528591e+02 5.851616998836180e-18 6.843579453199930e-02
1 45 3.040721261727073e+02 3.983380005798686e-18 5.963974929270531e-02
0 58 3.045681206103230e+02 4.954168554951893e-18 6.843781492501207e-02
0 59 3.098123330604884e+02 3.795983542574828e-18 6.858653213754201e-02
1 46 3.107779415281797e+02 5.044713687083728e-16 5.948582026667634e-02
0 60 3.150507710549060e+02 3.285529041712282e-18 6.857952062880510e-02
1 47 3.174910181010727e+02 4.182562176695217e-18 5.949328136523928e-02
0 61 3.202902667387907e+02 3.209339733311355e-18 6.857849368944195e-02
1 48 3.242036251218649e+02 3.993936563881225e-18 5.948712675573298e-02
0 62 3.255289544388831e+02 3.524249851820601e-18 6.858570629861249e-02
0 63 3.307689528425587e+02 3.631155598401675e-18 6.851830780247888e-02
1 49 3.309159389438736e+02 4.096320378631846e-18 5.955134620124776e-02
0 64 3.360109008756298e+02 3.312912986347327e-18 6.852162720294429e-02
1 50 3.376239128091477e+02 4.056382841212570e-18 5.955188065309855e-02
0 65 3.412535914590019e+02 3.402361538055502e-18 6.851529260956848e-02
1 51 3.443300069520627e+02 3.886634766340131e-15 5.955478397173061e-02
0 66 3.464966249772597e+02 3.407277315547857e-18 6.851903382059546e-02
1 52 3.510375448978889e+02 3.996150599508986e-18 5.954787335307466e-02
0 67 3.517384828912786e+02 3.189168587439560e-18 6.852378879269194e-02
0 68 3.569859323684477e+02 3.619471877426313e-18 6.873166441578837e-02
1 53 3.577396783048917e+02 5.895710691425085e-16 5.933343837292628e-02
0 69 3.622165095897120e+02 3.352627309964578e-18 6.872536699615865e-02
1 54 3.644660974787153e+02 4.255142580885218e-18 5.934090955017890e-02
