0 0 1.126168364317440e+00 3.098066329191868e-18 7.231228857863761e-02
1 0 1.525450719232226e+00 4.086489912410165e-18 5.928359954281936e-02
0 1 6.371693559743381e+00 3.231267172867526e-18 7.231379185098148e-02
1 1 8.228392458812591e+00 4.190195359144138e-18 5.928300198906117e-02
0 2 1.161798286738183e+01 3.791460146383787e-18 7.230750748560226e-02
1 2 1.492955035551445e+01 4.165015754325653e-18 5.928539748491350e-02
0 3 1.686451776395131e+01 3.454147597366237e-18 7.231235867037476e-02
1 3 2.163244894651343e+01 6.629948436703542e-14 5.927903237504348e-02
0 4 2.210983449516996e+01 3.011119048206333e-18 7.231687892741367e-02
0 5 2.732858015922708e+01 3.048497846241755e-18 7.350563947399505e-02
1 4 2.839175397445415e+01 4.452959239671286e-18 5.810041835559637e-02
0 6 3.249838433672127e+01 8.282577459858334e-18 7.349772321522101e-02
1 5 3.522418240217709e+01 4.197129248448340e-18 5.810783071021829e-02
0 7 3.766908697177892e+01 2.434131719164699e-17 7.349853440169346e-02
1 6 4.205688409323354e+01 4.276628289110306e-18 5.810048874008988e-02
0 8 4.283879506917195e+01 3.077725490748839e-18 7.350555932250377e-02
0 9 4.803669560100278e+01 3.150626697179479e-18 7.301665940492885e-02
1 7 4.884426134746736e+01 4.301403416441941e-18 5.858489506213563e-02
0 10 5.324193401449852e+01 3.641626603407878e-17 7.301016996867625e-02
1 8 5.561500243796201e+01 9.818245557137529e-18 5.859173395249815e-02
0 11 5.844822520508888e+01 3.441889185677536e-18 7.300803775037017e-02
1 9 6.238490500716124e+01 4.061843663502563e-18 5.858696118652584e-02
0 12 6.365391272110334e+01 3.262980213437567e-18 7.301541700117717e-02
0 13 6.886029917224063e+01 3.829931599420419e-18 7.297513129886873e-02
1 10 6.915491170657855e+01 1.366148401080477e-14 5.862566992735031e-02
0 14 7.406724335603555e+01 3.119849705511387e-18 7.297798207995176e-02
1 11 7.592336342880505e+01 4.276843958022656e-18 5.862417779883698e-02
0 15 7.927484868466021e+01 3.704054474701440e-18 7.297200133951105e-02
1 12 8.269019013349954e+01 4.140250783507583e-18 5.862556104946547e-02
0 16 8.448257670683898e+01 7.998130384275842e-18 7.297754179763626e-02
1 13 8.945882711319584e+01 9.396016645356531e-18 5.862176478822009e-02
0 17 8.968927669781185e+01 6.102708756764103e-18 7.297846979510671e-02
0 18 9.489268887669871e+01 4.236790568288957e-18 7.306086809760243e-02
1 14 9.623490879076064e+01 4.154593211868190e-18 5.854162265210008e-02
0 19 1.000934841270096e+02 6.701230831735474e-15 7.305283466277793e-02
1 15 1.030131261917203e+02 4.585905650708334e-18 5.854811374534600e-02
0 20 1.052950212516050e+02 3.439336402761541e-18 7.305509333120451e-02
1 16 1.097921667639150e+02 5.287051870334450e-15 5.854057650539274e-02
0 21 1.104954407823284e+02 3.073931402390257e-18 7.306160981181875e-02
0 22 1.157489464346497e+02 3.102698114202848e-18 7.221747516151354e-02
1 17 1.164869824103456e+02 1.415504500027168e-17 5.938017819724430e-02
0 23 1.210124137551524e+02 3.018753202761211e-18 7.221207692556605e-02
1 18 1.231596540762212e+02 3.988870305515955e-18 5.938601240191052e-02
0 24 1.262770108762411e+02 3.246860706456688e-18 7.220793603750533e-02
1 19 1.298308140743887e+02 4.176463186899894e-18 5.938473711454555e-02
0 25 1.315414126045976e+02 3.018600153494115e-18 7.221426978479173e-02
1 20 1.365039828024628e+02 4.094424148084407e-18 5.938161314094768e-02
0 26 1.368047770262965e+02 3.260930078455445e-17 7.221513544691462e-02
0 27 1.420625926259564e+02 6.127337168581544e-17 7.237708549470978e-02
1 21 1.431887777473309e+02 4.162830612466530e-18 5.921976687385889e-02
0 28 1.473145095908419e+02 2.908172225665739e-15 7.236915894148892e-02
1 22 1.498803178625853e+02 4.263826976879472e-18 5.922740265909810e-02
0 29 1.525674539829337e+02 2.714307089335408e-15 7.236850602761066e-02
1 23 1.565715222572749e+02 4.155780512496491e-18 5.922145059079127e-02
0 30 1.578196027267371e+02 4.307890873436634e-17 7.237600458029880e-02
0 31 1.630723414531707e+02 3.475394265445917e-18 7.233918422339064e-02
1 24 1.632630803049559e+02 4.169625311896628e-18 5.925616378478491e-02
0 32 1.683252774621457e+02 9.788244749895227e-17 7.234817471522782e-02
1 25 1.699539874979221e+02 4.296010966583255e-18 5.924903780764219e-02
0 33 1.735785455352370e+02 8.430443084372537e-15 7.234084045728197e-02
1 26 1.766433431951893e+02 5.280706095975352e-18 5.925377434373537e-02
0 34 1.788323462053138e+02 3.010881018108238e-18 7.234418338546006e-02
1 27 1.833339216526929e+02 4.079428905874489e-18 5.924622034155956e-02
0 35 1.840849369641553e+02 3.174095049976967e-18 7.235050690250427e-02
0 36 1.893578150916077e+02 3.493740380534846e-18 7.196884964401634e-02
1 28 1.899944278262456e+02 3.967922526940722e-18 5.963246814721120e-02
0 37 1.946368560923706e+02 7.610965881223640e-18 7.196505655723973e-02
1 29 1.966416749485492e+02 2.319832869447262e-17 5.963675354409817e-02
0 38 1.999169874010302e+02 8.859189993759859e-17 7.195975033668499e-02
1 30 2.032871264346669e+02 3.967088316426933e-18 5.963763864591241e-02
0 39 2.051971822242560e+02 3.245453958948700e-18 7.196512759065109e-02
1 31 2.099344669458986e+02 4.031101575799663e-18 5.963157070440749e-02
0 40 2.104761332545079e+02 3.383711142719045e-18 7.196938539636440e-02
0 41 2.158027414619375e+02 3.055680135238241e-16 7.311000746853949e-02
1 32 2.165201008212819e+02 4.326209312731734e-18 5.850066811011081e-02
0 42 2.210135598701625e+02 3.041978320865214e-18 7.310321180295364e-02
1 33 2.232812543336782e+02 4.197269453113492e-18 5.850761435922961e-02
0 43 2.262254729310339e+02 3.396017752836987e-18 7.310095929651222e-02
1 34 2.300414835447800e+02 4.087855542556488e-18 5.850267837877220e-02
0 44 2.314367619214537e+02 6.982716691178263e-17 7.310849385355361e-02
0 45 2.366488833811896e+02 6.046711523329885e-16 7.306763414213803e-02
1 35 2.368018784482087e+02 2.175517508643740e-15 5.853949022386227e-02
0 46 2.418624172857667e+02 6.451845240575078e-17 7.307084197078387e-02
1 36 2.435590109450321e+02 4.126354015826071e-18 5.853838160510139e-02
0 47 2.470766421694047e+02 4.146460949397013e-18 7.306456962767345e-02
1 37 2.503144533555769e+02 4.100446026516566e-18 5.854030413036984e-02
0 48 2.522910413675423e+02 2.573740784586286e-14 7.306973175520273e-02
1 38 2.570715824049208e+02 4.142415310834896e-18 5.853615452577535e-02
0 49 2.575043998124567e+02 3.695148100266773e-17 7.307175265277605e-02
0 50 2.627152840156003e+02 3.209588398772513e-18 7.317113775287830e-02
1 39 2.638345863746371e+02 4.293242216634221e-18 5.843612327383099e-02
0 51 2.679225176653558e+02 1.681260204420360e-17 7.316314891828224e-02
1 40 2.706017397262602e+02 4.219148075068958e-18 5.844309615140916e-02
0 52 2.731306085245436e+02 1.609781664170383e-16 7.316423416349380e-02
1 41 2.773692225510962e+02 4.336228422146198e-18 5.843558499315063e-02
0 53 2.783376717036357e+02 1.342135438737977e-16 7.317140192579519e-02
0 54 2.835650575316491e+02 1.298420450570360e-17 7.269972718303867e-02
1 42 2.841072178704629e+02 4.093755835598663e-18 5.890383222512378e-02
0 55 2.888034924219174e+02 5.381426050493468e-18 7.269484865501595e-02
1 43 2.908216577933469e+02 3.615155251222116e-16 5.890907582324926e-02
0 56 2.940430379778968e+02 4.452071653363922e-18 7.269049632393154e-02
1 44 2.975345222839156e+02 4.060773271535084e-18 5.890759151489745e-02
0 57 2.992823613802368e+02 3.901658196003514e-18 7.269701553966303e-02
1 45 3.042492434098274e+02 4.267489871680189e-18 5.890749483123711e-02
0 58 3.045208760493255e+02 4.236212864654807e-18 7.269434274924973e-02
0 59 3.097580561981214e+02 3.229412736882361e-18 7.275237270667917e-02
1 46 3.109671716986455e+02 4.779216439202318e-18 5.884932848819215e-02
0 60 3.149935322920076e+02 1.072703269205192e-14 7.274439145350294e-02
1 47 3.176862450558110e+02 4.036306597541735e-18 5.885616465512462e-02
0 61 3.202298564189139e+02 7.462413831612331e-17 7.274548295005924e-02
1 48 3.244056464108155e+02 1.250782370565065e-16 5.884869417089139e-02
0 62 3.254651501953009e+02 8.222752717228389e-15 7.275284422456317e-02
0 63 3.307073544403152e+02 5.264562502701981e-15 7.257166844890198e-02
1 49 3.311164553825075e+02 4.026562252481945e-18 5.902857252650056e-02
0 64 3.359546682762311e+02 5.627149928996843e-15 7.256893383091825e-02
1 50 3.378161850357260e+02 1.862829653695489e-14 5.903170845422158e-02
0 65 3.412029984104676e+02 6.133391152508893e-14 7.256342222457385e-02
1 51 3.445141068268306e+02 4.208434949724509e-18 5.903246781935240e-02
0 66 3.464513683162720e+02 5.135529467263271e-14 7.256897196640924e-02
1 52 3.512138606787735e+02 4.140619460422443e-18 5.902808624781317e-02
0 67 3.516986426258783e+02 5.139502631751869e-14 7.257133654133205e-02
0 68 3.569417897388009e+02 1.728910004576491e-15 7.274760233289333e-02
1 53 3.579227455474881e+02 4.798733500544548e-18 5.884993033636895e-02
0 69 3.621775228710698e+02 4.843300337453736e-18 7.273981818299062e-02
1 54 3.646414233492112e+02 4.253550521626330e-18 5.885742279715502e-02
