0 0 1.086856231089711e+00 3.360343184050438e-18 6.678362099632394e-02
1 0 1.280767025268538e+00 1.467752046287824e-17 6.198327530128273e-02
0 1 6.321351874274857e+00 6.105778458320094e-18 6.678197717590972e-02
1 1 7.998575722686058e+00 1.503414950293107e-15 6.198996618562214e-02
0 2 1.155690480197016e+01 2.115970846846183e-17 6.677630491640091e-02
1 2 1.471432268492585e+01 5.662274068443379e-18 6.198995330386773e-02
0 3 1.679251621827853e+01 8.058151043698179e-17 6.678084202514524e-02
1 3 2.143174810090017e+01 3.891026627816845e-18 6.198546752223451e-02
0 4 2.202713951148994e+01 4.299565024032587e-18 6.678241456709254e-02
0 5 2.726488962203330e+01 4.163440042487647e-18 6.686024183096176e-02
1 4 2.814550271538798e+01 3.933550277013600e-18 6.190497669016291e-02
0 6 3.249877388115708e+01 3.325846429639652e-18 6.685436532850499e-02
1 5 3.486380782550513e+01 1.490538733471894e-17 6.191257083235075e-02
0 7 3.773368980282767e+01 3.439360180879356e-18 6.685263403368255e-02
1 6 4.158151426434355e+01 9.826096875439181e-16 6.190562937159357e-02
0 8 4.296782749996810e+01 3.367174506752090e-18 6.686009985976943e-02
0 9 4.820469690943284e+01 3.477261217387208e-18 6.670623425275576e-02
1 7 4.829755661086385e+01 5.303896725714759e-18 6.205984775448467e-02
0 10 5.344689128673366e+01 4.012531536231837e-18 6.670837424653764e-02
1 8 5.500263013410714e+01 4.468253220768529e-18 6.206466197223946e-02
0 11 5.868993848227343e+01 3.358020006168873e-18 6.670227337640423e-02
1 9 6.170567554583058e+01 4.096706753800824e-18 6.206644637767204e-02
0 12 6.393325442025538e+01 3.492013464408586e-18 6.670564976304999e-02
1 10 6.841009614003602e+01 4.228658873795971e-18 6.205981830136601e-02
0 13 6.917549723123166e+01 4.065456620547580e-18 6.670990207721209e-02
0 14 7.442166856283689e+01 3.495509675859435e-18 6.677475354600296e-02
1 11 7.511029348974309e+01 3.999539868246934e-18 6.199236208355224e-02
0 15 7.966063415771848e+01 3.706139445948573e-18 6.676982782551941e-02
1 12 8.182014081977049e+01 8.360901237521807e-18 6.200050083693151e-02
0 16 8.490077541163889e+01 4.484645869721205e-18 6.676657033888221e-02
1 13 8.852874036308332e+01 1.904054573381279e-14 6.199530363926531e-02
0 17 9.014036915343263e+01 4.316988933904437e-18 6.677361557642064e-02
1 14 9.523885542006906e+01 3.941536774305043e-17 6.200645665763262e-02
0 18 9.537987846977367e+01 3.352991308224145e-15 6.675722873175516e-02
0 19 1.006246777854318e+02 1.552172052399034e-14 6.681491823419153e-02
1 15 1.019400469830610e+02 1.721421780240064e-14 6.194917254208088e-02
0 20 1.058693114767365e+02 4.372048505438888e-15 6.680844851380620e-02
1 16 1.086403091940093e+02 5.565924979039338e-18 6.195369097002345e-02
0 21 1.111145474817285e+02 1.334216542674486e-15 6.680982670576815e-02
1 17 1.153412526976159e+02 4.558286777882162e-18 6.194583302297466e-02
0 22 1.163587401821619e+02 1.166632631839139e-16 6.681632881418199e-02
0 23 1.216096858464218e+02 1.469183586545499e-15 6.677347116462019e-02
1 18 1.220346912191606e+02 3.875989883660516e-18 6.199337645928604e-02
0 24 1.268454592120281e+02 4.993781935218689e-17 6.677015985090425e-02
1 19 1.287500991492790e+02 4.175686041409086e-18 6.200097010411554e-02
0 25 1.320824394026494e+02 3.652943128202980e-15 6.676545360783710e-02
1 20 1.354636823039528e+02 4.010476033520417e-18 6.199832020058142e-02
0 26 1.373191764265165e+02 3.513890312116612e-18 6.677141565336499e-02
1 21 1.421791434851146e+02 3.443416491072671e-17 6.199877266975395e-02
0 27 1.425551731445309e+02 3.553052073566982e-18 6.676763408908518e-02
0 28 1.477948084568361e+02 3.270905713841071e-18 6.684643445823034e-02
1 22 1.488893478445115e+02 5.219355602349494e-16 6.191761402213444e-02
0 29 1.530327046164520e+02 3.351567092462970e-18 6.684007543641353e-02
1 23 1.556008719803699e+02 6.733639349524690e-18 6.192394093767108e-02
0 30 1.582714368302250e+02 3.466672094368233e-18 6.683988180525033e-02
1 24 1.623124492001358e+02 4.019142204379649e-18 6.191617943514471e-02
0 31 1.635092337234847e+02 3.454693332511387e-18 6.684712592727091e-02
0 32 1.687552900785097e+02 3.696133761270260e-18 6.660359600305221e-02
1 25 1.690148051802786e+02 3.832034747042872e-18 6.217721831168025e-02
0 33 1.739867259074215e+02 3.758867857388520e-18 6.660125752428253e-02
1 26 1.757376922723696e+02 5.242603915928612e-18 6.218432716260240e-02
0 34 1.792192837941379e+02 4.932218311065517e-18 6.659588286638345e-02
1 27 1.824585607878265e+02 1.765305916456152e-14 6.218335794166486e-02
0 35 1.844517892600835e+02 2.282327929616516e-17 6.660100034665375e-02
1 28 1.891812217431724e+02 7.553847437031860e-18 6.218053811196281e-02
0 36 1.896833882434818e+02 3.635999887441364e-18 6.660052144545049e-02
0 37 1.949184019174461e+02 3.972453178526377e-18 6.667634584852476e-02
1 29 1.958993901766056e+02 3.883539734859774e-18 6.210237722272528e-02
0 38 2.001507270847775e+02 3.329221095412478e-18 6.667023110362953e-02
1 30 2.026203053120671e+02 4.081145486041131e-18 6.210942675665185e-02
0 39 2.053839823966044e+02 3.791704282292184e-18 6.666930338289842e-02
1 31 2.093409642773302e+02 2.950254768639707e-17 6.210192071219827e-02
0 40 2.106163736782401e+02 3.375987191308107e-18 6.667667103163788e-02
0 41 2.158557431967356e+02 3.292696295536621e-18 6.639766119488294e-02
1 32 2.160542923419139e+02 1.982705053109620e-15 6.239901925349107e-02
0 42 2.210851334487866e+02 3.721009381017322e-18 6.639557641666166e-02
1 33 2.227807193441562e+02 4.171561276848694e-18 6.240633951388561e-02
0 43 2.263155793818175e+02 3.459120981522720e-18 6.638999434241878e-02
1 34 2.295050964396328e+02 4.129687501122005e-18 6.240602743920293e-02
0 44 2.315460465925204e+02 6.626985185933729e-15 6.639476175811816e-02
1 35 2.362312033039477e+02 1.848822212822362e-14 6.240218085303949e-02
0 45 2.367755671774252e+02 3.498113770427819e-18 6.639524516382195e-02
0 46 2.420086429258922e+02 2.087968575287671e-14 6.646653218531853e-02
1 36 2.429527214971102e+02 2.599466406841590e-17 6.232868962711560e-02
0 47 2.472387059461473e+02 3.718290219637289e-18 6.646058844587430e-02
1 37 2.496774654630317e+02 4.460880055818386e-18 6.233595392696580e-02
0 48 2.524697251943895e+02 3.288936702857458e-18 6.645941023538636e-02
1 38 2.564018488568807e+02 4.458017841725847e-18 6.232855909620343e-02
0 49 2.576999100007009e+02 3.374486980508022e-18 6.646676682396400e-02
0 50 2.629364887613550e+02 3.407953184265786e-18 6.619458807290583e-02
1 39 2.631197241383686e+02 1.850332025178822e-17 6.261898303751273e-02
0 51 2.681624544274205e+02 4.044229533506704e-18 6.619260663853749e-02
1 40 2.698519742982174e+02 1.389215389612742e-14 6.262628766973556e-02
0 52 2.733894531024700e+02 3.481739674737252e-17 6.618700572392205e-02
1 41 2.765821768979231e+02 3.806033364421588e-18 6.262601167365285e-02
0 53 2.786164761461785e+02 4.409731342918753e-18 6.619179321042933e-02
1 42 2.833141121954998e+02 9.454867375962614e-18 6.262229898923675e-02
0 54 2.838425639477554e+02 3.570830676200097e-18 6.619193611641451e-02
0 55 2.890724698502357e+02 3.389182777783159e-18 6.626032853694308e-02
1 43 2.900409642701884e+02 4.204468151951371e-15 6.255187397128389e-02
0 56 2.942996131021176e+02 3.692507279733254e-18 6.625437762838346e-02
1 44 2.967706460120913e+02 3.848265436207486e-18 6.255900704680734e-02
0 57 2.995276781896653e+02 3.372912593571655e-18 6.625344056473124e-02
1 45 3.035000693689996e+02 4.331668946399170e-18 6.255145628084624e-02
0 58 3.047548890839323e+02 3.726453411910502e-18 6.626069125185452e-02
0 59 3.099886786226831e+02 5.658383891858245e-15 6.605318282183791e-02
1 46 3.102226332869794e+02 1.572317453228404e-14 6.277542449182948e-02
0 60 3.152052969976866e+02 3.555299063099611e-18 6.605056460597174e-02
1 47 3.169707027837939e+02 4.406905292421919e-18 6.278324757775597e-02
0 61 3.204230044717661e+02 3.734465411190142e-18 6.604531294972885e-02
1 48 3.237167895503499e+02 1.055181121387498e-17 6.278177379139974e-02
0 62 3.256406036797181e+02 3.505803330320416e-18 6.605080494867548e-02
1 49 3.304646959568701e+02 4.403479404183760e-18 6.278102147711165e-02
0 63 3.308574316550725e+02 8.427453736473462e-18 6.604731707038770e-02
0 64 3.360789059436329e+02 3.668742570474051e-18 6.611803878058208e-02
1 50 3.372056026018660e+02 3.958042698756283e-18 6.270846879191977e-02
0 65 3.412988329297619e+02 3.304272371037391e-18 6.611180366036142e-02
1 51 3.439475365083537e+02 1.086735821493534e-16 6.271424913548060e-02
0 66 3.465194814035858e+02 3.401059104693280e-18 6.611235471657533e-02
1 52 3.506898171000643e+02 4.295879604948719e-18 6.270627070966057e-02
0 67 3.517391679603938e+02 3.303730291871387e-18 6.611881400029763e-02
0 68 3.569628703493991e+02 3.303026221473324e-18 6.611415519107697e-02
1 53 3.574282287262836e+02 8.168232040878815e-14 6.271220516477372e-02
0 69 3.621758744131652e+02 5.995053457598208e-15 6.611052635441898e-02
1 54 3.641822293022766e+02 5.483301356691762e-18 6.272039474613719e-02
