0 0 1.085667118134461e+00 3.556730909044519e-18 6.422673731575070e-02
1 0 1.429341638984291e+00 1.314938164526607e-15 6.128107337022214e-02
0 1 6.324699410062268e+00 4.191199475528802e-18 6.422804834142119e-02
1 1 8.141939798726746e+00 3.888410703227790e-18 6.128470453118544e-02
0 2 1.156466355002942e+01 6.676989926970248e-18 6.422256171541656e-02
1 2 1.485255840468703e+01 4.078548966891262e-18 6.128581517776126e-02
0 3 1.680478380285040e+01 1.441493894561626e-17 6.422689867213000e-02
1 3 2.156495574950162e+01 4.026251208430315e-18 6.127905241051486e-02
0 4 2.204375229267118e+01 3.866854805720187e-17 6.423004145676695e-02
0 5 2.729177801019741e+01 2.949351365014740e-17 6.428434423491791e-02
1 4 2.826479829187471e+01 4.048506084335402e-18 6.122129306359161e-02
0 6 3.253471783545294e+01 4.853031082671556e-17 6.427858059224828e-02
1 5 3.497019794772146e+01 3.985783103642541e-18 6.122910914705327e-02
0 7 3.777874741212158e+01 3.457915247014328e-18 6.427688878013335e-02
1 6 4.167489441672510e+01 3.879001625323422e-18 6.122373222081118e-02
0 8 4.302209275867857e+01 3.521188433071020e-18 6.428347220353575e-02
0 9 4.826619052851777e+01 3.814887655820295e-18 6.419724750187858e-02
1 7 4.837996095013636e+01 4.464139934699196e-18 6.131234606101733e-02
0 10 5.350356441470059e+01 3.729275705857873e-18 6.420660441927260e-02
1 8 5.509584302077896e+01 3.875172527149993e-18 6.131098897180912e-02
0 11 5.874131143905340e+01 3.583464927613775e-18 6.420034139363731e-02
1 9 6.180999579564544e+01 4.082749142772235e-18 6.131455868538045e-02
0 12 6.397951903896730e+01 3.429365128763526e-18 6.420327695063721e-02
1 10 6.852543555207534e+01 3.964777560382736e-18 6.130679511566817e-02
0 13 6.921656043893685e+01 3.754197249084463e-18 6.420819501808864e-02
0 14 7.445993147089935e+01 4.327970220321123e-18 6.419377710127827e-02
1 11 7.523278571844688e+01 3.874248962320500e-18 6.132196686559659e-02
0 15 7.969827288881815e+01 3.501132547945417e-18 6.418934098876915e-02
1 12 8.194603195886489e+01 4.062809334598970e-18 6.132972661028985e-02
0 16 8.493776781323059e+01 3.487893858156133e-18 6.418631737005845e-02
1 13 8.865802165384635e+01 3.896103762225882e-18 6.132604679198692e-02
0 17 9.017681575300435e+01 3.526092524438613e-18 6.419253720127123e-02
0 18 9.541540570688527e+01 3.948795463601049e-18 6.418162415980229e-02
1 14 9.537177227926131e+01 4.517252960138728e-18 6.132814654906912e-02
0 19 1.006529151300617e+02 3.550778429452618e-18 6.426637554929032e-02
1 15 1.020882492301250e+02 3.926900266523564e-18 6.124905739300579e-02
0 20 1.058894517244995e+02 3.468003240761952e-18 6.425982851407258e-02
1 16 1.088043544997197e+02 3.946986586282583e-18 6.125423438313232e-02
0 21 1.111266537099900e+02 4.272681226649972e-18 6.426162694502704e-02
1 17 1.155212844819916e+02 4.422777240862445e-18 6.124641666337294e-02
0 22 1.163627503403797e+02 1.517109599416258e-15 6.426744159385854e-02
0 23 1.216036492546859e+02 3.614005991019574e-18 6.421748644126081e-02
1 18 1.222325470994102e+02 3.937137383004621e-18 6.129893998864840e-02
0 24 1.268394592269947e+02 3.767913916722568e-15 6.421458150905250e-02
1 19 1.289501948757249e+02 4.246089789135458e-18 6.130589294806562e-02
0 25 1.320764087569483e+02 3.641465273778955e-18 6.421062388097447e-02
1 20 1.356662424930550e+02 3.897688674936631e-18 6.130372737977226e-02
0 26 1.373131082989833e+02 3.404604460324436e-18 6.421637679438351e-02
0 27 1.425489692806778e+02 3.543786283783164e-18 6.421698243704196e-02
1 21 1.423842770893714e+02 3.942891713315295e-18 6.129860568298059e-02
0 28 1.477921271963107e+02 3.681370604456751e-18 6.439703093727174e-02
1 22 1.490921522385893e+02 4.057338671242961e-18 6.110821485911577e-02
0 29 1.530318314115856e+02 3.815431352542999e-18 6.439043765437821e-02
1 23 1.558029022124942e+02 4.459758833080236e-18 6.111455905179320e-02
0 30 1.582723660085943e+02 3.813682219552343e-18 6.439114471122948e-02
1 24 1.625140053676972e+02 5.590623104865315e-15 6.110718241745521e-02
0 31 1.635118922371797e+02 4.134636343553055e-18 6.439751776995431e-02
0 32 1.687549253535169e+02 3.737191976928099e-18 6.431774872440219e-02
1 25 1.692214462101927e+02 3.894941148785210e-18 6.119123753047462e-02
0 33 1.739924772655418e+02 3.563952676512172e-18 6.431721217773997e-02
1 26 1.759363690762059e+02 1.222032973347509e-14 6.119631122808828e-02
0 34 1.792310773387601e+02 3.554250420389834e-18 6.431226948182921e-02
1 27 1.826494072414434e+02 4.134990543249250e-18 6.119611245945510e-02
0 35 1.844696733933129e+02 4.233254366982700e-18 6.431724179554860e-02
1 28 1.893643878487524e+02 3.882591540083534e-18 6.119010805770222e-02
0 36 1.897071864577903e+02 9.380629008290246e-18 6.431947250839509e-02
0 37 1.949559990002631e+02 8.035763787968127e-18 6.444102456634360e-02
1 29 1.960631946163157e+02 4.146852820754759e-18 6.106008933902438e-02
0 38 2.001994454299833e+02 1.114023642440255e-17 6.443475620732675e-02
1 30 2.027676927590917e+02 3.888471937487599e-18 6.106753236955870e-02
0 39 2.054439031306709e+02 1.518012907141727e-17 6.443396183155745e-02
1 31 2.094718817536260e+02 4.650357189237243e-18 6.106128467711796e-02
0 40 2.106875408839426e+02 2.275324968169415e-17 6.444060778005864e-02
0 41 2.159329173821137e+02 2.968562752475613e-17 6.434085958700179e-02
1 32 2.161750191948050e+02 3.897818472060165e-18 6.116679789709958e-02
0 42 2.211718745763799e+02 8.111563261213195e-17 6.434521595374117e-02
1 33 2.228879540919151e+02 8.052775309801218e-16 6.116775782523574e-02
0 43 2.264115494681103e+02 5.342674580503815e-18 6.433927169164989e-02
1 34 2.295989486518292e+02 3.929931840034368e-18 6.117013217353654e-02
0 44 2.316515400429725e+02 4.640676302137185e-18 6.434293018440855e-02
1 35 2.363115035699875e+02 3.991013296625047e-18 6.116271107928613e-02
0 45 2.368903480249538e+02 4.232997941247358e-18 6.434719431600634e-02
0 46 2.421373081026368e+02 3.674941908802403e-18 6.435783070932714e-02
1 36 2.430130679155494e+02 4.253913179386713e-18 6.115130317272913e-02
0 47 2.473790968697542e+02 3.496529873715528e-18 6.435266115139923e-02
1 37 2.497204545316740e+02 4.199868086131245e-18 6.115918006361760e-02
0 48 2.526220225876093e+02 4.131367389666149e-18 6.435022686611831e-02
1 38 2.564268273439778e+02 3.942864776803151e-18 6.115474506762100e-02
0 49 2.578643943640308e+02 3.550391259790637e-18 6.435663835317303e-02
0 50 2.631066526878301e+02 3.467999139237234e-18 6.431942076661337e-02
1 39 2.631346112572593e+02 3.904957420206872e-18 6.118532138382204e-02
0 51 2.683437907273556e+02 3.706016500248003e-18 6.435094330648908e-02
1 40 2.698512983075679e+02 1.263157221409806e-15 6.116543221871686e-02
0 52 2.735807303165480e+02 3.579621308396053e-18 6.434445537310886e-02
1 41 2.765667486160030e+02 3.958565293594087e-18 6.117000346996737e-02
0 53 2.788182591213264e+02 3.477142771307819e-18 6.434672427636424e-02
1 42 2.832832227202730e+02 3.885087924979978e-18 6.116216344100263e-02
0 54 2.840546478385127e+02 4.141424157895571e-18 6.435228176927592e-02
0 55 2.892966146803701e+02 3.816959016989114e-18 6.431100469941704e-02
1 43 2.899927866003973e+02 4.065434053791077e-18 6.120554754661654e-02
0 56 2.945337040616527e+02 4.204624960295422e-18 6.430741889260186e-02
1 44 2.967082165394748e+02 3.881101846301580e-18 6.121287216886168e-02
0 57 2.997719445064778e+02 3.993107610068145e-18 6.430382681400455e-02
1 45 3.034221794429897e+02 4.068859919933153e-18 6.121012391167647e-02
0 58 3.050098578391705e+02 1.546673743593342e-14 6.430977576563329e-02
1 46 3.101380838091941e+02 4.040484764935333e-18 6.120576071170582e-02
0 59 3.102470402649059e+02 1.091585155875432e-15 6.430878914073351e-02
0 60 3.154864608831375e+02 1.067752643744560e-17 6.446122204106891e-02
1 47 3.168519359144920e+02 4.754733015540191e-18 6.104860344107360e-02
0 61 3.207234843973054e+02 3.704053312530641e-15 6.445459429501683e-02
1 48 3.235671937206744e+02 4.066174497575370e-18 6.105451279141136e-02
0 62 3.259612733018535e+02 3.809999435458209e-18 6.445578717461213e-02
1 49 3.302830196506739e+02 3.897732329629773e-18 6.104692601532472e-02
0 63 3.311980044872974e+02 3.459915323187204e-18 6.446198052052064e-02
0 64 3.364388305717433e+02 3.541896328296635e-18 6.439339412979107e-02
1 50 3.369942240853082e+02 4.812007198391815e-16 6.111895894773620e-02
0 65 3.416747965443366e+02 4.552042632044286e-18 6.439164982706835e-02
1 51 3.437117085900721e+02 4.004289948453989e-18 6.112501886506684e-02
0 66 3.469118620373396e+02 3.587787954677976e-18 6.438717374363484e-02
1 52 3.504274373778133e+02 4.572462802778118e-18 6.112386533721970e-02
0 67 3.521488036478687e+02 3.575257801996604e-18 6.439255903485563e-02
1 53 3.571451643752343e+02 4.256873974627929e-18 6.111820161203901e-02
0 68 3.573847554193875e+02 3.395961375366174e-18 6.439433255372418e-02
0 69 3.626310700136762e+02 3.744067718320999e-18 6.458168298729682e-02
1 54 3.638482577492055e+02 3.977693517044866e-18 6.091837701418760e-02
