0 0 1.855600421085024e+00 3.826076943534922e-18 6.887892267875274e-02
1 0 2.389406656506126e+00 4.398619958287440e-18 6.650233061783059e-02
2 0 4.480048435202669e+00 6.543517405755861e-18 5.361747542197481e-02
0 1 7.099384305831055e+00 3.826432762385320e-18 6.887648863900565e-02
1 1 9.304116900049216e+00 1.744041939806003e-16 6.650640750917511e-02
0 2 1.234381428606683e+01 3.804742926451118e-18 6.887758915881241e-02
1 2 1.621783468148473e+01 4.844337005090848e-18 6.649650217586492e-02
2 1 1.703688676381456e+01 6.547861185362702e-18 5.362184683770743e-02
0 3 1.758783941016821e+01 3.852361046150511e-18 6.888327073252339e-02
0 4 2.283349659186092e+01 3.933779416998741e-18 6.882207754962150e-02
1 3 2.312954800442681e+01 4.317622829172104e-18 6.658777497089303e-02
0 5 2.807358790330722e+01 3.967639525844535e-18 6.881712888185601e-02
2 2 2.959348934073738e+01 6.597581673569789e-18 5.362058965623249e-02
1 4 3.005363846947341e+01 1.370368807152963e-14 6.659698500123457e-02
0 6 3.331421188879808e+01 1.210804930223901e-17 6.881337596216902e-02
1 5 3.697630836867982e+01 4.399319107699384e-18 6.659982275032315e-02
0 7 3.855471480831815e+01 6.220445661143511e-18 6.881639086232444e-02
2 3 4.215096832140624e+01 6.778763730622063e-14 5.361915772826422e-02
0 8 4.379592914443431e+01 4.010865495040471e-18 6.874283453059547e-02
1 6 4.389880647946805e+01 5.097851038663872e-18 6.671275189316156e-02
0 9 4.903404121977391e+01 3.897539151777343e-18 6.874633993123888e-02
1 7 5.082865191267300e+01 4.309296479564548e-18 6.673241448250886e-02
0 10 5.427253850248157e+01 4.015540106829402e-18 6.874322536961421e-02
2 4 5.470751005793166e+01 6.658684156422083e-18 5.361325313038118e-02
1 8 5.775664432282718e+01 4.821436263396451e-18 6.673231425049238e-02
0 11 5.951097119332687e+01 3.987874616005254e-18 6.874437505831775e-02
0 12 6.474928738267067e+01 4.059852818489804e-18 6.873437350857503e-02
1 9 6.468635629759508e+01 1.468031520043289e-14 6.672670906239432e-02
2 5 6.726417142269304e+01 5.889888604762140e-14 5.361461516333384e-02
0 13 6.999136305525695e+01 4.516346727922433e-18 6.876832308411938e-02
1 10 7.160621646802115e+01 4.316311088557849e-18 6.667860970973925e-02
0 14 7.523351976073489e+01 4.453636063903767e-18 6.876733929133062e-02
1 11 7.852511628666045e+01 4.473344926309199e-18 6.667070908599119e-02
2 6 7.982112905540095e+01 6.638423300045937e-18 5.362089727207124e-02
0 15 8.047566799027756e+01 4.576214449815937e-18 6.877195389844130e-02
1 12 8.544528532354286e+01 4.932982798061234e-18 6.666325293767753e-02
0 16 8.571735865929665e+01 4.078120546449940e-18 6.877304212951374e-02
0 17 9.096312659265581e+01 3.806541020078151e-18 6.881982974975631e-02
1 13 9.235613655435209e+01 4.366356275086208e-18 6.658919533487592e-02
2 7 9.237772979761097e+01 6.553322668886321e-18 5.361849266954805e-02
0 18 9.620814680706231e+01 3.987809685285688e-18 6.881463962668069e-02
1 14 9.926727884500174e+01 4.370379303123343e-18 6.659185389267838e-02
0 19 1.014534643416374e+02 3.989710898158799e-18 6.881560816001324e-02
2 8 1.049349610179416e+02 6.648856120274210e-18 5.361979368289849e-02
1 15 1.061795825438104e+02 4.376802655103833e-18 6.658909830771088e-02
0 20 1.066981526970203e+02 3.992403970922501e-18 6.881828768505760e-02
0 21 1.119456442791441e+02 3.872037075722782e-18 6.885257329593135e-02
1 16 1.130865269357907e+02 4.370527856045265e-18 6.655809525290612e-02
0 22 1.171918072664502e+02 3.871958891833138e-18 6.884915425867795e-02
2 9 1.174918797139624e+02 6.552930878437233e-18 5.361386039651528e-02
1 17 1.199948247611740e+02 4.438850739497950e-18 6.656467741348482e-02
0 23 1.224383480352989e+02 4.061209066611477e-18 6.884812774683548e-02
1 18 1.269042962958408e+02 4.417397417868304e-18 6.655914777785005e-02
0 24 1.276844069057500e+02 3.928037354370564e-18 6.884784506134449e-02
2 10 1.300483246379378e+02 6.766976995341703e-18 5.361144788175060e-02
0 25 1.329324224880003e+02 3.926284780330208e-18 6.885888458938079e-02
1 19 1.338099267509368e+02 4.392954887705369e-18 6.654165270728545e-02
0 26 1.381785567055901e+02 3.927990635642819e-18 6.885740760749487e-02
1 20 1.407188417695995e+02 4.903428743389033e-18 6.653776105203685e-02
2 11 1.426052458090124e+02 7.924843873190034e-18 5.361878286476820e-02
0 27 1.434251113766396e+02 4.181661574726733e-18 6.885917372800252e-02
1 21 1.476274826924333e+02 4.699586117431252e-18 6.652894854626486e-02
0 28 1.486712026171729e+02 3.930129766421637e-18 6.886472438505040e-02
0 29 1.539189888487537e+02 4.745417414175703e-18 6.885175561233058e-02
1 22 1.545337325947167e+02 4.408446959677674e-18 6.653987114536684e-02
2 12 1.551618893496939e+02 1.636673932429147e-14 5.361909305106827e-02
0 30 1.591636820127177e+02 3.869433230894112e-18 6.884729825433425e-02
1 23 1.614458651557455e+02 4.810530204344044e-18 6.654352908997813e-02
0 31 1.644090169358411e+02 3.936427828133071e-18 6.884477366311009e-02
2 13 1.677188678646595e+02 6.540409431859921e-18 5.361806846144977e-02
1 24 1.683573195598464e+02 4.479549608360979e-18 6.654193750423036e-02
0 32 1.696539329527819e+02 4.002151734718683e-18 6.884945586110983e-02
0 33 1.749004928747271e+02 3.869197966107987e-18 6.880754738967294e-02
1 25 1.752667341434940e+02 4.335943235338953e-18 6.661900164643775e-02
0 34 1.801420669188029e+02 5.150405981893303e-18 6.880646490064768e-02
2 14 1.802760768986493e+02 6.573303841343301e-18 5.361664227286846e-02
1 26 1.821868517021849e+02 1.208524959628764e-14 6.662777177055096e-02
0 35 1.853842030477880e+02 4.016028817657279e-18 6.880280592117731e-02
1 27 1.891064346424220e+02 4.851709977839924e-18 6.663552064257769e-02
0 36 1.906261950830417e+02 4.003329806285571e-15 6.880315926574618e-02
2 15 1.928325851983837e+02 6.586983665001088e-18 5.360907586346551e-02
0 37 1.958692320017670e+02 4.811057361093417e-16 6.872133870596983e-02
1 28 1.960246236637365e+02 4.377746695553052e-18 6.675905755830795e-02
0 38 2.011072805265403e+02 1.403646321707498e-15 6.872126905731521e-02
1 29 2.029546311067761e+02 8.210634977603729e-15 6.675747950918177e-02
2 16 2.053893821372974e+02 6.683535156279500e-18 5.361610026088807e-02
0 39 2.063457149332820e+02 7.650544868467260e-17 6.872050706310737e-02
1 30 2.098829673759600e+02 4.335626866637208e-18 6.675425892612638e-02
0 40 2.115840840454192e+02 8.616395452688420e-15 6.872632714228712e-02
0 41 2.168224328363050e+02 2.565647181707162e-15 6.870438732956304e-02
1 31 2.168122704983878e+02 4.305057615183710e-18 6.676447599848169e-02
2 17 2.179460327355304e+02 7.144709276395820e-18 5.361867972001724e-02
0 42 2.220627369103269e+02 4.928683305048805e-18 6.872086185630440e-02
1 32 2.237363555414033e+02 4.381730112433843e-18 6.674241296439135e-02
0 43 2.273032889467426e+02 4.187252142588835e-18 6.871615594738391e-02
1 33 2.306592207087890e+02 4.325955496548838e-18 6.674482777585029e-02
2 18 2.305028714491882e+02 6.476821937779057e-17 5.361526207209048e-02
0 44 2.325438245042556e+02 4.344765180668052e-18 6.871976110440006e-02
0 45 2.377840068625634e+02 3.877269087804621e-18 6.872285076058474e-02
1 34 2.375832738736741e+02 1.309767389715517e-14 6.674189798484549e-02
0 46 2.430286658209080e+02 3.875468960874640e-18 6.877869267599264e-02
2 19 2.430598567560542e+02 2.884407272467858e-15 5.361819119389929e-02
1 35 2.444967856187319e+02 4.311406090186425e-18 6.666234812828237e-02
0 47 2.482727385024299e+02 4.185336053372226e-18 6.877387824295053e-02
1 36 2.514107150015825e+02 4.398289460480894e-18 6.667901996729012e-02
0 48 2.535170684427130e+02 4.268870708608512e-18 6.877270730517387e-02
2 20 2.556166599242705e+02 6.648077563761646e-18 5.360916170632402e-02
1 37 2.583254983707997e+02 4.310493820141511e-18 6.667480710208565e-02
0 49 2.587608201560228e+02 3.984050692217895e-18 6.877301094130998e-02
0 50 2.640078772189696e+02 4.250175643426861e-18 6.881077203797976e-02
1 38 2.652340544859144e+02 4.314729490140107e-18 6.661827898635328e-02
2 21 2.681732807251589e+02 6.541054103317818e-18 5.361274358482323e-02
0 51 2.692537079871820e+02 4.081683883222673e-18 6.880897801064532e-02
1 39 2.721433674525726e+02 4.648679964330567e-18 6.662165005674421e-02
0 52 2.744999067432306e+02 3.979549033861018e-18 6.881317220751375e-02
1 40 2.790534384163620e+02 4.314402782457519e-18 6.660487585687737e-02
0 53 2.797455398324076e+02 3.879232965194201e-18 6.881354970490984e-02
2 22 2.807299187623023e+02 6.543891004087296e-18 5.361717838588443e-02
0 54 2.849934063817007e+02 3.806490366374830e-18 6.882779171920464e-02
1 41 2.859593762723451e+02 4.523380272586025e-18 6.657801512266437e-02
0 55 2.902396426162763e+02 4.157061455953942e-18 6.882239602038855e-02
1 42 2.928677198456986e+02 4.470877864464367e-18 6.658153030208372e-02
2 23 2.932868082888440e+02 6.572134454986727e-18 5.361468333053246e-02
0 56 2.954862993948680e+02 4.086068621597488e-18 6.882311334143831e-02
1 43 2.997760442777204e+02 4.651858886568361e-18 6.657268765247402e-02
0 57 3.007325144736940e+02 3.902295278072586e-18 6.882996853411662e-02
0 58 3.059803902388608e+02 3.903248248059258e-18 6.882781356807445e-02
2 24 3.058435988011289e+02 6.611072481636933e-18 5.361782814954127e-02
1 44 3.066819219495972e+02 4.420570410685356e-18 6.658118752485163e-02
0 59 3.112256718136701e+02 4.466195350932671e-18 6.882413181457313e-02
1 45 3.135924888359036e+02 5.173381769836068e-18 6.659795614315794e-02
0 60 3.164715806172390e+02 3.972653590332045e-18 6.881985131944633e-02
2 25 3.184007171826776e+02 1.540161864785022e-15 5.361211490951248e-02
1 46 3.205025046403456e+02 4.367588883874518e-18 6.659506541268072e-02
0 61 3.217170678116902e+02 3.896227141742290e-18 6.882255107737911e-02
0 62 3.269641652903546e+02 4.509837204844168e-18 6.879114391154213e-02
1 47 3.274112839800599e+02 4.388602110525119e-18 6.665100334930066e-02
2 26 3.309573500412058e+02 2.835700759991415e-16 5.360957581737619e-02
0 63 3.322070809673041e+02 4.180950078116702e-18 6.879088370683270e-02
1 48 3.343281263268478e+02 4.371750662508149e-18 6.665740846232061e-02
0 64 3.374506076987030e+02 4.163408229400978e-18 6.879247602146898e-02
1 49 3.412442482469453e+02 4.482347962721877e-18 6.664485138466845e-02
0 65 3.426938649781064e+02 4.596485253550686e-18 6.879447940271319e-02
2 27 3.435138551303760e+02 6.815012736064701e-18 5.361467222667839e-02
0 66 3.479383819208263e+02 4.370632444456295e-18 6.871943446506332e-02
1 50 3.481588423868794e+02 4.350575366067842e-18 6.675378395659708e-02
0 67 3.531773989713446e+02 4.332402059177590e-18 6.871587725306372e-02
1 51 3.550858924498206e+02 2.100499146683783e-14 6.675269493905281e-02
2 28 3.560707534850993e+02 6.706786531608311e-18 5.361427678519495e-02
0 68 3.584168721948899e+02 3.877991546742687e-18 6.871373816483942e-02
1 52 3.620115808080847e+02 4.379229075924022e-18 6.674773983956331e-02
0 69 3.636562887646012e+02 3.867092489025166e-18 6.872027429181221e-02
