0 0 1.736854972293001e+00 4.348400100840784e-18 7.092406773941284e-02
1 0 2.383049593978087e+00 4.533849838702780e-18 6.438041916433647e-02
2 0 4.376270139996874e+00 6.711398778135012e-18 5.224237100385783e-02
0 1 6.981762381983583e+00 4.344603726364246e-18 7.092179687130544e-02
1 1 9.294678800700170e+00 1.295859225207182e-14 6.438423695291502e-02
0 2 1.222740872666394e+01 3.750385621197488e-18 7.092368339977662e-02
1 2 1.620529112930168e+01 4.805051529642151e-18 6.437431278504194e-02
2 1 1.693301474854222e+01 7.443028929426937e-17 5.224602143265673e-02
0 3 1.747261433339369e+01 4.076620033062745e-18 7.092948128530357e-02
0 4 2.271848302346549e+01 4.078593812940781e-18 7.089022896709693e-02
1 3 2.311523030078921e+01 4.584687119956307e-18 6.443086775386368e-02
0 5 2.796313125788400e+01 3.749724872627879e-18 7.088777237286846e-02
2 2 2.949015932526766e+01 2.139582970809821e-15 5.224405505852017e-02
1 4 3.002735947421190e+01 7.140078542923823e-16 6.443827706942371e-02
0 6 3.320833347257493e+01 4.498330109560033e-18 7.088372970143560e-02
1 5 3.693819617666723e+01 4.476053032850159e-18 6.444047190914313e-02
0 7 3.845353139964290e+01 4.286099624728556e-18 7.088543988849152e-02
2 3 4.204748457257205e+01 6.861719640493929e-18 5.224399112732982e-02
0 8 4.369859953866566e+01 4.515019288111694e-18 7.086511549237853e-02
1 6 4.385009512578267e+01 4.856132633271498e-18 6.447309539470884e-02
0 9 4.894229392468571e+01 3.902733850255075e-18 7.087436174809852e-02
1 7 5.076574134927762e+01 4.618511311859391e-18 6.448475369616995e-02
0 10 5.418622391610038e+01 8.355251359804374e-14 7.087195755450747e-02
2 4 5.460412946403925e+01 6.712309174986605e-18 5.223812318373272e-02
1 8 5.767980147848552e+01 4.636853481589268e-18 6.448509225240467e-02
0 11 5.943014205511032e+01 1.302492947057959e-14 7.087287959898968e-02
1 9 6.459575377697159e+01 4.706633271543799e-18 6.447779654674166e-02
0 12 6.467367351493237e+01 4.482270183394725e-16 7.086812462336564e-02
2 5 6.716085608064361e+01 6.714826668343846e-18 5.223881082095155e-02
0 13 6.991577117155269e+01 4.166368042612268e-16 7.090298239949448e-02
1 10 7.151570263716479e+01 4.955788283435625e-18 6.443253118413973e-02
0 14 7.515768596470318e+01 9.089601394370343e-15 7.090232323082796e-02
1 11 7.843518843446942e+01 4.637760735251445e-18 6.442411117853858e-02
2 6 7.971754434055067e+01 6.757153608632695e-18 5.224577552439336e-02
0 15 8.039965884652509e+01 2.413365874452893e-14 7.090625924464516e-02
1 12 8.535570336167549e+01 5.324576145156569e-18 6.441577503318051e-02
0 16 8.564100476595289e+01 1.155848156789660e-14 7.091001574132752e-02
0 17 9.088343224427554e+01 2.438072204212300e-14 7.100485384855180e-02
1 13 9.227546590368571e+01 4.533156818415247e-18 6.427441520617330e-02
2 7 9.227467385369812e+01 6.776063328118178e-18 5.224221417730697e-02
0 18 9.612364122606763e+01 4.945873089048516e-18 7.099948405556927e-02
1 14 9.919834976552218e+01 4.595151749170982e-18 6.427743574859422e-02
0 19 1.013643055359877e+02 3.886421582817355e-18 7.099853290666505e-02
2 8 1.048319123044058e+02 9.921962814296673e-16 5.224448365415387e-02
1 15 1.061221824149917e+02 4.798388693428630e-18 6.427448160653082e-02
0 20 1.066043377894780e+02 4.201589591314330e-18 7.100265997429668e-02
0 21 1.118496201108728e+02 3.680565499695800e-18 7.107280762901438e-02
1 16 1.130358900908086e+02 4.530466748278163e-18 6.418668670534253e-02
0 22 1.170911393507172e+02 4.091001726868190e-18 7.107017826427585e-02
2 9 1.173887558459150e+02 2.451838687525230e-16 5.223944789972660e-02
1 17 1.199557391952763e+02 4.751214325656866e-18 6.419322064265753e-02
0 23 1.223330538872952e+02 4.069115267943996e-18 7.106891291811951e-02
1 18 1.268765734052668e+02 4.609970765321628e-18 6.419015287381753e-02
0 24 1.275744526075275e+02 3.969883243557830e-18 7.106909433685739e-02
2 10 1.299454222395274e+02 6.816070529305720e-18 5.223608147364816e-02
0 25 1.328207103123208e+02 4.319343858494272e-18 7.105363633250199e-02
1 19 1.337871562016550e+02 4.649983482889876e-18 6.421097729741077e-02
0 26 1.380644370743694e+02 3.851691807747172e-18 7.105267684288245e-02
1 20 1.407022407701451e+02 5.067022960241984e-18 6.420635644714785e-02
2 11 1.425018804269075e+02 6.851660959264340e-18 5.224390397428854e-02
0 27 1.433085742148614e+02 3.770352269578445e-18 7.105410123087486e-02
1 21 1.476168889675321e+02 4.894805274836000e-18 6.419799141100087e-02
0 28 1.485521580390980e+02 3.681949669584850e-18 7.105996874309033e-02
0 29 1.537984128397661e+02 3.972565731509551e-18 7.101424093888069e-02
1 22 1.545264638447193e+02 4.643813512108546e-18 6.426005593593620e-02
2 12 1.550589844238363e+02 6.723529956267569e-18 5.224303155848380e-02
0 30 1.590430702840772e+02 4.536973423645625e-18 7.100995295021180e-02
1 23 1.614382961012410e+02 4.471272016235714e-18 6.426366338765981e-02
0 31 1.642884425189447e+02 4.236841776008015e-18 7.100598323800107e-02
2 13 1.676161706038766e+02 6.751090975978145e-18 5.224330027939850e-02
1 24 1.683494541007072e+02 5.080490168737265e-18 6.426202594524202e-02
0 32 1.695334109594288e+02 4.119721356342558e-18 7.101066121387067e-02
0 33 1.747795556471243e+02 4.847867609149939e-18 7.097216285785088e-02
1 25 1.752591513471788e+02 4.779521537160469e-18 6.433383886506268e-02
0 34 1.800244109721936e+02 4.824841960523954e-18 7.097249424944209e-02
2 14 1.801731902830805e+02 6.769887161100521e-18 5.224135281430545e-02
1 26 1.821708956570654e+02 4.519925039337129e-18 6.434135634711576e-02
0 35 1.852697839902717e+02 6.297299636868376e-18 7.096879520672840e-02
1 27 1.890819706162653e+02 4.790700423253128e-18 6.434830273787345e-02
0 36 1.905149838642729e+02 7.407618165836299e-18 7.096894167532408e-02
2 15 1.927301163360249e+02 5.474722187259851e-15 5.223446028335738e-02
0 37 1.957603594974174e+02 9.736710778259152e-18 7.093929511568413e-02
1 28 1.959931951112240e+02 4.494335497408457e-18 6.439095148847139e-02
0 38 2.010046632994679e+02 1.495303978849817e-17 7.094292507654679e-02
1 29 2.029076665395299e+02 4.514248298304660e-18 6.438623634719240e-02
2 16 2.052863989296293e+02 1.940024423832899e-17 5.224076035225610e-02
0 39 2.062492681827480e+02 1.778492447423005e-17 7.094176994281770e-02
1 30 2.098203340468156e+02 5.014494149009119e-18 6.438341409107987e-02
0 40 2.114937803566998e+02 2.767104432673716e-17 7.094734183760686e-02
0 41 2.167379064157259e+02 4.063755912461517e-17 7.094063573220087e-02
1 31 2.167342197874592e+02 4.577401788769566e-18 6.437725854499807e-02
2 17 2.178433829694662e+02 6.749827260681982e-18 5.224333156975610e-02
0 42 2.219805439642614e+02 7.424454468668827e-17 7.095704012730111e-02
1 32 2.236522631239911e+02 1.769326545315750e-16 6.435718038733397e-02
0 43 2.272232717661765e+02 1.290057021194457e-16 7.095065479554810e-02
2 18 2.304005667014023e+02 6.797430824390725e-18 5.224065717545080e-02
1 33 2.305692383412387e+02 4.540747071923253e-18 6.436020345325996e-02
0 44 2.324661081585994e+02 2.174331332191515e-16 7.095344867164639e-02
1 34 2.374873929019732e+02 4.679166867393042e-18 6.435603177705319e-02
0 45 2.377084927083105e+02 3.799050007438337e-16 7.096023730738839e-02
0 46 2.429504672106444e+02 7.006190778932790e-16 7.104000747246300e-02
2 19 2.429574680534611e+02 6.896669258651941e-18 5.224269338236762e-02
1 35 2.444081408819575e+02 1.011618641003893e-14 6.424677685841657e-02
0 47 2.481909452220454e+02 1.421664474616292e-15 7.103518382585007e-02
1 36 2.513306767569890e+02 4.587046931967165e-18 6.426147320831861e-02
0 48 2.534317259443568e+02 9.019524843827474e-16 7.103344658711064e-02
2 20 2.555146854579683e+02 6.745910318190759e-18 5.223540516388772e-02
1 37 2.582540445674587e+02 4.686976366963599e-18 6.425686965802141e-02
0 49 2.586719538323314e+02 5.197017477066511e-16 7.103546733946170e-02
0 50 2.639163910247295e+02 3.989810469946889e-16 7.112755759189500e-02
1 38 2.651706398063791e+02 4.483961900937858e-18 6.412034348331108e-02
2 21 2.680709105205690e+02 6.722839642561310e-18 5.223755799648658e-02
0 51 2.691571827621062e+02 2.219870445733812e-16 7.112553381056383e-02
1 39 2.720925622682338e+02 4.502324847396485e-18 6.412395258627351e-02
0 52 2.743983234972725e+02 1.215987258791780e-16 7.112935348703311e-02
1 40 2.790151646083925e+02 5.258479074918376e-18 6.410675754276228e-02
0 53 2.796388525705268e+02 5.961438744077614e-17 7.113214282705735e-02
2 22 2.806276932014548e+02 1.892930566145649e-14 5.224205359291161e-02
0 54 2.848849042688631e+02 4.837593500567667e-17 7.113825563057870e-02
1 41 2.859263205299241e+02 4.981744323656050e-18 6.409073007122765e-02
0 55 2.901277915105931e+02 2.870950891657203e-17 7.113153142713742e-02
1 42 2.928427024918560e+02 4.552047878747481e-18 6.409458546127984e-02
2 23 2.931849739224020e+02 6.977417283627986e-18 5.224027404057474e-02
0 56 2.953711695956508e+02 1.905957901101931e-17 7.113175380458948e-02
1 43 2.997590783729400e+02 6.767649685407800e-15 6.408628851225774e-02
0 57 3.006141254191079e+02 1.174158329888492e-17 7.114062064682916e-02
2 24 3.057418095631290e+02 5.548197649846978e-15 5.224245551548720e-02
0 58 3.058604361893799e+02 8.594869169672465e-18 7.110176840575666e-02
1 44 3.066688615245979e+02 4.639009047822652e-18 6.414985091312546e-02
0 59 3.111047637065603e+02 8.279622478678742e-18 7.109807897915227e-02
1 45 3.135814870302141e+02 4.542304767672264e-18 6.416503896292426e-02
0 60 3.163496890282100e+02 5.672850652509649e-18 7.109391121845397e-02
2 25 3.182992690852937e+02 6.802758014282164e-18 5.223735365544776e-02
1 46 3.204936802159955e+02 1.765348502001204e-14 6.416186100899139e-02
0 61 3.215942324390582e+02 5.543019408843789e-18 7.109682141630567e-02
0 62 3.268405387328598e+02 4.389063396527276e-18 7.105073221058024e-02
1 47 3.274039565746060e+02 4.492321304421790e-18 6.423872654876850e-02
2 26 3.308557170684499e+02 6.772647548809448e-18 5.223537517731157e-02
0 63 3.320855133864480e+02 4.403338598558254e-18 7.105065557050826e-02
1 48 3.343155858085649e+02 4.617994064366151e-18 6.424444560101578e-02
0 64 3.373310365116246e+02 4.316794017060381e-18 7.105234869762474e-02
1 49 3.412266136451682e+02 4.798110885389203e-18 6.423209965542004e-02
0 65 3.425762480204287e+02 3.757614385547306e-18 7.105568339309208e-02
2 27 3.434122248103704e+02 6.730855856392387e-18 5.223943432241813e-02
0 66 3.478218705338030e+02 4.395959207272602e-18 7.101874706664479e-02
1 50 3.481372385568765e+02 4.494694921630097e-18 6.428186685773982e-02
0 67 3.530664659986737e+02 3.790177528106852e-18 7.101597380976578e-02
1 51 3.550499268667559e+02 4.623364784623578e-18 6.427788882713445e-02
2 28 3.559694629156825e+02 6.897849910669689e-18 5.224055895015422e-02
0 68 3.583115446326973e+02 4.143240252655812e-18 7.101341879070865e-02
1 52 3.619612470350135e+02 4.795659742831070e-18 6.427311634298870e-02
0 69 3.635566471234158e+02 4.357473833883350e-18 7.102114963844193e-02
