0 0 1.789456619350795e+00 4.946479382713141e-18 7.439130152744367e-02
1 0 2.485115271664186e+00 2.148731402390057e-15 6.429050582895481e-02
2 0 4.408702889681934e+00 6.534815009281859e-18 5.413567017057147e-02
0 1 7.035570743703518e+00 4.217791351738987e-18 7.438873594423263e-02
1 1 9.393972681839248e+00 4.597919271452109e-18 6.429362618122958e-02
0 2 1.228234523823027e+01 4.688602662662466e-18 7.439096955810462e-02
1 2 1.630202527662813e+01 4.702369540991102e-18 6.428068331880453e-02
2 1 1.696571144470628e+01 6.554735691248267e-18 5.414094508756222e-02
0 3 1.752867201247654e+01 3.617978816554314e-18 7.439711650271867e-02
0 4 2.277546332681271e+01 3.814069893979286e-18 7.436588717017101e-02
1 3 2.320962526433359e+01 5.729185869576846e-15 6.432372624721881e-02
0 5 2.802194969800830e+01 3.543306267251903e-18 7.436296761871208e-02
2 2 2.952319251320956e+01 6.626260069268176e-18 5.413956410372384e-02
1 4 3.011740056597014e+01 4.548721115778390e-18 6.432934962453907e-02
0 6 3.326896866478092e+01 4.432976396678190e-18 7.435861708051469e-02
1 5 3.702423388924175e+01 4.522165099231530e-18 6.433316994676755e-02
0 7 3.851602329365402e+01 3.925987350668197e-18 7.436077064936780e-02
2 3 4.207990293617112e+01 9.395878584642852e-16 5.413823697359520e-02
0 8 4.376278316988812e+01 3.789033177547075e-18 7.434792161124044e-02
1 6 4.393223761333277e+01 2.766147592063414e-14 6.435405290630461e-02
0 9 4.900865210053251e+01 4.463993823230145e-18 7.435882284109595e-02
1 7 5.084276830572862e+01 4.479983282503314e-18 6.435871204882523e-02
0 10 5.425465242764854e+01 3.605333918425679e-18 7.435599078337211e-02
2 4 5.463651176993507e+01 6.522232937103521e-18 5.413447109291031e-02
1 8 5.775196367341428e+01 4.463198645873633e-18 6.436045646092624e-02
0 11 5.950072586681580e+01 3.904268900087739e-18 7.435683605559171e-02
1 9 6.466282816496434e+01 5.627313420116249e-15 6.435623345239747e-02
0 12 6.474638697012466e+01 3.522414284627780e-18 7.435203905014047e-02
2 5 6.719318175599837e+01 6.481817912686059e-18 5.413322956265566e-02
0 13 6.999010445988050e+01 3.924097708103055e-18 7.438454215915044e-02
1 10 7.157919690921052e+01 4.485253452241201e-18 6.431395148427303e-02
0 14 7.523340962467289e+01 3.947586430131665e-18 7.438367219264112e-02
1 11 7.849554996352508e+01 4.680178589840465e-18 6.430482715980691e-02
2 6 7.974978884522029e+01 6.533892872551725e-18 5.414091096588511e-02
0 15 8.047680987151844e+01 4.314039166341965e-18 7.438796124474541e-02
1 12 8.541259092562672e+01 2.411876016834155e-16 6.429600490808736e-02
0 16 8.571953896849858e+01 3.707581949798188e-18 7.439196303383125e-02
0 17 9.095956891670346e+01 3.793789598058636e-18 7.452021842649753e-02
1 13 9.233914515141649e+01 4.873215957294974e-18 6.410842655976620e-02
2 7 9.230744771918808e+01 6.528473059274296e-18 5.413798427854584e-02
0 18 9.619636003788362e+01 3.512160199085528e-18 7.451413462077221e-02
1 14 9.927109025216348e+01 5.433324648684848e-18 6.411277700207471e-02
0 19 1.014336612113966e+02 4.632298227008726e-18 7.451351891837177e-02
2 8 1.048643208305944e+02 6.587892431520726e-18 5.413975204628478e-02
1 15 1.062039322212636e+02 4.566685581904059e-18 6.410966653425428e-02
0 20 1.066702816802618e+02 4.936707141422854e-18 7.451792875414290e-02
0 21 1.119122310453141e+02 1.855029942948993e-14 7.469696093422058e-02
1 16 1.131283874450709e+02 4.750025441602967e-18 6.385846502193192e-02
0 22 1.171460947570639e+02 4.688143591258892e-15 7.469374966770911e-02
2 9 1.174208972650446e+02 1.645880111162391e-17 5.413585083656478e-02
1 17 1.200679931488670e+02 4.711357431206591e-18 6.386570152356974e-02
0 23 1.223803848549696e+02 7.416459226918512e-15 7.469263720849059e-02
1 18 1.270083767573531e+02 4.554579983338317e-18 6.386279605328400e-02
0 24 1.276141900953446e+02 3.953367143809205e-14 7.469219695326902e-02
2 10 1.299775379618774e+02 2.026518847499216e-16 5.413301380145044e-02
0 25 1.328593154622727e+02 4.138445746267140e-18 7.466263370702445e-02
1 19 1.339236590258372e+02 1.490994398786800e-14 6.389913080529025e-02
0 26 1.380997143707164e+02 4.104243616222423e-18 7.466150676085657e-02
1 20 1.408474874647647e+02 4.568394726495063e-18 6.389586627804575e-02
2 11 1.425338740625320e+02 6.551548738505129e-18 5.413876168979000e-02
0 27 1.433404661691455e+02 3.716135309173898e-18 7.466377412094617e-02
1 21 1.477708625087085e+02 4.562806563057166e-18 6.388715851042105e-02
0 28 1.485806238949155e+02 4.035721607186137e-18 7.466949130953632e-02
0 29 1.538258625344760e+02 3.637756194908431e-18 7.458780374832576e-02
1 22 1.546834343426476e+02 2.937792676434561e-14 6.399765605731553e-02
2 12 1.550914280988696e+02 6.481490872255562e-18 5.413965861222732e-02
0 30 1.590704524339575e+02 4.225866656745845e-18 7.458243446434343e-02
1 23 1.615956989109565e+02 4.616668402947361e-18 6.400116556589378e-02
0 31 1.643157493152113e+02 3.705468665022409e-18 7.457928526056164e-02
2 13 1.676485317334746e+02 6.478162287073478e-18 5.414036813190478e-02
1 24 1.685075741822550e+02 5.202115690078990e-18 6.399920666280023e-02
0 32 1.695605581812072e+02 3.627159192483340e-18 7.458434982617616e-02
0 33 1.748069985476416e+02 3.588900039672145e-18 7.454017860330324e-02
1 25 1.754170099328499e+02 3.201937236577935e-14 6.407909375384910e-02
0 34 1.800532282595825e+02 3.589316410237099e-18 7.453944777102375e-02
2 14 1.802052586848925e+02 6.523099048679188e-18 5.413708122222114e-02
1 26 1.823256036010274e+02 4.579215526258761e-18 6.408651589882246e-02
0 35 1.852999957159128e+02 3.910613263023862e-18 7.453584581419455e-02
1 27 1.892335591641627e+02 4.864807148034323e-18 6.409018338619793e-02
0 36 1.905465964667096e+02 3.701761644371444e-18 7.453561552090410e-02
2 15 1.927619733702050e+02 6.520144019978682e-18 5.413325592999541e-02
0 37 1.957935027592073e+02 3.919880150230472e-18 7.450802583353815e-02
1 28 1.961415289428733e+02 1.810895362420745e-14 6.412877349936635e-02
0 38 2.010402012706145e+02 3.808984566078876e-18 7.451110742788408e-02
1 29 2.030501692516527e+02 4.713768547486266e-18 6.412657420309814e-02
2 16 2.053182391721397e+02 1.060851042649400e-16 5.413603626637140e-02
0 39 2.062871907813577e+02 3.701865290411860e-18 7.451032547942371e-02
1 30 2.099570621505707e+02 4.719262843589423e-18 6.412373116938258e-02
0 40 2.115340518106106e+02 3.701081625427123e-18 7.451622009157467e-02
0 41 2.167805825677439e+02 3.623900927120932e-18 7.450572405358219e-02
1 31 2.168652896133673e+02 5.811734835810050e-14 6.412089953589632e-02
2 17 2.178754070139983e+02 2.628302150541084e-17 5.414106043885084e-02
0 42 2.220261780631275e+02 3.514354126959299e-18 7.451319645692357e-02
1 32 2.237759135739286e+02 4.500441212222003e-18 6.410994154405229e-02
0 43 2.272720063123428e+02 3.919559327965306e-18 7.450668176068953e-02
2 18 2.304327300323136e+02 6.706354117484355e-18 5.413875874373378e-02
1 33 2.306853941282126e+02 4.858551247810457e-18 6.411327951423237e-02
0 44 2.325179090036981e+02 3.695368964543534e-18 7.451006800550254e-02
0 45 2.377632918434815e+02 3.820186581264533e-18 7.451606279911496e-02
1 34 2.375963929106645e+02 3.021454794573594e-14 6.411070117623241e-02
0 46 2.430064666659565e+02 3.685244211010505e-18 7.456678589960104e-02
2 19 2.429895964466082e+02 6.516209756152875e-18 5.413913462216645e-02
1 35 2.445140970940553e+02 5.047166410637219e-18 6.404772102382483e-02
0 47 2.482486670311938e+02 4.408106361128360e-18 7.456140265537196e-02
1 36 2.514326771797046e+02 4.809659958335914e-18 6.406059217612868e-02
0 48 2.534912270682140e+02 3.974005568409656e-18 7.455929992942394e-02
2 20 2.555463945365018e+02 6.485195207424167e-18 5.413460859896067e-02
1 37 2.583522133968511e+02 5.213311310740832e-18 6.405611364590605e-02
0 49 2.587332214161635e+02 3.950264683960106e-18 7.456111487500602e-02
0 50 2.639736104026750e+02 6.108496146976606e-18 7.472326385445284e-02
1 38 2.652797559536322e+02 4.653649389809901e-18 6.382459908834374e-02
2 21 2.681026710858820e+02 6.481860027807815e-18 5.413472626774101e-02
0 51 2.692091644782645e+02 2.054225280691473e-17 7.472102824850925e-02
1 39 2.722151871268152e+02 1.866133979846623e-15 6.382864269234982e-02
0 52 2.744450475811011e+02 7.154890710501605e-17 7.472527238074557e-02
1 40 2.791515278730149e+02 6.377517004359350e-18 6.381166689837348e-02
0 53 2.796803105895246e+02 2.481586006680560e-16 7.472733394768015e-02
2 22 2.806595201733539e+02 6.579659615708381e-18 5.413936783029027e-02
0 54 2.849235224339032e+02 5.160710003006911e-17 7.485681891519244e-02
1 41 2.860721810932833e+02 4.694020119157479e-18 6.360963760110393e-02
0 55 2.901584469050056e+02 3.771931215567094e-17 7.484943982608346e-02
1 42 2.930089777618422e+02 4.538192138324590e-18 6.361241028550389e-02
2 23 2.932169443248131e+02 8.176674553283530e-16 5.413851080719127e-02
0 56 2.953937919609996e+02 1.802788257407968e-17 7.485057367325594e-02
1 43 2.999461861244390e+02 4.583420286878158e-18 6.360427281137961e-02
0 57 3.006286093385166e+02 7.697823098228660e-18 7.485940255902769e-02
2 24 3.057740341849905e+02 6.536289142632426e-18 5.414030773288181e-02
0 58 3.058735458439640e+02 5.976569293120656e-18 7.478742731985015e-02
1 44 3.068609176322950e+02 4.833284192025540e-18 6.371205870912965e-02
0 59 3.111150120016121e+02 3.833991853782431e-18 7.478244494853838e-02
1 45 3.137811991102710e+02 4.976280415792820e-18 6.372737691481103e-02
0 60 3.163570754771605e+02 4.117651421991046e-18 7.477829653572125e-02
2 25 3.183309559205805e+02 6.478359660441668e-18 5.413580251561202e-02
1 46 3.207014197708068e+02 4.995764082386651e-18 6.372362575396787e-02
0 61 3.215986879074616e+02 3.500681166687198e-18 7.478122323901040e-02
0 62 3.268443033556028e+02 3.676688316518244e-18 7.470621000059333e-02
1 47 3.276141020598012e+02 4.837378974189213e-18 6.384007363381806e-02
2 26 3.308872520405898e+02 6.490297669849774e-18 5.413477412147796e-02
0 63 3.320895042263076e+02 3.505298427515243e-18 7.470500525661231e-02
1 48 3.345254211482086e+02 4.714985606840314e-18 6.384588856869471e-02
0 64 3.373352152513643e+02 3.680731892205158e-18 7.470722873950335e-02
1 49 3.414364092671485e+02 5.022298686428829e-18 6.383484886952452e-02
0 65 3.425805232818024e+02 3.910767915562712e-18 7.471027260250464e-02
2 27 3.434439690326863e+02 6.526649803107343e-18 5.413701332617864e-02
0 66 3.478269891137003e+02 3.587564547275705e-18 7.466502977030343e-02
1 50 3.483453147490356e+02 4.556528697305034e-18 6.389511837517566e-02
0 67 3.530735654201735e+02 3.686915878929403e-18 7.466009315888039e-02
1 51 3.552533040719680e+02 4.516158689995256e-18 6.388973446833195e-02
2 28 3.560010865826000e+02 6.477975801335769e-18 5.414060515363359e-02
0 68 3.583206487880350e+02 3.687219189747528e-18 7.465826097753250e-02
1 52 3.621600021262836e+02 5.153151842590721e-18 6.388400416712232e-02
0 69 3.635675885475470e+02 3.507384049605422e-18 7.466682456302400e-02
