0 0 1.929770792416152e+00 4.434094390425985e-18 6.690212115962310e-02
1 0 2.482664523998542e+00 3.776588490413697e-14 6.097962092227394e-02
2 0 4.364697032757737e+00 1.443394596974313e-14 5.629714130505202e-02
0 1 7.172841021251838e+00 3.967037939099538e-18 6.689860228403653e-02
1 1 9.398296680650962e+00 4.904563561640886e-18 6.098296027527227e-02
0 2 1.241649384483702e+01 4.088318867264696e-18 6.689916778777266e-02
1 2 1.631339152318075e+01 4.719312420718342e-18 6.096625880923163e-02
2 1 1.692166676684349e+01 7.200582195514721e-18 5.630825411341462e-02
0 3 1.765975053177327e+01 4.083851749846050e-18 6.690476291938229e-02
0 4 2.290477179992346e+01 4.164454782932395e-18 6.683857299952015e-02
1 3 2.322518521034704e+01 9.105221100008931e-17 6.106363233655914e-02
0 5 2.814878173935222e+01 4.014867901994323e-18 6.683124482924689e-02
2 2 2.947968192731900e+01 5.286139045213356e-15 5.630753763576138e-02
1 4 3.013806707081226e+01 4.763806605079743e-18 6.107185808047427e-02
0 6 3.339318194646224e+01 4.079653770194180e-18 6.682778942515336e-02
1 5 3.705082520177653e+01 4.778314741675820e-18 6.107923602504590e-02
0 7 3.863742223266036e+01 3.908065544144343e-18 6.683127983376322e-02
2 3 4.203682234649527e+01 6.274982417409354e-18 5.630151952857948e-02
0 8 4.388173276089717e+01 4.319495543153375e-18 6.680860869835388e-02
1 6 4.396424043253996e+01 4.118548583077729e-14 6.111095386504652e-02
0 9 4.912653618659033e+01 4.501326059909962e-18 6.681199225110843e-02
1 7 5.087616193732764e+01 4.804277917124919e-18 6.111822753134351e-02
0 10 5.437170179627523e+01 4.277483005609905e-18 6.680843506936353e-02
2 4 5.459357853989419e+01 6.302053471544424e-18 5.630346930145582e-02
1 8 5.778686799273102e+01 4.690476283684219e-18 6.111971556228062e-02
0 11 5.961693327356834e+01 3.982703072000955e-18 6.680924132949520e-02
0 12 6.486181543767552e+01 4.603410914695891e-18 6.680683525089981e-02
1 9 6.469888671303391e+01 5.579231510392921e-16 6.111514858518236e-02
2 5 6.715015759425944e+01 6.234383952153835e-18 5.629935550426880e-02
0 13 7.010742981419156e+01 5.737903491539932e-18 6.683168240645011e-02
1 10 7.160911092493733e+01 4.854967935159862e-18 6.107748236561414e-02
0 14 7.535290098265214e+01 4.607426258366033e-18 6.683000608149881e-02
1 11 7.851895655518362e+01 5.497218668951860e-18 6.107101126396657e-02
2 6 7.970709584413366e+01 6.375953167125559e-18 5.630627815451754e-02
0 15 8.059853673759547e+01 5.268313301173611e-18 6.683419281944314e-02
1 12 8.542894135900943e+01 3.009143895311532e-15 6.106184907930157e-02
0 16 8.584369757211024e+01 4.816631256959476e-18 6.683834187928020e-02
0 17 9.109024724923161e+01 5.461318399390800e-18 6.688234648060669e-02
1 13 9.233683372250124e+01 4.816929562654836e-18 6.098739790978737e-02
2 7 9.226479800885279e+01 6.339666230199706e-18 5.630517072677423e-02
0 18 9.633534621608915e+01 6.309051643343643e-18 6.687692144243419e-02
1 14 9.924701009974179e+01 4.755977923233616e-18 6.099317731111450e-02
0 19 1.015808524677667e+02 7.928472881049585e-18 6.687831677052826e-02
2 8 1.048221823674323e+02 3.427695683928868e-16 5.630306687524737e-02
1 15 1.061579092114579e+02 7.600802591637468e-15 6.098982640226896e-02
0 20 1.068256915136150e+02 9.886732141196654e-18 6.688238253291372e-02
0 21 1.120728416205302e+02 1.044974168845084e-17 6.692926167932053e-02
1 16 1.130656192270446e+02 4.846960726394161e-18 6.092931432166725e-02
0 22 1.173169855494174e+02 1.295787173872931e-17 6.692554947233301e-02
2 9 1.173785010770235e+02 1.043457525215190e-14 5.630309084845400e-02
1 17 1.199785954690780e+02 4.797818857647254e-18 6.093627507157866e-02
0 23 1.225617315680031e+02 1.518818561261714e-17 6.692463948307799e-02
1 18 1.268918142356268e+02 5.151812412168500e-18 6.093268333535021e-02
0 24 1.278059961122067e+02 2.356259330522053e-17 6.692575387282115e-02
2 10 1.299344805800679e+02 6.232604830677667e-18 5.629970974575581e-02
0 25 1.330535526675570e+02 2.382726215389597e-17 6.692388062293841e-02
1 19 1.337991244683402e+02 5.193602932109924e-18 6.093432704263870e-02
0 26 1.382967809111932e+02 3.501557359106465e-17 6.692146341469460e-02
1 20 1.407147308669792e+02 4.756826712342340e-18 6.093632278094805e-02
2 11 1.424909390754024e+02 6.251167272645664e-18 5.630255016802931e-02
0 27 1.435405556777145e+02 4.952246921349449e-17 6.692326790211238e-02
1 21 1.476294785381930e+02 4.799674495412546e-18 6.092935498710884e-02
0 28 1.487839785589857e+02 7.211259181475801e-17 6.692905953275829e-02
0 29 1.540305831791652e+02 7.859873659133302e-17 6.686042645749145e-02
1 22 1.545390994088342e+02 4.880855418499155e-18 6.101224080890932e-02
2 12 1.550470585216952e+02 6.324433031229748e-18 5.631227413765606e-02
0 30 1.592737011931074e+02 1.139487861801861e-16 6.685509356150034e-02
1 23 1.614536860206450e+02 4.698930433285908e-18 6.101494907293367e-02
0 31 1.645174602793477e+02 1.555474007751375e-16 6.685392583914346e-02
2 13 1.676059335347899e+02 6.272189062094411e-18 5.630942593524033e-02
1 24 1.683674498228600e+02 4.838811252242115e-18 6.101514492197430e-02
0 32 1.697608672939057e+02 2.135367113035411e-16 6.685820750655341e-02
0 33 1.750055407798936e+02 2.521470976023142e-16 6.679792501845550e-02
1 25 1.752806910533455e+02 4.723964688739352e-18 6.111525211756410e-02
0 34 1.802494539228912e+02 3.205296984507516e-16 6.679640582504137e-02
2 14 1.801629623921572e+02 6.534890076154039e-18 5.630694250721079e-02
1 26 1.821942070112955e+02 2.626719269248223e-16 6.112302902227801e-02
0 35 1.854940340162576e+02 3.884986414132450e-16 6.679374736956874e-02
1 27 1.891067864200727e+02 4.706532376851620e-18 6.112628540685877e-02
0 36 1.907385747464948e+02 4.724005225467779e-16 6.679411231377451e-02
2 15 1.927192180583830e+02 1.929476531717204e-15 5.630375262819098e-02
0 37 1.959829431051087e+02 4.859738615618610e-16 6.677667872291050e-02
1 28 1.960203160474783e+02 4.799975643182750e-18 6.114353662557868e-02
0 38 2.012278758735157e+02 3.804983452059272e-16 6.678125172229377e-02
1 29 2.029320382562228e+02 6.358629028809631e-15 6.114300206568041e-02
2 16 2.052762483325931e+02 2.494219776421496e-15 5.630499494383439e-02
0 39 2.064731085028770e+02 3.084066169450790e-16 6.678073341376828e-02
1 30 2.098423525371537e+02 4.743777651148023e-18 6.114228541364428e-02
0 40 2.117184948021372e+02 2.538388688022860e-16 6.678570012690134e-02
1 31 2.167541737823301e+02 4.689380430262279e-18 6.112693686211362e-02
0 41 2.169634392733694e+02 1.953275159531011e-16 6.678112518091900e-02
2 17 2.178323790902215e+02 6.330116085535145e-18 5.631280730489849e-02
0 42 2.222091496380719e+02 1.640947630914512e-16 6.681009525893282e-02
1 32 2.236632451644921e+02 8.593283575244814e-16 6.107813212076866e-02
0 43 2.274546204492345e+02 1.349526700738745e-16 6.680660303473743e-02
2 18 2.303912302890246e+02 6.220857212335879e-18 5.630701255817076e-02
1 33 2.305719910672842e+02 4.709629233080649e-18 6.108180220059860e-02
0 44 2.327002963679694e+02 1.141225406860153e-16 6.680913820664061e-02
1 34 2.374825790167843e+02 4.758856818196902e-18 6.107917593224475e-02
0 45 2.379453430541729e+02 8.889280971982461e-17 6.681328845990135e-02
2 19 2.429484516972770e+02 6.228546263746392e-18 5.630800115357234e-02
0 46 2.431918235886427e+02 8.218116394188536e-17 6.686494337674699e-02
1 35 2.443908150452389e+02 4.895186577040374e-16 6.100660092866424e-02
0 47 2.484368950627633e+02 6.373879935878386e-17 6.686127700085510e-02
1 36 2.513018064180973e+02 4.761828980572094e-18 6.101731313900764e-02
0 48 2.536824768566948e+02 5.238611707270539e-17 6.685918250501213e-02
2 20 2.555040404805586e+02 6.266182577425035e-18 5.630386918218815e-02
1 37 2.582134039199775e+02 4.762606458014812e-18 6.101262749503941e-02
0 49 2.589272943775033e+02 3.977074852147589e-17 6.686112137544255e-02
0 50 2.641746205863108e+02 4.198611577648943e-17 6.690113469900910e-02
1 38 2.651208639166180e+02 3.663961719429409e-17 6.095552139797866e-02
2 21 2.680606371129113e+02 6.785457161250186e-18 5.630446080037304e-02
0 51 2.694186579258237e+02 2.913077874220189e-17 6.689931334540683e-02
1 39 2.720342185426475e+02 4.742605466963830e-18 6.096006716574124e-02
0 52 2.746633037532304e+02 2.125636573827637e-17 6.690210316133163e-02
1 40 2.789477678690533e+02 5.017599671015888e-18 6.095010202934781e-02
0 53 2.799074121877366e+02 1.392347221935917e-17 6.690123216273709e-02
2 22 2.806164154078160e+02 7.664187898327246e-15 5.630861475872134e-02
0 54 2.851548914199033e+02 1.541506986882666e-17 6.688532724533801e-02
1 41 2.858546787057254e+02 5.057382637112565e-15 6.096841244356400e-02
0 55 2.903980949867089e+02 9.620547093625681e-18 6.688108894594232e-02
1 42 2.927699711825877e+02 4.750346602938400e-18 6.096221644257425e-02
2 23 2.931735484382673e+02 4.450370325446301e-16 5.631157492108344e-02
0 56 2.956418464901694e+02 7.426731190608340e-18 6.688103796204523e-02
1 43 2.996840226432303e+02 4.842471656052947e-18 6.095527317583928e-02
0 57 3.008851402465687e+02 5.316878027990164e-18 6.688631984325911e-02
2 24 3.057322943874401e+02 6.261986547631653e-18 5.631495342935395e-02
0 58 3.061312143026388e+02 4.836169594232793e-18 6.681849674570252e-02
1 44 3.065933976138774e+02 1.868267076516688e-16 6.106318398784072e-02
0 59 3.113745327581552e+02 4.619055972148016e-18 6.681590580480014e-02
1 45 3.135086866417249e+02 4.867546717755319e-18 6.107754694805586e-02
0 60 3.166185524794288e+02 4.150492942103638e-18 6.681098047259616e-02
2 25 3.182883857859987e+02 6.260906212461102e-18 5.630864887263458e-02
1 46 3.204230311435565e+02 5.044444603963075e-18 6.107760543796131e-02
0 61 3.218621358266992e+02 4.452004730304558e-18 6.681298629469196e-02
0 62 3.271066496493215e+02 4.011774870957850e-18 6.675897082139709e-02
1 47 3.273367457987792e+02 4.740428207294571e-18 6.116053798224385e-02
2 26 3.308454329749858e+02 6.318507452723723e-18 5.630858412507195e-02
0 63 3.323507703534218e+02 3.997106398673497e-18 6.675863561187964e-02
1 48 3.342501288702484e+02 5.294448913523686e-18 6.116601401612597e-02
0 64 3.375954731590649e+02 4.072839837655614e-18 6.675909168644727e-02
1 49 3.411623609553640e+02 5.536390233749315e-18 6.116443988581493e-02
0 65 3.428400780136280e+02 4.075536226139092e-18 6.675846847291637e-02
2 27 3.434019463781273e+02 6.249822491043293e-18 5.631159932558751e-02
0 66 3.480844437445277e+02 3.913901638929913e-18 6.674584708705664e-02
1 50 3.480754417862693e+02 4.834175487865473e-18 6.116942038740619e-02
0 67 3.533295529202642e+02 3.982321968047355e-18 6.675211407341711e-02
1 51 3.549868762323121e+02 5.004986109074229e-18 6.115260286139516e-02
2 28 3.559587958934063e+02 6.290613787577209e-18 5.631357081667140e-02
0 68 3.585748699836510e+02 4.277561256752707e-18 6.674962720762748e-02
1 52 3.618960438052904e+02 4.855779421988852e-18 6.115094713423118e-02
0 69 3.638202567423315e+02 4.650162926492054e-18 6.675368693097132e-02
