0 0 1.893058952551742e+00 3.894453637193387e-18 6.864769514866735e-02
1 0 2.264312425074673e+00 4.835206473004409e-18 6.621039075316459e-02
2 0 4.605906643620173e+00 1.913352270061566e-15 5.187457471598854e-02
0 1 7.134991979439653e+00 4.095326101427999e-18 6.864439445016700e-02
1 1 9.184104658199969e+00 3.502955708068693e-17 6.621557462358611e-02
0 2 1.237762913025092e+01 3.990833168995880e-18 6.864622241190710e-02
1 2 1.610271211450465e+01 7.030644640503954e-15 6.620789957977358e-02
2 1 1.716248274235812e+01 8.052034008192061e-14 5.187640511913250e-02
0 3 1.761980651978317e+01 4.488820938460979e-18 6.865181447122937e-02
0 4 2.286640258060084e+01 5.121993385721299e-18 6.852223360375115e-02
1 3 2.301488288830300e+01 4.419372659286982e-18 6.641498802397629e-02
0 5 2.808793395076940e+01 3.145720096946264e-17 6.851477797246058e-02
2 2 2.971888145043801e+01 7.056220154618952e-18 5.187565824125367e-02
1 4 2.998655018891619e+01 4.485353377944579e-18 6.642785392484292e-02
0 6 3.331006313559832e+01 8.965015474782619e-17 6.851162039511874e-02
1 5 3.695634408913296e+01 1.063774531829181e-17 6.642887782191026e-02
0 7 3.853196104704949e+01 6.586338384255135e-18 6.851482401506973e-02
2 3 4.227730176010360e+01 6.871666961572555e-18 5.187605241234188e-02
0 8 4.375692007013004e+01 3.890886529402441e-18 6.843537473527542e-02
1 6 4.392207638040273e+01 1.077275155200418e-13 6.656399756725390e-02
0 9 4.896042476274540e+01 4.019051426718912e-18 6.843418930199283e-02
1 7 5.094202853292070e+01 4.341993550414850e-18 6.658452412409084e-02
0 10 5.416451265519999e+01 2.162066601288140e-15 6.843189251906656e-02
2 4 5.483176239529245e+01 6.761583307196510e-18 5.187054237078086e-02
1 8 5.795978587725993e+01 4.432768762033148e-17 6.657938803057051e-02
0 11 5.936826558538170e+01 4.265918873500851e-18 6.843373590571980e-02
0 12 6.457278147859542e+01 9.987450275328999e-18 6.843877786807433e-02
1 9 6.497754227734173e+01 4.497245918947561e-18 6.655884357468585e-02
2 5 6.738757594725983e+01 6.794065991146712e-18 5.187236151114370e-02
0 13 6.977217034692646e+01 5.396476536907768e-17 6.843554723273328e-02
1 10 7.200713036592153e+01 2.804702793078573e-14 6.656379026891408e-02
0 14 7.497216732276055e+01 4.189073974213095e-18 6.843842863763427e-02
1 11 7.903598767314146e+01 4.696277851356010e-18 6.655518911444624e-02
2 6 7.994309465648251e+01 1.809756936302145e-13 5.187387467863260e-02
0 15 8.017164233459431e+01 4.404378350173598e-17 6.844327466558735e-02
0 16 8.537161084256421e+01 4.404061675138839e-18 6.845642975201070e-02
1 12 8.606475600194872e+01 1.372504176693790e-17 6.653196150272876e-02
0 17 9.056991446467688e+01 4.821498181176329e-18 6.844991175850165e-02
2 7 9.249850262987047e+01 2.373788033252031e-15 5.187368330483492e-02
1 13 9.309702886120118e+01 8.500164138529268e-18 6.654053819518171e-02
0 18 9.576860800724442e+01 8.195269050439813e-17 6.844951526787477e-02
1 14 1.001286392488944e+02 4.977654824173970e-18 6.654884265298604e-02
0 19 1.009669000276774e+02 4.053517185680410e-18 6.845211732933298e-02
2 8 1.050565945399035e+02 4.187162162809298e-14 5.186870075556632e-02
0 20 1.061658388384500e+02 4.337333222668270e-18 6.846920337979674e-02
1 15 1.071590614481204e+02 6.556445185120532e-14 6.652960652751568e-02
0 21 1.113642257736636e+02 1.456709328514609e-17 6.846834195306482e-02
1 16 1.141916385434496e+02 4.330213690103195e-18 6.652452140375596e-02
0 22 1.165628741875480e+02 4.262526958626410e-18 6.846827368210348e-02
2 9 1.176117019339627e+02 6.749240636896154e-18 5.187569318393109e-02
1 17 1.212245884667581e+02 9.850726687004089e-18 6.652083288936972e-02
0 23 1.217611462260962e+02 1.986887621875721e-17 6.846510072729699e-02
0 24 1.269610454494941e+02 2.753808323892687e-17 6.848051575914831e-02
1 18 1.282535519413641e+02 8.241254806789500e-18 6.649036118546221e-02
2 10 1.301674387277718e+02 6.865605047081902e-18 5.187577299071733e-02
0 25 1.321608424271565e+02 4.187134801643289e-18 6.847818189019599e-02
1 19 1.352820772838413e+02 5.235644817520416e-18 6.648780309081125e-02
0 26 1.373607294730490e+02 2.731063956641231e-14 6.848505080730231e-02
1 20 1.423113980573065e+02 9.689258590854166e-14 6.649529657010476e-02
0 27 1.425605136217400e+02 4.550941632021871e-18 6.847548151745443e-02
2 11 1.427227147566602e+02 6.754990493841793e-18 5.187637978017339e-02
0 28 1.477644539752194e+02 3.909763067761905e-18 6.849401238154205e-02
1 21 1.493290447337656e+02 4.460819908684267e-18 6.646466386762394e-02
0 29 1.529687372463684e+02 5.334435642207817e-17 6.848806114013294e-02
2 12 1.552785644821697e+02 6.886203159486325e-18 5.187694950708270e-02
1 22 1.563459307864032e+02 4.914203861174862e-17 6.646568487245587e-02
0 30 1.581728527337764e+02 9.204549638970409e-18 6.849117413485413e-02
0 31 1.633787128795484e+02 3.995247935084757e-18 6.840629073872942e-02
1 23 1.633616643065918e+02 5.207179301252672e-18 6.660226995176105e-02
2 13 1.678357329139323e+02 1.686624887522017e-14 5.186047670703383e-02
0 32 1.686014178509448e+02 4.020316079454821e-18 6.841627900121149e-02
1 24 1.703298962588182e+02 4.405030095125038e-18 6.659783248461129e-02
0 33 1.738246213090991e+02 3.401320526947156e-15 6.841507160087612e-02
1 25 1.772976599657330e+02 4.736523171256280e-18 6.658484782069887e-02
0 34 1.790476849458801e+02 2.814844251060448e-15 6.841634566547794e-02
2 14 1.803922838458289e+02 3.246989926952331e-15 5.186739563556073e-02
0 35 1.842725855985483e+02 4.555531416412671e-18 6.831726644670494e-02
1 26 1.842639556396052e+02 4.409531828666158e-18 6.670733669763373e-02
0 36 1.895151770114835e+02 3.960134306685098e-18 6.832389418900077e-02
1 27 1.911824551941433e+02 4.400774755894494e-18 6.669611291747937e-02
2 15 1.929491202941418e+02 2.920521803110078e-14 5.186773250177636e-02
0 37 1.947581557559781e+02 4.019331930579926e-18 6.832224531987108e-02
1 28 1.980996812686775e+02 7.103705946309696e-18 6.669149686936458e-02
0 38 2.000010831143324e+02 3.947639022712174e-18 6.832992083259043e-02
1 29 2.050178985637748e+02 3.326966747167267e-14 6.669964179643688e-02
0 39 2.052439314758208e+02 4.011406604195708e-18 6.831966747877173e-02
2 16 2.055054906772934e+02 7.035857586233716e-18 5.186808820419743e-02
0 40 2.104917944385267e+02 3.942882725948668e-18 6.834495723912840e-02
1 30 2.119229083151969e+02 4.856107962601624e-18 6.665724611976154e-02
0 41 2.157398348971672e+02 4.093130418324099e-18 6.833856539611581e-02
2 17 2.180622630185329e+02 6.831052638823026e-18 5.186801155487349e-02
1 31 2.188272226667120e+02 6.107668694017929e-18 6.666102710443625e-02
0 42 2.209879113969453e+02 4.012888583184287e-18 6.834063440749882e-02
1 32 2.257321347393819e+02 1.145284584167428e-14 6.667503779839365e-02
0 43 2.262356555661770e+02 5.193281936694002e-18 6.834060827147434e-02
2 18 2.306210064807527e+02 6.757244337913027e-18 5.186244851054149e-02
0 44 2.314852575766495e+02 3.896798625659002e-18 6.836528331830985e-02
1 33 2.326323769650677e+02 4.741716787393702e-18 6.664430872035693e-02
0 45 2.367345105576713e+02 3.951800248819358e-18 6.836364642213062e-02
1 34 2.395342154717508e+02 1.468599164325861e-16 6.664598759731036e-02
0 46 2.419840789023139e+02 4.525356474212242e-18 6.836297087639621e-02
2 19 2.431769231283976e+02 6.780404078244558e-18 5.186445338406545e-02
1 35 2.464361216110951e+02 4.402197943775665e-18 6.664002800869405e-02
0 47 2.472331234084992e+02 4.021796485487798e-18 6.836294716804454e-02
0 48 2.524832828791731e+02 4.361701299585993e-18 6.838015042936256e-02
1 36 2.533364273169626e+02 4.436867781450658e-18 6.660374377226408e-02
2 20 2.557336556815423e+02 6.453849238861592e-14 5.186682630420578e-02
0 49 2.577321767490054e+02 4.070581911378448e-18 6.837755381424178e-02
1 37 2.602386455208906e+02 2.457410251450349e-17 6.660685390250043e-02
0 50 2.629815937273590e+02 4.379981174178176e-18 6.838209368471342e-02
1 38 2.671406860716703e+02 4.444563920401192e-18 6.659701809706971e-02
0 51 2.682304327435340e+02 4.203861502135574e-18 6.838635425695014e-02
2 21 2.682900038858971e+02 4.183238338992229e-15 5.186773449889999e-02
0 52 2.734801200905116e+02 4.202740045324629e-18 6.840012185559201e-02
1 39 2.740421097033563e+02 1.827891750018560e-14 6.657107784242873e-02
0 53 2.787268011753941e+02 3.888556538427874e-18 6.839364641285736e-02
2 22 2.808461931785085e+02 5.621510928682283e-15 5.186570076313685e-02
1 40 2.809498623699998e+02 7.353244350274340e-18 6.658007469189428e-02
0 54 2.839740391991824e+02 4.030674113138096e-18 6.839202865355258e-02
1 41 2.878564508512010e+02 4.323496959919144e-18 6.657648650948396e-02
0 55 2.892209385745506e+02 3.969585823393789e-18 6.839685755863979e-02
2 23 2.934038834338602e+02 7.057917243511090e-18 5.186967068316230e-02
0 56 2.944692358434730e+02 4.029751393666141e-18 6.839204755674171e-02
1 42 2.947618034592866e+02 2.098326659742811e-16 6.659091937272379e-02
0 57 2.997080291583199e+02 4.357725971311838e-18 6.839090767800558e-02
1 43 3.016900177923598e+02 2.246505210247339e-17 6.662462129833101e-02
0 58 3.049474723064528e+02 3.892606534087423e-18 6.838755534966781e-02
2 24 3.059602497060006e+02 6.915267592426204e-18 5.185338471262091e-02
1 44 3.086160443904349e+02 4.642276698524599e-18 6.662118172424088e-02
0 59 3.101866160735696e+02 3.895335240617950e-18 6.838951469585955e-02
0 60 3.154310763108523e+02 4.476241159890231e-18 6.816777214002076e-02
1 45 3.155350517079352e+02 4.691647621849502e-18 6.696081655689332e-02
2 25 3.185171761234965e+02 6.752286932519401e-18 5.185789590910506e-02
0 61 3.206490412423340e+02 4.368377280942670e-18 6.816326241262063e-02
1 46 3.225160488771547e+02 4.355387176241674e-18 6.697109582229821e-02
0 62 3.258676552347901e+02 2.176940354047725e-17 6.816527355980317e-02
1 47 3.294955608535183e+02 1.667010947109087e-17 6.696184597987681e-02
0 63 3.310859343495223e+02 4.759716615526375e-17 6.817013693414881e-02
2 26 3.310739616603030e+02 6.776283628916005e-18 5.186028821876623e-02
0 64 3.363068107326849e+02 4.785562714432584e-18 6.809575250543710e-02
1 48 3.364719532889674e+02 7.419740640973157e-15 6.707687832819412e-02
0 65 3.415088985684021e+02 3.832797780534620e-18 6.808755110835311e-02
1 49 3.434940250740679e+02 4.630196501307129e-18 6.708903893054387e-02
2 27 3.436303114346508e+02 6.962575592462441e-18 5.185743602960879e-02
0 66 3.467115327748410e+02 6.890694242444140e-16 6.808531132011977e-02
1 50 3.505146074097113e+02 3.624021404449207e-17 6.708383793149107e-02
0 67 3.519139016391041e+02 4.280047297554385e-18 6.809033718303524e-02
2 28 3.561879705160132e+02 2.165498091101767e-15 5.186253844549121e-02
0 68 3.571168321716155e+02 4.348684430739858e-18 6.809710061294597e-02
1 51 3.575354297380368e+02 4.295279491684316e-18 6.707913213772379e-02
0 69 3.623152771673119e+02 1.440651570321182e-16 6.809558888823904e-02
1 52 3.645676022538956e+02 1.034998451157855e-13 6.711623648112847e-02
