0 0 1.789995502362916e+00 4.030655493856169e-18 6.920572024421359e-02
1 0 2.503019019953333e+00 2.419658233739429e-16 6.376368327919835e-02
2 0 4.514393332981993e+00 6.650093016701548e-18 5.428386592046649e-02
0 1 7.035386442025393e+00 4.053747000415829e-18 6.920340728667163e-02
1 1 9.413764279598857e+00 4.614280668996926e-18 6.376714585410841e-02
0 2 1.228146141724639e+01 3.876350732582012e-18 6.920420759132667e-02
1 2 1.632373548531351e+01 4.568864476909903e-18 6.375486632249854e-02
2 1 1.707107936604965e+01 6.486747009738722e-18 5.429091595950071e-02
0 3 1.752712315754883e+01 4.067099346957555e-18 6.920971487323364e-02
0 4 2.277332304195219e+01 3.861269457237184e-18 6.917921149790179e-02
1 3 2.323301839113655e+01 2.387263200947619e-16 6.379820567941488e-02
0 5 2.801820922795719e+01 3.884175194227140e-18 6.917642241584812e-02
2 2 2.962817788635304e+01 6.588060760543936e-18 5.428881684049914e-02
1 4 3.014500629577719e+01 4.639001257853592e-18 6.380466207376170e-02
0 6 3.326358957600067e+01 3.944529717909787e-18 6.917258354633930e-02
1 5 3.705606860153814e+01 4.578354000808399e-18 6.380914414895593e-02
0 7 3.850890321171151e+01 4.379821637615069e-18 6.917464582455504e-02
2 3 4.218508623988325e+01 6.517345392208095e-18 5.428703319830015e-02
0 8 4.375408915675037e+01 3.949792654769355e-18 6.915288014557269e-02
1 6 4.396806017259309e+01 2.385403548506140e-14 6.384482254823978e-02
0 9 4.899730008832066e+01 3.860361568003172e-18 6.916191304671913e-02
1 7 5.088563886407397e+01 5.128219937255865e-18 6.385237930272587e-02
0 10 5.424069286198539e+01 4.473599653081655e-18 6.915869381181526e-02
2 4 5.474095907412531e+01 3.157367202461736e-14 5.428351292381588e-02
1 8 5.780176678046033e+01 4.926365216609955e-18 6.385384325603791e-02
0 11 5.948407974513135e+01 3.857626029078494e-18 6.915929449679672e-02
0 12 6.472705830792587e+01 3.966597320303474e-18 6.915268797240501e-02
1 9 6.471949705585529e+01 4.601011300945789e-18 6.385146664400926e-02
2 5 6.729741164388446e+01 6.706969661605987e-18 5.428132443650414e-02
0 13 6.996668578753962e+01 3.784085373156246e-18 6.918091187221863e-02
1 10 7.164625170369288e+01 5.073199562330365e-18 6.381862982230264e-02
0 14 7.520605171219630e+01 3.848216827466915e-18 6.917903829490954e-02
1 11 7.857256035406517e+01 1.392085848051891e-15 6.381034494133046e-02
2 6 7.985392125686401e+01 6.494662909580160e-18 5.428955305812257e-02
0 15 8.044551556768444e+01 3.784072484825074e-18 6.918319699850914e-02
1 12 8.549972252396248e+01 4.654656039712019e-18 6.380021141964638e-02
0 16 8.568435799791585e+01 4.416099182894391e-18 6.918801700961347e-02
0 17 9.092231991644449e+01 1.141836784429718e-14 6.930845837214056e-02
1 13 9.243178348405806e+01 5.362737404554101e-18 6.361930692962084e-02
2 7 9.241098813806961e+01 6.469258213875724e-18 5.428607601231846e-02
0 18 9.615774519740849e+01 1.961613028388323e-15 6.930300415145822e-02
1 14 9.936727381434493e+01 4.661981286895345e-18 6.362283916316873e-02
0 19 1.013935373006026e+02 1.625495681612959e-16 6.930325245417350e-02
2 8 1.049680626350826e+02 6.461097513288313e-18 5.428776618681500e-02
1 15 1.063039142084350e+02 4.749737596381740e-18 6.361896392950837e-02
0 20 1.066286775479835e+02 2.699690742688676e-15 6.930771329243199e-02
0 21 1.118713123813728e+02 3.306825839832672e-14 6.942406339535388e-02
1 16 1.132258696987963e+02 1.292109036734415e-15 6.345742613826753e-02
0 22 1.171095602588679e+02 4.151206849199183e-18 6.942029878003912e-02
2 9 1.175239357188557e+02 6.504198217157725e-18 5.428372031480039e-02
1 17 1.201546776745654e+02 6.775172789409468e-18 6.346382210870653e-02
0 23 1.223481508305312e+02 3.964096381108418e-18 6.941937977305225e-02
1 18 1.270844978463852e+02 4.578630956458134e-18 6.345907198556260e-02
0 24 1.275861870583196e+02 4.452626565619839e-18 6.942015868271503e-02
2 10 1.300802523179919e+02 6.469998505072948e-18 5.428013179821629e-02
0 25 1.328314317338526e+02 3.772358567680788e-18 6.942163555462300e-02
1 19 1.339984468363450e+02 4.526487853729033e-18 6.345357127864189e-02
0 26 1.380740860057283e+02 3.843957824232543e-18 6.941921674384086e-02
1 20 1.409164788731914e+02 4.940536250040230e-18 6.345078688604876e-02
2 11 1.426365852190832e+02 7.888690627428707e-14 5.428691321240733e-02
0 27 1.433171339509354e+02 4.152237881466389e-18 6.942160515788147e-02
1 21 1.478343437512977e+02 4.302823640353191e-15 6.344201402179329e-02
0 28 1.485595964378425e+02 3.938399765990553e-18 6.942774354550345e-02
0 29 1.538056752511489e+02 3.939484871380744e-18 6.939288628986161e-02
1 22 1.547449221906113e+02 5.001473255415882e-18 6.348442195396695e-02
2 12 1.551934876674617e+02 2.406632652566646e-17 5.428728022515112e-02
0 30 1.590503540654585e+02 4.081973684710824e-18 6.938771335991460e-02
1 23 1.616569524752470e+02 4.643746448463838e-18 6.348785050241273e-02
0 31 1.642956555920245e+02 3.851731417095350e-18 6.938560164407655e-02
2 13 1.677507913848212e+02 8.233725109918091e-14 5.428756723705967e-02
1 24 1.685687851815231e+02 5.094993977986546e-17 6.348588108212354e-02
0 32 1.695404761624987e+02 4.079132315141775e-18 6.939034602680892e-02
0 33 1.747870020996900e+02 3.875138585392945e-18 6.935969164075471e-02
1 25 1.754783460968888e+02 4.891072865757633e-18 6.354697283772150e-02
0 34 1.800323514146271e+02 4.499847943022816e-18 6.935793796382944e-02
2 14 1.803069412134008e+02 6.612621398083806e-18 5.428427310145232e-02
1 26 1.823893740766714e+02 5.023542290511305e-18 6.355503898311332e-02
0 35 1.852782150714855e+02 3.851076821909873e-18 6.935469341351638e-02
1 27 1.892999769338773e+02 2.129857205388171e-16 6.355780613389797e-02
0 36 1.905238439578890e+02 4.053141230416053e-18 6.935552383812542e-02
2 15 1.928632045770972e+02 6.511859305466703e-18 5.427949019319476e-02
0 37 1.957699888010800e+02 3.869023636766732e-18 6.932376588843879e-02
1 28 1.962100282457378e+02 4.532664826361015e-18 6.360385520668108e-02
0 38 2.010149480954612e+02 3.798639137880970e-18 6.932449188013254e-02
1 29 2.031228491803085e+02 4.780113343046526e-18 6.360292031966586e-02
2 16 2.054195093057227e+02 6.466292135544329e-18 5.428412881019797e-02
0 39 2.062603081171060e+02 3.863343476283898e-18 6.932414947553428e-02
1 30 2.100340844945618e+02 2.787080655987941e-16 6.359964546628269e-02
0 40 2.115055529921142e+02 4.390920944840351e-18 6.933071438113089e-02
0 41 2.167506526543919e+02 4.308260718805127e-18 6.930795816377409e-02
1 31 2.169462919375120e+02 4.650574984655812e-18 6.361858484070458e-02
2 17 2.179760575019502e+02 6.458154618403744e-18 5.428720887896996e-02
0 42 2.219937464953187e+02 4.157564616483294e-18 6.931070814227291e-02
1 32 2.238631764122400e+02 5.062931389370923e-18 6.361363947208744e-02
0 43 2.272371381245833e+02 6.613475236043409e-18 6.930582638858093e-02
2 18 2.305333827203335e+02 6.458098870618895e-18 5.428419912360324e-02
1 33 2.307788274965481e+02 4.066584920316727e-14 6.361611160137892e-02
0 44 2.324805729684621e+02 8.776568398993389e-18 6.930932153227300e-02
0 45 2.377236370974509e+02 1.419354903964854e-17 6.931108782614485e-02
1 34 2.376959787784097e+02 8.024613841891238e-18 6.361613306231471e-02
0 46 2.429633885683144e+02 3.642260034566767e-17 6.934468453434016e-02
2 19 2.430898580435097e+02 6.769315403979782e-17 5.428564524597342e-02
1 35 2.446223862196961e+02 5.441294999364052e-18 6.358090996650798e-02
0 47 2.482026188028637e+02 9.216077464074031e-17 6.933974023316777e-02
1 36 2.515488310778848e+02 4.602458057639811e-18 6.359299571875697e-02
0 48 2.534421179948171e+02 2.165058795374355e-16 6.933913453903770e-02
2 20 2.556461556129766e+02 3.616077073553282e-14 5.427960676988554e-02
1 37 2.584763454493850e+02 4.535350852186395e-18 6.358737655842553e-02
0 49 2.586810255982975e+02 5.124729030146256e-17 6.934099518193011e-02
0 50 2.639193611527131e+02 3.189102858876745e-17 6.946938915976668e-02
1 38 2.654086065840834e+02 1.392405716615596e-14 6.339887061768970e-02
2 21 2.682024537500835e+02 6.469118005004315e-18 5.428204488056376e-02
0 51 2.691548309620254e+02 1.251106845850378e-17 6.946753313986319e-02
1 39 2.723443747930594e+02 6.995911454388324e-18 6.340165418400617e-02
0 52 2.743906329499156e+02 6.130312031050333e-18 6.947303847462931e-02
1 40 2.792812534135874e+02 4.778650280197799e-16 6.338490134980078e-02
0 53 2.796257940180270e+02 3.847161518696394e-18 6.947447439167354e-02
2 22 2.807588168208674e+02 6.461590801456737e-18 5.428488969166455e-02
0 54 2.848685393376958e+02 3.843268712642731e-18 6.958143609409199e-02
1 41 2.862021279016075e+02 4.745384874876697e-18 6.321405060109242e-02
0 55 2.901067890242377e+02 4.143750288700750e-18 6.957554892024395e-02
1 42 2.931304666328732e+02 4.872206978384406e-18 6.321631862170247e-02
2 23 2.933161564623127e+02 6.461288987824244e-18 5.428292028380795e-02
0 56 2.953454352049429e+02 3.869010484206896e-18 6.957728981017426e-02
1 43 3.000594432208005e+02 4.602279593435294e-18 6.320804214907848e-02
0 57 3.005835893812435e+02 4.439762708072272e-18 6.958476420542009e-02
0 58 3.058288501986304e+02 3.764048010439857e-18 6.958127452352834e-02
2 24 3.058729017774439e+02 6.603760080992713e-18 5.428629536681063e-02
1 44 3.069729626358672e+02 6.808803416429793e-18 6.321595167397867e-02
0 59 3.110713357468232e+02 3.958397720250074e-18 6.957631332433889e-02
1 45 3.138909179929553e+02 5.081938931523253e-18 6.323189185086442e-02
0 60 3.163143805656143e+02 3.962973452855985e-18 6.957385490583561e-02
2 25 3.184293110236115e+02 6.499380358643067e-18 5.428009552839026e-02
1 46 3.208090446177987e+02 4.755511643035056e-18 6.322793128551979e-02
0 61 3.215568787365552e+02 3.764272544577688e-18 6.957658798422589e-02
0 62 3.268029857454420e+02 3.971437590932512e-18 6.954080372832891e-02
1 47 3.277204333920707e+02 4.593902511614827e-18 6.328478102362599e-02
2 26 3.309855541381107e+02 4.962118864882172e-17 5.428107060159348e-02
0 63 3.320476907120527e+02 4.147162056442252e-18 6.953935105017599e-02
1 48 3.346330226226228e+02 1.261658599950701e-14 6.329082294015086e-02
0 64 3.372929896086013e+02 4.299757057236760e-18 6.954305987866084e-02
1 49 3.415454531148670e+02 5.299207812325516e-18 6.327948642556958e-02
0 65 3.425378165119961e+02 4.728661047509390e-18 6.954517038238599e-02
2 27 3.435417337151359e+02 1.307517478361442e-14 5.428214985680053e-02
0 66 3.477841277862822e+02 4.377154719595117e-18 6.950681637889833e-02
1 50 3.484549992132187e+02 5.046366141114360e-18 6.333051335261820e-02
0 67 3.530295074876556e+02 4.328311102082312e-18 6.950244811912236e-02
1 51 3.553658362363428e+02 4.620750250836786e-16 6.332728800827088e-02
2 28 3.560987536565399e+02 6.564993447605273e-18 5.428392181376254e-02
0 68 3.582754487149502e+02 4.806949891484884e-18 6.950145815501191e-02
1 52 3.622755399323444e+02 4.606277462283361e-18 6.332092158053422e-02
0 69 3.635212277277820e+02 4.148745691154531e-18 6.950848831059349e-02
