0 0 1.798361259182144e+00 4.400449627001123e-18 6.718867013788955e-02
1 0 2.355004422735215e+00 6.058862179892443e-18 6.360359361442540e-02
2 0 4.517540238135326e+00 6.366334062018731e-18 5.588030301601620e-02
0 1 7.042016929821421e+00 3.971834552018766e-18 6.718609311227983e-02
1 1 9.270028937677740e+00 4.677839027822815e-18 6.360760895188633e-02
0 2 1.228634699186565e+01 4.117761905342331e-18 6.718595043361031e-02
1 2 1.618417785055853e+01 4.838351493523092e-18 6.359650095713366e-02
2 1 1.707384628041677e+01 6.271498007459364e-18 5.588682385201260e-02
0 3 1.753026176402838e+01 4.541706305465242e-18 6.719158289886625e-02
0 4 2.277561202252994e+01 4.409591561268847e-18 6.713368520154868e-02
1 3 2.309610970174766e+01 5.223238401766762e-18 6.368492895495441e-02
0 5 2.801759412369240e+01 4.247986278677671e-18 6.712922277949240e-02
2 2 2.963081564292052e+01 6.336793982879598e-18 5.588372412510619e-02
1 4 3.001512694709482e+01 4.952413304114786e-15 6.369416147641399e-02
0 6 3.326011182948706e+01 4.488919204463253e-18 6.712543901338917e-02
1 5 3.693298255392271e+01 4.599736845542010e-18 6.370219259548926e-02
0 7 3.850246535457121e+01 4.292723488469483e-18 6.712796767189382e-02
2 3 4.218843047223801e+01 6.280726141918155e-18 5.587873734555963e-02
0 8 4.374509239808119e+01 4.065766948422063e-18 6.708852828029430e-02
1 6 4.385120649940244e+01 4.568593626803824e-18 6.376332289147067e-02
0 9 4.898661243380345e+01 4.002443131101443e-18 6.709323159654575e-02
1 7 5.077272767721616e+01 1.680208723081077e-15 6.377495377075726e-02
0 10 5.422847206406536e+01 4.760359510028777e-18 6.708947623578683e-02
2 4 5.474412051830566e+01 1.674354666919275e-14 5.587825186554352e-02
1 8 5.769262869729023e+01 4.579965779429708e-18 6.377497771807186e-02
0 11 5.947018279229325e+01 3.961526107498143e-18 6.709003066949994e-02
1 9 6.461391708126055e+01 4.827575298526067e-18 6.376840954554565e-02
0 12 6.471161457372908e+01 4.089115224429776e-18 6.708633888608165e-02
2 5 6.730081276403236e+01 4.154345878459404e-17 5.587693132243157e-02
0 13 6.995475765743514e+01 4.377352339924716e-18 6.712062731870017e-02
1 10 7.153123794676804e+01 4.831336140443396e-18 6.371948388947571e-02
0 14 7.519783823303317e+01 5.440717587088728e-18 6.711847442826979e-02
1 11 7.844787174654937e+01 5.980977274233245e-18 6.371337838147526e-02
2 6 7.985729301248416e+01 3.761674227777437e-14 5.588294099872387e-02
0 15 8.044097878279995e+01 3.953511979413052e-18 6.712266054312814e-02
1 12 8.536538875698385e+01 4.630428227180900e-18 6.370497271316614e-02
0 16 8.568364340353847e+01 3.514659201091379e-14 6.712754860048359e-02
0 17 9.092927580591893e+01 2.073080137546557e-14 6.717882791782663e-02
1 13 9.227672651988800e+01 4.515169933441831e-18 6.362322667621466e-02
2 7 9.241376675862024e+01 6.528125752493995e-18 5.587985727635561e-02
0 18 9.617375037903552e+01 6.421913514764575e-15 6.717363879228663e-02
1 14 9.918870670454939e+01 4.664837319257079e-18 6.362610615836171e-02
0 19 1.014185475068380e+02 1.752922875081848e-15 6.717401433647358e-02
2 8 1.049719813510162e+02 6.293243005294829e-18 5.588143685404257e-02
1 15 1.061016101181956e+02 5.428186328802333e-14 6.362315413866097e-02
0 20 1.066627435961632e+02 1.906739505751643e-16 6.717801713236760e-02
0 21 1.119099666009922e+02 1.965861870420507e-16 6.721596286804916e-02
1 16 1.130099906725181e+02 5.059613677689873e-18 6.358513516738024e-02
0 22 1.171551935989621e+02 2.356151305333711e-17 6.721203942668710e-02
2 9 1.175278359319596e+02 6.277809967210355e-18 5.587662093506849e-02
1 17 1.199209023639885e+02 4.690363418609288e-18 6.359166441722942e-02
0 23 1.224007522395810e+02 5.810291980539234e-18 6.721045989117901e-02
1 18 1.268324519215570e+02 1.200761527967531e-14 6.358490122321200e-02
0 24 1.276458047013040e+02 4.763233052235171e-18 6.721188432040090e-02
2 10 1.300844595955936e+02 6.359543920284169e-18 5.587516836135333e-02
0 25 1.328933796224104e+02 4.709616044014862e-18 6.721716064360028e-02
1 19 1.337395770859437e+02 4.659098997423754e-18 6.357594966771699e-02
0 26 1.381384168633023e+02 2.831749996557129e-14 6.721458003783932e-02
1 20 1.406511360615727e+02 4.553360235387341e-18 6.357614437345163e-02
2 11 1.426411210100653e+02 6.221019305276509e-14 5.588036090271241e-02
0 27 1.433839507480423e+02 1.433700982918165e-14 6.721619333527504e-02
1 21 1.475622703325218e+02 2.437494429696412e-15 6.356784005514349e-02
0 28 1.486290889994933e+02 5.498188188484783e-15 6.722390769176013e-02
0 29 1.538763479532070e+02 5.496373363219069e-15 6.719511397867385e-02
1 22 1.544701674125974e+02 4.929397758503006e-18 6.360100530432895e-02
2 12 1.551971738211925e+02 4.612479865894869e-17 5.588052669455969e-02
0 30 1.591203034187074e+02 8.046982144468849e-16 6.719045583922201e-02
1 23 1.613837083577639e+02 4.554522647023350e-18 6.360473929097188e-02
0 31 1.643649029578850e+02 3.553545742500651e-16 6.718803004776788e-02
2 13 1.677548587177315e+02 6.904692456519948e-14 5.587938986037442e-02
1 24 1.682965010605882e+02 6.055980710547958e-17 6.360352749076849e-02
0 32 1.696091405443086e+02 2.735465454641883e-15 6.719269441377998e-02
0 33 1.748550143962123e+02 6.176389142016602e-15 6.713916558184457e-02
1 25 1.752077678725606e+02 4.587419878787051e-18 6.370331131803213e-02
0 34 1.800973320378484e+02 1.801182005282733e-17 6.713733947133195e-02
2 14 1.803114420621659e+02 6.504889775441924e-18 5.587429480465842e-02
1 26 1.821260420026877e+02 4.873514985123000e-18 6.371235053382775e-02
0 35 1.853401293397662e+02 4.264174678460857e-18 6.713370035674987e-02
1 27 1.890438016936768e+02 3.276768219067846e-14 6.371389884592343e-02
0 36 1.905827836983763e+02 7.181703383255406e-16 6.713486375997649e-02
2 15 1.928678544544002e+02 6.311390393985066e-18 5.587116675678495e-02
0 37 1.958258589698673e+02 7.108230664831983e-15 6.708706802596291e-02
1 28 1.959615017332787e+02 4.700165510103264e-18 6.378372878342610e-02
0 38 2.010671731599537e+02 4.095527870438341e-18 6.708699392573733e-02
1 29 2.028830374753686e+02 5.270130139120359e-18 6.378551605415032e-02
2 16 2.054245699054854e+02 6.272652647631687e-18 5.587614320450627e-02
0 39 2.063088840638189e+02 4.427853941461272e-18 6.708642908910914e-02
1 30 2.098031303639628e+02 4.505377045791341e-18 6.378254237996980e-02
0 40 2.115506646928499e+02 4.338520933420220e-18 6.709375562097984e-02
0 41 2.167921262834714e+02 4.376301638822615e-18 6.708752677531592e-02
1 31 2.167244586258270e+02 4.725864940497715e-18 6.377415991418139e-02
2 17 2.179803788919868e+02 6.269103129788570e-18 5.587632291928393e-02
0 42 2.220347803098442e+02 4.352898008462179e-18 6.711357816681511e-02
1 32 2.236425341018828e+02 1.819410568678442e-14 6.373493186612739e-02
0 43 2.272774623925684e+02 3.998801048008008e-18 6.710928826258120e-02
1 33 2.305597565144651e+02 5.147952950076183e-18 6.373640159508280e-02
2 18 2.305373763800170e+02 6.381028312758329e-18 5.587308377067558e-02
0 44 2.325202540390426e+02 3.896195178092684e-18 6.711230358001884e-02
1 34 2.374777709997916e+02 4.710482523714690e-18 6.373342906992900e-02
0 45 2.377626509361999e+02 4.175742531233416e-18 6.711665418382030e-02
0 46 2.430078866278479e+02 3.893377149270246e-18 6.717262268168445e-02
2 19 2.430948238331440e+02 8.312049439234253e-17 5.587690345669349e-02
1 35 2.443896561383331e+02 2.616460870365168e-17 6.365382918698381e-02
0 47 2.482520257308867e+02 4.262553706527597e-18 6.716817706668755e-02
1 36 2.513034416911458e+02 4.559025860380452e-18 6.366749025953818e-02
0 48 2.534965003131118e+02 3.968763921312138e-18 6.716735445644731e-02
2 20 2.556512975105353e+02 2.482169728002300e-14 5.586974626334321e-02
1 37 2.582178090155514e+02 4.658146064650021e-18 6.366297563258873e-02
0 49 2.587403824687087e+02 4.176995912223480e-18 6.716908093647896e-02
0 50 2.639872943474728e+02 4.579296934364911e-18 6.720694009562324e-02
1 38 2.651266049986815e+02 1.430926584394370e-14 6.360500047001884e-02
2 21 2.682080969558756e+02 6.379173647688801e-18 5.587392499696837e-02
0 51 2.692323364552901e+02 4.442431754647075e-18 6.720546048918365e-02
1 39 2.720379410932682e+02 4.571009397741991e-18 6.360856621274801e-02
0 52 2.744779450823637e+02 3.979294873276482e-18 6.721081662658432e-02
1 40 2.789496696798954e+02 4.580366567693459e-18 6.359598730169752e-02
0 53 2.797229377292900e+02 3.911371279620867e-18 6.721187859292449e-02
2 22 2.807640149078422e+02 6.316010261637252e-18 5.587404723728089e-02
0 54 2.849704565813757e+02 3.969808677114346e-18 6.721899871592714e-02
1 41 2.858566485714908e+02 5.011503693305640e-14 6.357936884617083e-02
0 55 2.902155477538543e+02 3.953797246921472e-18 6.721433817875078e-02
1 42 2.927677783407772e+02 4.804140312930090e-18 6.357970711129003e-02
2 23 2.933207554539966e+02 6.288695763341741e-18 5.587394832652305e-02
0 56 2.954611885180013e+02 4.128848515232632e-18 6.721457608958273e-02
1 43 2.996781256366359e+02 5.077788041420883e-18 6.357150434246331e-02
0 57 3.007064302187815e+02 4.127294417523009e-18 6.722063287709565e-02
0 58 3.059537608849417e+02 4.261324050813422e-18 6.720006225574419e-02
2 24 3.058781881118813e+02 6.272303895261521e-18 5.587783171745458e-02
1 44 3.065851644696488e+02 8.627982069311795e-15 6.360768552131739e-02
0 59 3.111979151117774e+02 4.208221575892431e-18 6.719705322207614e-02
1 45 3.134987104083657e+02 4.584400016779959e-18 6.362940723550771e-02
0 60 3.164427361804069e+02 4.625435947774314e-18 6.719346674752880e-02
2 25 3.184349854130666e+02 6.269778424430926e-18 5.586739294674999e-02
1 46 3.204112979817676e+02 4.598498917275152e-18 6.362728105982553e-02
0 61 3.216871681479014e+02 5.214082577103122e-18 6.719598850829840e-02
0 62 3.269332096483600e+02 5.755789631380408e-18 6.714339575581081e-02
1 47 3.273223754422326e+02 4.687305143089417e-18 6.370928106068578e-02
2 26 3.309915522754694e+02 1.073564174876331e-15 5.586937236435823e-02
0 63 3.321757741798369e+02 7.174481099769372e-18 6.714322137184929e-02
1 48 3.342402879360951e+02 5.431679647035998e-18 6.371594065092930e-02
0 64 3.374190880225992e+02 1.126198324665536e-17 6.714607334293046e-02
1 49 3.411570997680592e+02 4.831839774075507e-18 6.370828797467733e-02
0 65 3.426621195436213e+02 1.819647313176132e-17 6.714734058680646e-02
2 27 3.435473531512260e+02 7.945046646551189e-15 5.587043094424719e-02
0 66 3.479056207881559e+02 2.868612855797718e-17 6.709278594257435e-02
1 50 3.480737178863681e+02 4.562389714614701e-18 6.378379298932961e-02
0 67 3.531469190557929e+02 5.728381904237960e-17 6.709051939729946e-02
1 51 3.549950997389070e+02 4.549946557724626e-18 6.378270607131924e-02
2 28 3.561038008207432e+02 6.505056648452328e-18 5.587009562959391e-02
0 68 3.583887011878525e+02 1.035197055251391e-16 6.708834494336585e-02
1 52 3.619147347971263e+02 1.930513710724805e-16 6.377833977408626e-02
0 69 3.636304955221481e+02 2.626757647088533e-17 6.709312689665103e-02
