0 0 1.860336396974720e+00 3.578137029621869e-18 7.372104832101777e-02
1 0 2.374895002436093e+00 4.488547714894941e-18 6.541304634456872e-02
2 0 4.191955192529011e+00 6.514584071969131e-18 5.376396036584429e-02
0 1 7.102594621845941e+00 3.661897154570409e-18 7.371790553417762e-02
1 1 9.291508160448245e+00 3.157757356945860e-14 6.541673620417640e-02
0 2 1.234544780105346e+01 3.632217060634602e-18 7.371972598332863e-02
1 2 1.620717636724249e+01 4.485867345804573e-18 6.540501324808846e-02
2 1 1.674991749064185e+01 6.698845510823841e-18 5.376813373909840e-02
0 3 1.758790215748305e+01 3.607727406001808e-18 7.372619852203004e-02
0 4 2.283208240111323e+01 3.565150991493034e-18 7.364278999533562e-02
1 3 2.312063986872763e+01 4.536754757917180e-18 6.552429431782750e-02
0 5 2.807649514960440e+01 3.599528851786023e-18 7.363633480400075e-02
2 2 2.930762700750325e+01 6.621317739972959e-18 5.376871219163221e-02
1 4 3.003178333951299e+01 7.225788850278486e-18 6.553272116889201e-02
0 6 3.332152271436174e+01 3.650242289426940e-18 7.363216496268754e-02
1 5 3.694178552752877e+01 4.637102637598999e-18 6.553561241450986e-02
0 7 3.856649732644119e+01 4.517495477088394e-17 7.363699044561038e-02
2 3 4.186504383315553e+01 3.579914778526093e-14 5.376484507449357e-02
0 8 4.381144147143963e+01 3.218165111565040e-17 7.361693642997605e-02
1 6 4.385272259906796e+01 4.576923810562377e-18 6.556202711583320e-02
0 9 4.905739408924551e+01 2.663850772111815e-17 7.362404988805836e-02
1 7 5.076064406332000e+01 9.676743526171465e-18 6.557078905872853e-02
0 10 5.430368701704977e+01 2.375874774778178e-17 7.362190702692457e-02
2 4 5.442271617027721e+01 3.785882904340494e-15 5.376220338370569e-02
1 8 5.766712005645292e+01 4.447596902745212e-18 6.557126478140150e-02
0 11 5.955004057767657e+01 2.163233458980291e-17 7.362346577161827e-02
1 9 6.457538234852291e+01 4.498955398777122e-18 6.556977437111541e-02
0 12 6.479617966331787e+01 1.895126154831605e-17 7.361590091008818e-02
2 5 6.697959061492763e+01 1.101227244129627e-13 5.376226855489761e-02
0 13 7.004294833475595e+01 1.702014019364982e-17 7.364455339880230e-02
1 10 7.148156771801061e+01 1.483567471059856e-16 6.552718528413579e-02
0 14 7.528960037512338e+01 1.579092176646745e-17 7.364410077623734e-02
1 11 7.838740121333467e+01 4.459005749367630e-18 6.551548501229551e-02
2 6 7.953715060772926e+01 6.651902482415213e-18 5.377116060534383e-02
0 15 8.053636757755844e+01 1.546536567154092e-17 7.364859457539606e-02
1 12 8.529401360004591e+01 4.405265546121382e-18 6.550788985644555e-02
0 16 8.578256100718905e+01 1.335680660691973e-17 7.365088985494823e-02
0 17 9.102959734082035e+01 1.288400373775751e-17 7.369826102565548e-02
1 13 9.219954830528289e+01 1.707704803248108e-14 6.543363784029324e-02
2 7 9.209513743987988e+01 6.621050442807661e-18 5.376963701129343e-02
0 18 9.627535866696039e+01 1.103538269708594e-17 7.369243669238933e-02
1 14 9.910715602159965e+01 4.754478266494650e-18 6.543846108108754e-02
0 19 1.015216256362875e+02 1.032635260951775e-17 7.369375414531602e-02
2 8 1.046524667778458e+02 6.552396643681558e-18 5.376800841330936e-02
1 15 1.060153781391481e+02 4.589831662363364e-18 6.543556879816580e-02
0 20 1.067671961921505e+02 8.310602008868037e-18 7.369766404338003e-02
0 21 1.120145019565661e+02 9.213600912454757e-18 7.375600949457585e-02
1 16 1.129212820611247e+02 4.564830848696096e-14 6.536230971882978e-02
0 22 1.172581945533911e+02 6.941078842943578e-18 7.375380967813615e-02
2 9 1.172101679632130e+02 6.614074975607784e-18 5.376610879520757e-02
1 17 1.198340280905911e+02 4.726069038912083e-18 6.536993781411746e-02
0 23 1.225024228125509e+02 5.159369415505294e-18 7.375252570603109e-02
1 18 1.267470824510853e+02 4.435067400187957e-18 6.536949859736649e-02
0 24 1.277463067006241e+02 4.135381026336582e-18 7.375051048321146e-02
2 10 1.297673191314958e+02 6.549520586426249e-18 5.376381445443718e-02
0 25 1.329939150046757e+02 4.764542892885394e-18 7.374283261863959e-02
1 19 1.336532466122755e+02 1.167665562302066e-14 6.538019633054717e-02
0 26 1.382357602254307e+02 3.799389452166350e-18 7.374270044681509e-02
1 20 1.405715604143136e+02 4.711461497171937e-18 6.537607784223434e-02
2 11 1.423243863914446e+02 1.577084410536833e-16 5.377018084593084e-02
0 27 1.434780950574735e+02 4.092595884069208e-18 7.374388650223267e-02
1 21 1.474886564694696e+02 4.415501632552632e-18 6.536812940280030e-02
0 28 1.487199849450118e+02 3.749267468755700e-18 7.374933290287938e-02
0 29 1.539654815419077e+02 3.642228116989304e-18 7.364242085792400e-02
1 22 1.543994922738751e+02 4.552277456233308e-18 6.551623570672041e-02
2 12 1.548824666493759e+02 2.687841962391459e-16 5.377300646317944e-02
0 30 1.592083682315190e+02 3.821011970217077e-18 7.363804640489147e-02
1 23 1.613145361348894e+02 4.433618346207092e-18 6.551956042938406e-02
0 31 1.644520026916333e+02 3.903598244200078e-18 7.363564601180628e-02
2 13 1.674398041029616e+02 6.701867942454628e-18 5.377021348067527e-02
1 24 1.682284786951340e+02 4.472981200397780e-18 6.551906744055960e-02
0 32 1.696952161940235e+02 4.426603434937419e-18 7.364037315979734e-02
0 33 1.749393700576275e+02 3.728505613792864e-18 7.358256024143266e-02
1 25 1.751418014900649e+02 3.741855975165500e-14 6.561120851288776e-02
2 14 1.799975287466376e+02 6.517497713484362e-18 5.376966907464971e-02
0 34 1.801843201101252e+02 3.961583703001769e-18 7.358377105411933e-02
1 26 1.820517409403421e+02 4.378742846475286e-18 6.561848247349419e-02
0 35 1.854298347566330e+02 3.881126303588631e-18 7.358001292384456e-02
1 27 1.889605209900554e+02 5.327639731292623e-18 6.562563140466185e-02
0 36 1.906753751346336e+02 3.734804315169433e-18 7.357748059414577e-02
2 15 1.925549509633312e+02 6.529501349824560e-18 5.376680244113403e-02
0 37 1.959207096828501e+02 3.659074152730497e-18 7.356626070864859e-02
1 28 1.958703533981048e+02 3.046522902461239e-14 6.563354534387117e-02
0 38 2.011670906480248e+02 4.229312192058213e-18 7.358066087029998e-02
1 29 2.027779922796077e+02 4.378216208567890e-18 6.562055750104596e-02
2 16 2.051120445601801e+02 6.525562954214679e-18 5.376773507809692e-02
0 39 2.064136632927790e+02 4.314750656797770e-18 7.357923477022106e-02
1 30 2.096837370660122e+02 4.642047799985063e-18 6.561962463301385e-02
0 40 2.116602604481466e+02 3.739298184885039e-18 7.358375585523667e-02
1 31 2.165909592204384e+02 7.700951132966371e-15 6.560328471694028e-02
0 41 2.169063723154416e+02 3.562261017013509e-18 7.358081584243260e-02
2 17 2.176698078828704e+02 6.628955033761204e-18 5.377601968335816e-02
0 42 2.221533156065587e+02 3.917543963746853e-18 7.361679088035830e-02
1 32 2.234967202608803e+02 4.543766217875148e-18 6.554567723062397e-02
0 43 2.273999672407292e+02 3.560531978991490e-18 7.361142837465069e-02
1 33 2.304023644518980e+02 4.462620504357668e-18 6.555060837148016e-02
2 18 2.302273294435391e+02 2.262320834313964e-16 5.377112708130551e-02
0 44 2.326467249594668e+02 3.740628410232741e-18 7.361369199326497e-02
1 34 2.373091149615216e+02 3.038912718881387e-17 6.554588978311918e-02
0 45 2.378928943097312e+02 3.637092578184904e-18 7.361900143464234e-02
2 19 2.427849894449535e+02 7.521885362656486e-15 5.377339948032616e-02
0 46 2.431400539400960e+02 3.738676051292155e-18 7.367621128700826e-02
1 35 2.442146827044068e+02 4.588721998243818e-18 6.546824508133928e-02
0 47 2.483852811745593e+02 3.741211777905795e-18 7.367162549539080e-02
1 36 2.511235819115339e+02 4.590642681494014e-18 6.548214198159250e-02
0 48 2.536310384335947e+02 4.020811999385576e-18 7.366608488132091e-02
2 20 2.553425366647270e+02 6.524287394939481e-18 5.377123011164620e-02
1 37 2.580329161020019e+02 4.987559802865899e-18 6.547725930694336e-02
0 49 2.588762154125844e+02 3.957817795373356e-18 7.366824578786449e-02
0 50 2.641238273006994e+02 3.951375374203609e-18 7.371480300215497e-02
1 38 2.649389932853050e+02 4.521112628908693e-18 6.541788977050549e-02
2 21 2.678997983299769e+02 6.517137708096485e-18 5.376807715334880e-02
0 51 2.693668969521735e+02 3.628072447386146e-18 7.371296004324267e-02
1 39 2.718535199699763e+02 4.628601617216872e-18 6.542324930352061e-02
0 52 2.746104442148653e+02 4.065455129356852e-18 7.371459629496833e-02
1 40 2.787683065944566e+02 2.999738958200192e-15 6.540585651043736e-02
0 53 2.798534808316300e+02 4.721889242056774e-18 7.371729534559041e-02
2 22 2.804570479090226e+02 6.561384993803521e-18 5.377518487843813e-02
0 54 2.851008090556557e+02 4.087565188432057e-18 7.366750785934219e-02
1 41 2.856750475542551e+02 4.454116973671311e-18 6.547589492592081e-02
0 55 2.903427724929537e+02 4.307626174942974e-18 7.366207076706260e-02
1 42 2.925926045182539e+02 4.530941225454743e-18 6.547697122435239e-02
2 23 2.930147052301035e+02 6.562079971809160e-18 5.377414523653562e-02
0 56 2.955851703056713e+02 3.769271269517000e-18 7.366093758195300e-02
1 43 2.995095390860737e+02 4.440931128333853e-18 6.546951451889327e-02
0 57 3.008271822078246e+02 3.710551074306185e-18 7.366841580189232e-02
2 24 3.055724245780113e+02 6.553904870900250e-18 5.377609304790047e-02
0 58 3.060717796383180e+02 3.562166089855086e-18 7.356822096355067e-02
1 44 3.064222842135711e+02 4.424466336060775e-18 6.562419060923519e-02
0 59 3.113153570313323e+02 4.138124612317993e-18 7.356589220829358e-02
1 45 3.133354839921779e+02 4.964795357241317e-18 6.563608280495244e-02
0 60 3.165596147002007e+02 3.562598871943100e-18 7.355752599198312e-02
2 25 3.181300923855139e+02 2.724537929652689e-14 5.377502942488449e-02
1 46 3.202476082128089e+02 5.257162151142854e-18 6.563545842160953e-02
0 61 3.218036370739506e+02 6.402500766348865e-15 7.356008134838296e-02
0 62 3.270481585163266e+02 1.493914898580132e-15 7.352491145394296e-02
1 47 3.271602631890239e+02 4.626073743958612e-18 6.569356091973769e-02
2 26 3.306875916011661e+02 4.538848541863817e-15 5.377033338199688e-02
0 63 3.322937324484512e+02 1.577174422109701e-14 7.352765352545285e-02
1 48 3.340690153177832e+02 4.373254785410167e-18 6.569695789969353e-02
0 64 3.375397333435653e+02 9.545224207551172e-15 7.352688181908519e-02
1 49 3.409768825271119e+02 4.545450915725504e-18 6.569320853093927e-02
0 65 3.427856326573506e+02 5.274502021105869e-15 7.352975926013666e-02
2 27 3.432448608897881e+02 1.339232937141327e-13 5.377261703580435e-02
1 50 3.478853841089193e+02 4.558675982395522e-18 6.569290625957551e-02
0 66 3.480313196547924e+02 2.442283911305073e-15 7.352317184805754e-02
0 67 3.532781029232106e+02 1.952460900547322e-15 7.354130472559933e-02
1 51 3.547918810586958e+02 4.376175594484743e-18 6.565116025019517e-02
2 28 3.558022616958233e+02 6.647325443864398e-18 5.377789234044387e-02
0 68 3.585248237339398e+02 1.471514167258963e-15 7.353761729059460e-02
1 52 3.616972230770224e+02 4.883355978704299e-18 6.564999503695246e-02
0 69 3.637716688615420e+02 1.187842605197132e-15 7.354351941562109e-02
