0 0 3.338395156154882e+00 4.135863719612207e-18 6.134578464835917e-02
0 1 9.827441269028588e+00 4.173413980460374e-18 6.134578464835920e-02
0 2 1.631648738190230e+01 4.135860276466997e-18 6.134578464835927e-02
0 3 2.280553349477602e+01 4.322621005017531e-18 6.134578464835933e-02
0 4 2.929457960764974e+01 4.981199728164809e-18 6.134578464835930e-02
0 5 3.578362572052347e+01 4.978936086125427e-18 6.134578464835917e-02
0 6 4.227267183339720e+01 4.135853390176591e-18 6.134578464835916e-02
0 7 4.876171794627095e+01 4.805108378677709e-18 6.134578464835916e-02
0 8 5.525076405914469e+01 4.505771219367161e-18 6.134578464835919e-02
0 9 6.173981017201842e+01 4.505793573436557e-18 6.134578464835928e-02
0 10 6.822885628489206e+01 4.870172027655864e-18 6.134578464835934e-02
0 11 7.471790239776564e+01 4.505838281575293e-18 6.134578464835933e-02
0 12 8.120694851063924e+01 4.070926212904284e-18 6.134578464835930e-02
0 13 8.769599462351282e+01 4.070926212904282e-18 6.134578464835934e-02
0 14 9.418504073638640e+01 4.692613325267521e-18 6.134578464835930e-02
0 15 1.006740868492600e+02 4.135837896023123e-18 6.134578464835933e-02
0 16 1.071631329621336e+02 5.057146492307650e-18 6.134578464835932e-02
0 17 1.136521790750071e+02 4.611188475280471e-18 6.134578464835940e-02
0 18 1.201412251878807e+02 4.238433944401345e-18 6.134578464835937e-02
0 19 1.266302713007543e+02 4.070926212904274e-18 6.134578464835938e-02
0 20 1.331193174136280e+02 4.135829288160122e-18 6.134578464835941e-02
0 21 1.396083635265019e+02 4.135827566587514e-18 6.134578464835951e-02
0 22 1.460974096393757e+02 4.425122119107691e-18 6.134578464835948e-02
0 23 1.525864557522496e+02 4.173560792335467e-18 6.134578464835942e-02
0 24 1.590755018651234e+02 4.173567465602525e-18 6.134578464835934e-02
0 25 1.655645479779973e+02 4.322474193142429e-18 6.134578464835934e-02
0 26 1.720535940908711e+02 4.506173592614976e-18 6.134578464835927e-02
0 27 1.785426402037450e+02 4.070926212904276e-18 6.134578464835929e-02
0 28 1.850316863166188e+02 5.222835252553412e-18 6.134578464835936e-02
0 29 1.915207324294927e+02 4.978358270719065e-18 6.134578464835927e-02
0 30 1.980097785423665e+02 4.135812072434147e-18 6.134578464835934e-02
0 31 2.044988246552403e+02 4.441401225004034e-18 6.134578464835938e-02
0 32 2.109878707681142e+02 4.070926212904272e-18 6.134578464835934e-02
0 33 2.174769168809880e+02 4.441449376287837e-18 6.134578464835932e-02
0 34 2.239659629938618e+02 5.223284487018610e-18 6.134578464835925e-02
0 35 2.304550091067357e+02 4.238518123206719e-18 6.134578464835930e-02
0 36 2.369440552196096e+02 4.871369702731170e-18 6.134578464835929e-02
0 37 2.434331013324834e+02 4.425122119107701e-18 6.134578464835927e-02
0 38 2.499221474453572e+02 4.238532978290027e-18 6.134578464835923e-02
0 39 2.564111935582310e+02 4.506464195515507e-18 6.134578464835926e-02
0 40 2.629002396711049e+02 4.238542881678866e-18 6.134578464835927e-02
0 41 2.693892857839787e+02 4.135793135135583e-18 6.134578464835926e-02
0 42 2.758783318968525e+02 4.173687584408937e-18 6.134578464835932e-02
0 43 2.823673780097263e+02 4.441690132706148e-18 6.134578464835929e-02
0 44 2.888564241226002e+02 4.238562688456523e-18 6.134578464835928e-02
0 45 2.953454702354740e+02 4.425122119107695e-18 6.134578464835929e-02
0 46 3.018345163483478e+02 4.173714277477028e-18 6.134578464835925e-02
0 47 3.083235624612216e+02 4.506643028069075e-18 6.134578464835923e-02
0 48 3.148126085740955e+02 4.713545672803850e-18 6.134578464835923e-02
0 49 3.213016546869693e+02 4.441834586556988e-18 6.134578464835923e-02
0 50 3.277907007998431e+02 5.058544325177040e-18 6.134578464835926e-02
0 51 3.342797469127169e+02 4.070926212904274e-18 6.134578464835927e-02
0 52 3.407687930255908e+02 4.238602302011847e-18 6.134578464835923e-02
0 53 3.472578391384646e+02 4.173760990346060e-18 6.134578464835923e-02
0 54 3.537468852513384e+02 4.173767663613081e-18 6.134578464835921e-02
0 55 3.602359313642122e+02 4.322273995131934e-18 6.134578464835921e-02
