0 0 3.286707324378830e+00 4.024363298273782e-18 6.242159816788513e-02
0 1 9.775753437252524e+00 4.084781956390226e-18 6.242159816788512e-02
0 2 1.626479955012623e+01 4.172296868036418e-18 6.242159816788519e-02
0 3 2.275384566299993e+01 4.192692945453425e-18 6.242159816788520e-02
0 4 2.924289177587362e+01 5.014735973848872e-18 6.242159816788529e-02
0 5 3.573193788874731e+01 4.024361092228997e-18 6.242159816788535e-02
0 6 4.222098400162098e+01 4.485224510600723e-18 6.242159816788539e-02
0 7 4.871003011449467e+01 4.172418769445646e-18 6.242159816788542e-02
0 8 5.519907622736835e+01 4.172443149727466e-18 6.242159816788537e-02
0 9 6.168812234024203e+01 4.172467530009282e-18 6.242159816788539e-02
0 10 6.817716845311564e+01 4.192860518963612e-18 6.242159816788529e-02
0 11 7.466621456598919e+01 4.172516290573067e-18 6.242159816788530e-02
0 12 8.115526067886276e+01 4.024358003766322e-18 6.242159816788530e-02
0 13 8.764430679173631e+01 4.172565051136867e-18 6.242159816788528e-02
0 14 9.413335290460986e+01 4.192956275255336e-18 6.242159816788530e-02
0 15 1.006223990174834e+02 4.183211887056992e-18 6.242159816788530e-02
0 16 1.071114451303569e+02 4.003990277511806e-18 6.242159816788537e-02
0 17 1.136004912432305e+02 4.193028092473916e-18 6.242159816788538e-02
0 18 1.200895373561040e+02 4.003990277511798e-18 6.242159816788542e-02
0 19 1.265785834689775e+02 4.003990277511802e-18 6.242159816788537e-02
0 20 1.330676295818513e+02 4.526550293078089e-18 6.242159816788532e-02
0 21 1.395566756947251e+02 4.253516778161964e-18 6.242159816788534e-02
0 22 1.460457218075989e+02 4.485506183980115e-18 6.242159816788530e-02
0 23 1.525347679204727e+02 4.607529976305545e-18 6.242159816788526e-02
0 24 1.590238140333465e+02 4.253584669891237e-18 6.242159816788525e-02
0 25 1.655128601462204e+02 4.193219605056600e-18 6.242159816788523e-02
0 26 1.720019062590942e+02 4.527003288813060e-18 6.242159816788515e-02
0 27 1.784909523719680e+02 4.352081393672524e-18 6.242159816788513e-02
0 28 1.849799984848419e+02 4.003990277511828e-18 6.242159816788518e-02
0 29 1.914690445977157e+02 4.003990277511819e-18 6.242159816788526e-02
0 30 1.979580907105895e+02 4.172979515927740e-18 6.242159816788530e-02
0 31 2.044471368234633e+02 4.840041514306406e-18 6.242159816788530e-02
0 32 2.109361829363372e+02 4.193387178566917e-18 6.242159816788530e-02
0 33 2.174252290492110e+02 4.084725965817984e-18 6.242159816788530e-02
0 34 2.239142751620848e+02 4.084724216112598e-18 6.242159816788532e-02
0 35 2.304033212749586e+02 4.548040360865355e-18 6.242159816788539e-02
0 36 2.368923673878325e+02 4.253856236808750e-18 6.242159816788538e-02
0 37 2.433814135007063e+02 4.024346973542480e-18 6.242159816788544e-02
0 38 2.498704596135801e+02 4.608636220063837e-18 6.242159816788542e-02
0 39 2.563595057264539e+02 4.253924128538000e-18 6.242159816788546e-02
0 40 2.628485518393277e+02 4.608783719231495e-18 6.242159816788540e-02
0 41 2.693375979522016e+02 4.003990277511807e-18 6.242159816788537e-02
0 42 2.758266440650754e+02 4.548565767427673e-18 6.242159816788539e-02
0 43 2.823156901779491e+02 4.173296459591370e-18 6.242159816788549e-02
0 44 2.888047362908230e+02 4.173320839873242e-18 6.242159816788548e-02
0 45 2.952937824036968e+02 4.254059911996496e-18 6.242159816788546e-02
0 46 3.017828285165706e+02 4.024343002661903e-18 6.242159816788542e-02
0 47 3.082718746294445e+02 4.024342561452947e-18 6.242159816788542e-02
0 48 3.147609207423183e+02 4.173418361000510e-18 6.242159816788544e-02
0 49 3.212499668551921e+02 4.024341679035042e-18 6.242159816788546e-02
0 50 3.277390129680659e+02 4.528815271754738e-18 6.242159816788546e-02
0 51 3.342280590809398e+02 4.549241290149457e-18 6.242159816788546e-02
0 52 3.407171051938136e+02 4.084692721415745e-18 6.242159816788546e-02
0 53 3.472061513066874e+02 4.024339914199234e-18 6.242159816788533e-02
0 54 3.536951974195612e+02 4.024339472990283e-18 6.242159816788533e-02
0 55 3.601842435324350e+02 4.549541522469797e-18 6.242159816788528e-02
