0 0 1.220250307929046e+00 2.310059737857696e-18 9.911265697848567e-02
0 1 3.370045449416926e+00 2.057706195895694e-18 9.911312274594075e-02
1 0 3.787895510453725e+00 4.384790498459382e-18 6.738760306025175e-02
0 2 5.519841123697741e+00 2.394018257348107e-18 9.911138040926266e-02
0 3 7.669670536472423e+00 2.087043402726402e-18 9.911305034399304e-02
0 4 9.819466851234775e+00 2.171551277582664e-18 9.911336775582948e-02
1 1 1.027682303484204e+01 1.216244790677537e-15 6.738763056161805e-02
0 5 1.196926483903037e+01 2.171646476997108e-18 9.911166894199228e-02
0 6 1.411909547976177e+01 2.171633674971876e-18 9.911355753298104e-02
0 7 1.626889283874411e+01 2.364030275835243e-18 9.911372348753880e-02
1 2 1.676574546661608e+01 4.390681754880867e-18 6.738760286449323e-02
0 8 1.841869297333438e+01 2.087131893900773e-18 9.911207740938786e-02
0 9 2.056852452729788e+01 2.057689425958142e-18 9.911417581875501e-02
0 10 2.271832278471366e+01 2.526699241985337e-18 9.911418814001789e-02
1 3 2.325466345564528e+01 7.030898537289345e-15 6.738751150803560e-02
0 11 2.486812487664144e+01 2.860797017629550e-18 9.911260320241150e-02
0 12 2.701795701294103e+01 2.148236945389906e-18 9.911490095285849e-02
0 13 2.916775600861218e+01 2.087142399185534e-18 9.911475834254213e-02
1 4 2.974357792751415e+01 4.420870803422214e-18 6.738736345222844e-02
0 14 3.131755984838053e+01 2.148168820424391e-18 9.911324218211871e-02
0 15 3.346739222384980e+01 2.118633725346813e-18 9.911572721604082e-02
0 16 3.561719178579193e+01 2.523700609714214e-18 9.911542920350713e-02
1 5 3.623248973233355e+01 4.388018901452530e-18 6.738716004595828e-02
0 17 3.776699714678151e+01 2.172173671342707e-18 9.911398873300978e-02
0 18 3.991682941007917e+01 2.307032165167160e-18 9.911664749085385e-02
0 19 4.206662935729196e+01 2.147957720582250e-18 9.911619438346490e-02
1 6 4.272139969623933e+01 1.465599127134306e-17 6.738690197841475e-02
0 20 4.421643599886225e+01 2.172290486613017e-18 9.911483583780115e-02
0 21 4.636626779470408e+01 2.493756080771398e-18 9.911765335494999e-02
0 22 4.851606794012563e+01 2.232970087271591e-18 9.911704619082162e-02
1 7 4.921030884957173e+01 4.397937447727270e-18 6.738659246566629e-02
0 23 5.066587561086092e+01 2.364850356491274e-18 9.911577517266576e-02
0 24 5.281570658432864e+01 2.087190013520538e-18 9.911873519371864e-02
0 25 5.496550673791067e+01 2.118119673589214e-18 9.911797569823742e-02
1 8 5.569921807316295e+01 4.399700942764031e-18 6.738623720953527e-02
0 26 5.711531517896834e+01 2.087252016740567e-18 9.911679722155149e-02
0 27 5.926514497983258e+01 2.057577179442300e-18 9.911988233054056e-02
0 28 6.141494495168926e+01 2.305427428942376e-18 9.911897287748296e-02
1 9 6.218812829206563e+01 8.115000558392827e-18 6.738583999635447e-02
0 29 6.356475390020489e+01 2.304791270505031e-18 9.911789140783420e-02
0 30 6.571458218719715e+01 2.605856192593139e-18 9.912108317263692e-02
0 31 6.786438179077601e+01 2.520033070830642e-18 9.912002675030158e-02
1 10 6.867704049491752e+01 4.413837345048409e-18 6.738540211602141e-02
0 32 7.001419098327705e+01 2.087276221249995e-18 9.911904624125588e-02
0 33 7.216401742824635e+01 2.117697010162086e-18 9.912232537020042e-02
0 34 7.431381648346944e+01 2.604581472618165e-18 9.912112555263550e-02
1 11 7.516595549612816e+01 4.419396804213415e-18 6.738493737195471e-02
0 35 7.646362565925229e+01 2.087287797225850e-18 9.912024947781836e-02
0 36 7.861344995114561e+01 2.274436996565952e-18 9.912359598623433e-02
0 37 8.076324828746972e+01 2.303959716965134e-18 9.912225690940042e-02
1 12 8.165487419610743e+01 5.236282959634822e-15 6.738444498112058e-02
0 38 8.291305719189567e+01 2.172976537135194e-18 9.912148829004724e-02
0 39 8.506287904050993e+01 2.117353853402709e-18 9.912488167433864e-02
0 40 8.721267649986234e+01 2.232847081910905e-18 9.912340801687634e-02
1 13 8.814379743038513e+01 4.381943752609498e-18 6.738392760320804e-02
0 41 8.936248488753407e+01 2.147071374369157e-18 9.912274944484961e-02
0 42 9.151230402699147e+01 2.388919580782326e-18 9.912616886160135e-02
0 43 9.366210046653869e+01 2.388755721101885e-18 9.912456582975665e-02
1 14 9.463272585538253e+01 1.786292080181732e-15 6.738340945750131e-02
0 44 9.581190810431607e+01 2.232836363407840e-18 9.912401948610640e-02
0 45 9.796172429621794e+01 2.087272490079440e-18 9.912744393373568e-02
0 46 1.001115195909249e+02 2.232801309455510e-18 9.912571724990227e-02
1 15 1.011216602179486e+02 4.396677308144715e-18 6.738287806619866e-02
0 47 1.022613262607395e+02 2.388171761661427e-18 9.912528491909937e-02
0 48 1.044111392969558e+02 2.087290081241945e-18 9.912869341961408e-02
0 49 1.065609333418938e+02 2.232778658526074e-18 9.912684931387705e-02
1 16 1.076106011001220e+02 4.394533097994500e-18 6.738234672792161e-02
0 50 1.087107388433223e+02 2.521091241533683e-18 9.912653239387127e-02
0 51 1.108605485483798e+02 2.146524519584091e-18 9.912990417238834e-02
0 52 1.130103412607441e+02 2.173620682606593e-18 9.912794937640466e-02
1 17 1.140995489703283e+02 4.402381243268746e-18 6.738183246334431e-02
0 53 1.151601454133081e+02 2.481819966812446e-18 9.912774888465212e-02
0 54 1.173099516463503e+02 2.597706789505459e-18 9.913106354449237e-02
0 55 1.194597429671562e+02 2.270388971764229e-18 9.912900528702247e-02
1 18 1.205885042679948e+02 4.394860416297848e-18 6.738132387197869e-02
0 56 1.216095456123229e+02 2.146292958765876e-18 9.912892186261223e-02
0 57 1.237593482686241e+02 2.386436528616033e-18 9.913215955402507e-02
0 58 1.259091381640576e+02 2.146160358352190e-18 9.913000555746004e-02
1 19 1.270774673005960e+02 4.448529631008157e-18 6.738084340090235e-02
0 59 1.280589391669235e+02 2.057355962897360e-18 9.913003945943744e-02
0 60 1.302087381789480e+02 2.115904239960339e-18 9.913318104028028e-02
0 61 1.323585266413546e+02 2.268838083853966e-18 9.913093951755049e-02
1 20 1.335664382534501e+02 1.447509929687879e-16 6.738039378615528e-02
0 62 1.345083258919961e+02 2.115792996045364e-18 9.913109061950884e-02
0 63 1.366581212299985e+02 2.745425216950680e-18 9.913411780649549e-02
0 64 1.388079082784936e+02 2.145794951882828e-18 9.913179745775967e-02
1 21 1.400554172278302e+02 4.389193039347935e-18 6.737996774343438e-02
0 65 1.409577056929687e+02 2.297952868202481e-18 9.913206523874089e-02
0 66 1.431074973651341e+02 2.087472955045795e-18 9.913496074816409e-02
0 67 1.452572830458278e+02 2.232661274969256e-18 9.913257075664830e-02
1 22 1.465444042468092e+02 5.076391208089742e-15 6.737959647220691e-02
0 68 1.474070785668192e+02 2.057292133320363e-18 9.913295428837710e-02
0 69 1.495568666189470e+02 2.145428212121592e-18 9.913570196551701e-02
0 70 1.517066510047713e+02 2.232646745329704e-18 9.913325199182199e-02
1 23 1.530333991458189e+02 1.943379127527638e-14 6.737926441339206e-02
0 71 1.538564446018641e+02 2.296270444086327e-18 9.913374992229476e-02
0 72 1.560062291166053e+02 2.114871967060252e-18 9.913633485902126e-02
0 73 1.581560123067443e+02 2.265272669127998e-18 9.913383503319192e-02
1 24 1.595224017104842e+02 4.381176079566885e-18 6.737897378349839e-02
0 74 1.603058039763440e+02 2.145133244977434e-18 9.913444556665899e-02
0 75 1.624555850720103e+02 2.891477734270964e-18 9.913685420701010e-02
0 76 1.646053671909412e+02 2.294732342201037e-18 9.913431511772224e-02
1 25 1.660114116778473e+02 2.020425167770062e-16 6.737875100983505e-02
0 77 1.667551569558424e+02 2.517923534716176e-18 9.913503599115162e-02
0 78 1.689049347848128e+02 2.144795858117464e-18 9.913725622489000e-02
0 79 1.710547159809722e+02 2.293786451096375e-18 9.913468890519758e-02
1 26 1.725004285340422e+02 4.437590618592915e-18 6.737857398377600e-02
0 80 1.732045038895909e+02 2.381400310572837e-18 9.913551736139628e-02
0 81 1.753542786363454e+02 2.087754682960621e-18 9.913753860569691e-02
0 82 1.775040590804385e+02 2.087827451352479e-18 9.913495451485248e-02
1 27 1.789894518216236e+02 4.397917122481396e-18 6.737845324899815e-02
0 83 1.796538452057236e+02 2.113859660652517e-18 9.913588727255558e-02
0 84 1.818036170845313e+02 2.057183190607219e-18 9.913770054206232e-02
0 85 1.839533969675040e+02 2.516765788164361e-18 9.913511154289555e-02
1 28 1.854784809610288e+02 4.433858267356717e-18 6.737839577321970e-02
0 86 1.861031814055439e+02 2.492610852447910e-18 9.913614476432618e-02
0 87 1.882529506578335e+02 2.369471749533722e-18 9.913774272981747e-02
0 88 1.904027301885288e+02 2.491137602507782e-18 9.913516106108750e-02
1 29 1.919675151944985e+02 4.391699186696965e-18 6.737839020459582e-02
0 89 1.925525130568721e+02 2.144012424937408e-18 9.913629031774698e-02
0 90 1.947022799483167e+02 2.290026965998661e-18 9.913766735355885e-02
0 91 1.968520593508409e+02 2.088055958527528e-18 9.913510559667281e-02
1 30 1.984565538871243e+02 4.406138464605106e-18 6.737844211511981e-02
0 92 1.990018407865591e+02 2.289404707220041e-18 9.913632583443995e-02
0 93 2.011516056039120e+02 2.258081888601134e-18 9.913747805460510e-02
0 94 2.033013851147438e+02 2.112724067576229e-18 9.913494909419822e-02
1 31 2.049455961833202e+02 1.752704677957905e-15 6.737854928206351e-02
0 95 2.054511652722677e+02 2.057214107447286e-18 9.913625459919738e-02
0 96 2.076009283199899e+02 2.088153039206345e-18 9.913717988196849e-02
0 97 2.097507081848725e+02 2.232607944092575e-18 9.913469686001604e-02
1 32 2.114346411842392e+02 4.387888662175186e-18 6.737870834867712e-02
0 98 2.119004872336353e+02 2.573146219946052e-18 9.913608122713387e-02
0 99 2.140502488303588e+02 2.143188041007177e-18 9.913677922719805e-02
0 100 2.162000293010145e+02 2.286521499686890e-18 9.913435549046769e-02
1 33 2.179236881625922e+02 4.806555159048245e-15 6.737890979328681e-02
0 101 2.183498074229341e+02 2.111967718859664e-18 9.913581159683206e-02
0 102 2.204995678977977e+02 2.375334822858690e-18 9.913628374411759e-02
0 103 2.226493492285055e+02 2.088409181213350e-18 9.913393278478155e-02
1 34 2.244127360747939e+02 4.396585854624606e-18 6.737915955496271e-02
0 104 2.247991266153338e+02 2.142831813921228e-18 9.913545277091169e-02
0 105 2.269488863042291e+02 2.088432918618694e-18 9.913570225450741e-02
0 106 2.290986687483034e+02 2.142695304004753e-18 9.913343764370849e-02
1 35 2.309017840216971e+02 4.410090149641528e-18 6.737944984252654e-02
0 107 2.312484455988755e+02 2.252709310534411e-18 9.913501290534320e-02
0 108 2.333982048406409e+02 2.142488331487763e-18 9.913504464072949e-02
0 109 2.355479886468543e+02 2.232641124494588e-18 9.913287995493469e-02
1 36 2.373908311730970e+02 6.124324793815468e-18 6.737976455168564e-02
0 110 2.376977651642729e+02 2.251537400574758e-18 9.913450114867488e-02
0 111 2.398475242968793e+02 2.473905255821818e-18 9.913432172631052e-02
0 112 2.419973097058780e+02 2.142235354051559e-18 9.913227046650062e-02
1 37 2.438798765204276e+02 4.401016978980980e-18 6.738011897940514e-02
0 113 2.441470860946698e+02 2.441149770519192e-18 9.913392753230002e-02
0 114 2.462968454514452e+02 2.372885009619296e-18 9.913354514564869e-02
0 115 2.484466326922073e+02 2.471112284104218e-18 9.913162064966592e-02
1 38 2.503689192230024e+02 4.398621917441143e-18 6.738049131629591e-02
0 116 2.505964091554883e+02 2.141909297112949e-18 9.913330285280615e-02
0 117 2.527461690614249e+02 2.110258750711001e-18 9.913272720420271e-02
0 118 2.548959583478099e+02 2.179777710130026e-18 9.913094255277501e-02
1 39 2.568579584535223e+02 3.554204229923514e-17 6.738087875046142e-02
0 119 2.570457350844881e+02 2.436591303861137e-18 9.913263854726298e-02
0 120 2.591954958526723e+02 2.141594934883487e-18 9.913188073064885e-02
0 121 2.613452873801055e+02 2.557905109150359e-18 9.913024864766826e-02
1 40 2.633469933571947e+02 4.407547163612175e-18 6.738129450123886e-02
0 122 2.634950645821528e+02 2.369864456324909e-18 9.913194656199023e-02
0 123 2.656448265103577e+02 2.556468054957206e-18 9.913101892245561e-02
0 124 2.677946204526969e+02 2.089076419550501e-18 9.912955167012526e-02
1 41 2.698360232188807e+02 4.396350852084861e-18 6.738170640604658e-02
0 125 2.699443983025154e+02 2.900392351179863e-18 9.913123921505679e-02
0 126 2.720941616699909e+02 2.374378312616858e-18 9.913015518629986e-02
0 127 2.742439581766141e+02 2.232721152539603e-18 9.912886445593734e-02
0 128 2.763937368445311e+02 2.368323290144609e-18 9.913052905270830e-02
1 42 2.763250473487974e+02 1.114631554443964e-14 6.738213305647246e-02
0 129 2.785435019090388e+02 2.322966902937873e-18 9.912930297481680e-02
0 130 2.806933011022064e+02 2.089257506231307e-18 9.912819977439999e-02
0 131 2.828430807441297e+02 2.509797384137284e-18 9.912982870007241e-02
1 43 2.828140651103316e+02 4.381406133562211e-18 6.738257599481544e-02
0 132 2.849928477392594e+02 2.243405671855537e-18 9.912847562138197e-02
0 133 2.871426497117916e+02 2.089343868303590e-18 9.912757016120806e-02
0 134 2.892924304670553e+02 2.458036971276761e-18 9.912915070674090e-02
1 44 2.893030759867103e+02 5.469426809524730e-16 6.738300800045027e-02
0 135 2.914421995998556e+02 2.089391488854351e-18 9.912768617480809e-02
0 136 2.935920044131611e+02 2.140574008921341e-18 9.912698775277015e-02
0 137 2.957417864025882e+02 2.232739216304857e-18 9.912850738805258e-02
1 45 2.957920795308336e+02 4.405583942234076e-18 6.738344897484821e-02
0 138 2.978915578515331e+02 2.423360324736991e-18 9.912694723588469e-02
0 139 3.000413655340236e+02 2.089506062392816e-18 9.912646412389940e-02
0 140 3.021911488582301e+02 2.232751619666918e-18 9.912791066317249e-02
1 46 3.022810753781694e+02 4.422774474828503e-18 6.738388314237567e-02
0 141 3.043409227715462e+02 2.272735039499724e-18 9.912627079765385e-02
0 142 3.064907333174634e+02 2.108065468232314e-18 9.912601013083988e-02
0 143 3.086405180554325e+02 2.232762955120501e-18 9.912737189153840e-02
1 47 3.087700632998901e+02 4.380962127293801e-18 6.738429303664401e-02
0 144 3.107902945498008e+02 2.271936358025172e-18 9.912566809131655e-02
0 145 3.129401079184825e+02 2.325970765218756e-18 9.912563576170909e-02
0 146 3.150898941264376e+02 2.107729998754772e-18 9.912690170995962e-02
1 48 3.152590431668067e+02 4.397409735789869e-18 6.738468700576969e-02
0 147 3.172396732860879e+02 2.107654504120979e-18 9.912514943977728e-02
0 148 3.193894894016975e+02 2.271047250833687e-18 9.912534999654295e-02
0 149 3.215392771122971e+02 2.449577410893933e-18 9.912650987342364e-02
1 49 3.217480149282782e+02 4.460355118832975e-18 6.738504008368204e-02
0 150 3.236890589885011e+02 2.057450413605902e-18 9.912472412093479e-02
0 151 3.258388777402304e+02 2.232804650819095e-18 9.912516067910317e-02
0 152 3.279886669621046e+02 2.541240446245100e-18 9.912620510323930e-02
1 50 3.282369787020333e+02 6.631233182937910e-16 6.738535083846850e-02
0 153 3.301384515730700e+02 2.139619869203831e-18 9.912440024281613e-02
0 154 3.322882728158219e+02 2.139592243335470e-18 9.912507440243895e-02
0 155 3.344380635334625e+02 2.236964434954966e-18 9.912599494638780e-02
1 51 3.347259346966238e+02 4.384467042695725e-18 6.738562402522322e-02
0 156 3.365878508646192e+02 2.139479765261681e-18 9.912418463248696e-02
0 157 3.387376744201675e+02 2.183246096261855e-18 9.912509641001183e-02
0 158 3.408874665941805e+02 2.089893136028700e-18 9.912588564992812e-02
1 52 3.412148831537265e+02 1.039875148867284e-14 6.738583382314432e-02
0 159 3.430372565988555e+02 2.139345214730354e-18 9.912408274052971e-02
0 160 3.451870822574714e+02 2.139313912275942e-18 9.912523051410913e-02
0 161 3.473368758251958e+02 2.057442504439775e-18 9.912588205404253e-02
1 53 3.477038245509769e+02 4.496675662705668e-18 6.738599396086474e-02
0 162 3.494866684256649e+02 2.106697805779846e-18 9.912409856277581e-02
0 163 3.516364959481983e+02 2.361428943129438e-18 9.912547903315765e-02
0 164 3.537862908246878e+02 2.183662886540249e-18 9.912598750682541e-02
1 54 3.541927593767670e+02 4.387302025262098e-18 6.738610103952351e-02
0 165 3.559360859135941e+02 2.232822769651964e-18 9.912423458087487e-02
0 166 3.580859150339847e+02 2.442340810198276e-18 9.912584274933367e-02
0 167 3.602357111133451e+02 2.266999623161297e-18 9.912620380317720e-02
1 55 3.606816881613169e+02 3.754750887562558e-17 6.738614215917145e-02
0 168 3.623855085554626e+02 2.234190452240961e-18 9.912449172304941e-02
0 169 3.645353389836512e+02 2.680433154937258e-18 9.912632088749523e-02
