0 0 3.279893280300847e+00 4.136052777602667e-18 6.290970744289190e-02
0 1 9.768939393174561e+00 3.994145014809019e-18 6.290970744289193e-02
0 2 1.625798550604829e+01 4.136100934513610e-18 6.290970744289189e-02
0 3 2.274703161892202e+01 4.115100344183797e-18 6.290970744289191e-02
0 4 2.923607773179574e+01 4.115124867256213e-18 6.290970744289193e-02
0 5 3.572512384466948e+01 4.115149390328659e-18 6.290970744289189e-02
0 6 4.221416995754321e+01 4.056480884949609e-18 6.290970744289184e-02
0 7 4.870321607041694e+01 4.136221326791040e-18 6.290970744289177e-02
0 8 5.519226218329068e+01 3.973119456789843e-18 6.290970744289180e-02
0 9 6.168130829616440e+01 4.412380657145165e-18 6.290970744289183e-02
0 10 6.817035440903804e+01 4.136293562157472e-18 6.290970744289184e-02
0 11 7.465940052191164e+01 4.136317640612977e-18 6.290970744289184e-02
0 12 8.114844663478523e+01 3.994140124022562e-18 6.290970744289180e-02
0 13 8.763749274765883e+01 4.115345574908225e-18 6.290970744289184e-02
0 14 9.412653886053242e+01 4.198717422230056e-18 6.290970744289190e-02
0 15 1.006155849734060e+02 4.198740182313714e-18 6.290970744289187e-02
0 16 1.071046310862796e+02 4.136438032890524e-18 6.290970744289183e-02
0 17 1.135936771991532e+02 3.973119456789833e-18 6.290970744289186e-02
0 18 1.200827233120268e+02 4.056459729084012e-18 6.290970744289180e-02
0 19 1.265717694249005e+02 3.973119456789843e-18 6.290970744289175e-02
0 20 1.330608155377743e+02 4.136534346712905e-18 6.290970744289166e-02
0 21 1.395498616506482e+02 4.115541759488426e-18 6.290970744289170e-02
0 22 1.460389077635221e+02 4.136582503624147e-18 6.290970744289168e-02
0 23 1.525279538763960e+02 4.136606582079726e-18 6.290970744289169e-02
0 24 1.590169999892699e+02 4.434532854930562e-18 6.290970744289169e-02
0 25 1.655060461021438e+02 4.056447388162378e-18 6.290970744289164e-02
0 26 1.719950922150177e+02 4.779108124600336e-18 6.290970744289162e-02
0 27 1.784841383278916e+02 3.994133454768284e-18 6.290970744289169e-02
0 28 1.849731844407655e+02 3.994133010151334e-18 6.290970744289169e-02
0 29 1.914622305536393e+02 4.136751052812985e-18 6.290970744289176e-02
0 30 1.979512766665132e+02 3.994132120917428e-18 6.290970744289175e-02
0 31 2.044403227793871e+02 3.994131676300485e-18 6.290970744289173e-02
0 32 2.109293688922610e+02 4.199127103736806e-18 6.290970744289169e-02
0 33 2.174184150051349e+02 3.973119456789849e-18 6.290970744289168e-02
0 34 2.239074611180088e+02 4.056431521263159e-18 6.290970744289168e-02
0 35 2.303965072308827e+02 4.199195383987945e-18 6.290970744289169e-02
0 36 2.368855533437565e+02 4.497735554361265e-18 6.290970744289158e-02
0 37 2.433745994566304e+02 3.994129008598783e-18 6.290970744289157e-02
0 38 2.498636455695043e+02 4.136967758912864e-18 6.290970744289155e-02
0 39 2.563526916823782e+02 3.994128119364884e-18 6.290970744289150e-02
0 40 2.628417377952521e+02 4.116007697865945e-18 6.290970744289155e-02
0 41 2.693307839081261e+02 4.435813744526235e-18 6.290970744289155e-02
0 42 2.758198300209999e+02 4.414881762248896e-18 6.290970744289158e-02
0 43 2.823088761338738e+02 4.199377464657761e-18 6.290970744289165e-02
0 44 2.887979222467476e+02 3.973119456789851e-18 6.290970744289164e-02
0 45 2.952869683596215e+02 4.137136308101815e-18 6.290970744289159e-02
0 46 3.017760144724954e+02 3.973119456789857e-18 6.290970744289154e-02
0 47 3.082650605853693e+02 4.137184465012955e-18 6.290970744289148e-02
0 48 3.147541066982433e+02 4.415336508630872e-18 6.290970744289139e-02
0 49 3.212431528111171e+02 4.157891604798098e-18 6.290970744289140e-02
0 50 3.277321989239910e+02 3.973119456789868e-18 6.290970744289144e-02
0 51 3.342212450368649e+02 4.116277451663622e-18 6.290970744289144e-02
0 52 3.407102911497388e+02 4.199582305410988e-18 6.290970744289141e-02
0 53 3.471993372626127e+02 4.056398024475913e-18 6.290970744289145e-02
0 54 3.536883833754866e+02 4.137353014201911e-18 6.290970744289148e-02
0 55 3.601774294883605e+02 4.436868594781119e-18 6.290970744289139e-02
