0 0 1.272696779886872e+00 2.392437991577845e-18 9.879890281484088e-02
0 1 3.422499662233799e+00 2.076883113406441e-18 9.879819247708709e-02
1 0 3.870964038126338e+00 4.170500240133993e-18 7.077731433073038e-02
0 2 5.572312004585796e+00 2.421915715544958e-18 9.879625514382380e-02
0 3 7.722137266250110e+00 2.178424774738068e-18 9.879760161544958e-02
0 4 9.871939834485678e+00 2.394615781674679e-18 9.879670847262050e-02
1 1 1.035990461392351e+01 4.804949628479497e-14 7.077723826567067e-02
0 5 1.202175208556393e+01 2.076932697599326e-18 9.879485532665988e-02
0 6 1.417157609493362e+01 2.395416555456441e-18 9.879634566965477e-02
0 7 1.632137827815265e+01 2.253404155257212e-18 9.879527839901799e-02
1 2 1.684884808829226e+01 8.751550773834503e-14 7.077716733246933e-02
0 8 1.847119027623254e+01 2.076951088281916e-18 9.879351952441906e-02
0 9 2.062101288072044e+01 2.179421478456132e-18 9.879515164746794e-02
0 10 2.277081461396340e+01 2.076942477806570e-18 9.879391988360738e-02
1 3 2.333779473851859e+01 4.181455288239534e-18 7.077710168003880e-02
0 11 2.492062620296286e+01 2.179859425362170e-18 9.879226419929862e-02
0 12 2.707044726108208e+01 2.208102392066242e-18 9.879403535065391e-02
0 13 2.922024848687503e+01 2.151060851769269e-18 9.879264947162214e-02
1 4 2.982674479173435e+01 1.068433580931848e-16 7.077704094875581e-02
0 14 3.137005951858367e+01 2.655486128874691e-18 9.879110482148207e-02
0 15 3.351987890154847e+01 2.076944286922524e-18 9.879301153404479e-02
0 16 3.566967957142653e+01 2.180724457652961e-18 9.879148246807751e-02
1 5 3.631569858286152e+01 4.180233346150072e-18 7.077698562734520e-02
0 17 3.781948990763686e+01 2.429592970763691e-18 9.879005570455943e-02
0 18 3.996930750088428e+01 2.213280141502707e-18 9.879209374006480e-02
0 19 4.211910757685600e+01 2.209370108190495e-18 9.879043279406738e-02
1 6 4.280465622316620e+01 4.279857923235284e-18 7.077694213125238e-02
0 20 4.426891709136189e+01 2.616567821844717e-18 9.878912985392539e-02
0 21 4.641873279596592e+01 2.403593789544533e-18 9.879129414711689e-02
0 22 4.856853225187347e+01 2.172385020660892e-18 9.878951285694657e-02
1 7 4.929361786308640e+01 1.459704809848628e-16 7.077690824063931e-02
0 23 5.071834083229926e+01 2.182041514000949e-18 9.878833882857301e-02
0 24 5.286815456624749e+01 2.067511405439860e-18 9.879062343235752e-02
0 25 5.501795338897895e+01 2.172979992601321e-18 9.878873343411278e-02
1 8 5.578258364112926e+01 4.186353651114090e-18 7.077687910076623e-02
0 26 5.716776093840169e+01 2.397346523892838e-18 9.878769261662275e-02
0 27 5.931757263770615e+01 2.076961610886669e-18 9.879009064933600e-02
0 28 6.146737082821841e+01 2.150701496033961e-18 9.878810357034275e-02
1 9 6.227155348658741e+01 4.209869849356721e-18 7.077687160876885e-02
0 29 6.361717726654956e+01 2.173804679331077e-18 9.878719952492163e-02
0 30 6.576698688616570e+01 2.173939052721619e-18 9.878970312105766e-02
0 31 6.791678446028074e+01 2.076993024785801e-18 9.878763048893958e-02
1 10 6.876052743239228e+01 1.494542023840089e-14 7.077687050429882e-02
0 32 7.006658972537764e+01 2.077001103271760e-18 9.878686608315763e-02
0 33 7.221639723990859e+01 2.076950283307477e-18 9.878946634918115e-02
0 34 7.436619422885093e+01 2.104920408029464e-18 9.878731951727854e-02
1 11 7.524950539822866e+01 4.166747903259827e-18 7.077687556395258e-02
0 35 7.651599827733155e+01 2.067583299513306e-18 9.878669696314077e-02
0 36 7.866580368149540e+01 2.184659940535002e-18 9.878938394022317e-02
0 37 8.081560013213986e+01 2.184951078750299e-18 9.878717402759347e-02
1 12 8.173848717140231e+01 1.009608591497292e-14 7.077690542404134e-02
0 38 8.296540293987438e+01 2.185171667945095e-18 9.878669491406065e-02
0 39 8.511520624871748e+01 2.076924470448074e-18 9.878945754969705e-02
0 40 8.726500222352547e+01 2.176241694144157e-18 9.878719539397987e-02
1 13 8.822747260336321e+01 4.190306486313906e-18 7.077693581451799e-02
0 41 8.941480378578659e+01 2.552029078214529e-18 9.878686071461321e-02
0 42 9.156460503463130e+01 2.213866553635838e-18 9.878968684515442e-02
0 43 9.371440061126152e+01 2.214149350754362e-18 9.878738296666563e-02
1 14 9.471646142922167e+01 4.179703619643163e-18 7.077697742125345e-02
0 44 9.586420094252215e+01 2.177184875898955e-18 9.878719314293169e-02
0 45 9.801400018664604e+01 2.104682944329624e-18 9.879006948916771e-02
0 46 1.001637954572372e+02 2.214824093703735e-18 9.878773406469991e-02
1 15 1.012054533196110e+02 1.749519431317043e-17 7.077703439807674e-02
0 47 1.023135945906167e+02 2.449256280292496e-18 9.878768896532773e-02
0 48 1.044633919046665e+02 2.449973455990250e-18 9.879060114342528e-02
0 49 1.066131869747978e+02 2.076897440535770e-18 9.878824398836722e-02
1 16 1.076944479386874e+02 4.178057299529919e-18 7.077708801829635e-02
0 50 1.087629849611659e+02 2.067544473218087e-18 9.878834294500734e-02
0 51 1.109127804383129e+02 2.188213434273800e-18 9.879127549521600e-02
0 52 1.130625754256548e+02 2.216217642823056e-18 9.878890605274297e-02
1 17 1.141834449055926e+02 4.257513804120108e-18 7.077715628479148e-02
0 53 1.152123723324079e+02 2.104546815296824e-18 9.878914787201977e-02
0 54 1.173621660832558e+02 2.179646273153709e-18 9.879208430751445e-02
0 55 1.195119611159295e+02 2.427891446129810e-18 9.878971164374124e-02
1 18 1.206724437713903e+02 2.097114251642639e-16 7.077722748260452e-02
0 56 1.216617570254602e+02 2.189517362122803e-18 9.879009461563741e-02
0 57 1.238115491767228e+02 2.189742263576798e-18 9.879301749365910e-02
0 58 1.259613443913990e+02 2.430365911638943e-18 9.879065029776103e-02
1 19 1.271614440807550e+02 4.167734360016997e-18 7.077729118910593e-02
0 59 1.281111393992896e+02 2.217894234009649e-18 9.879117220011487e-02
0 60 1.302609300922661e+02 2.432025967886126e-18 9.879406321731951e-02
0 61 1.324107256320445e+02 2.190820355091420e-18 9.879170980573726e-02
1 20 1.336504454099988e+02 4.023729287877917e-14 7.077736990520243e-02
0 62 1.345605198450298e+02 2.067458901604795e-18 9.879236790448125e-02
0 63 1.367103092339068e+02 2.324913316901960e-18 9.879520801817876e-02
0 64 1.388601052460246e+02 2.435412500066318e-18 9.879287634211732e-02
1 21 1.401394472078420e+02 3.129493710149252e-14 7.077743983495621e-02
0 65 1.410098987797740e+02 2.067431780452269e-18 9.879366738673330e-02
0 66 1.431596870297886e+02 2.104149617829159e-18 9.879643696341735e-02
0 67 1.453094836632112e+02 2.183135645884768e-18 9.879413461895342e-02
1 22 1.466284490055690e+02 4.175459285405664e-18 7.077750330497028e-02
0 68 1.474592766399855e+02 2.104133695631463e-18 9.879505483248230e-02
0 69 1.496090639254750e+02 2.148878283853531e-18 9.879773382461279e-02
0 70 1.517588613284168e+02 2.220635771224777e-18 9.879546806481618e-02
1 23 1.531174503526831e+02 9.332193463226799e-16 7.077756952248886e-02
0 71 1.539086538746509e+02 2.104044377263430e-18 9.879651312763467e-02
0 72 1.560584403770215e+02 2.184471908495655e-18 9.879908127898958e-02
0 73 1.582082386944527e+02 2.103996672337491e-18 9.879685902754753e-02
1 24 1.596064506946603e+02 4.200824438674004e-18 7.077762354777731e-02
0 74 1.603580309383219e+02 2.185013266489554e-18 9.879802405403774e-02
0 75 1.625078168439701e+02 2.185287462342127e-18 9.880046113323143e-02
0 76 1.646576162151696e+02 2.103907723259261e-18 9.879828899912196e-02
1 25 1.660954496297954e+02 4.170976778021851e-18 7.077767059135702e-02
0 77 1.668074082842014e+02 2.185821077735690e-18 9.879956850632698e-02
0 78 1.689571937824259e+02 2.222631004358546e-18 9.880185456734973e-02
0 79 1.711069943386405e+02 2.439042348444050e-18 9.879973886015822e-02
1 26 1.725844467084634e+02 1.146131401561419e-16 7.077771040301301e-02
0 80 1.732567863574351e+02 2.439898554979451e-18 9.880112672757634e-02
0 81 1.754065716383624e+02 2.223379462518659e-18 9.880324239543728e-02
0 82 1.775563735006220e+02 2.441598053686304e-18 9.880118914095362e-02
1 27 1.790734414638854e+02 4.184960305125952e-18 7.077773750037185e-02
0 83 1.797061655887353e+02 2.103683257851106e-18 9.880267856082336e-02
0 84 1.818559508412798e+02 2.103623936909437e-18 9.880460533946089e-02
0 85 1.840057541184096e+02 2.187956915918312e-18 9.880262029524602e-02
1 28 1.855624336245081e+02 4.330552876816098e-18 7.077775404490853e-02
0 86 1.861555463884407e+02 2.103594947941530e-18 9.880420371307072e-02
0 87 1.883053317983136e+02 2.224854269508553e-18 9.880592431157399e-02
0 88 1.904551365851771e+02 2.067217002044650e-18 9.880401298223135e-02
1 29 1.920514227804198e+02 4.370631936044831e-15 7.077775934374288e-02
0 89 1.926049291410970e+02 2.225309137962844e-18 9.880568202797291e-02
0 90 1.947547148888830e+02 2.225577053166960e-18 9.880718069984912e-02
0 91 1.969045212648896e+02 2.449081165596676e-18 9.880534835177397e-02
1 30 1.985404086237870e+02 4.166436693792288e-18 7.077775293912356e-02
0 92 1.990543142006470e+02 2.449917095507729e-18 9.880709376317945e-02
0 93 2.012041004599655e+02 2.103376597127768e-18 9.880835665189566e-02
0 94 2.033539084878681e+02 2.190261989859981e-18 9.880660832729164e-02
1 31 2.050293910268359e+02 2.787350738086024e-14 7.077772971698840e-02
0 95 2.055037018862960e+02 2.226716687421106e-18 9.880841986829902e-02
0 96 2.076534888220525e+02 2.207510935201148e-18 9.880943535060084e-02
0 97 2.098032985470458e+02 2.067140669600584e-18 9.880777588056802e-02
1 32 2.115183696824308e+02 4.192246241054425e-18 7.077769742753730e-02
0 98 2.119530924790807e+02 2.454672235655138e-18 9.880964225969653e-02
0 99 2.141028802458083e+02 2.067092299746546e-18 9.881040127620044e-02
0 100 2.162526916949222e+02 2.103241776860139e-18 9.880883529270187e-02
1 33 2.180073444878205e+02 4.171390157095581e-18 7.077765131702167e-02
0 101 2.184024862191259e+02 2.103192667109122e-18 9.881074408874645e-02
0 102 2.205522749594186e+02 2.228336705442299e-18 9.881124044905872e-02
0 103 2.227020881411959e+02 2.228506765069285e-18 9.880977239560146e-02
1 34 2.244963154019675e+02 1.681307090498563e-17 7.077758763682204e-02
0 104 2.248518833035669e+02 2.067070656626945e-18 9.881171000065585e-02
0 105 2.270016731466117e+02 2.192956552626641e-18 9.881194064790075e-02
0 106 2.291514880510605e+02 2.103106077970196e-18 9.881057478878592e-02
1 35 2.309852823189802e+02 4.166481566294038e-18 7.077751912809831e-02
0 107 2.313012838851135e+02 2.229360482994083e-18 9.881252638125596e-02
0 108 2.334510749453369e+02 2.103033516524476e-18 9.881249159877432e-02
0 109 2.356008915441399e+02 2.103044886584658e-18 9.881123202678917e-02
1 36 2.374742453060929e+02 4.191139136469780e-18 7.077743097907271e-02
0 110 2.377506880712277e+02 2.206536399240293e-18 9.881318158905274e-02
0 111 2.399004804470634e+02 2.206458879741499e-18 9.881288513074243e-02
0 112 2.420502986940189e+02 2.067063173454364e-18 9.881173577316554e-02
1 37 2.439632044297696e+02 1.242330801474929e-16 7.077733198825106e-02
0 113 2.442000959238528e+02 2.230585507647732e-18 9.881366616909372e-02
0 114 2.463498896966414e+02 2.067039687216468e-18 9.881311529522972e-02
0 115 2.484997095282989e+02 2.230967881428577e-18 9.881207991800828e-02
1 38 2.504521597707351e+02 4.171353661240977e-18 7.077723469297417e-02
0 116 2.506495074596169e+02 2.102893438120821e-18 9.881397304381483e-02
0 117 2.527993026926532e+02 2.102882777786694e-18 9.881317844697736e-02
0 118 2.549491240291134e+02 2.102890014549270e-18 9.881226065692908e-02
1 39 2.569411115316850e+02 4.210924822779519e-18 7.077711315444968e-02
0 119 2.570989226504446e+02 2.102848633562801e-18 9.881409767409398e-02
0 120 2.592487193882000e+02 2.470257300349797e-18 9.881307328561438e-02
0 121 2.613985421340518e+02 2.232097687726781e-18 9.881227653051379e-02
1 40 2.634300598989375e+02 2.858971469163521e-14 7.077699812519019e-02
0 122 2.635483414245331e+02 2.102808953392900e-18 9.881403818168634e-02
0 123 2.656981396920863e+02 2.196782826614276e-18 9.881280085785120e-02
0 124 2.678479637374618e+02 2.205764410839604e-18 9.881212842427757e-02
1 41 2.699190050958425e+02 4.172339707993584e-18 7.077689209421759e-02
0 125 2.699977636676669e+02 2.205680218555045e-18 9.881379542285681e-02
0 126 2.721475634703643e+02 2.233075415937782e-18 9.881236452127569e-02
0 127 2.742973886920809e+02 2.233164054308421e-18 9.881181953011031e-02
1 42 2.764079474138781e+02 4.994081808689179e-15 7.077678279567388e-02
0 128 2.764471892248221e+02 2.336154221678011e-18 9.881337300335867e-02
0 129 2.785969905481915e+02 2.197915760508273e-18 9.881176987170283e-02
0 130 2.807468168109617e+02 2.067077807704645e-18 9.881135527115417e-02
0 131 2.828966179020367e+02 2.102719413408669e-18 9.881277722760338e-02
1 43 2.828968871465335e+02 4.189350858986213e-18 7.077669780680601e-02
0 132 2.850464207119703e+02 2.102728707743824e-18 9.881102463688625e-02
0 133 2.871962478696603e+02 2.198537956292401e-18 9.881074319290670e-02
0 134 2.893460494685270e+02 2.336944799756961e-18 9.881201697976269e-02
1 44 2.893858246075513e+02 4.185698318195819e-18 7.077662762568411e-02
0 135 2.914958537117496e+02 2.198988041939221e-18 9.881013854004099e-02
0 136 2.936456816086789e+02 2.067108163197452e-18 9.880999282398230e-02
0 137 2.957954836590644e+02 2.234857656807051e-18 9.881110354058310e-02
1 45 2.958747601714198e+02 3.909575658203918e-17 7.077656704914026e-02
0 138 2.979452892638906e+02 2.067128407623218e-18 9.880912313703552e-02
0 139 3.000951177361708e+02 2.102691017129033e-18 9.880911551039590e-02
0 140 3.022449201766329e+02 2.199785791726661e-18 9.881005034933973e-02
1 46 3.023636942140295e+02 4.246222303261533e-18 7.077652639378842e-02
0 141 3.043947270540069e+02 2.200010413913480e-18 9.880799163137784e-02
0 142 3.065445559309147e+02 2.200072339013743e-18 9.880812422752881e-02
0 143 3.086943586953822e+02 2.067145352380733e-18 9.880887272430174e-02
1 47 3.088526271265758e+02 4.378207160348284e-18 7.077647757981181e-02
0 144 3.108441667401772e+02 2.518949567694825e-18 9.880675867131902e-02
0 145 3.129939958455607e+02 2.102667390542844e-18 9.880703337411781e-02
0 146 3.151437988638824e+02 2.200782120592404e-18 9.880758755663739e-02
1 48 3.153415593689842e+02 4.889855196337866e-16 7.077642972857358e-02
0 147 3.172936079564347e+02 2.204804227388077e-18 9.880544013343787e-02
0 148 3.194434371101523e+02 2.102659108824554e-18 9.880585855264316e-02
0 149 3.215932403086915e+02 2.236716817863875e-18 9.880621299201435e-02
1 49 3.218304913819176e+02 4.166548495126346e-18 7.077639050487149e-02
0 150 3.237430503165392e+02 2.338949925116882e-18 9.880405289693318e-02
0 151 3.258928793359374e+02 2.521989611039658e-18 9.880461634033466e-02
0 152 3.280426826382483e+02 2.201754918167213e-18 9.880476811195675e-02
1 50 3.283194235636365e+02 2.769706622483366e-14 7.077632469889709e-02
0 153 3.301924934180433e+02 2.067264989255816e-18 9.880261461252678e-02
0 154 3.323423221194757e+02 2.102647075815643e-18 9.880332405469287e-02
0 155 3.344921254470937e+02 2.625948483308889e-18 9.880327262410560e-02
1 51 3.348083564407157e+02 4.479762994302563e-14 7.077626385803215e-02
0 156 3.366419368466549e+02 2.237806483054432e-18 9.880114346947440e-02
0 157 3.387917650470458e+02 2.102642255109574e-18 9.880199951706722e-02
0 158 3.409415683204078e+02 2.204430369097497e-18 9.880174656762801e-02
1 52 3.412972904271529e+02 4.199410786703481e-18 7.077620179056714e-02
0 159 3.430913801808837e+02 2.102661541461314e-18 9.879965796380109e-02
0 160 3.452412076993308e+02 2.238303620994032e-18 9.880066081747485e-02
0 161 3.473910108388369e+02 2.203204634370266e-18 9.880021003746652e-02
1 53 3.477862259208725e+02 5.380808410705417e-16 7.077612627876498e-02
0 162 3.495408229969488e+02 2.204320471065845e-18 9.879817667050575e-02
0 163 3.516906496563614e+02 2.238755401703047e-18 9.879932608348646e-02
0 164 3.538404525835698e+02 2.238975038370357e-18 9.879868292907325e-02
1 54 3.542751634206816e+02 4.181884290609729e-18 7.077605559322522e-02
0 165 3.559902648739115e+02 2.528843489992246e-18 9.879671802208050e-02
0 166 3.581400905026762e+02 2.067362347635209e-18 9.879801325557948e-02
0 167 3.602898931416226e+02 2.239436554421945e-18 9.879718470376558e-02
1 55 3.607641032494829e+02 4.171073460836463e-18 7.077598331826511e-02
0 168 3.624397053989898e+02 2.204382060315247e-18 9.879530009525612e-02
0 169 3.645895298326528e+02 2.204447944270369e-18 9.879673987090259e-02
