0 0 3.158767190800608e+00 1.667889194268546e-17 7.029441532500431e-02
0 1 9.647813303674303e+00 1.737344137204169e-17 7.029441532500437e-02
0 2 1.613685941654801e+01 1.920286927518003e-17 7.029441532500438e-02
0 3 2.262590552942171e+01 2.016922839089199e-17 7.029441532500438e-02
0 4 2.911495164229541e+01 1.759000317368694e-17 7.029441532500443e-02
0 5 3.560399775516912e+01 1.820714541982786e-17 7.029441532500434e-02
0 6 4.209304386804281e+01 1.736854378875212e-17 7.029441532500427e-02
0 7 4.858208998091651e+01 1.758708148561078e-17 7.029441532500426e-02
0 8 5.507113609379021e+01 1.741969275094778e-17 7.029441532500430e-02
0 9 6.156018220666390e+01 1.828025592479635e-17 7.029441532500434e-02
0 10 6.804922831953749e+01 1.827921116557353e-17 7.029441532500440e-02
0 11 7.453827443241103e+01 1.919287913542676e-17 7.029441532500436e-02
0 12 8.102732054528457e+01 1.919176911990138e-17 7.029441532500440e-02
0 13 8.751636665815812e+01 1.736168717215794e-17 7.029441532500436e-02
0 14 9.400541277103169e+01 1.827503212867932e-17 7.029441532500436e-02
0 15 1.004944588839052e+02 1.757929031742381e-17 7.029441532500438e-02
0 16 1.069835049967788e+02 1.827294261023125e-17 7.029441532500437e-02
0 17 1.134725511096523e+02 1.483655283871922e-17 7.029441532500440e-02
0 18 1.199615972225259e+02 1.910779375704763e-17 7.029441532500434e-02
0 19 1.264506433353994e+02 1.819249108380562e-17 7.029441532500430e-02
0 20 1.329396894482732e+02 1.727751132774737e-17 7.029441532500430e-02
0 21 1.394287355611470e+02 1.910445777328016e-17 7.029441532500429e-02
0 22 1.459177816740208e+02 2.009482597072910e-17 7.029441532500431e-02
0 23 1.524068277868947e+02 1.757149914923594e-17 7.029441532500433e-02
0 24 1.588958738997685e+02 1.826458453643668e-17 7.029441532500433e-02
0 25 1.653849200126423e+02 1.881614880473341e-17 7.029441532500426e-02
0 26 1.718739661255162e+02 1.848211902352690e-17 7.029441532500419e-02
0 27 1.783630122383900e+02 1.734797393896274e-17 7.029441532500415e-02
0 28 1.848520583512639e+02 1.848004074633771e-17 7.029441532500420e-02
0 29 1.913411044641377e+02 1.825936074030718e-17 7.029441532500423e-02
0 30 1.978301505770116e+02 1.635464633836093e-17 7.029441532500427e-02
0 31 2.043191966898854e+02 1.909333782737137e-17 7.029441532500426e-02
0 32 2.108082428027592e+02 1.756273408501763e-17 7.029441532500422e-02
0 33 2.172972889156330e+02 1.642924248512960e-17 7.029441532500416e-02
0 34 2.237863350285069e+02 1.734111732236706e-17 7.029441532500406e-02
0 35 2.302753811413807e+02 1.734013780570550e-17 7.029441532500408e-02
0 36 2.367644272542546e+02 1.726180739622739e-17 7.029441532500411e-02
0 37 2.432534733671284e+02 1.847068849900452e-17 7.029441532500416e-02
0 38 2.497425194800023e+02 1.824995790727797e-17 7.029441532500412e-02
0 39 2.562315655928761e+02 1.733621973906837e-17 7.029441532500406e-02
0 40 2.627206117057499e+02 1.664254514559118e-17 7.029441532500399e-02
0 41 2.692096578186239e+02 1.937928698460391e-17 7.029441532500398e-02
0 42 2.756987039314977e+02 1.908110588683552e-17 7.029441532500405e-02
0 43 2.821877500443716e+02 1.824473411112188e-17 7.029441532500406e-02
0 44 2.886767961572455e+02 1.733132215575602e-17 7.029441532500409e-02
0 45 2.951658422701194e+02 1.999042574798605e-17 7.029441532500408e-02
0 46 3.016548883829932e+02 1.725199243897339e-17 7.029441532500408e-02
0 47 3.081439344958671e+02 1.846029711302830e-17 7.029441532500408e-02
0 48 3.146329806087410e+02 1.816213567338927e-17 7.029441532500402e-02
0 49 3.211220267216148e+02 1.816108893510142e-17 7.029441532500402e-02
0 50 3.276110728344887e+02 1.823742079650596e-17 7.029441532500399e-02
0 51 3.341001189473625e+02 1.823637603728103e-17 7.029441532500398e-02
0 52 3.405891650602364e+02 1.829216908555013e-17 7.029441532500398e-02
0 53 3.470782111731103e+02 1.936603424577920e-17 7.029441532500398e-02
0 54 3.535672572859843e+02 1.914514846761610e-17 7.029441532500394e-02
0 55 3.600563033988581e+02 1.845198400424254e-17 7.029441532500395e-02
