0 0 1.235814249657753e+00 8.409882429080426e-16 9.345098301268902e-02
0 1 3.385624494545458e+00 8.066025560865484e-16 9.345076460802940e-02
1 0 3.733542577765764e+00 4.264706446035691e-18 6.956126507535358e-02
0 2 5.535428791763613e+00 7.644363970856885e-16 9.344897898856100e-02
0 3 7.685250892745929e+00 7.414514447617569e-16 9.344999679217225e-02
0 4 9.835056628200963e+00 7.058497908530329e-16 9.344954682334387e-02
1 1 1.022248952764435e+01 4.242503852698712e-18 6.956173398621417e-02
0 5 1.198485636963987e+01 6.629131000163818e-16 9.344777888887934e-02
0 6 1.413467354380506e+01 6.386579024438184e-16 9.344888990760603e-02
0 7 1.628447448467573e+01 6.031611720034639e-16 9.344821333032366e-02
1 2 1.671145071914006e+01 3.174301177657098e-17 6.956217854336805e-02
0 8 1.843426939641766e+01 5.633499152498098e-16 9.344647684990769e-02
0 9 2.058408133439720e+01 5.374574714382912e-16 9.344767948156668e-02
0 10 2.273387726054935e+01 5.016150582738056e-16 9.344678408012035e-02
1 3 2.320042716568476e+01 4.274213847372090e-18 6.956260796148846e-02
0 11 2.488366713699714e+01 4.632314204656253e-16 9.344509153822395e-02
0 12 2.703347360127907e+01 4.373917571109397e-16 9.344638400086666e-02
0 13 2.918326436072134e+01 4.050956554063706e-16 9.344528005644523e-02
1 4 2.968941954274191e+01 4.314214528182132e-18 6.956300713330588e-02
0 14 3.133304906788055e+01 3.707005582873570e-16 9.344364271174972e-02
0 15 3.348284989580749e+01 3.466394864224366e-16 9.344502301924594e-02
0 16 3.563263540688086e+01 3.191907889547741e-16 9.344372294496076e-02
1 5 3.617842838688279e+01 2.713716451207502e-15 6.956337111404585e-02
0 17 3.778241488444970e+01 2.874467380463772e-16 9.344215091311719e-02
0 18 3.993220999003168e+01 2.655835846869148e-16 9.344361684882481e-02
0 19 4.208199024262569e+01 2.394451597845026e-16 9.344213481007214e-02
1 6 4.266745403359076e+01 4.241116873628094e-18 6.956370121365441e-02
0 20 4.423176450486794e+01 2.132685973828710e-16 9.344063715840699e-02
0 21 4.638155387939208e+01 1.936214815326124e-16 9.344218624705700e-02
0 22 4.853132893516414e+01 1.713934826201092e-16 9.344053778266902e-02
1 7 4.915649643013866e+01 2.440751757678252e-14 6.956398595666728e-02
0 23 5.068109807056505e+01 1.490683488081575e-16 9.343912262763461e-02
0 24 5.283088178200629e+01 1.323536794550042e-16 9.344075210557125e-02
0 25 5.498065177359501e+01 1.156797090096420e-16 9.343895376191431e-02
1 8 5.564555548376090e+01 4.241073970890419e-18 6.956422561229683e-02
0 26 5.713041594332608e+01 9.583001719076366e-17 9.343762836279983e-02
0 27 5.928019413458791e+01 8.334835497424638e-17 9.343933514672852e-02
0 28 6.142995926382942e+01 6.651390493988682e-17 9.343740413385081e-02
1 9 6.213463079060681e+01 4.244864035546006e-18 6.956441802172766e-02
0 29 6.357971869907772e+01 5.399516348474180e-17 9.343617497862274e-02
0 30 6.572949158511909e+01 4.228975187856866e-17 9.343795563305603e-02
0 31 6.787925212029887e+01 3.315801388008357e-17 9.343590950930683e-02
1 10 6.862372161184061e+01 1.586031235678643e-16 6.956456119854323e-02
0 32 7.002900711854082e+01 2.141138723720150e-17 9.343478239028979e-02
0 33 7.217877498247027e+01 1.531815120916341e-17 9.343663309394626e-02
0 34 7.432853125466394e+01 8.457997887389063e-18 9.343448948322607e-02
1 11 7.511282721750455e+01 4.422766698848868e-18 6.956465144172946e-02
0 35 7.647828217497974e+01 3.925675667985489e-18 9.343346956169503e-02
0 36 7.862804536320975e+01 3.923299434289011e-18 9.343538607318719e-02
0 37 8.077779776177712e+01 3.867970754631954e-18 9.343316241709834e-02
1 12 8.160194651282340e+01 4.258436233016381e-18 6.956469215878514e-02
0 38 8.292754501930852e+01 9.581599830908244e-18 9.343225427677319e-02
0 39 8.507730393587381e+01 1.790330701872654e-17 9.343423189999421e-02
0 40 8.722705290318085e+01 3.393148675786736e-17 9.343194524562592e-02
1 13 8.809107823203549e+01 1.112459579371452e-17 6.956468507575826e-02
0 41 8.937679696284732e+01 5.679109294742961e-17 9.343115293563209e-02
0 42 9.152655206299977e+01 8.358107936816552e-17 9.343318648531798e-02
0 43 9.367629808845328e+01 1.201603780925684e-16 9.343085330820412e-02
1 14 9.458022105007967e+01 4.339056331656874e-18 6.956462303839296e-02
0 44 9.582603945805238e+01 2.155535189910352e-14 9.343018037637539e-02
0 45 9.797579124125808e+01 2.260541120082667e-16 9.343226414439752e-02
0 46 1.001255348547531e+02 3.000343795144708e-16 9.342990020532060e-02
1 15 1.010693733584745e+02 4.279564113386200e-18 6.956452262005425e-02
0 47 1.022752740775766e+02 3.943916113794874e-16 9.342934972284744e-02
0 48 1.044250230800499e+02 4.940734564144037e-16 9.343147744588340e-02
0 49 1.065747648449392e+02 6.224979621563924e-16 9.342909767958614e-02
1 16 1.075585335084173e+02 3.533632099911050e-14 6.956437700332395e-02
0 50 1.087245024920394e+02 7.824753824665446e-16 9.342867225801124e-02
0 51 1.108742492789414e+02 9.461174107220613e-16 9.343083708736623e-02
0 52 1.130239897846374e+02 1.152436768514460e-15 9.342845552074464e-02
1 17 1.140476997653682e+02 4.256148374967881e-18 6.956418109728392e-02
0 53 1.151737264468600e+02 1.405000581473135e-15 9.342815732223073e-02
0 54 1.173234716042864e+02 1.662489399093300e-15 9.343035179672389e-02
0 55 1.194732114585991e+02 1.976780050266315e-15 9.342798149366956e-02
1 18 1.205368702294682e+02 7.576560308611640e-16 6.956396909562858e-02
0 56 1.216229477385011e+02 2.353371486731193e-15 9.342781223533041e-02
0 57 1.237726918653727e+02 2.734286371625340e-15 9.343002825829762e-02
0 58 1.259224316866855e+02 3.196125815249126e-15 9.342768128809702e-02
1 19 1.270260430388955e+02 4.281194886339312e-18 6.956371399283763e-02
0 59 1.280721681904496e+02 3.732615375467669e-15 9.342764224103289e-02
0 60 1.302219118904190e+02 4.274639687482071e-15 9.342987106264179e-02
0 61 1.323716522998065e+02 4.917943928877899e-15 9.342755848881415e-02
1 20 1.335152162847435e+02 4.250618316846073e-18 6.956342810880614e-02
0 62 1.345213896292627e+02 5.658085058559092e-15 9.342765047231326e-02
0 63 1.366711335027490e+02 6.403842605042583e-15 9.342988267853604e-02
0 64 1.388208751161397e+02 7.272110605450065e-15 9.342761456515231e-02
1 21 1.400043880324626e+02 4.222638119210806e-17 6.956313387301905e-02
0 65 1.409706138609922e+02 8.256785977964157e-15 9.342783793634681e-02
0 66 1.431203584974460e+02 9.244555999321451e-15 9.343006344610293e-02
0 67 1.452701019179294e+02 1.037996650287894e-14 9.342784887879586e-02
1 22 1.464935563814834e+02 4.255844349279650e-18 6.956280800032023e-02
0 68 1.474198426482756e+02 1.165163324551222e-14 9.342820351787551e-02
0 69 1.495695886187564e+02 1.292664123843820e-14 9.343041159003607e-02
0 70 1.517193344291145e+02 1.436648341397509e-14 9.342825870900122e-02
1 23 1.529827195284496e+02 4.309679820401643e-18 6.956247443337635e-02
0 71 1.538690776883227e+02 1.596051952135772e-14 9.342874399990733e-02
0 72 1.560188255384591e+02 1.756156142156186e-14 9.343092325203710e-02
0 73 1.581685742939965e+02 1.933715448112814e-14 9.342883929437927e-02
1 24 1.594718756797176e+02 2.942213325823969e-15 6.956213506117088e-02
0 74 1.603183205920063e+02 2.128824434546218e-14 9.342945410072709e-02
0 75 1.624680708354014e+02 2.324265558252795e-14 9.343159254159772e-02
0 76 1.646178230571419e+02 2.537915143542180e-14 9.342958389057032e-02
1 25 1.659610231394764e+02 4.246919353062949e-18 6.956177882263843e-02
0 77 1.667675728642480e+02 2.770312877157607e-14 9.343032652636765e-02
0 78 1.689173259763893e+02 3.003357328803539e-14 9.343241160441651e-02
0 79 1.710670821447054e+02 3.253676778632817e-14 9.343048384346049e-02
1 26 1.724501604464285e+02 2.088839709265759e-14 6.956143248595267e-02
0 80 1.732168358858791e+02 8.629674096611687e-17 9.343135203804473e-02
0 81 1.753665922986059e+02 8.639488558340057e-17 9.343337070806811e-02
0 82 1.775163528473454e+02 8.562719278300073e-17 9.343152867796424e-02
1 27 1.789392860983819e+02 4.284668484142218e-18 6.956108410074541e-02
0 83 1.796661108971414e+02 8.349340981182500e-17 9.343251953444051e-02
0 84 1.818158709937116e+02 8.193508797752305e-17 9.343445834486472e-02
0 85 1.839656363048722e+02 7.903399278949496e-17 9.343270620260082e-02
1 28 1.854283988376764e+02 4.256503159474500e-18 6.956073570971055e-02
0 86 1.861153989829485e+02 7.551349843487540e-17 9.343381614897998e-02
0 87 1.882651630937314e+02 7.238293240133921e-17 9.343566135204051e-02
0 88 1.904149334927260e+02 6.864623195946012e-17 9.343400263011289e-02
1 29 1.919174976795608e+02 1.763231430080500e-16 6.956040159026784e-02
0 89 1.925647010600109e+02 6.394409537660942e-17 9.343522736233539e-02
0 90 1.947144694588250e+02 5.982027862728295e-17 9.343696504935879e-02
0 91 1.968642452103736e+02 5.621914486607619e-17 9.343540271429913e-02
1 30 1.984065815896425e+02 4.264950308136816e-18 6.956007637563889e-02
0 92 1.990140178659001e+02 5.031375608854503e-17 9.343673713042334e-02
0 93 2.011637907670123e+02 4.576598114349135e-17 9.343835339408973e-02
0 94 2.033135720716966e+02 4.123850954067269e-17 9.343688990319486e-02
1 31 2.048956499189736e+02 4.273167800141176e-18 6.955976341684653e-02
0 95 2.054633499501351e+02 3.659880872856992e-17 9.343832802829605e-02
0 96 2.076131275059397e+02 3.174739484788216e-17 9.343980915322955e-02
0 97 2.097629144974590e+02 2.688842103668361e-17 9.343844650876544e-02
1 32 2.113847021933210e+02 1.562376460942360e-17 6.955946703048527e-02
0 98 2.119126976673777e+02 2.324683957878734e-17 9.343998141057873e-02
0 99 2.140624799667686e+02 1.952028169789614e-17 9.344131409277429e-02
0 100 2.162122727099312e+02 1.534369127839682e-17 9.344005389323549e-02
1 33 2.178737380254098e+02 4.242612150729259e-18 6.955919373425802e-02
0 101 2.183620611728085e+02 1.173875743172051e-17 9.344167758938167e-02
0 102 2.205118482402538e+02 1.025794738400002e-17 9.344284918376111e-02
0 103 2.226616467297345e+02 7.323773531421090e-18 9.344169267194465e-02
1 34 2.243627574281529e+02 4.245559823514847e-18 6.955893638825261e-02
0 104 2.248114404197413e+02 4.345032262144715e-18 9.344339603076228e-02
0 105 2.269612322150592e+02 3.993788778257054e-18 9.344439482448476e-02
0 106 2.291110363749455e+02 3.343236829351727e-18 9.344334293216310e-02
1 35 2.308517604959875e+02 3.408747697049979e-14 6.955870542111459e-02
0 107 2.312608351595108e+02 2.277299367544187e-18 9.344511557080952e-02
0 108 2.334106315783445e+02 2.437904149205866e-18 9.344593107776512e-02
0 109 2.355604412624893e+02 2.181565081553959e-18 9.344498446672056e-02
1 36 2.373407475303474e+02 4.241530624358578e-18 6.955850992187151e-02
0 110 2.377102449436625e+02 3.407236432300173e-18 9.344681465230407e-02
0 111 2.398600458186490e+02 2.694206814420633e-18 9.344743792149936e-02
0 112 2.420098608118489e+02 4.330784777745386e-18 9.344659702070841e-02
1 37 2.438297191998028e+02 1.154252237845643e-15 6.955832786672313e-02
0 113 2.441596691284712e+02 3.404976852662137e-18 9.344847158270755e-02
0 114 2.463094742311013e+02 6.198439323140383e-18 9.344889551008820e-02
0 115 2.484592942511164e+02 8.265414536560993e-18 9.344816054898480e-02
1 38 2.503186761830298e+02 4.282028721066789e-18 6.955818742591023e-02
0 116 2.506091068818064e+02 9.082505482784769e-18 9.345006481390533e-02
0 117 2.527589159249738e+02 1.296407283977382e-17 9.345028444378614e-02
0 118 2.549087406253970e+02 1.442851754711655e-17 9.344965548168502e-02
1 39 2.568076194435586e+02 4.250285291761670e-18 6.955808511330949e-02
0 119 2.570585571923477e+02 1.696917555634635e-17 9.345157324340868e-02
0 120 2.592083698335797e+02 1.949445616071219e-17 9.345158604248736e-02
0 121 2.613581988075549e+02 2.023062382740310e-17 9.345106299435817e-02
1 40 2.632965501761807e+02 7.969992531119919e-17 6.955800703629830e-02
0 122 2.635080188811218e+02 2.468446103564177e-17 9.345297653543484e-02
0 123 2.656578347264853e+02 2.685458444956334e-17 9.345278261991902e-02
0 124 2.678076675112652e+02 2.857254653406920e-17 9.345236527869479e-02
1 41 2.697854696493524e+02 4.246026064990508e-18 6.955798167225120e-02
0 125 2.699574906153073e+02 3.182278542542624e-17 9.345425545824337e-02
0 126 2.721073092239719e+02 3.373418099958881e-17 9.345385775361571e-02
0 127 2.742571453062831e+02 3.518505652719954e-17 9.345354580914451e-02
1 42 2.762743793323000e+02 4.262282652233164e-18 6.955799633421908e-02
0 128 2.764069709242025e+02 3.917090400334743e-17 9.345539223141140e-02
0 129 2.785567918136487e+02 4.097111320811410e-17 9.345479654547612e-02
0 130 2.807066306358322e+02 4.158874031301184e-17 9.345458960017515e-02
0 131 2.828564582172414e+02 4.567938176597448e-17 9.345637087369954e-02
1 43 2.827632808432058e+02 8.178361535456877e-16 6.955805690995902e-02
0 132 2.850062808690953e+02 4.665491647853263e-17 9.345558586732022e-02
0 133 2.871561218359659e+02 4.810769717792111e-17 9.345548344858226e-02
0 134 2.893059508038924e+02 5.073313706475310e-17 9.345717753928859e-02
1 44 2.892521758710680e+02 4.248660046373068e-18 6.955818232016234e-02
0 135 2.914557746703634e+02 5.315838822097090e-17 9.345621458570326e-02
0 136 2.936056171567216e+02 5.253229765407162e-17 9.345621615517913e-02
0 137 2.957554469152460e+02 5.460034716252050e-17 9.345780082800356e-02
1 45 2.957410662080589e+02 5.534022923094509e-14 6.955835965064801e-02
0 138 2.979052714261375e+02 5.794208873855438e-17 9.345667376036305e-02
0 139 3.000551147848507e+02 5.830884487073629e-17 9.345677872029526e-02
0 140 3.022049447270616e+02 6.108978851896732e-17 9.345823205414834e-02
1 46 3.022299537262475e+02 5.530763913839618e-14 6.955860240021686e-02
0 141 3.043547692973065e+02 6.371308691533784e-17 9.345695681098386e-02
0 142 3.065046128678578e+02 6.371796491095919e-17 9.345716450778518e-02
0 143 3.086544423839971e+02 6.479067613999262e-17 9.345846545909811e-02
1 47 3.087188403106401e+02 4.247282322584618e-18 6.955891182154665e-02
0 144 3.108042664216484e+02 6.730403372289737e-17 9.345705964748353e-02
0 145 3.129541095390307e+02 6.793630308764369e-17 9.345736937270560e-02
0 146 3.151039380247046e+02 7.117884328618200e-17 9.345849835502182e-02
1 48 3.152077278928602e+02 4.489543874671242e-17 6.955926264256833e-02
0 147 3.172537609392810e+02 7.584972247496793e-17 9.345698075972599e-02
0 148 3.194036029431039e+02 7.586216686766795e-17 9.345739174849170e-02
0 149 3.215534298074348e+02 7.945994783709544e-17 9.345833119100144e-02
1 49 3.216966183966611e+02 4.279961336166270e-18 6.955966546452533e-02
0 150 3.237032510185023e+02 8.495121610263094e-17 9.345672126346609e-02
0 151 3.258530912621648e+02 8.485483650859561e-17 9.345723269039814e-02
0 152 3.280029159357724e+02 8.844324920773644e-17 9.345796753808017e-02
1 50 3.281855136988011e+02 4.252747917959417e-18 6.956010308584555e-02
0 153 3.301527348816169e+02 9.572962211973193e-17 9.345628490041094e-02
0 154 3.323025727413947e+02 9.671272531774422e-17 9.345689587308348e-02
0 155 3.344523946841035e+02 1.043596741766750e-16 9.345741399563326e-02
1 51 3.346744156499158e+02 8.640612915683785e-18 6.956055448667521e-02
0 156 3.366022108303299e+02 1.110625743376792e-16 9.345567799151971e-02
0 157 3.387520457142192e+02 1.135855524203057e-16 9.345638754150037e-02
0 158 3.409018644223934e+02 1.211049571040118e-16 9.345668002693487e-02
1 52 3.411633260154795e+02 4.311733340097910e-18 6.956103049049510e-02
0 159 3.430516772702732e+02 1.315980227737637e-16 9.345490934403515e-02
0 160 3.452015086264312e+02 1.365251136473556e-16 9.345571641560843e-02
0 161 3.473513236398432e+02 1.454613025368265e-16 9.345577773578836e-02
1 53 3.476522464089070e+02 4.245628097598904e-18 6.956150681582605e-02
0 162 3.495011327342298e+02 1.616684696252257e-16 9.345399011413379e-02
0 163 3.516509600588539e+02 1.695454685736484e-16 9.345489355079786e-02
0 164 3.538007709669930e+02 1.820318560486731e-16 9.345472159797150e-02
1 54 3.541411783684563e+02 5.959841317961247e-15 6.956197993132404e-02
0 165 3.559505759036290e+02 2.015655605433229e-16 9.345293362837513e-02
0 166 3.581003987481286e+02 2.141717551658259e-16 9.345393215717022e-02
0 167 3.602502051958655e+02 2.322329499646945e-16 9.345352816102123e-02
1 55 3.606301232657831e+02 4.241547374847076e-18 6.956245365311857e-02
0 168 3.624000056279189e+02 2.589391113498597e-16 9.345175516824485e-02
0 169 3.645498236052450e+02 2.760324492123105e-16 9.345284738193133e-02
