0 0 3.219263198418989e+00 6.680053162627376e-18 6.106173003947245e-02
0 1 9.708309311292695e+00 6.731086638974039e-18 6.106173003947246e-02
0 2 1.619735542416642e+01 7.549240663752358e-18 6.106173003947244e-02
0 3 2.268640153704014e+01 6.920738017350243e-18 6.106173003947240e-02
0 4 2.917544764991387e+01 7.132742888276013e-18 6.106173003947239e-02
0 5 3.566449376278759e+01 6.974214999088061e-18 6.106173003947239e-02
0 6 4.215353987566132e+01 6.889399786195108e-18 6.106173003947236e-02
0 7 4.864258598853507e+01 6.266898957687284e-18 6.106173003947230e-02
0 8 5.513163210140880e+01 6.919967062737296e-18 6.106173003947234e-02
0 9 6.162067821428256e+01 7.073062161949406e-18 6.106173003947228e-02
0 10 6.810972432715623e+01 7.228869015044497e-18 6.106173003947224e-02
0 11 7.459877044002985e+01 6.664482425123185e-18 6.106173003947222e-02
0 12 8.108781655290348e+01 6.889256933290227e-18 6.106173003947222e-02
0 13 8.757686266577710e+01 6.581604214042623e-18 6.106173003947214e-02
0 14 9.406590877865072e+01 6.271160557773970e-18 6.106173003947216e-02
0 15 1.005549548915243e+02 7.455573127096953e-18 6.106173003947218e-02
0 16 1.070440010043980e+02 7.227981766722447e-18 6.106173003947215e-02
0 17 1.135330471172716e+02 6.267343544099296e-18 6.106173003947217e-02
0 18 1.200220932301452e+02 6.889114080385084e-18 6.106173003947217e-02
0 19 1.265111393430188e+02 6.522073687414964e-18 6.106173003947224e-02
0 20 1.330001854558926e+02 7.027656246066861e-18 6.106173003947223e-02
0 21 1.394892315687665e+02 7.049858276957339e-18 6.106173003947218e-02
0 22 1.459782776816404e+02 7.377766907838080e-18 6.106173003947215e-02
0 23 1.524673237945143e+02 7.049817227770065e-18 6.106173003947224e-02
0 24 1.589563699073882e+02 6.816578727169367e-18 6.106173003947224e-02
0 25 1.654454160202621e+02 7.004532120956320e-18 6.106173003947223e-02
0 26 1.719344621331360e+02 6.972409266457984e-18 6.106173003947226e-02
0 27 1.784235082460099e+02 6.730383451079786e-18 6.106173003947220e-02
0 28 1.849125543588838e+02 6.888875992210401e-18 6.106173003947227e-02
0 29 1.914016004717577e+02 6.816132862159449e-18 6.106173003947223e-02
0 30 1.978906465846316e+02 6.522333912229437e-18 6.106173003947218e-02
0 31 2.043796926975055e+02 6.680886866462087e-18 6.106173003947216e-02
0 32 2.108687388103795e+02 6.815865343152253e-18 6.106173003947214e-02
0 33 2.173577849232534e+02 6.424086067787736e-18 6.106173003947212e-02
0 34 2.238468310361273e+02 7.069285650594795e-18 6.106173003947210e-02
0 35 2.303358771490012e+02 7.619055443662810e-18 6.106173003947219e-02
0 36 2.368249232618751e+02 6.213101297604272e-18 6.106173003947225e-02
0 37 2.433139693747491e+02 6.815419478140665e-18 6.106173003947228e-02
0 38 2.498030154876230e+02 7.383280478403210e-18 6.106173003947230e-02
0 39 2.562920616004968e+02 7.290721363420897e-18 6.106173003947224e-02
0 40 2.627811077133707e+02 6.573978371564347e-18 6.106173003947228e-02
0 41 2.692701538262446e+02 6.730004811443342e-18 6.106173003947225e-02
0 42 2.757591999391185e+02 7.641208127439208e-18 6.106173003947226e-02
0 43 2.822482460519924e+02 7.801888157062508e-18 6.106173003947225e-02
0 44 2.887372921648663e+02 7.212427301994825e-18 6.106173003947226e-02
0 45 2.952263382777402e+02 6.729896628690131e-18 6.106173003947220e-02
0 46 3.017153843906141e+02 7.129267371585381e-18 6.106173003947214e-02
0 47 3.082044305034880e+02 6.970603533824315e-18 6.106173003947217e-02
0 48 3.146934766163619e+02 7.381834099909656e-18 6.106173003947209e-02
0 49 3.211825227292358e+02 7.129019120393532e-18 6.106173003947205e-02
0 50 3.276715688421097e+02 6.681397846232732e-18 6.106173003947210e-02
0 51 3.341606149549836e+02 7.617891135744320e-18 6.106173003947202e-02
0 52 3.406496610678575e+02 7.212289730123577e-18 6.106173003947205e-02
0 53 3.471387071807313e+02 6.681478527248746e-18 6.106173003947202e-02
0 54 3.536277532936052e+02 7.638713971529707e-18 6.106173003947207e-02
0 55 3.601167994064791e+02 7.289449904645670e-18 6.106173003947215e-02
