0 0 1.264200653621020e+00 2.262592486874241e-18 9.775054575273956e-02
0 1 3.414001967251401e+00 2.262598613290315e-18 9.775057742056215e-02
1 0 3.745610669224167e+00 4.312832179700558e-18 6.871667119084662e-02
0 2 5.563812683316113e+00 2.422732658158040e-18 9.774886414485257e-02
0 3 7.713636937475163e+00 2.165049918564683e-18 9.775060564982579e-02
0 4 9.863439261391173e+00 2.371514901436449e-18 9.775039221265060e-02
1 1 1.023454687144648e+01 4.317508207251249e-18 6.871668827182542e-02
0 5 1.201325125686096e+01 2.221053070169675e-18 9.774870784680041e-02
0 6 1.416307561796330e+01 2.131338231815928e-18 9.775053483988691e-02
0 7 1.631287898623968e+01 2.089755399317406e-18 9.775007250326938e-02
1 2 1.672348048978245e+01 2.876188169925183e-15 6.871670936060978e-02
0 8 1.846269217991934e+01 2.596507813931057e-18 9.774842845440083e-02
0 9 2.061251655959129e+01 2.131470114108811e-18 9.775033334910864e-02
0 10 2.276232099641284e+01 2.425096363757619e-18 9.774962095320665e-02
1 3 2.321241177854982e+01 4.299832878034112e-18 6.871674395140810e-02
0 11 2.491213529370521e+01 2.275050974327695e-18 9.774802775519895e-02
0 12 2.706195959583487e+01 2.262605292714665e-18 9.775000291910368e-02
0 13 2.921176511512016e+01 2.241579256944497e-18 9.774904191733413e-02
1 4 2.970134087297376e+01 2.145665013723241e-14 6.871677986379444e-02
0 14 3.136158040928251e+01 2.523439442718236e-18 9.774750923194188e-02
0 15 3.351140453101268e+01 2.262614647053140e-18 9.774954699635878e-02
0 16 3.566121113619292e+01 2.393096387733793e-18 9.774834139127900e-02
1 5 3.619026814690741e+01 4.322618911562332e-18 6.871682537730957e-02
0 17 3.781102730974142e+01 2.165564105475741e-18 9.774687802978581e-02
0 18 3.996085114261484e+01 2.165546441543201e-18 9.774897069711794e-02
0 19 4.211065882658145e+01 2.089807140978115e-18 9.774752693924518e-02
1 6 4.267919390071936e+01 4.310020662407539e-18 6.871688133288036e-02
0 20 4.426047575282422e+01 2.373287875053205e-18 9.774614089845311e-02
0 21 4.641029918406660e+01 2.262640125220727e-18 9.774828074744749e-02
0 22 4.856010792929757e+01 2.165718449706123e-18 9.774660760256051e-02
1 7 4.916811835081796e+01 2.006101897668438e-17 6.871694481633821e-02
0 23 5.070992547397746e+01 2.370755750094095e-18 9.774530610958794e-02
0 24 5.285974838790347e+01 2.262655949836486e-18 9.774748539876703e-02
0 25 5.500955816677524e+01 2.700814930766764e-18 9.774559378881764e-02
1 8 5.565704196292587e+01 4.313932402581794e-18 6.871701618566335e-02
0 26 5.715937618980335e+01 2.165867348465528e-18 9.774438335010119e-02
0 27 5.930919846932723e+01 2.604634676152277e-18 9.774659431966329e-02
0 28 6.145900924461488e+01 2.524244061255616e-18 9.774449714193124e-02
1 9 6.214596503727975e+01 4.343599117153109e-18 6.871709767153844e-02
0 29 6.360882760187152e+01 2.262730198956694e-18 9.774338359283510e-02
0 30 6.575864913009920e+01 2.165952640336388e-18 9.774561846532577e-02
0 31 6.790846085565938e+01 2.262735181990146e-18 9.774333039397351e-02
1 10 6.863488790266527e+01 4.400007786813867e-18 6.871718928425941e-02
0 32 7.005827940083330e+01 2.089910438585295e-18 9.774231894637680e-02
0 33 7.220810006270736e+01 2.412645507481130e-18 9.774456992641936e-02
0 34 7.435791268433185e+01 2.398069249488083e-18 9.774210720022765e-02
1 11 7.512381100747545e+01 4.384436799019674e-18 6.871728394152977e-02
0 35 7.650773127076843e+01 2.132660880972071e-18 9.774120248630044e-02
0 36 7.865755095473492e+01 2.369777595755931e-18 9.774346175965155e-02
0 37 8.080736441115607e+01 2.705447849457333e-18 9.774084195946295e-02
1 12 8.161273463973896e+01 4.320022270276694e-18 6.871739241631700e-02
0 38 8.295718289368577e+01 2.166282012985885e-18 9.774004807053500e-02
0 39 8.510700149335520e+01 2.278707972514965e-18 9.774230780274727e-02
0 40 8.725681571738660e+01 2.262807123076574e-18 9.773954962199606e-02
1 13 8.810165918392323e+01 1.573866757315764e-14 6.871750640488113e-02
0 41 8.940663395410893e+01 2.525036951610933e-18 9.773887014194232e-02
0 42 9.155645136988404e+01 2.219796879354611e-18 9.774112247693695e-02
0 43 9.370626628967497e+01 2.166459578857682e-18 9.773824548856287e-02
1 14 9.459058502655778e+01 4.302427501682877e-18 6.871761798683013e-02
0 44 9.585608414367091e+01 2.166495688736337e-18 9.773768352151273e-02
0 45 9.800590028431161e+01 2.279518622155923e-18 9.773992058040940e-02
0 46 1.001557158246884e+02 2.262856707930559e-18 9.773694500337286e-02
1 15 1.010795124168227e+02 4.012798690548307e-15 6.871774968025898e-02
0 47 1.023055331656315e+02 2.246434573860025e-18 9.773650319579610e-02
0 48 1.044553479497245e+02 2.376164721018144e-18 9.773871707636808e-02
0 49 1.066051640335863e+02 2.166680749414194e-18 9.773566354487515e-02
1 16 1.075684417184259e+02 4.407535458319831e-18 6.871787681859605e-02
0 50 1.087549807392248e+02 2.246879385185457e-18 9.773534410225088e-02
0 51 1.109047940965288e+02 2.780597200863505e-18 9.773752687938266e-02
0 52 1.130546106462637e+02 2.123424839998624e-18 9.773441621781823e-02
1 17 1.140573732147944e+02 4.299657237129301e-18 6.871800256530020e-02
0 53 1.152044266037518e+02 2.123418675948530e-18 9.773422091616207e-02
0 54 1.173542384763930e+02 2.280787721758721e-18 9.773636464370469e-02
0 55 1.195040554152832e+02 2.219438819226640e-18 9.773321765016088e-02
1 18 1.205463071213663e+02 4.147241432419538e-17 6.871814247890645e-02
0 56 1.216538705223450e+02 2.247797773404811e-18 9.773314784270276e-02
0 57 1.238036808658467e+02 2.090065626473110e-18 9.773524455714538e-02
0 58 1.259534981194351e+02 2.248123405384065e-18 9.773208179825783e-02
1 19 1.270352436751042e+02 4.294594973188605e-18 6.871827153249872e-02
0 59 1.281033122853462e+02 2.167051916294065e-18 9.773213841753983e-02
0 60 1.302531210694745e+02 2.438813784506146e-18 9.773418014396895e-02
0 61 1.324029385668630e+02 2.248607271103818e-18 9.773102176350153e-02
1 20 1.335241830645321e+02 4.310011479389339e-18 6.871840303444726e-02
0 62 1.345527517132395e+02 2.411571911470677e-18 9.773120531910882e-02
0 63 1.367025589226491e+02 2.406524910184785e-18 9.773318407998638e-02
0 64 1.388523765976967e+02 2.123383107334083e-18 9.773004962320329e-02
1 21 1.400131254097990e+02 2.006788930592002e-16 6.871853675304622e-02
0 65 1.410021886590806e+02 2.378166396371776e-18 9.773036019527591e-02
0 66 1.431519942937520e+02 2.440715332448691e-18 9.773226802262414e-02
0 67 1.453018120861494e+02 2.123365700692239e-18 9.772917627808947e-02
1 22 1.465020708013511e+02 4.302262272916375e-18 6.871865613526520e-02
0 68 1.474516230103926e+02 2.378541401806665e-18 9.772961350667676e-02
0 69 1.496014270858532e+02 2.283107929981267e-18 9.773144245830376e-02
0 70 1.517512449420503e+02 2.526988519547202e-18 9.772841131838512e-02
1 23 1.529910193369800e+02 8.012994080361252e-14 6.871878073775665e-02
0 71 1.539010546904995e+02 2.218814336654532e-18 9.772897438862230e-02
0 72 1.560508572378341e+02 2.123276397344566e-18 9.773071656907384e-02
0 73 1.582006751118061e+02 2.263030798598353e-18 9.772776291006834e-02
1 24 1.594799709807045e+02 6.063060707853146e-14 6.871889617402126e-02
0 74 1.603504836592977e+02 2.250842765359890e-18 9.772845053306237e-02
0 75 1.625002847249513e+02 2.090171573397910e-18 9.773009812003851e-02
0 76 1.646501025787928e+02 2.444065851335665e-18 9.772723770240359e-02
1 25 1.659689256924905e+02 4.298601379708915e-18 6.871899609881223e-02
0 77 1.667999099134667e+02 2.444419270193972e-18 9.772804809163571e-02
0 78 1.689497095588484e+02 2.263001534744707e-18 9.772959336867154e-02
0 79 1.710995273631854e+02 2.167853739550697e-18 9.772684075733847e-02
1 26 1.724578834827208e+02 2.188964759890620e-16 6.871909956005683e-02
0 80 1.732493334861313e+02 2.090216213969124e-18 9.772777160031598e-02
0 81 1.753991317870264e+02 2.541052100532005e-18 9.772920699658262e-02
0 82 1.775489495212430e+02 2.167975542566884e-18 9.772657550089250e-02
1 27 1.789468441327056e+02 4.298655329725729e-18 6.871918675007102e-02
0 83 1.796987544459982e+02 2.541650810645198e-18 9.772762392572677e-02
0 84 1.818485514918030e+02 2.252770457489151e-18 9.772894206384505e-02
0 85 1.839983691440824e+02 2.123186694758064e-18 9.772644369634818e-02
1 28 1.854358075289609e+02 4.295793245612676e-18 6.871926135448804e-02
0 86 1.861481728960018e+02 2.600300493264625e-18 9.772760623291679e-02
0 87 1.882979687887993e+02 2.263015548856034e-18 9.772879998567499e-02
0 88 1.904477863559879e+02 2.135315503717261e-18 9.772644543882043e-02
1 29 1.919247735224596e+02 5.029517082128766e-18 6.871932853936326e-02
0 89 1.925975889715074e+02 2.253739030062379e-18 9.772771797418552e-02
0 90 1.947473838250004e+02 2.416528269360861e-18 9.772878053099839e-02
0 91 1.968972013123015e+02 2.135481370701605e-18 9.772657917050241e-02
1 30 1.984137418006259e+02 4.307891200546213e-18 6.871938046684012e-02
0 92 1.990470028381157e+02 2.691605006236347e-18 9.772795689835657e-02
0 93 2.011967967764333e+02 2.450594918725631e-18 9.772888184218656e-02
0 94 2.033466141969438e+02 2.135647956826530e-18 9.772684171558016e-02
1 31 2.049027121907397e+02 4.330293095535704e-18 6.871941895172096e-02
0 95 2.054964146891168e+02 2.090205711464412e-18 9.772831907966614e-02
0 96 2.076462078455124e+02 2.090189071547137e-18 9.772910047491171e-02
0 97 2.097960252196130e+02 2.168586847192608e-18 9.772722833355714e-02
1 32 2.113916843896725e+02 3.214333576310918e-15 6.871944469439471e-02
0 98 2.119458247426476e+02 2.263014731704731e-18 9.772879896532086e-02
0 99 2.140956172581026e+02 2.288606132371800e-18 9.772943145683695e-02
0 100 2.162454346127205e+02 2.409339831343917e-18 9.772773278965398e-02
1 33 2.178806580378377e+02 4.332973436946257e-18 6.871945762886895e-02
0 101 2.183952332386069e+02 2.288954688230762e-18 9.772938944085778e-02
0 102 2.205450252603609e+02 2.529566179711538e-18 9.772986836377087e-02
0 103 2.226948426281211e+02 2.217065704100688e-18 9.772834744098305e-02
1 34 2.243696329341507e+02 1.906745658453378e-14 6.871945185408841e-02
0 104 2.248446404353848e+02 2.422345886656027e-18 9.773008191267150e-02
0 105 2.269944321154047e+02 2.216884266772200e-18 9.773040341193895e-02
0 106 2.291442495336890e+02 2.136316697130141e-18 9.772906333719519e-02
1 35 2.308586086551772e+02 4.322222009661993e-18 6.871943458851795e-02
0 107 2.312940466064523e+02 2.122770056121434e-18 9.773086640728780e-02
0 108 2.334438380998554e+02 2.136427969029568e-18 9.773102756500975e-02
0 109 2.355936556097845e+02 2.090166378880215e-18 9.772987033422002e-02
1 36 2.373475848542520e+02 4.299196140508690e-18 6.871940579189248e-02
0 110 2.377434520368555e+02 2.457535153991232e-18 9.773173168711262e-02
0 111 2.398932435002963e+02 2.136597395491427e-18 9.773173065442436e-02
0 112 2.420430611456538e+02 2.122687164491823e-18 9.773075721963619e-02
1 37 2.438365612811614e+02 2.846000833686190e-17 6.871935368808502e-02
0 113 2.441928570196539e+02 2.169211809751984e-18 9.773266538248530e-02
0 114 2.463426486096881e+02 2.553017936709412e-18 9.773250151147253e-02
0 115 2.484924664358043e+02 2.136814013652286e-18 9.773171184821917e-02
1 38 2.503255374960522e+02 4.298939061460691e-18 6.871929583526933e-02
0 116 2.506422618523451e+02 2.530742330137770e-18 9.773365413997263e-02
0 117 2.527920537237828e+02 2.090097531292052e-18 9.773332810956649e-02
0 118 2.549418717763949e+02 2.262932388427679e-18 9.773272128633198e-02
1 39 2.568145131898485e+02 4.345237273492375e-18 6.871922296335760e-02
0 119 2.570916668333113e+02 2.428918422047258e-18 9.773468378689373e-02
0 120 2.592414591375700e+02 2.262906687049108e-18 9.773419771527730e-02
0 121 2.613912774616754e+02 2.137140162244931e-18 9.773377196392434e-02
1 40 2.633034880642215e+02 5.643330995627179e-18 6.871913265611991e-02
0 122 2.635410722583129e+02 2.090054815903278e-18 9.773573951184089e-02
0 123 2.656908651417858e+02 2.407561281299862e-18 9.773509704677706e-02
0 124 2.678406837805047e+02 2.625860593547347e-18 9.773484983290795e-02
1 41 2.697924617501236e+02 4.305942915592849e-18 6.871904350155830e-02
0 125 2.699904784170581e+02 2.293765100913091e-18 9.773680606035802e-02
0 126 2.721402720195032e+02 2.261709432638595e-18 9.773601243831526e-02
0 127 2.742900910129587e+02 2.660202374191446e-18 9.773594053059256e-02
1 42 2.762814339715774e+02 4.332823552430217e-18 6.871893720671625e-02
0 128 2.764398855898521e+02 2.215350415748187e-18 9.773786794391300e-02
0 129 2.785896800428258e+02 2.407110761542708e-18 9.773693000924208e-02
0 130 2.807394994270617e+02 2.262849897531822e-18 9.773702954679182e-02
1 43 2.827704044466188e+02 2.129828024216516e-14 6.871883035837084e-02
0 131 2.828892940443653e+02 2.262698953670101e-18 9.773890965905159e-02
0 132 2.850390894697130e+02 2.215090528284376e-18 9.773783583600580e-02
0 133 2.871889092756608e+02 2.169986770100889e-18 9.773810239320900e-02
1 44 2.892593728851799e+02 4.305517867255516e-18 6.871873685675006e-02
0 134 2.893387040325302e+02 2.388305571528376e-18 9.773991591237519e-02
0 135 2.914885005409582e+02 2.406671601844973e-18 9.773871612555246e-02
0 136 2.936383207934667e+02 2.170095605900994e-18 9.773914477373291e-02
1 45 2.957483390572507e+02 2.438870683212972e-15 6.871863713563001e-02
0 137 2.957881157875898e+02 2.170126221494745e-18 9.774087184595802e-02
0 138 2.979379134773401e+02 2.170192002013646e-18 9.773955738858386e-02
0 139 3.000877341942780e+02 2.296419996813712e-18 9.774014275425411e-02
0 140 3.022375295213104e+02 2.262770611709547e-18 9.774176325722990e-02
1 46 3.022373027418601e+02 4.310420598628478e-18 6.871856050788147e-02
0 141 3.043873284769630e+02 2.089949316254655e-18 9.774034661110063e-02
0 142 3.065371496684068e+02 2.532859785743093e-18 9.774108293048202e-02
0 143 3.086869454213809e+02 2.121979143448862e-18 9.774257680732271e-02
1 47 3.087262637291554e+02 4.307172761555097e-18 6.871850494734537e-02
0 144 3.108367457128074e+02 2.121981650390650e-18 9.774107142250651e-02
0 145 3.129865673803271e+02 2.089916593522193e-18 9.774195259207916e-02
0 146 3.151363636490231e+02 2.405901072012903e-18 9.774330021251550e-02
1 48 3.152152218724883e+02 3.104114547930401e-17 6.871845762119849e-02
0 147 3.172861653305167e+02 2.472640057423835e-18 9.774172025837646e-02
0 148 3.194359874665710e+02 2.908615267960860e-18 9.774273988127881e-02
0 149 3.215857843368424e+02 2.170556777941705e-18 9.774392241460447e-02
1 49 3.217041770506576e+02 4.312624390829607e-18 6.871843544648434e-02
0 150 3.237355874464442e+02 2.298471686717435e-18 9.774228251588343e-02
0 151 3.258854100338972e+02 2.170621207645247e-18 9.774343394410834e-02
0 152 3.280352075869517e+02 2.170661997914882e-18 9.774443372752716e-02
1 50 3.281931291621904e+02 4.312486220662340e-18 6.871842063718465e-02
0 153 3.301850121459883e+02 2.121825810574746e-18 9.774274869986366e-02
0 154 3.323348351577569e+02 2.405419108981686e-18 9.774402507231224e-02
0 155 3.344846334693974e+02 2.405336053192371e-18 9.774482595904127e-02
1 51 3.346820781928188e+02 4.546417730515348e-16 6.871840992061987e-02
0 156 3.366344394822419e+02 2.121780148777600e-18 9.774311055752037e-02
0 157 3.387842628810847e+02 2.138942535785383e-18 9.774450483404068e-02
0 158 3.409340620209228e+02 2.299756889721343e-18 9.774509250745773e-02
1 52 3.411710241554226e+02 4.306671487998733e-18 6.871841760792824e-02
0 159 3.430838694749835e+02 2.391752291252438e-18 9.774336119974841e-02
0 160 3.452336932134405e+02 2.771749222771397e-18 9.774486619128678e-02
0 161 3.473834932441048e+02 2.139145117229790e-18 9.774522843424897e-02
1 53 3.476599670485772e+02 5.883123874270353e-14 6.871841781604686e-02
0 162 3.495333021100387e+02 2.121699192724308e-18 9.774349520700300e-02
0 163 3.516831261305304e+02 2.089854195835823e-18 9.774510360198180e-02
0 164 3.538329271068941e+02 2.404834997554847e-18 9.774523051382604e-02
1 54 3.541489070163799e+02 8.154979139586292e-14 6.871842689061908e-02
0 165 3.559827373390403e+02 2.089884394257034e-18 9.774350871763904e-02
0 166 3.581325615741313e+02 2.262697511212567e-18 9.774521310470451e-02
0 167 3.602823635425860e+02 2.392682862627228e-18 9.774509726198670e-02
1 55 3.606378441890004e+02 4.296791485694915e-18 6.871844988313995e-02
0 168 3.624321750796078e+02 2.479664005003286e-18 9.774339949676629e-02
0 169 3.645819994524389e+02 2.301385914939565e-18 9.774519238410734e-02
