0 0 3.357081382935481e+00 3.983666547144267e-18 6.475779593809804e-02
0 1 9.846127495809190e+00 4.827000901192369e-18 6.475779593809808e-02
0 2 1.633517360868291e+01 3.854480241611334e-18 6.475779593809809e-02
0 3 2.282421972155662e+01 4.559644389287679e-18 6.475779593809809e-02
0 4 2.931326583443033e+01 4.374328921694773e-18 6.475779593809813e-02
0 5 3.580231194730403e+01 3.917417384389513e-18 6.475779593809818e-02
0 6 4.229135806017773e+01 4.046643968317163e-18 6.475779593809822e-02
0 7 4.878040417305143e+01 3.983715657210567e-18 6.475779593809816e-02
0 8 5.526945028592515e+01 4.379536439774519e-18 6.475779593809813e-02
0 9 6.175849639879886e+01 4.379559709534419e-18 6.475779593809815e-02
0 10 6.824754251167248e+01 4.046664767420859e-18 6.475779593809816e-02
0 11 7.473658862454606e+01 4.097589188807614e-18 6.475779593809811e-02
0 12 8.122563473741961e+01 4.046675166972709e-18 6.475779593809813e-02
0 13 8.771468085029319e+01 3.854480241611332e-18 6.475779593809818e-02
0 14 9.420372696316674e+01 4.316755259086141e-18 6.475779593809819e-02
0 15 1.006927730760403e+02 4.559861229095100e-18 6.475779593809820e-02
0 16 1.071818191889139e+02 3.917397408963314e-18 6.475779593809820e-02
0 17 1.136708653017874e+02 5.007913646624002e-18 6.475779593809822e-02
0 18 1.201599114146610e+02 4.046706365628225e-18 6.475779593809816e-02
0 19 1.266489575275346e+02 3.983799845895694e-18 6.475779593809819e-02
0 20 1.331380036404084e+02 4.046716765180107e-18 6.475779593809823e-02
0 21 1.396270497532823e+02 3.854480241611329e-18 6.475779593809824e-02
0 22 1.461160958661561e+02 4.226852667301903e-18 6.475779593809823e-02
0 23 1.526051419790300e+02 3.854480241611325e-18 6.475779593809829e-02
0 24 1.590941880919039e+02 4.226852667301896e-18 6.475779593809827e-02
0 25 1.655832342047777e+02 4.379932025692787e-18 6.475779593809827e-02
0 26 1.720722803176516e+02 4.317056287579127e-18 6.475779593809827e-02
0 27 1.785613264305254e+02 4.046753163611617e-18 6.475779593809822e-02
0 28 1.850503725433993e+02 4.046758363387552e-18 6.475779593809818e-02
0 29 1.915394186562732e+02 4.317131544702449e-18 6.475779593809813e-02
0 30 1.980284647691470e+02 3.983877018857207e-18 6.475779593809813e-02
0 31 2.045175108820209e+02 4.226852667301908e-18 6.475779593809811e-02
0 32 2.110065569948948e+02 3.854480241611334e-18 6.475779593809815e-02
0 33 2.174956031077687e+02 4.046784362267267e-18 6.475779593809813e-02
0 34 2.239846492206426e+02 4.226852667301901e-18 6.475779593809818e-02
0 35 2.304736953335164e+02 4.380164723292299e-18 6.475779593809820e-02
0 36 2.369627414463903e+02 3.854480241611325e-18 6.475779593809820e-02
0 37 2.434517875592641e+02 4.317332230364717e-18 6.475779593809822e-02
0 38 2.499408336721380e+02 4.097399764265841e-18 6.475779593809820e-02
0 39 2.564298797850118e+02 4.097392748542074e-18 6.475779593809827e-02
0 40 2.629189258978856e+02 3.917353826215147e-18 6.475779593809833e-02
0 41 2.694079720107595e+02 4.317432573195674e-18 6.475779593809833e-02
0 42 2.758970181236334e+02 4.380327611611473e-18 6.475779593809834e-02
0 43 2.823860642365072e+02 3.917348378371635e-18 6.475779593809831e-02
0 44 2.888751103493810e+02 3.854480241611316e-18 6.475779593809834e-02
0 45 2.953641564622549e+02 4.380397420890933e-18 6.475779593809836e-02
0 46 3.018532025751288e+02 3.983989270437389e-18 6.475779593809833e-02
0 47 3.083422486880025e+02 3.917341114580299e-18 6.475779593809834e-02
0 48 3.148312948008764e+02 3.984003301884877e-18 6.475779593809829e-02
0 49 3.213203409137502e+02 4.766427392066712e-18 6.475779593809826e-02
0 50 3.278093870266241e+02 4.097315575580857e-18 6.475779593809823e-02
0 51 3.342984331394979e+02 4.829379788637563e-18 6.475779593809824e-02
0 52 3.407874792523717e+02 3.917332034841125e-18 6.475779593809827e-02
0 53 3.472765253652456e+02 4.560547888485993e-18 6.475779593809827e-02
0 54 3.537655714781195e+02 4.836857420144517e-18 6.475779593809826e-02
0 55 3.602546175909933e+02 4.226852667301891e-18 6.475779593809826e-02
