0 0 1.098043963382819e+00 2.440770379388165e-18 8.787365786293849e-02
1 0 3.249476510679181e+00 4.146220326154704e-18 6.252773962616975e-02
0 1 3.489329125632405e+00 2.165387398910907e-18 8.787662822681219e-02
0 2 5.880605430329410e+00 2.238427101010721e-18 8.787579817948886e-02
0 3 8.271930932859194e+00 2.183778641559156e-18 8.787492003719900e-02
1 1 1.039303591734411e+01 4.132575116959086e-18 6.252767025220236e-02
0 4 1.066321730269526e+01 2.076484163964377e-18 8.787790120838720e-02
0 5 1.305449377242548e+01 2.164335034363477e-18 8.787726737920122e-02
0 6 1.544581932476853e+01 2.048609287711352e-18 8.787622985773819e-02
1 2 1.753659426634957e+01 3.817030596525293e-14 6.252755302778056e-02
0 7 1.783710693671159e+01 2.122082811493801e-18 8.787920942041524e-02
0 8 2.022838365983127e+01 2.048564685650033e-18 8.787877504859049e-02
0 9 2.261970924681960e+01 2.122168903283639e-18 8.787757829302306e-02
1 3 2.468015130107227e+01 8.883262790458028e-17 6.252742593133222e-02
0 10 2.501099812935484e+01 2.433408752831027e-18 8.788054447429162e-02
0 11 2.740227519277134e+01 2.394948860339561e-18 8.788031169393712e-02
0 12 2.979360079756444e+01 2.048570456414622e-18 8.787895610499880e-02
1 4 3.182370687277895e+01 4.158949429164196e-18 6.252728932575609e-02
0 13 3.218489097321607e+01 2.190567310008615e-18 8.788189779113879e-02
0 14 3.457616846196784e+01 2.152765980039321e-18 8.788186766350217e-02
0 15 3.696749406597334e+01 2.190205333073879e-18 8.788035390892397e-02
1 5 3.896726091658692e+01 4.134298105800672e-18 6.252712835598982e-02
0 16 3.935878555139197e+01 2.189915214135736e-18 8.788326064988136e-02
0 17 4.175006354824878e+01 2.076563406009149e-18 8.788343320722117e-02
0 18 4.414138913104777e+01 2.048529219059051e-18 8.788176223342298e-02
1 6 4.611081331777486e+01 1.821974473179219e-14 6.252693364121134e-02
0 19 4.653268193710695e+01 2.048481434985950e-18 8.788462423757371e-02
0 20 4.892396052219342e+01 2.160846377432839e-18 8.788499853631358e-02
0 21 5.131528606147132e+01 2.076616768754201e-18 8.788317158039334e-02
1 7 5.325436381024275e+01 4.844171587330371e-16 6.252673098557820e-02
0 22 5.370658019337100e+01 2.122457965100122e-18 8.788597970156330e-02
0 23 5.609785944381403e+01 2.234221035084532e-18 8.788655388246228e-02
0 24 5.848918491529630e+01 2.039001467791321e-18 8.788457248442347e-02
1 8 6.039791227579939e+01 4.229830157593259e-18 6.252652138604980e-02
0 25 6.088048037267004e+01 2.122528726237130e-18 8.788731820302004e-02
0 26 6.327176036227115e+01 2.122556076176594e-18 8.788808955625460e-02
0 27 6.566308573966454e+01 2.149987063843000e-18 8.788595557140534e-02
1 9 6.754145872537968e+01 4.137304073529269e-18 6.252629602315127e-02
0 28 6.805438251668851e+01 2.076611752932044e-18 8.788863097133151e-02
0 29 7.044566331562140e+01 2.382601387884376e-18 8.788959600459194e-02
0 30 7.283698857056096e+01 2.158840250289423e-18 8.788731161604957e-02
1 10 7.468500306717523e+01 2.199791545571355e-14 6.252605368904518e-02
0 31 7.522828665606345e+01 2.076626013641157e-18 8.788990935885264e-02
0 32 7.761956833059708e+01 2.076617712741484e-18 8.789106386681178e-02
0 33 8.001089343259986e+01 2.158207474427445e-18 8.788863159803825e-02
1 11 8.182854506447420e+01 1.822992491106562e-15 6.252580724364393e-02
0 34 8.240219281017025e+01 2.148424910876339e-18 8.789114489551417e-02
0 35 8.479347542241787e+01 2.416560596466233e-18 8.789248402927786e-02
0 36 8.718480033884504e+01 2.048408052752858e-18 8.788990675655757e-02
1 12 8.897208464088139e+01 4.136843028068216e-18 6.252555795022617e-02
0 37 8.957610098694289e+01 2.038830804002016e-18 8.789232934280933e-02
0 38 9.196738459463737e+01 2.147464142742510e-18 8.789384767821457e-02
0 39 9.435870929066618e+01 2.038848536662677e-18 8.789112864297040e-02
1 13 9.611562188502832e+01 4.125566257208169e-18 6.252530574261334e-02
0 40 9.675001118273117e+01 2.156735055998095e-18 8.789345474670124e-02
0 41 9.914129583902634e+01 2.146855095623176e-18 8.789514635056631e-02
0 42 1.015326202776343e+02 2.384401715713219e-18 8.789228917139129e-02
1 14 1.032591567235815e+02 9.606289193035681e-15 6.252505152617681e-02
0 43 1.039239233821983e+02 2.048335035223790e-18 8.789451348902182e-02
0 44 1.063152091354970e+02 2.038735421578385e-18 8.789637198266294e-02
0 45 1.087065332774598e+02 2.146232288395303e-18 8.789338066693547e-02
1 15 1.104026889831464e+02 5.430951800187531e-15 6.252479764504335e-02
0 46 1.110978375582631e+02 2.038755371935036e-18 8.789549833697168e-02
0 47 1.134891244520706e+02 2.229970601089197e-18 8.789751695649646e-02
0 48 1.158804482559762e+02 2.380856946942044e-18 8.789439591143468e-02
1 16 1.175462186390445e+02 4.134513829368186e-18 6.252454542804713e-02
0 49 1.182717536720889e+02 2.183416858022722e-18 8.789640249036998e-02
0 50 1.206630417448938e+02 2.038685024122307e-18 8.789857414341330e-02
0 51 1.230543651671745e+02 2.186121996912002e-18 8.789532818642380e-02
1 17 1.246897458505404e+02 4.201704874823946e-18 6.252430549140262e-02
0 52 1.254456716731256e+02 2.048300934907808e-18 8.789721962634452e-02
0 53 1.278369609583061e+02 2.144544328260650e-18 8.789953694505309e-02
0 54 1.302282839532910e+02 2.154112208195902e-18 8.789617131322645e-02
1 18 1.318332705714753e+02 3.613412610617258e-15 6.252407513371663e-02
0 55 1.326195914992058e+02 2.367283362409699e-18 8.789794394120493e-02
0 56 1.350108820249642e+02 2.048244647192437e-18 8.790039933138161e-02
0 57 1.374022045449559e+02 2.048316758418985e-18 8.789691968997762e-02
1 19 1.389767927160663e+02 1.380663344901323e-14 6.252384957004710e-02
0 58 1.397935130767050e+02 2.048288047034874e-18 8.789857018926479e-02
0 59 1.421848048660307e+02 2.181586858400056e-18 8.790115587567461e-02
0 60 1.445761268614051e+02 2.153048425908746e-18 8.789756832542969e-02
1 20 1.461203123193038e+02 4.137937342628019e-18 6.252363004610606e-02
0 61 1.469674363207650e+02 2.152860237593509e-18 8.789909371840862e-02
0 62 1.493587293914247e+02 2.142938738474057e-18 8.790180178630998e-02
0 63 1.517500508107592e+02 2.038686725292926e-18 8.789811286938037e-02
1 21 1.532638295959005e+02 4.141462282092131e-18 6.252343856442118e-02
0 64 1.541413611355876e+02 2.152351842333800e-18 8.789951050221435e-02
0 65 1.565326555001444e+02 2.076796938819388e-18 8.790233293523408e-02
0 66 1.589239762903753e+02 2.076879906735525e-18 8.789854963957353e-02
1 22 1.604073445458806e+02 1.100942442363336e-15 6.252326422845297e-02
0 67 1.613152874148029e+02 2.048285882841509e-18 8.789981716845097e-02
0 68 1.637065830806645e+02 2.151561934686650e-18 8.790274588295043e-02
0 69 1.660979031872738e+02 2.048308844452288e-18 8.789887564491097e-02
1 23 1.675508571824402e+02 3.126543408422197e-14 6.252309871086109e-02
0 70 1.684892150419140e+02 2.151364973994046e-18 8.790001102378701e-02
0 71 1.708805120114104e+02 2.151078501871296e-18 8.790303789989147e-02
0 72 1.732718313786447e+02 2.226368428939406e-18 8.789908860483092e-02
1 24 1.746943676036527e+02 4.131174195668840e-18 6.252294303967536e-02
0 73 1.756631438908227e+02 2.150885331459403e-18 8.790009007455309e-02
0 74 1.780544421613122e+02 2.150604182892467e-18 8.790320698403253e-02
0 75 1.804457607324348e+02 2.187170114412012e-18 8.789918696471979e-02
1 25 1.818378760562581e+02 4.147896196691753e-18 6.252282978589406e-02
0 76 1.828370738264373e+02 2.140754282571689e-18 8.790005304343276e-02
0 77 1.852283733904438e+02 2.150138271825466e-18 8.790325187462411e-02
0 78 1.876196911080190e+02 2.140435595849460e-18 8.789916990723833e-02
1 26 1.889813826098299e+02 2.451269655986692e-16 6.252273716229986e-02
0 79 1.900110047053657e+02 2.149950228393247e-18 8.789989938196631e-02
0 80 1.924023055507445e+02 2.392495966154497e-18 8.790317206193371e-02
0 81 1.947936223569560e+02 2.687459972093888e-18 8.789903735945609e-02
1 27 1.961248873725013e+02 3.211637265621731e-14 6.252265651742600e-02
0 82 1.971849363766919e+02 2.123875801599484e-18 8.789962927876878e-02
0 83 1.995762384868250e+02 2.288418709216099e-18 8.790296779289909e-02
0 84 2.019675543238266e+02 2.038672690338076e-18 8.789878999569387e-02
1 28 2.032683905013598e+02 4.126939912045413e-18 6.252258853350594e-02
0 85 2.043588686828350e+02 2.390350465350838e-18 8.789924366337827e-02
0 86 2.067501720368543e+02 2.148783062105127e-18 8.790264007260178e-02
0 87 2.091414868471510e+02 2.350918723960954e-18 8.789842923598086e-02
1 29 2.104118922439180e+02 4.219511812763689e-18 6.252257394561571e-02
0 88 2.115328014604867e+02 2.038676758387131e-18 8.789874420564743e-02
0 89 2.139241060335231e+02 2.038605934359756e-18 8.790219066147546e-02
0 90 2.163154197603808e+02 2.177064933107565e-18 8.789795724003970e-02
1 30 2.175553927599204e+02 3.424180742273232e-17 6.252257979720321e-02
0 91 2.187067345416222e+02 2.148154150522043e-18 8.789813331061279e-02
0 92 2.210980403050796e+02 2.147906219212469e-18 8.790162206817129e-02
0 93 2.234893528929607e+02 2.138138408482925e-18 8.789737689672476e-02
1 31 2.246988922323422e+02 4.125561380055863e-18 6.252259949520850e-02
0 94 2.258806677545808e+02 2.048417692372529e-18 8.789741410877337e-02
0 95 2.282719746764328e+02 2.048349164513606e-18 8.790093753800320e-02
0 96 2.306632860714541e+02 2.176232670741565e-18 8.789669180886110e-02
1 32 2.318423908638094e+02 4.125646037086426e-18 6.252263326414632e-02
0 97 2.330546009252083e+02 2.176111782464710e-18 8.789659044174972e-02
0 98 2.354459089703161e+02 2.137320003169632e-18 8.790014103693738e-02
0 99 2.378372191207274e+02 2.175819403675121e-18 8.789590627346491e-02
1 33 2.389858888654859e+02 4.185889688395162e-18 6.252272616596986e-02
0 100 2.402285338780569e+02 2.175700710905414e-18 8.789566684331204e-02
0 101 2.426198430085058e+02 2.048405468834559e-18 8.789923723109580e-02
0 102 2.450111518651831e+02 2.048494902024536e-18 8.789502525734835e-02
1 34 2.461293864987644e+02 4.344026229183065e-18 6.252283639631494e-02
0 103 2.474024664376305e+02 2.175289783651986e-18 8.789464851579870e-02
0 104 2.497937766130832e+02 2.175073155465844e-18 8.789823146179401e-02
0 105 2.521850841300323e+02 2.136353000149986e-18 8.789405436814829e-02
1 35 2.532728839874967e+02 4.217533657548631e-18 6.252296067560521e-02
0 106 2.545763984296669e+02 2.077448088410417e-18 8.789354130197971e-02
0 107 2.569677096077282e+02 2.285884143424974e-18 8.789712971615544e-02
0 108 2.593590157425938e+02 2.174579313514139e-18 8.789299982084176e-02
1 36 2.604163815552772e+02 4.127139575689352e-18 6.252309948131363e-02
0 109 2.617503296824418e+02 2.038825486748519e-18 8.789235165244381e-02
0 110 2.641416418190312e+02 2.339942001524739e-18 8.789593859337629e-02
0 111 2.665329465336011e+02 2.145212660640009e-18 8.789186839983974e-02
1 37 2.675598793439960e+02 4.153184434112807e-18 6.252329490521547e-02
0 112 2.689242600280759e+02 2.174047942093771e-18 8.789108658861176e-02
0 113 2.713155730778041e+02 2.424475533880436e-18 8.789466526673703e-02
0 114 2.737068763385080e+02 2.221008426382476e-18 8.789066741678149e-02
1 38 2.747033777088740e+02 4.385028288819894e-18 6.252350340994987e-02
0 115 2.760981893038422e+02 2.144645020142586e-18 8.788975366151655e-02
0 116 2.784895032203888e+02 2.048585364740334e-18 8.789331744149484e-02
0 117 2.808808049987797e+02 2.134542427792363e-18 8.788940466418738e-02
1 39 2.818468768739864e+02 4.185502343577683e-18 6.252372428618629e-02
0 118 2.832721173534510e+02 2.048695688659876e-18 8.788836090651947e-02
0 119 2.856634320899383e+02 2.143993160538849e-18 8.789190330881874e-02
0 120 2.880547323631532e+02 2.038926678507657e-18 8.788808836517943e-02
1 40 2.889903770402977e+02 4.127826272237898e-18 6.252396023366273e-02
0 121 2.904460440283038e+02 2.048738096061433e-18 8.788691679418423e-02
0 122 2.928373595376647e+02 2.172583547043592e-18 8.789043149597801e-02
0 123 2.952286582888586e+02 2.048751333216321e-18 8.788672711951827e-02
1 41 2.961338782905136e+02 4.141857033567033e-18 6.252423882750861e-02
0 124 2.976199691887038e+02 2.371831270273702e-18 8.788543017756803e-02
0 125 3.000112854240399e+02 2.172150591357983e-18 8.788891101303514e-02
0 126 3.024025826427850e+02 2.189722353341146e-18 8.788532984625076e-02
1 42 3.032773810127703e+02 4.761283995460021e-18 6.252452748199155e-02
0 127 3.047938927050080e+02 2.039021860419062e-18 8.788391023623246e-02
0 128 3.071852096199324e+02 2.048759275516848e-18 8.788735119634121e-02
0 129 3.095765053025769e+02 2.330290183684904e-18 8.788390572331066e-02
1 43 3.104208854026159e+02 4.148823991174069e-18 6.252482500340736e-02
0 130 3.119678144587041e+02 2.142321486369284e-18 8.788236641732153e-02
0 131 3.143591320076661e+02 2.048805344205577e-18 8.788576164917028e-02
0 132 3.167504261576445e+02 2.048879883108234e-18 8.788246412444330e-02
1 44 3.175643915994894e+02 4.125487080562003e-18 6.252513427396700e-02
0 133 3.191417343433976e+02 2.141831627429758e-18 8.788080837407695e-02
0 134 3.215330524819832e+02 2.141652429413569e-18 8.788415217986734e-02
0 135 3.239243451100712e+02 2.170632621987172e-18 8.788101455387519e-02
1 45 3.247078996316283e+02 4.215672433070083e-18 6.252546891498580e-02
0 136 3.263156522656944e+02 2.141331589409828e-18 8.787924590220705e-02
0 137 3.287069709509014e+02 2.591411601300942e-18 8.788253273791648e-02
0 138 3.310982620754109e+02 2.131122769268811e-18 8.787956657918394e-02
1 46 3.318514098631845e+02 5.145757114468949e-18 6.252580900714147e-02
0 139 3.334895681459712e+02 2.049008861868570e-18 8.787768887454929e-02
0 140 3.358808873364551e+02 2.169857881795124e-18 8.788091334837488e-02
0 141 3.382721769833649e+02 2.140444184558204e-18 8.787812976287238e-02
1 47 3.389949224343744e+02 4.142418567769191e-18 6.252615302416363e-02
0 142 3.406634819190245e+02 2.049054707484510e-18 8.787614717450545e-02
0 143 3.430548015753162e+02 2.140130931306612e-18 8.787930404513994e-02
0 144 3.454460897783360e+02 2.139914755283874e-18 8.787671359318790e-02
1 48 3.461384373955686e+02 4.177276906953075e-18 6.252650141577624e-02
0 145 3.478373935345973e+02 2.331188511819136e-18 8.787463062875325e-02
0 146 3.502287136192886e+02 2.330802483780798e-18 8.787771480355247e-02
0 147 3.526200004198525e+02 2.129503615313416e-18 8.787532741477203e-02
1 49 3.532819547248911e+02 4.215641084366882e-18 6.252685671334428e-02
0 148 3.550113029577723e+02 2.049145024839456e-18 8.787314893976249e-02
0 149 3.574026234356711e+02 2.078386171433577e-18 8.787615547285536e-02
0 150 3.597939088828591e+02 2.577457244147364e-18 8.787398035975777e-02
1 50 3.604254747145284e+02 3.067711508764951e-17 6.252721190084222e-02
0 151 3.621852101692320e+02 2.167983764554060e-18 8.787171161866088e-02
0 152 3.645765310074810e+02 2.138502271605506e-18 8.787463570904697e-02
