0 0 1.781646860049774e+00 8.020258549441920e-18 6.698994196405347e-02
1 0 4.348313847382215e+00 6.628310717290719e-18 5.244612458383893e-02
0 1 7.627655916690860e+00 7.056768776889640e-18 6.698940711074775e-02
0 2 1.347367205811208e+01 8.011826031809926e-18 6.699187596063770e-02
1 1 1.893189239648667e+01 6.870522678044069e-18 5.244774693886283e-02
0 3 1.931954769335680e+01 8.484916449764916e-18 6.699431584106581e-02
0 4 2.516547509760906e+01 7.830497528000466e-18 6.699427120615223e-02
0 5 3.101155320101746e+01 8.787904798316410e-18 6.699045276336439e-02
1 2 3.351518703833094e+01 8.145404475263683e-15 5.244567707743593e-02
0 6 3.685757588186674e+01 7.823902012375589e-18 6.698979894900363e-02
0 7 4.270360851206781e+01 7.657919996175067e-18 6.699215906562002e-02
1 3 4.809870636073187e+01 2.268290459795016e-16 5.244728526679971e-02
0 8 4.854950046731466e+01 8.119256934589693e-18 6.699470327494110e-02
0 9 5.439544422080846e+01 7.967255036068195e-18 6.699495046482254e-02
0 10 6.024153513800266e+01 7.965546822394987e-18 6.699100976088379e-02
1 4 6.268193529733198e+01 1.143512831156870e-15 5.244519944590820e-02
0 11 6.608757158108672e+01 7.928517966148363e-18 6.699023753967059e-02
0 12 7.193362107007958e+01 8.160995119696778e-18 6.699248667385894e-02
1 5 7.726539356038921e+01 6.778304728245914e-18 5.244679535292983e-02
0 13 7.777953002376769e+01 8.116079215759467e-18 6.699511647779911e-02
0 14 8.362549054985477e+01 8.917350282721038e-18 6.699565670059103e-02
0 15 8.947159416741347e+01 8.963609973036001e-18 6.699159902100643e-02
1 6 9.184855629041567e+01 7.034390480948173e-18 5.244470284236247e-02
0 16 9.531764424030246e+01 9.084241437778786e-18 6.699070913697307e-02
0 17 1.011637106805718e+02 9.206464370590990e-18 6.699284512418902e-02
1 7 1.064319528138583e+02 6.826895749837837e-18 5.244628619182405e-02
0 18 1.070096370135510e+02 9.071132589503554e-18 6.699554310172764e-02
0 19 1.128556144430342e+02 8.309298697470944e-18 6.699637458978790e-02
0 20 1.187017303610349e+02 9.183403951186290e-18 6.699220601446486e-02
1 8 1.210150500325028e+02 6.628706496944628e-18 5.244419883727513e-02
0 21 1.245477936586896e+02 9.408876729155620e-18 6.699119941203201e-02
0 22 1.303938768619805e+02 9.348657082454096e-18 6.699322016714031e-02
1 9 1.355983853049139e+02 6.656415644733965e-18 5.244574897227658e-02
0 23 1.362398206547768e+02 8.824279007650417e-18 6.699597024795351e-02
0 24 1.420858148237254e+02 9.329074123808058e-18 6.699708841607523e-02
0 25 1.479319423576153e+02 9.215093176739721e-18 6.699281588805857e-02
1 10 1.501814186697791e+02 6.688850385041209e-18 5.244372254692560e-02
0 26 1.537780182055144e+02 9.037746192337762e-18 6.699169372241698e-02
0 27 1.596241177048686e+02 9.784647865681348e-18 6.699359723577333e-02
1 11 1.647646944767995e+02 1.484664217921355e-14 5.244519417083034e-02
0 28 1.654700787402526e+02 9.424367606759744e-18 6.699638468436549e-02
0 29 1.713160891934398e+02 8.848323429326829e-18 6.699778235323310e-02
0 30 1.771622273813840e+02 8.566942561067940e-18 6.699341374554728e-02
1 12 1.793476671892298e+02 5.047769859890555e-16 5.244326266855810e-02
0 31 1.830083148440197e+02 9.652567871996531e-18 6.699217739267625e-02
0 32 1.888544299011606e+02 8.987840043527778e-18 6.699396172730646e-02
1 13 1.939308861003678e+02 5.742684406138443e-16 5.244465168694642e-02
0 33 1.947004076720717e+02 9.361870630176256e-18 6.699677308774397e-02
0 34 2.005464336720811e+02 9.005674865200274e-18 6.699844075528615e-02
0 35 2.063925812877756e+02 9.916098781857443e-18 6.699398493409522e-02
1 14 2.085138025439136e+02 1.571408121555256e-14 5.244283061769705e-02
0 36 2.122386791824520e+02 1.026889782718010e-17 6.699263600026230e-02
0 37 2.180848088004701e+02 9.841334012410741e-18 6.699429928994237e-02
1 15 2.230969681790005e+02 6.823677333085507e-18 5.244413266187892e-02
0 38 2.239308025232210e+02 9.980862509543101e-18 6.699712230424201e-02
0 39 2.297768430650823e+02 9.619457350188712e-18 6.699904844804674e-02
0 40 2.356229986358494e+02 9.976349762553530e-18 6.699451533009482e-02
1 16 2.376798338155047e+02 6.731888079342023e-18 5.244243729496987e-02
0 41 2.414691055515529e+02 1.043026678511055e-17 6.699305566073560e-02
0 42 2.473152484926801e+02 9.520938448361843e-18 6.699459610877027e-02
1 17 2.522629507695968e+02 6.634864642434479e-18 5.244364795161462e-02
0 43 2.531612571252108e+02 1.078353548746869e-17 6.699741962020711e-02
0 44 2.590073109562817e+02 8.710766369990591e-18 6.699959101583999e-02
0 45 2.648534727861434e+02 9.607837307879114e-18 6.699499161791067e-02
1 18 2.668457718790704e+02 6.641573258375279e-18 5.244210088151439e-02
0 46 2.706995871071272e+02 1.023635317414115e-17 6.699342330584501e-02
0 47 2.765457419152622e+02 9.690619294946289e-18 6.699483918436579e-02
1 19 2.814288459942379e+02 7.015461281485291e-18 5.244318247095160e-02
0 48 2.823917641801032e+02 1.005074382692340e-17 6.699765303473487e-02
0 49 2.882378298248301e+02 9.691366495448243e-18 6.700005507709700e-02
0 50 2.940839960221816e+02 1.014238192025844e-17 6.699540155507486e-02
1 20 2.960116295538022e+02 1.769424010853722e-14 5.244183196026533e-02
0 51 2.999301159558383e+02 9.596909472563604e-18 6.699372694809196e-02
0 52 3.057762809834160e+02 1.076844433931686e-17 6.699501659772741e-02
1 21 3.105946671888719e+02 6.591438516616578e-16 5.244277077720547e-02
0 53 3.116223153949523e+02 1.004080457321328e-17 6.699781152529187e-02
0 54 3.174683911840777e+02 1.021531442581100e-17 6.700042854261702e-02
0 55 3.233145596935362e+02 1.084873221529709e-17 6.699573421765620e-02
1 22 3.251774213824258e+02 4.889550028031636e-16 5.244162974838040e-02
0 56 3.291606833020775e+02 1.093797420627201e-17 6.699395592558199e-02
0 57 3.350068567408166e+02 1.057893350074123e-17 6.699511775539095e-02
1 23 3.397604293336385e+02 1.376092523179996e-14 5.244242227922199e-02
0 58 3.408529016363947e+02 1.012259574479666e-17 6.699788529813494e-02
0 59 3.466989857400856e+02 1.011953190769126e-17 6.700070085057246e-02
0 60 3.525451543780014e+02 9.853553825355482e-18 6.699598021986741e-02
1 24 3.543431629623701e+02 6.777675254135004e-18 5.244150101755211e-02
0 61 3.583912796133750e+02 1.003329624046946e-17 6.699410112132294e-02
0 62 3.642374595283489e+02 9.585936666909222e-18 6.699513360890630e-02
