0 0 1.698423917167527e+00 3.848426385758444e-18 6.670353390951804e-02
1 0 4.143026036625854e+00 7.325937968533849e-18 4.950977256155478e-02
0 1 7.544364081716924e+00 4.092689567697892e-18 6.670274962651916e-02
0 2 1.339037556650827e+01 4.102535785053750e-18 6.670612373455508e-02
1 1 1.872647460233138e+01 7.028905328703239e-18 4.951158991533557e-02
0 3 1.923626364088127e+01 3.939322556538653e-18 6.670873744541789e-02
0 4 2.508213162598756e+01 4.124456919375173e-18 6.670858463847484e-02
0 5 3.092811383431761e+01 4.183662497345373e-18 6.670343310826798e-02
1 2 3.330992737777498e+01 7.064129927624228e-18 4.951004859983376e-02
0 6 3.677405074804520e+01 4.434706280239324e-18 6.670255670312325e-02
0 7 4.262006425829546e+01 3.920731533483346e-18 6.670583052474698e-02
1 3 4.789338455720623e+01 7.071839359002365e-18 4.951184182976600e-02
0 8 4.846595467272582e+01 3.925909884653734e-18 6.670847108232000e-02
0 9 5.431182237897401e+01 4.648914505236105e-18 6.670851106755474e-02
0 10 6.015779672810550e+01 3.999285515974517e-18 6.670331981507514e-02
1 4 6.247684043938124e+01 7.115908017209400e-18 4.951035676258412e-02
0 11 6.600373041687730e+01 4.366047123171211e-18 6.670235268796759e-02
0 12 7.184974598863977e+01 3.867883423610710e-18 6.670551837739835e-02
1 5 7.706030615094744e+01 7.362749443129153e-18 4.951209577273621e-02
0 13 7.769563884796342e+01 3.999614902694541e-18 6.670817459758786e-02
0 14 8.354150655249610e+01 3.848170363670620e-18 6.670840898347868e-02
0 15 8.938747302972807e+01 3.942523719639120e-18 6.670319619468563e-02
1 6 9.164376484754801e+01 4.590337215363466e-17 4.951068016696363e-02
0 16 9.523340354835324e+01 4.116102721520751e-18 6.670213984437760e-02
0 17 1.010794212355284e+02 4.000487706457975e-18 6.670518960808627e-02
1 7 1.062272386148446e+02 8.501857154351848e-16 4.951236011273723e-02
0 18 1.069253166499238e+02 4.117508706961491e-18 6.670785109633502e-02
0 19 1.127711846488081e+02 4.457653751839301e-18 6.670828049234408e-02
0 20 1.186171432912424e+02 4.196672181499145e-18 6.670306471949845e-02
1 8 1.208106997801262e+02 1.646916596980154e-13 4.951101654169157e-02
0 21 1.244630707212754e+02 4.558983990883881e-18 6.670192074496420e-02
0 22 1.303090905931431e+02 4.001480204928060e-18 6.670484685075102e-02
1 9 1.353941810127117e+02 7.111486111962856e-18 4.951263236700063e-02
0 23 1.361549886769595e+02 4.683837561663301e-18 6.670750397876246e-02
0 24 1.420008572822023e+02 4.200002666444113e-18 6.670812805455488e-02
0 25 1.478468081755606e+02 3.925688005628128e-18 6.670292812243002e-02
1 10 1.499776442270368e+02 7.169677126547396e-18 4.951136337112626e-02
0 26 1.536927326226747e+02 3.926035108022197e-18 6.670169822538743e-02
0 27 1.595387547609899e+02 4.557196763095150e-18 6.670449301258190e-02
1 11 1.645611322602523e+02 7.073387788309992e-18 4.951290642168905e-02
0 28 1.653846556311596e+02 3.926225267030997e-18 6.670713688551050e-02
0 29 1.712305251674114e+02 3.848197721280745e-18 6.670795443705331e-02
0 30 1.770764684442701e+02 4.205465032723745e-18 6.670278934438971e-02
1 12 1.791445967757337e+02 7.137441337476363e-18 4.951172557151034e-02
0 31 1.829223900352892e+02 4.221445185109169e-18 6.670147533284966e-02
0 32 1.887684145310231e+02 3.924502981353769e-18 6.670413122378546e-02
1 13 1.937280912371901e+02 7.238783378354139e-18 4.951315733303990e-02
0 33 1.946143183051293e+02 4.221205315331629e-18 6.670675364101175e-02
0 34 2.004601891061625e+02 3.924134519088026e-18 6.670776266046036e-02
0 35 2.063061249436755e+02 3.848481169795625e-18 6.670265147727268e-02
1 14 2.083115562141308e+02 7.238656252856482e-18 4.951209766489048e-02
0 36 2.121520438233587e+02 4.135119410582132e-18 6.670125527023958e-02
0 37 2.179980707731797e+02 3.928743677693930e-18 6.670376478315962e-02
1 15 2.228950562698298e+02 8.401636250012532e-16 4.951340835017730e-02
0 38 2.238439775672630e+02 4.004584560748315e-18 6.670635819529813e-02
0 39 2.296898499723101e+02 4.137597157243951e-18 6.670755594207914e-02
0 40 2.355357785894937e+02 4.214321575325621e-18 6.670251770358009e-02
1 16 2.374785212394416e+02 9.077787022652294e-16 4.951247210981121e-02
0 41 2.413816949171442e+02 3.930074388087917e-18 6.670104133704657e-02
0 42 2.472277244197064e+02 4.139715339810759e-18 6.670339710056858e-02
1 17 2.520620258393614e+02 6.498572337731856e-14 4.951365691754455e-02
0 43 2.530736343458729e+02 4.221243126118789e-18 6.670595456485424e-02
0 44 2.589195086958843e+02 4.717867554503593e-18 6.670733763586779e-02
0 45 2.647654303505157e+02 4.551704970496390e-18 6.670239123383642e-02
1 18 2.666454903033554e+02 7.027650863357830e-18 4.951284587822546e-02
0 46 2.706113442964476e+02 4.144716213871520e-18 6.670083686823429e-02
0 47 2.764573764485246e+02 4.006505636341917e-18 6.670303163746658e-02
1 19 2.812289983443170e+02 7.112887082340032e-18 4.951390050946750e-02
0 48 2.823032896123880e+02 4.435660901052409e-18 6.670554677318452e-02
0 49 2.881491662462362e+02 3.931857673851455e-18 6.670711117055418e-02
0 50 2.939950812313868e+02 4.137514025440970e-18 6.670227524292803e-02
1 20 2.958124617723756e+02 7.027668062113447e-18 4.951321608663549e-02
0 51 2.998409929732708e+02 4.007514943999962e-18 6.670064517220520e-02
0 52 3.056870278657617e+02 3.923198659609376e-18 6.670267184656675e-02
1 21 3.103959723369516e+02 7.055192027975635e-18 4.951412677006495e-02
0 53 3.115329443637443e+02 4.549265948610952e-18 6.670513879175659e-02
0 54 3.173788236143911e+02 4.007749946649196e-18 6.670687998700561e-02
0 55 3.232247322546139e+02 4.153185246057723e-18 6.670217280636268e-02
1 22 3.249794335859665e+02 7.251574025351770e-18 4.951358402118110e-02
0 56 3.290706419737458e+02 3.848606910483748e-18 6.670046946887433e-02
0 57 3.349166796876016e+02 4.441946454187831e-18 6.670232111166988e-02
1 23 3.395629460733437e+02 7.098177312460018e-18 4.951433445879731e-02
0 58 3.407625996041385e+02 4.008616461645502e-18 6.670473448196412e-02
0 59 3.466084817948087e+02 4.008748249731683e-18 6.670664747588460e-02
0 60 3.524543844420264e+02 5.069757100984704e-18 6.670208683740678e-02
1 24 3.541464045007930e+02 5.226786625474302e-15 4.951394284779669e-02
0 61 3.583002923196008e+02 4.009519381319718e-18 6.670031282881461e-02
0 62 3.641463329217567e+02 4.221429212922479e-18 6.670198268863967e-02
