0 0 1.149734711068664e+00 2.347539504181831e-18 9.003017886625285e-02
1 0 3.367861320986120e+00 4.055510845557512e-18 6.385527325016849e-02
0 1 3.541003873853348e+00 6.869165490200658e-14 9.003296359708304e-02
0 2 5.932288422041618e+00 6.485232748557770e-14 9.003110165436182e-02
0 3 8.323626925771919e+00 6.448494192180793e-14 9.003050084810958e-02
1 1 1.051137728663713e+01 4.044729966391901e-18 6.385456469010263e-02
0 4 1.071490602628546e+01 6.005942788269135e-14 9.003337092324908e-02
0 5 1.310619856467453e+01 5.713380629144921e-14 9.003170895796996e-02
0 6 1.549754614847611e+01 5.741702650526959e-14 9.003095022997921e-02
1 2 1.765484580552608e+01 7.137926041661746e-15 6.385387611255879e-02
0 7 1.788883488172574e+01 5.396302361585617e-14 9.003389073481974e-02
0 8 2.028013506942918e+01 5.174529796459289e-14 9.003243872041503e-02
0 9 2.267149126035115e+01 5.255835466547304e-14 9.003152181989060e-02
1 3 2.479826915524864e+01 2.466732460133718e-14 6.385324499317184e-02
0 10 2.506278925918708e+01 4.987381054780697e-14 9.003451810890460e-02
0 11 2.745409670257584e+01 4.821513707525381e-14 9.003328468649739e-02
0 12 2.984546097051399e+01 4.948480314827515e-14 9.003220957893529e-02
1 4 3.194164996343728e+01 4.048689055201847e-18 6.385267445940604e-02
0 13 3.223676780789098e+01 4.742212842629834e-14 9.003524738636755e-02
0 14 3.462808206279106e+01 4.621629712539993e-14 9.003423978337013e-02
0 15 3.701945382333979e+01 4.790007998416685e-14 9.003300666105141e-02
1 5 3.908499119703728e+01 4.066377952349240e-18 6.385214861760034e-02
0 16 3.941076901505780e+01 4.635401527005155e-14 9.003607219167831e-02
0 17 4.180208958936613e+01 4.552963442262948e-14 9.003529616779639e-02
0 18 4.419346820711652e+01 4.760463468505794e-14 9.003390546041229e-02
1 6 4.622829601647377e+01 1.542864295265702e-15 6.385166432465562e-02
0 19 4.658479121502533e+01 4.650892792678523e-14 9.003698545996178e-02
0 20 4.897611757173644e+01 4.600845307057054e-14 9.003644528066393e-02
0 21 5.136750236400255e+01 4.848245610035373e-14 9.003489766599104e-02
1 7 5.337156775889091e+01 1.286780879294455e-14 6.385124839599858e-02
0 22 5.375883259964755e+01 4.778443444628243e-14 9.003797947188188e-02
0 23 5.615016416027380e+01 4.757604081471338e-14 9.003767790821933e-02
0 24 5.854155440121916e+01 5.045569628630936e-14 9.003597432276073e-02
1 8 6.051481007131196e+01 4.051312883049154e-18 6.385090327946577e-02
0 25 6.093289122989665e+01 5.012768379557596e-14 9.003904589669093e-02
0 26 6.332422737825959e+01 5.018664712248945e-14 9.003898424938921e-02
0 27 6.571562230339099e+01 5.349251146670937e-14 9.003712589889447e-02
1 9 6.765802690811037e+01 4.093210769305998e-18 6.385061624310531e-02
0 28 6.810696504857667e+01 5.352058348021104e-14 9.004017584342923e-02
0 29 7.049830513494307e+01 5.382433574838772e-14 9.004035398847038e-02
0 30 7.288970394593618e+01 5.757940805041089e-14 9.003834235824919e-02
1 10 7.480122225278913e+01 1.615625314432551e-16 6.385039129248223e-02
0 31 7.528105189404842e+01 5.795351001665872e-14 9.004135991993484e-02
0 32 7.767239523958310e+01 5.848347739113153e-14 9.004177637241376e-02
0 33 8.006379710940334e+01 6.270878085493553e-14 9.003961323735428e-02
1 11 8.194440018311900e+01 5.021608139869513e-14 6.385024180111980e-02
0 34 8.245514951486270e+01 6.341984217359227e-14 9.004258829901272e-02
0 35 8.484649541636743e+01 6.415951557834264e-14 9.004324029184278e-02
0 36 8.723789949464927e+01 2.166855006260622e-18 9.004092772604791e-02
1 12 8.908756499032835e+01 4.043265156995078e-18 6.385016855413066e-02
0 37 8.962925558519473e+01 2.455917270892071e-18 9.004385079085367e-02
0 38 9.202060332009705e+01 2.480811513514908e-18 9.004473436489648e-02
0 39 9.441200873873457e+01 2.166827638659988e-18 9.004227475084815e-02
1 13 9.623072121157573e+01 4.070605862665471e-18 6.385016339797873e-02
0 40 9.680336772095339e+01 1.985596393951763e-18 9.004513692057851e-02
0 41 9.919471655250095e+01 2.235469037035357e-18 9.004624702293168e-02
0 42 1.015861224314125e+02 2.166799458182427e-18 9.004364306009639e-02
1 14 1.033738731970597e+02 8.720190287973553e-17 6.385022998694460e-02
0 43 1.039774834964340e+02 2.166746070486469e-18 9.004643600965326e-02
0 44 1.063688326790425e+02 2.166725264178018e-18 9.004776659710494e-02
0 45 1.087602381320385e+02 2.346483952373281e-18 9.004502130989152e-02
1 15 1.105170253372857e+02 4.080023314878054e-18 6.385037162330613e-02
0 46 1.111516004613368e+02 2.054799844654318e-18 9.004773725984212e-02
0 47 1.135429492460346e+02 2.346289547412281e-18 9.004928140485530e-02
0 48 1.159343533867402e+02 2.097588193294339e-18 9.004639814984185e-02
1 16 1.176601820984726e+02 4.040529703768875e-18 6.385058703016466e-02
0 49 1.183257161579856e+02 2.166689383097273e-18 9.004902983837687e-02
0 50 1.207170637978979e+02 2.588674495378024e-18 9.005077983535216e-02
0 51 1.231084657456682e+02 2.054543680072276e-18 9.004776230770341e-02
1 17 1.248033481087200e+02 4.058919906372405e-18 6.385087404727390e-02
0 52 1.254998281385704e+02 1.985473179542159e-18 9.005030296307029e-02
0 53 1.278911738943892e+02 2.166629431466085e-18 9.005225043302105e-02
0 54 1.302825727801622e+02 2.166683336185818e-18 9.004910267202483e-02
1 18 1.319465275875434e+02 6.592696773354833e-17 6.385123007029964e-02
0 55 1.326739339822506e+02 2.166633048128151e-18 9.005154598619293e-02
0 56 1.350652771276403e+02 1.985404413852613e-18 9.005368197833465e-02
0 57 1.374566720996803e+02 2.232560681121945e-18 9.005040837198749e-02
1 19 1.390897247567894e+02 4.077699244462073e-18 6.385165232958893e-02
0 58 1.398480313119748e+02 2.389504468543871e-18 9.005274847604522e-02
0 59 1.422393711388693e+02 2.166567327087018e-18 9.005506356512893e-02
0 60 1.446307613683529e+02 2.232155709912908e-18 9.005166885371407e-02
1 20 1.462329437637958e+02 4.037240364454683e-18 6.385213755621628e-02
0 61 1.470221178108773e+02 1.985383525103486e-18 9.005390029528459e-02
0 62 1.494134536346174e+02 2.053983257856128e-18 9.005638467379025e-02
0 63 1.518048383210200e+02 2.053980807700649e-18 9.005287395238840e-02
1 21 1.533761888217486e+02 4.061416600208815e-18 6.385269120700739e-02
0 64 1.541961912381170e+02 2.053912526719080e-18 9.005499167519178e-02
0 65 1.565875224023852e+02 2.166508851089752e-18 9.005763523974437e-02
0 66 1.589789007786201e+02 2.472239830789968e-18 9.005401395962979e-02
1 22 1.605194635546501e+02 1.493259880066846e-17 6.385330014969616e-02
0 67 1.613702494440227e+02 2.344170351362456e-18 9.005601328518832e-02
0 68 1.637615753255255e+02 2.097958510975719e-18 9.005880571676424e-02
0 69 1.661529466627932e+02 2.053823159865089e-18 9.005507968564137e-02
1 23 1.676627715540781e+02 4.243734696923440e-18 6.385395905274438e-02
0 70 1.685442903844076e+02 2.166505599566893e-18 9.005695629704637e-02
0 71 1.709356103972611e+02 2.166455765871262e-18 9.005988713469819e-02
0 72 1.733269740095662e+02 2.344069991844443e-18 9.005606251574262e-02
1 24 1.748061162084071e+02 4.035698209615243e-18 6.385466362308193e-02
0 73 1.757183121339260e+02 1.985280064697597e-18 9.005781244333917e-02
0 74 1.781096257337080e+02 2.097922789445647e-18 9.006087115131221e-02
0 75 1.805009809820090e+02 1.985300423083801e-18 9.005695446098771e-02
1 25 1.819495008518769e+02 6.387958972332904e-14 6.385542701681240e-02
0 76 1.828923128983667e+02 2.097967378075746e-18 9.005857406980176e-02
0 77 1.852836195858046e+02 2.166409673692343e-18 9.006175009803304e-02
0 78 1.876749658817713e+02 2.231553190571389e-18 9.005774820266217e-02
1 26 1.890929281611925e+02 1.715059284534399e-16 6.385622438593336e-02
0 79 1.900662910258011e+02 2.585089130485231e-18 9.005923418138467e-02
0 80 1.924575903500741e+02 2.344351582211689e-18 9.006251701948284e-02
0 81 1.948489271594338e+02 2.053885743741600e-18 9.005843713055468e-02
1 27 1.962364007166217e+02 4.073643386630074e-18 6.385705015174031e-02
0 82 1.972402450165279e+02 2.053883598857603e-18 9.005978648189275e-02
0 83 1.996315365781691e+02 2.458054372254812e-18 9.006316570679278e-02
0 84 2.020228634236297e+02 2.166448705844201e-18 9.005901537499364e-02
1 28 2.033799208168981e+02 4.038335298520705e-18 6.385790186869031e-02
0 85 2.044141735317759e+02 2.097616631062916e-18 9.006022540721126e-02
0 86 2.068054569851618e+02 2.054029556778645e-18 9.006369072477056e-02
0 87 2.091967734489040e+02 2.166435033655209e-18 9.005947783272671e-02
1 29 2.105234905642632e+02 2.571220194398796e-14 6.385879512632214e-02
0 88 2.115880754011363e+02 1.985195131941289e-18 9.006054615221448e-02
0 89 2.139793504565551e+02 1.985127030635994e-18 9.006408743307327e-02
0 90 2.163706561822874e+02 2.233617075283245e-18 9.005982018679697e-02
1 30 2.176671114795782e+02 9.080288698516674e-16 6.385969868802742e-02
0 91 2.187619496287051e+02 2.233844770646451e-18 9.006074469153143e-02
0 92 2.211532160539975e+02 1.985115931899526e-18 9.006435200158194e-02
0 93 2.235445107485712e+02 2.234509285074687e-18 9.006003892060864e-02
1 31 2.248107848804393e+02 4.039245752636040e-18 6.386060659415488e-02
0 94 2.259357953979203e+02 2.054644710618387e-18 9.006081779438575e-02
0 95 2.283270530196918e+02 1.985107802076745e-18 9.006448142020711e-02
0 96 2.307183364542761e+02 2.591853923795316e-18 9.006013132641620e-02
1 32 2.319545117670295e+02 4.039137801790570e-18 6.386151944731025e-02
0 97 2.331096120750960e+02 6.454433248950745e-14 9.006076303376891e-02
0 98 2.355008607795004e+02 5.795102858009837e-14 9.006447350338624e-02
0 99 2.378921327903233e+02 5.359777623879127e-14 9.006009550849123e-02
1 33 2.390982928647310e+02 1.250534168085863e-14 6.386245429703503e-02
0 100 2.402833992116654e+02 4.878304113242967e-14 9.006057879022610e-02
0 101 2.426746389447709e+02 4.291382365349895e-14 9.006432688954864e-02
0 102 2.450658994334358e+02 3.884313118568651e-14 9.005993038124122e-02
1 34 2.462421284191443e+02 2.123647043375370e-15 6.386337544362232e-02
0 103 2.474571565451546e+02 3.459302324661002e-14 9.006026425055175e-02
0 104 2.498483873129036e+02 2.963891066378555e-14 9.006404103585861e-02
0 105 2.522396362462987e+02 2.608582744084240e-14 9.005963566258490e-02
1 35 2.533860184026136e+02 4.185320050775842e-18 6.386427720511360e-02
0 106 2.546308839989438e+02 2.256590122926514e-14 9.005981940172457e-02
0 107 2.570221058667250e+02 1.864467071920916e-14 9.006361620857065e-02
0 108 2.594133432765420e+02 1.578207631387691e-14 9.005921186290540e-02
1 36 2.605299624591347e+02 4.040768512264058e-18 6.386516336696654e-02
0 109 2.618045816808616e+02 1.308704562278087e-14 9.005924502042358e-02
0 110 2.641957947727106e+02 1.023330562262343e-14 9.006305346934491e-02
0 111 2.665870207545938e+02 8.152649295037666e-15 9.005866026992286e-02
1 37 2.676739599363672e+02 4.015818173098438e-14 6.386605273216395e-02
0 112 2.689782498806682e+02 6.304288454688921e-15 9.005854265848616e-02
0 113 2.713694543781191e+02 4.472200724965714e-15 9.006235465788383e-02
0 114 2.737606690904682e+02 3.177992068528313e-15 9.005798292983176e-02
1 38 2.748180098292290e+02 2.944586780556607e-15 6.386690656091820e-02
0 115 2.761518890665016e+02 2.123607273619840e-15 9.005771462467264e-02
0 116 2.785430852071102e+02 1.193158291107831e-15 9.006152237123388e-02
0 117 2.809342888695557e+02 6.107393553306507e-16 9.005718262503543e-02
1 39 2.819621108213881e+02 4.103290376097582e-18 6.386771996832270e-02
0 118 2.833254998803404e+02 2.335531960803992e-16 9.005676396308629e-02
0 119 2.857166879558961e+02 2.567162185374784e-17 9.006055994007886e-02
0 120 2.881078808474683e+02 1.637189034920518e-17 9.005626284879124e-02
1 40 2.891062612822884e+02 4.040747711213947e-18 6.386849888829840e-02
0 121 2.904990831325461e+02 1.518966319629853e-16 9.005569442857722e-02
0 122 2.928902634869951e+02 4.923336363941318e-14 9.005947140231760e-02
0 123 2.952814459440094e+02 4.170088294016815e-14 9.005522777703923e-02
1 41 2.962504592994998e+02 3.992738360184609e-14 6.386926467831698e-02
0 124 2.976726397955504e+02 3.556034562436453e-14 9.005451045941575e-02
0 125 3.000638128226544e+02 2.981764983945394e-14 9.005826147418564e-02
0 126 3.024549852363335e+02 2.483000390618200e-14 9.005408223766463e-02
1 42 3.033947027640956e+02 2.706228424340298e-15 6.386997715917613e-02
0 127 3.048461709967530e+02 2.092916051379765e-14 9.005321714750263e-02
0 128 3.072373371374966e+02 1.746046062651737e-14 9.005693551916009e-02
0 129 3.096284999513527e+02 1.452901368301002e-14 9.005283167740730e-02
1 43 3.105389892407271e+02 4.034067695845824e-18 6.387063259354356e-02
0 130 3.120196780106912e+02 1.238074321838621e-14 9.005182020633286e-02
0 131 3.144108377504713e+02 1.061162355907152e-14 9.005549951485375e-02
0 132 3.168019914574695e+02 9.204893612193293e-15 9.005148212661310e-02
1 44 3.176833160192494e+02 4.052569925554025e-18 6.387123714079478e-02
0 133 3.191931622505571e+02 8.306127511000875e-15 9.005032593692457e-02
0 134 3.215843161161684e+02 7.681571779024802e-15 9.005396001808676e-02
0 135 3.239754612556937e+02 7.273475099033610e-15 9.005004016199340e-02
1 45 3.248276801321848e+02 1.150203883479768e-14 6.387181466939215e-02
0 136 3.263666252591207e+02 7.154191940430720e-15 9.004874119188606e-02
0 137 3.287577738155605e+02 7.188595694701197e-15 9.005232412831038e-02
0 138 3.311489109702091e+02 7.320200404683055e-15 9.004851286755469e-02
1 46 3.319720786041725e+02 1.736312025654531e-15 6.387232638835862e-02
0 139 3.335400686991262e+02 7.579244167639049e-15 9.004707333778633e-02
0 140 3.359312125462402e+02 7.886097942950123e-15 9.005059944952268e-02
0 141 3.383223423384537e+02 8.192813434733791e-15 9.004690779382184e-02
1 47 3.391165081328289e+02 4.071352024841785e-18 6.387276990860358e-02
0 142 3.407134943432215e+02 8.533896727735848e-15 9.004533021596096e-02
0 143 3.431046341122064e+02 8.839719571044933e-15 9.004879405079717e-02
0 144 3.454957572007668e+02 9.076987526337886e-15 9.004523291546909e-02
1 48 3.462609652055432e+02 4.049454963056760e-18 6.387314965729921e-02
0 145 3.478869040634737e+02 9.302538449210446e-15 9.004352010186958e-02
0 146 3.502780404132564e+02 9.451855699932706e-15 9.004691642551674e-02
0 147 3.526691574896579e+02 9.485784989134843e-15 9.004349658744744e-02
1 49 3.534054460670054e+02 1.974728206841784e-14 6.387348920410163e-02
0 148 3.550602998205237e+02 9.509398929748353e-15 9.004165166308596e-02
0 149 3.574514334340299e+02 9.442739610485939e-15 9.004497544937232e-02
0 150 3.598425452187432e+02 9.238648101318725e-15 9.004170749966912e-02
1 50 3.605499471686821e+02 7.929167660011801e-16 6.387375634419876e-02
0 151 3.622336836524248e+02 9.054019198233269e-15 9.003973391598141e-02
0 152 3.646248152327556e+02 8.789621915355868e-15 9.004298033716396e-02
