0 0 1.116169842913036e+00 2.093003004945696e-18 8.948373727099088e-02
1 0 3.289802428749073e+00 4.408511663594504e-18 5.988047552648057e-02
0 1 3.507434012558074e+00 2.318630379614801e-18 8.948634719157057e-02
0 2 5.898693898465776e+00 2.248768510473110e-18 8.948472937994824e-02
0 3 8.290018359470507e+00 2.790261867816417e-18 8.948333192590900e-02
1 1 1.043336165415337e+01 4.433074088127049e-18 5.988040991448480e-02
0 4 1.068128230570028e+01 2.248291210598338e-18 8.948594918175186e-02
0 5 1.307254048361073e+01 2.216898032913823e-18 8.948445762752634e-02
0 6 1.546386355235757e+01 2.635828344419343e-18 8.948280496202900e-02
1 2 1.757692587339005e+01 4.310129160768474e-18 5.988039847754541e-02
0 7 1.785512747992188e+01 2.181669859827726e-18 8.948542078826194e-02
0 8 2.024638418462084e+01 2.456836878623273e-18 8.948406212293852e-02
0 9 2.263770594050263e+01 2.032978892141087e-18 8.948215862941447e-02
1 3 2.472049433743788e+01 4.331289506042748e-18 5.988039355301803e-02
0 10 2.502897005740814e+01 2.424748167168811e-18 8.948476458647449e-02
0 11 2.742022553152180e+01 2.181700497099109e-18 8.948354501921445e-02
0 12 2.981154606075584e+01 2.544310272559466e-18 8.948139597326134e-02
1 4 3.186406595770114e+01 4.331450154861903e-18 5.988043952953208e-02
0 13 3.220281057699525e+01 2.851861409674829e-18 8.948398396398699e-02
0 14 3.459406506955323e+01 2.122754600770366e-18 8.948290926456468e-02
0 15 3.698538446434734e+01 2.452977504350937e-18 8.948052081376537e-02
1 5 3.900763980196194e+01 4.347003507248807e-18 5.988053651855277e-02
0 16 3.937664959060088e+01 2.091954062851997e-18 8.948308309577697e-02
0 17 4.176790335557072e+01 2.181728573577339e-18 8.948215858155426e-02
0 18 4.415922171325291e+01 2.244283868077724e-18 8.947953772074026e-02
1 6 4.615121493852968e+01 4.310835065310599e-18 5.988068172532898e-02
0 19 4.655048765957179e+01 2.001912200039506e-18 8.948206691442742e-02
0 20 4.894174095437725e+01 2.060334254283903e-18 8.948129744104814e-02
0 21 5.133305837649718e+01 2.333467087313634e-18 8.947845198318001e-02
1 7 5.329479060278567e+01 4.399809416765021e-18 5.988084490726182e-02
0 22 5.372432535097942e+01 2.242977794471129e-18 8.948094107568687e-02
0 23 5.611557843501294e+01 2.033369014109350e-18 8.948033103112248e-02
0 24 5.850689502642160e+01 2.242487802202796e-18 8.947726957400454e-02
1 8 6.043836560345625e+01 4.331356042673031e-18 5.988105448690427e-02
0 25 6.089816323388948e+01 2.263223736970151e-18 8.947971191965205e-02
0 26 6.328941636702967e+01 2.059830534767430e-18 8.947926522118552e-02
0 27 6.568073223494365e+01 2.181849084049961e-18 8.947599711027268e-02
1 9 6.758193898868440e+01 4.313796701189747e-18 5.988130866168392e-02
0 28 6.807200187563207e+01 2.181809424692549e-18 8.947838642788815e-02
0 29 7.046325531677526e+01 2.001996239539460e-18 8.947810652159224e-02
0 30 7.285457056983209e+01 2.002066821847479e-18 8.947464180916387e-02
1 10 7.472550985155939e+01 4.320713305033099e-18 5.988160346757435e-02
0 31 7.524584183809601e+01 2.091069938051665e-18 8.947697217679722e-02
0 32 7.763709584371061e+01 2.090974181834621e-18 8.947686203905429e-02
0 33 8.002841059102032e+01 2.239836214881131e-18 8.947321144005349e-02
1 11 8.186907746236703e+01 4.309481129234268e-18 5.988192506482766e-02
0 34 8.241968367406942e+01 2.207794529684536e-18 8.947547728755897e-02
0 35 8.481093849678130e+01 2.322369087534030e-18 8.947553942818175e-02
0 36 8.720225284698023e+01 2.470603451311444e-18 8.947171427302311e-02
1 12 8.901264066968201e+01 4.395859330086101e-18 5.988228366551950e-02
0 37 8.959352792364939e+01 2.181900986407706e-18 8.947391037296441e-02
0 38 9.198478381086689e+01 2.206415073329410e-18 8.947414683949295e-02
0 39 9.437609787118016e+01 2.329407641850062e-18 8.947015902416595e-02
1 13 9.615619859757221e+01 4.344317246675381e-18 5.988267650710744e-02
0 40 9.676737511074415e+01 2.125283154569516e-18 8.947228048147210e-02
0 41 9.915863230333127e+01 2.125398857497456e-18 8.947269286426340e-02
0 42 1.015499461786512e+02 2.182004402017454e-18 8.946855479807793e-02
1 14 1.032997504616838e+02 4.326596284616649e-18 5.988310081528392e-02
0 43 1.039412257396930e+02 2.662456021227123e-18 8.947059703884282e-02
0 44 1.063324844706997e+02 2.204641700530755e-18 8.947118647660540e-02
0 45 1.087237982626873e+02 2.090383298182410e-18 8.946691102795283e-02
1 15 1.104432956304488e+02 1.927610998793215e-15 5.988355358843205e-02
0 46 1.111150802920278e+02 2.204233950298784e-18 8.946886978772554e-02
0 47 1.135063407854850e+02 2.125963793907753e-18 8.946963697320004e-02
0 48 1.158976545917007e+02 2.235702489982310e-18 8.946523741371046e-02
1 16 1.175868331142284e+02 9.669347223224913e-18 5.988403044480048e-02
0 49 1.182889392233985e+02 2.327292155058350e-18 8.946710872558233e-02
0 50 1.206802016931840e+02 2.058013636208032e-18 8.946805391111526e-02
0 51 1.230715156062551e+02 2.268338870326436e-18 8.946354385859964e-02
1 17 1.247303622022849e+02 4.329530940515391e-18 5.988452791883610e-02
0 52 1.254628029606811e+02 2.234644287109916e-18 8.946532404134298e-02
0 53 1.278540676094623e+02 2.089900771864937e-18 8.946644704414972e-02
0 54 1.302453817162903e+02 2.057872781808641e-18 8.946184040470447e-02
1 18 1.318738823133353e+02 4.334348577871335e-18 5.988504659092264e-02
0 55 1.326366718992849e+02 2.089877358055321e-18 8.946352605118084e-02
0 56 1.350279389175415e+02 2.649241035434550e-18 8.946482625814443e-02
0 57 1.374192532985560e+02 2.182182590596955e-18 8.946013716778060e-02
1 19 1.390173929768359e+02 4.786117869613754e-15 5.988558892762925e-02
0 58 1.398105464006727e+02 2.034535847563248e-18 8.946172513378990e-02
0 59 1.422018159658058e+02 2.089647732461013e-18 8.946320150568436e-02
0 60 1.445931306942670e+02 2.232812525056631e-18 8.945844427184095e-02
1 20 1.461608934629264e+02 4.514709734983604e-17 5.988614015641431e-02
0 61 1.469844267901063e+02 2.034630489991221e-18 8.945993166554946e-02
0 62 1.493756990656329e+02 2.425835634164856e-18 8.946158274062317e-02
0 63 1.517670142069895e+02 2.325220078894557e-18 8.945677178391244e-02
1 21 1.533043832974951e+02 4.327624165205489e-18 5.988669645962201e-02
0 64 1.541583133546290e+02 2.089528497111098e-18 8.945815595596193e-02
0 65 1.565495884894702e+02 2.089421403750255e-18 8.945997985285348e-02
0 66 1.589409041007761e+02 2.182289664569158e-18 8.945512964938418e-02
1 22 1.604478621579638e+02 4.308916827492249e-18 5.988726363494264e-02
0 67 1.613322063412996e+02 2.089425420962642e-18 8.945640818375764e-02
0 68 1.637234844691621e+02 2.323896348880243e-18 8.945840260375099e-02
0 69 1.661148005985577e+02 2.089390039284163e-18 8.945352762836180e-02
1 23 1.675913297898817e+02 2.214178761724813e-15 5.988784480553058e-02
0 70 1.685061059556853e+02 2.089328994642226e-18 8.945469833405788e-02
0 71 1.708973871945409e+02 2.089222270224870e-18 8.945686056272081e-02
0 72 1.732887038808011e+02 2.230405024442973e-18 8.945197523343842e-02
1 24 1.747347857892285e+02 1.848465329842953e-16 5.988841894141753e-02
0 73 1.756800123606253e+02 2.034978833515731e-18 8.945303613698423e-02
0 74 1.780712968122871e+02 2.034954883365668e-18 8.945536304525356e-02
0 75 1.804626140844414e+02 2.035064920137891e-18 8.945048166925684e-02
1 25 1.818782299653313e+02 4.356042375959072e-18 5.988898224807684e-02
0 76 1.828539256752675e+02 2.466775240009616e-18 8.945143100807573e-02
0 77 1.852452134250652e+02 2.272231273233996e-18 8.945391905288280e-02
0 78 1.876365313020905e+02 2.387326179836022e-18 8.944905577422932e-02
1 26 1.890216622793927e+02 4.347394384151711e-18 5.988954716557120e-02
0 79 1.900278459743847e+02 2.128456669682314e-18 8.944989199086807e-02
0 80 1.924191370909379e+02 2.128480476481381e-18 8.945253721541085e-02
0 81 1.948104555815276e+02 2.322351074439972e-18 8.944770596474272e-02
1 27 1.961650827341723e+02 8.470695003288510e-16 5.989011334973508e-02
0 82 1.972017732879713e+02 2.035200358182922e-18 8.944842770195123e-02
0 83 1.995930678230590e+02 2.228543719614023e-18 8.945122573573948e-02
0 84 2.019843869254689e+02 2.088977955959629e-18 8.944644018216982e-02
1 28 2.033084912806809e+02 6.281089686523504e-16 5.989065737634966e-02
0 85 2.043757076011202e+02 2.182465857377770e-18 8.944704627882319e-02
0 86 2.067670055896457e+02 2.088840414994022e-18 8.944999233763083e-02
0 87 2.091583252916189e+02 2.128919942287190e-18 8.944526584297906e-02
1 29 2.104518880295666e+02 4.318655779832812e-18 5.989117582603883e-02
0 88 2.115496488541784e+02 2.056297946379433e-18 8.944575533082617e-02
0 89 2.139409503142286e+02 2.088782636123989e-18 8.944884421669526e-02
0 90 2.163322705929990e+02 2.227795241661191e-18 8.944418979222039e-02
1 30 2.175952732175579e+02 4.325256524632628e-18 5.989168852795351e-02
0 91 2.187235969431788e+02 2.195104114841614e-18 8.944456189344210e-02
0 92 2.211149018761743e+02 2.088730471892847e-18 8.944778799489307e-02
0 93 2.235062226985506e+02 2.227475777324134e-18 8.944321826064208e-02
1 31 2.247386471276474e+02 2.467721414227230e-16 5.989218847945176e-02
0 94 2.258975517205436e+02 2.273864530972734e-18 8.944347238620248e-02
0 95 2.282888601114778e+02 2.182480928295257e-18 8.944682967881051e-02
0 96 2.306801814340072e+02 2.088754236795868e-18 8.944235682566261e-02
1 32 2.318820100565068e+02 1.830252849698148e-15 5.989265333107521e-02
0 97 2.330715129960546e+02 2.194479052642311e-18 8.944249257443602e-02
0 98 2.354628248138193e+02 2.088641665093596e-18 8.944597462194373e-02
0 99 2.378541465830311e+02 2.511428782081745e-18 8.944161037640090e-02
1 33 2.390253624037697e+02 4.374655523193220e-18 5.989308033839097e-02
0 100 2.402454805380841e+02 2.194214438226326e-18 8.944162753506053e-02
0 101 2.426367957358777e+02 2.035456182151789e-18 8.944522749120085e-02
0 102 2.450281178886057e+02 2.088671564926053e-18 8.944098308293705e-02
1 34 2.461687046411344e+02 4.322648640350152e-18 5.989349641970110e-02
0 103 2.474194540750800e+02 2.129486477571788e-18 8.944088162659360e-02
0 104 2.498107725908948e+02 2.652669496428067e-18 8.944459223780213e-02
0 105 2.522020950546777e+02 2.182611612249419e-18 8.944047836995672e-02
1 35 2.533120373343096e+02 4.802067528822935e-17 5.989388613918928e-02
0 106 2.545934332972954e+02 2.193773200455125e-18 8.944025846353848e-02
0 107 2.569847550544810e+02 2.320326902669150e-18 8.944407207273122e-02
0 108 2.593760777480390e+02 2.226317101342471e-18 8.944009889490805e-02
1 36 2.604553610795335e+02 4.737787034618558e-15 5.989423111846017e-02
0 109 2.617674178587545e+02 2.088608671100623e-18 8.943976089527579e-02
0 110 2.641587427666508e+02 2.055779184915537e-18 8.944366944686324e-02
0 111 2.665500656004329e+02 2.088575262540819e-18 8.943984653077490e-02
1 37 2.675986765244848e+02 4.313890583514129e-18 5.989452952138542e-02
0 112 2.689414073794351e+02 2.002891070387693e-18 8.943939098956685e-02
0 113 2.713327353340711e+02 2.412749860888948e-18 8.944338603586824e-02
0 114 2.737240582108752e+02 2.129722992335316e-18 8.943972235354433e-02
1 38 2.747419843079173e+02 4.312691370372593e-18 5.989481354786321e-02
0 115 2.761154014476647e+02 2.088560832626466e-18 8.943915002075269e-02
0 116 2.785067323325186e+02 2.625130245915770e-18 8.944322272996282e-02
0 117 2.808980551481760e+02 2.320021952659065e-18 8.943972663442031e-02
1 39 2.818852852585390e+02 6.846664593401459e-18 5.989505969832436e-02
0 118 2.832893996227054e+02 2.182642447450660e-18 8.943903846269716e-02
0 119 2.856807333095198e+02 2.182564091578712e-18 8.944317962855922e-02
0 120 2.880720559536416e+02 2.055732819310594e-18 8.943985883681467e-02
1 40 2.890285801947423e+02 4.349047331623450e-18 5.989525559686953e-02
0 121 2.904634014375159e+02 2.035667181561371e-18 8.943905598650843e-02
0 122 2.928547377871639e+02 2.088432403185700e-18 8.944325603983297e-02
0 123 2.952460601439457e+02 2.192957663829168e-18 8.944011761811968e-02
1 41 2.961718699469632e+02 4.309578775845096e-18 5.989540047706848e-02
0 124 2.976374064016777e+02 2.129810331952789e-18 8.943920146303862e-02
0 125 3.000287452650750e+02 2.002810498407764e-18 8.944345048521590e-02
0 126 3.024200672141558e+02 2.088457353100022e-18 8.944050083625814e-02
1 42 3.033151552344821e+02 4.344276846696478e-18 5.989552807064272e-02
0 127 3.048114140044684e+02 2.817969884659565e-18 8.943947297015878e-02
0 128 3.072027552235274e+02 2.182553539623581e-18 8.944376070879441e-02
0 129 3.095940766408966e+02 2.088435594228690e-18 8.944100556099023e-02
1 43 3.104584371056933e+02 4.411361345262228e-18 5.989561014617484e-02
0 130 3.119854237180681e+02 2.465118042277842e-18 8.943986780477713e-02
0 131 3.143767671266871e+02 2.035575692150505e-18 8.944418369157130e-02
0 132 3.167680878856352e+02 2.035639885594490e-18 8.944162808993035e-02
1 44 3.176017165013147e+02 4.324270005716613e-18 5.989564110064475e-02
0 133 3.191594350008789e+02 2.035658032774542e-18 8.944038249954757e-02
0 134 3.215507804259618e+02 2.129740362897414e-18 8.944471567051636e-02
0 135 3.239421003980676e+02 2.182583478085651e-18 8.944236396921468e-02
1 45 3.247449943513502e+02 4.311190902928482e-18 5.989562132305320e-02
0 136 3.263334473009373e+02 2.275163490791886e-18 8.944101284419588e-02
0 137 3.287247945634372e+02 2.411674246671082e-18 8.944535216229949e-02
0 138 3.311161136195839e+02 2.182566657807558e-18 8.944320801872133e-02
1 46 3.318882713621522e+02 4.395962173634937e-18 5.989558019927806e-02
0 139 3.335074600593978e+02 2.225494246383791e-18 8.944175391134968e-02
0 140 3.358988089753780e+02 2.225455750834429e-18 8.944608799157602e-02
0 141 3.382901269867915e+02 2.182547625785993e-18 8.944415436173213e-02
1 47 3.390315487335435e+02 4.352047811497927e-18 5.989549162229564e-02
0 142 3.406814727140656e+02 2.035618170955955e-18 8.944260008673979e-02
0 143 3.430728230957728e+02 2.129719502863771e-18 8.944691732366335e-02
0 144 3.454641399350757e+02 2.088307318376605e-18 8.944519645890033e-02
1 48 3.461748274179610e+02 4.308360889048906e-18 5.989535587860025e-02
0 145 3.478554847029583e+02 2.055542682259133e-18 8.944354510360857e-02
0 146 3.502468363599028e+02 2.035506373698254e-18 8.944783370143362e-02
0 147 3.526381519021749e+02 2.129781740638391e-18 8.944632714637929e-02
1 49 3.533181083286310e+02 4.310108454353895e-18 5.989517560383043e-02
0 148 3.550294954678764e+02 2.182531164657794e-18 8.944458208115641e-02
0 149 3.574208482079138e+02 2.129700581469754e-18 8.944883008623586e-02
0 150 3.598121623317546e+02 2.088237630231749e-18 8.944753867796187e-02
1 50 3.604613921416317e+02 4.394863356699712e-18 5.989496491843735e-02
0 151 3.622035044579641e+02 2.088270470487998e-18 8.944570356683029e-02
0 152 3.645948580883739e+02 2.275084783527629e-18 8.944989890263230e-02
