0 0 1.759244521632557e+00 3.915139445918187e-18 6.598217896714960e-02
1 0 4.437637618624411e+00 7.310323962780621e-18 4.812488798809889e-02
0 1 7.605223080028234e+00 3.914419324841388e-18 6.598186905222521e-02
0 2 1.345129849777626e+01 3.913906176093403e-18 6.598597335441324e-02
1 1 1.902107829105526e+01 7.299995451542297e-18 4.812656440727495e-02
0 3 1.929721661182742e+01 3.890418558465878e-18 6.598795761561591e-02
0 4 2.514312290578618e+01 3.956109440276545e-18 6.598673652584922e-02
0 5 3.098912078692650e+01 3.890687286794306e-18 6.598242363166522e-02
1 2 3.360447677241779e+01 7.239076099975835e-18 4.812474220531933e-02
0 6 3.683509961296409e+01 3.910686430482610e-18 6.598202340739498e-02
0 7 4.268118041892009e+01 3.998164432987414e-18 6.598594662624042e-02
1 3 4.818791891103722e+01 7.242020114359058e-18 4.812643268274355e-02
0 8 4.852709954217863e+01 3.891533113866159e-18 6.598799244077534e-02
0 9 5.437300380638817e+01 3.908100930861748e-18 6.598694534155071e-02
0 10 6.021899692717082e+01 3.907661414253666e-18 6.598266458544104e-02
1 4 6.277131585972575e+01 7.283143292978030e-18 4.812462990199487e-02
0 11 6.606497606400625e+01 3.906580391517243e-18 6.598217420725859e-02
0 12 7.191106208010721e+01 3.906507673740965e-18 6.598590294350128e-02
1 5 7.735475909250675e+01 1.477940595865364e-14 4.812630717841897e-02
0 13 7.775698240143723e+01 3.936589426928270e-18 6.598800035795513e-02
0 14 8.360288493555596e+01 3.933311207422002e-18 6.598713796642218e-02
0 15 8.944887351241323e+01 3.903644225200617e-18 6.598289963310761e-02
1 6 9.193815417981122e+01 1.697138017742804e-17 4.812452984133162e-02
0 16 9.529485300164252e+01 3.890687679510425e-18 6.598231935030149e-02
0 17 1.011409440285429e+02 3.890496479481006e-18 6.598584103233700e-02
1 7 1.065215980185308e+02 1.418682401251539e-14 4.812619695852124e-02
0 18 1.069868657311585e+02 3.901368209863917e-18 6.598798037347484e-02
0 19 1.128327668514864e+02 3.890055888044087e-18 6.598731270246440e-02
0 20 1.186787511067938e+02 3.942381490284435e-18 6.598312681141458e-02
1 8 1.211049909040041e+02 7.329755018245816e-18 4.812444312020234e-02
0 21 1.245247309861667e+02 3.899122652593173e-18 6.598245697021647e-02
0 22 1.303708268028989e+02 3.898837223723650e-18 6.598575991206639e-02
1 9 1.356884348875932e+02 7.282089807079373e-18 4.812610189070330e-02
0 23 1.362167500622531e+02 3.890065773461097e-18 6.598793185287218e-02
0 24 1.420626500990916e+02 3.910184630130139e-18 6.598746812283221e-02
0 25 1.479086302583004e+02 3.908179290064356e-18 6.598334441906556e-02
1 10 1.502718252353077e+02 7.383160407685687e-18 4.812437058788351e-02
0 26 1.537546105595058e+02 3.890322342936164e-18 6.598258546621517e-02
0 27 1.596007109233444e+02 3.895057562117634e-18 6.598565891955109e-02
1 11 1.648552689405896e+02 7.287311069811861e-18 4.812601874370365e-02
0 28 1.654466359051350e+02 3.894051299506763e-18 6.598785453144104e-02
0 29 1.712925352001159e+02 3.893192666158044e-18 6.598760309556939e-02
0 30 1.771385114890167e+02 3.896929887336099e-18 6.598355104134630e-02
1 12 1.794386562565215e+02 7.448041579028074e-18 4.812432649937731e-02
0 31 1.829844922355817e+02 3.894938071941764e-18 6.598270352816117e-02
0 32 1.888305968821075e+02 3.890386810393488e-18 6.598553772824418e-02
1 13 1.940220994857990e+02 7.319398166928191e-18 4.812592010775415e-02
0 33 1.946765237404004e+02 3.890660075007175e-18 6.598774851944116e-02
0 34 2.005224226437217e+02 5.326115311540754e-17 6.598771680713382e-02
0 35 2.063683952853621e+02 5.218015490357623e-17 6.598374562226439e-02
1 14 2.086054833761439e+02 3.585990579293108e-14 4.812430714929158e-02
0 36 2.122143764908810e+02 5.151312301866020e-17 6.598281016420358e-02
0 37 2.180604851351549e+02 5.181671545035648e-17 6.598539636435209e-02
1 15 2.231889257290518e+02 2.248732659229101e-17 4.812583490043713e-02
0 38 2.239064140129070e+02 5.063217245314010e-17 6.598761439181829e-02
0 39 2.297523128776923e+02 4.899179108096010e-17 6.598780877830426e-02
0 40 2.355982820902126e+02 4.794740856560901e-17 6.598392740110090e-02
1 16 2.377723061022742e+02 5.174610158788276e-15 4.812430322505366e-02
0 41 2.414442637566802e+02 4.732502038665831e-17 6.598290469384518e-02
0 42 2.472903760923695e+02 4.768147483998638e-17 6.598523520693143e-02
1 17 2.523557470883084e+02 7.297543880425730e-18 4.812576280872138e-02
0 43 2.531363071153355e+02 4.659154988109228e-17 6.598745297690954e-02
0 44 2.589822063007036e+02 4.498626668442175e-17 6.598787883339334e-02
0 45 2.648281722956359e+02 4.406336715240778e-17 6.598409584821123e-02
1 18 2.669391239000245e+02 7.285149078181809e-18 4.812431446217195e-02
0 46 2.706741544108373e+02 4.347440138412758e-17 6.598298677004724e-02
0 47 2.765202701106566e+02 4.387651930860486e-17 6.598505499369503e-02
1 19 2.815225630686738e+02 7.317398118102833e-18 4.812570333807926e-02
0 48 2.823662033880331e+02 4.283206207418137e-17 6.598726547699070e-02
0 49 2.882121032540725e+02 4.149374098084151e-17 6.598792714878995e-02
0 50 2.940580662338640e+02 4.058524729541274e-17 6.598425082928769e-02
1 20 2.961059363210489e+02 7.233716914308291e-18 4.812434056286240e-02
0 51 2.999040487703637e+02 4.002506012808962e-17 6.598305638572931e-02
0 52 3.057501674874028e+02 4.026552446787821e-17 6.598485681622029e-02
1 21 3.106893734005615e+02 7.256906612535331e-18 4.812564262247611e-02
0 53 3.115961031105059e+02 3.945006934683222e-17 6.598705344427067e-02
0 54 3.174420040155811e+02 3.814844890672729e-17 6.598795423005469e-02
0 55 3.232879641718055e+02 3.722757401787303e-17 6.598439253217701e-02
1 22 3.252727426422645e+02 7.240972033101815e-18 4.812439588865267e-02
0 56 3.291339470857075e+02 3.672072294204778e-17 6.598311386340679e-02
0 57 3.349800684545401e+02 3.708419141739013e-17 6.598464210604164e-02
1 23 3.398561777287757e+02 7.673458519366553e-14 4.812558052397014e-02
0 58 3.408260064958367e+02 3.623428866554475e-17 6.598681875724265e-02
0 59 3.466719087943168e+02 3.502550720532886e-17 6.598796090009552e-02
0 60 3.525178663062164e+02 3.421934740383038e-17 6.598452145468475e-02
1 24 3.544395430618196e+02 1.978008306087848e-17 4.812446432293795e-02
0 61 3.583638495362529e+02 3.374492437518628e-17 6.598315984386002e-02
0 62 3.642099731743256e+02 3.411649336208250e-17 6.598441261618571e-02
