0 0 1.119351336892623e+00 2.622846568378203e-18 8.719064395568929e-02
1 0 3.373976152402544e+00 4.224865061455587e-18 6.130499143628751e-02
0 1 3.510629863380161e+00 2.713851615513246e-18 8.719300467057976e-02
0 2 5.901907623693331e+00 2.083678847087675e-18 8.719115564928603e-02
0 3 8.293232318727197e+00 2.359307315483711e-18 8.718974981902909e-02
1 1 1.051752788733591e+01 4.220344739045406e-18 6.130470268272889e-02
0 4 1.068451218288344e+01 2.146910413889990e-18 8.719216929154276e-02
0 5 1.307579011008292e+01 2.083747371719243e-18 8.719049006401784e-02
0 6 1.546711526281546e+01 2.167250124674597e-18 8.718893729929855e-02
1 2 1.766107431939980e+01 3.762343752284256e-14 6.130437520542888e-02
0 7 1.785839664188888e+01 2.394975423201407e-18 8.719140476083007e-02
0 8 2.024967493736143e+01 2.117690378504512e-18 8.718990687710398e-02
0 9 2.264100065222940e+01 2.524772856460907e-18 8.718821132378897e-02
1 3 2.480461466833614e+01 4.611626800214417e-16 6.130405197465037e-02
0 10 2.503228371492689e+01 2.083834065644646e-18 8.719071609195997e-02
0 11 2.742356257839480e+01 2.359980595999029e-18 8.718941032774832e-02
0 12 2.981488895433132e+01 2.117522596636992e-18 8.718757629754295e-02
1 4 3.194814825623486e+01 4.242947560965111e-18 6.130373330853931e-02
0 13 3.220617385991746e+01 2.146523486526911e-18 8.719010785207193e-02
0 14 3.459745348830698e+01 2.393775426926651e-18 8.718900411156441e-02
0 15 3.698878061791064e+01 2.167874257565173e-18 8.718703607325989e-02
1 5 3.909167447289181e+01 4.212832634366439e-18 6.130340879704487e-02
0 16 3.938006751536682e+01 2.503192052819000e-18 8.718958412331887e-02
0 17 4.177134810167905e+01 2.117153702475882e-18 8.718869135282144e-02
0 18 4.416267607042766e+01 2.054841774754792e-18 8.718659392413221e-02
1 6 4.623519276160564e+01 1.429987629927376e-14 6.130305081637547e-02
0 19 4.655396509767362e+01 3.093423249455649e-18 8.718914846624388e-02
0 20 4.894524682986733e+01 2.308689787654209e-18 8.718847457989966e-02
0 21 5.133657571538218e+01 2.054850779652420e-18 8.718625251987271e-02
1 7 5.337870245835364e+01 2.367094695023515e-15 6.130269803373052e-02
0 22 5.372786699856267e+01 2.116895114111533e-18 8.718880388583003e-02
0 23 5.611915005845725e+01 2.308118223395427e-18 8.718835570420307e-02
0 24 5.851047992982248e+01 2.529290441731697e-18 8.718601390617722e-02
1 8 6.052220306981062e+01 4.223321680483649e-18 6.130235149214124e-02
0 25 6.090177358266082e+01 2.146036046705053e-18 8.718855280088908e-02
0 26 6.329305814486810e+01 2.528218377611398e-18 8.718833600276393e-02
0 27 6.568438906200942e+01 2.720812466676579e-18 8.718587948785357e-02
1 9 6.766569421911213e+01 4.208860952122555e-18 6.130200147779469e-02
0 28 6.807568518522932e+01 2.084161265637869e-18 8.718839701740598e-02
0 29 7.046697141612147e+01 2.307042241751492e-18 8.718841610475550e-02
0 30 7.285830342924730e+01 2.522416110646832e-18 8.718585001583347e-02
1 10 7.480917558212175e+01 3.832897471598553e-15 6.130163461863371e-02
0 31 7.524960211006346e+01 2.145810898205788e-18 8.718833770637978e-02
0 32 7.764089016678348e+01 2.054810249466770e-18 8.718859598211488e-02
0 33 8.003222331589019e+01 2.084265977953587e-18 8.718592557825659e-02
1 11 8.195264668661311e+01 8.767225926205673e-15 6.130127690438267e-02
0 34 8.242352462756726e+01 2.525646440018557e-18 8.718837538660089e-02
0 35 8.481481465708838e+01 2.168974845328611e-18 8.718887494444603e-02
0 36 8.720614897153170e+01 2.361589698794517e-18 8.718610559579686e-02
1 12 8.909610727749994e+01 4.207602223470220e-18 6.130092958903669e-02
0 37 8.959745297301195e+01 2.361613012488829e-18 8.718850991270891e-02
0 38 9.198874511125301e+01 2.145530785643817e-18 8.718925163835425e-02
0 39 9.438008060938810e+01 2.361733981860638e-18 8.718638882137850e-02
1 13 9.623955726355344e+01 4.217656591103957e-18 6.130058606402686e-02
0 40 9.677138734498860e+01 2.116017470947484e-18 8.718874046877650e-02
0 41 9.916268171599309e+01 2.743438524267830e-18 8.718972405133438e-02
0 42 1.015540184048865e+02 2.230405859046396e-18 8.718677334440700e-02
1 14 1.033829965629725e+02 4.308728559033506e-16 6.130024262740747e-02
0 43 1.039453279040681e+02 2.145409437240455e-18 8.718906556756864e-02
0 44 1.063366246192549e+02 2.169314347675899e-18 8.719028952030337e-02
0 45 1.087279624944724e+02 2.771700969739422e-18 8.718725659960866e-02
1 15 1.105264249574166e+02 2.670287522721675e-14 6.129991265184952e-02
0 46 1.111192747716827e+02 2.084338331975835e-18 8.718948305553766e-02
0 47 1.135105739291758e+02 2.521237691706279e-18 8.719094474482968e-02
0 48 1.159019129746482e+02 2.084382903137977e-18 8.718783538053047e-02
1 16 1.176698424587260e+02 4.220614456770848e-18 6.129959729301701e-02
0 49 1.182932280292415e+02 2.230347429800670e-18 8.718999012353211e-02
0 50 1.206845297132837e+02 2.689097552912559e-18 8.719168580506974e-02
0 51 1.230758699012529e+02 2.145220250238411e-18 8.718850585771439e-02
1 17 1.248132492807668e+02 4.223405349119937e-18 6.129929546026559e-02
0 52 1.254671877174865e+02 2.521058397149325e-18 8.719058332312186e-02
0 53 1.278584919979426e+02 2.084333867183797e-18 8.719250818437901e-02
0 54 1.302498332889870e+02 2.115537791567554e-18 8.718926360150756e-02
1 18 1.319566455784760e+02 2.946704645503213e-17 6.129900748259049e-02
0 55 1.326411538360944e+02 2.145084055118298e-18 8.719125858837690e-02
0 56 1.350324607680444e+02 2.230278071489223e-18 8.719340679651005e-02
0 57 1.374238031111845e+02 2.301662533105452e-18 8.719010360942003e-02
1 19 1.391000314207766e+02 7.107846629582305e-14 6.129873649572122e-02
0 58 1.398151263435255e+02 2.303499025319855e-18 8.719201126288141e-02
0 59 1.422064359669544e+02 2.144934411829024e-18 8.719437601727373e-02
0 60 1.445977792998347e+02 2.604957002116484e-18 8.719102033789954e-02
1 20 1.462434070892282e+02 4.208882963223921e-18 6.129848335917203e-02
0 61 1.469891051571188e+02 2.303278749613018e-18 8.719283613171895e-02
0 62 1.493804174967032e+02 2.388460017554333e-18 8.719540972047587e-02
0 63 1.517717617458542e+02 2.470297001275595e-18 8.719200773833738e-02
1 21 1.533867730884450e+02 4.225482542957974e-18 6.129825496901281e-02
0 64 1.541630901534414e+02 2.169729841286429e-18 8.719372745812250e-02
0 65 1.565544052184400e+02 2.144811398148958e-18 8.719650131790696e-02
0 66 1.589457502996200e+02 2.115215824142039e-18 8.719305929707889e-02
1 22 1.605301297928924e+02 2.444257735677967e-16 6.129804977599936e-02
0 67 1.613370811688986e+02 2.302924608276222e-18 8.719467902445621e-02
0 68 1.637283989531498e+02 2.388191503815231e-18 8.719764380311389e-02
0 69 1.661197447717668e+02 2.115153910727278e-18 8.719416807917475e-02
1 23 1.676734775581186e+02 4.252364369798928e-18 6.129786366720450e-02
0 70 1.685110780006097e+02 2.531029133412869e-18 8.719568417716415e-02
0 71 1.709023984826384e+02 2.362447806730598e-18 8.719882979863787e-02
0 72 1.732937449342523e+02 2.144784761771837e-18 8.719532677555336e-02
1 24 1.748168169115083e+02 4.216209345404010e-18 6.129769705421458e-02
0 73 1.756850804075514e+02 2.230202680514771e-18 8.719673587529392e-02
0 74 1.780764035507848e+02 2.169725211351663e-18 8.720005160636606e-02
0 75 1.804677505216864e+02 2.941990012828948e-18 8.719652775326292e-02
1 25 1.819601485996665e+02 4.267466437376457e-18 6.129756703829583e-02
0 76 1.828590881119621e+02 2.144712850618739e-18 8.719782674217093e-02
0 77 1.852504138650522e+02 2.488269403012109e-18 8.720130126059063e-02
0 78 1.876417612329151e+02 2.144705565403087e-18 8.719776310837873e-02
1 26 1.891034731890121e+02 2.242845451889241e-16 6.129746437160113e-02
0 79 1.900331008009979e+02 2.054573977542915e-18 8.719894911977714e-02
0 80 1.924244290982489e+02 2.054499264233576e-18 8.720257058334552e-02
0 81 1.948157767328494e+02 2.302068807555390e-18 8.719902472113557e-02
1 27 1.962467912856564e+02 4.375759017635742e-18 6.129738098586120e-02
0 82 1.972071181286282e+02 2.230130012345218e-18 8.720009512534561e-02
0 83 1.995984488905251e+02 2.387875698614142e-18 8.720385124153848e-02
0 84 2.019897966545267e+02 2.272789518711679e-18 8.720030431280504e-02
1 28 2.033901036128894e+02 4.207937081137585e-18 6.129731673415855e-02
0 85 2.043811397177612e+02 2.942009107859660e-18 8.720125670966936e-02
0 86 2.067724728516001e+02 2.054439805978578e-18 8.720513480538901e-02
0 87 2.091638206013989e+02 2.144620364042866e-18 8.720159350382216e-02
1 29 2.105334110780705e+02 4.212058631272763e-18 6.129730033159509e-02
0 88 2.115551651625947e+02 2.302484069822284e-18 8.720242571660697e-02
0 89 2.139465005632098e+02 2.169589961121100e-18 8.720641280766901e-02
0 90 2.163378481498392e+02 2.362375798090828e-18 8.720288387265646e-02
1 30 2.176767144030900e+02 6.524957139876809e-17 6.129730988238939e-02
0 91 2.187291940311817e+02 2.114896595365736e-18 8.720359394326808e-02
0 92 2.211205315817683e+02 2.301850245265956e-18 8.720767680323742e-02
0 93 2.235118788518581e+02 2.518157837494941e-18 8.720416701492011e-02
1 31 2.248200143753801e+02 4.232778930596246e-18 6.129733673485083e-02
0 94 2.259032258682031e+02 2.272847920261285e-18 8.720475320036739e-02
0 95 2.282945654412277e+02 2.114803253220761e-18 8.720891842837061e-02
0 96 2.306859122380120e+02 2.735370940982841e-18 8.720543460221043e-02
1 32 2.319633118417785e+02 4.210376793022424e-18 6.129738013293253e-02
0 97 2.330772601979262e+02 2.518338191804351e-18 8.720589537223952e-02
0 98 2.354686016561181e+02 2.520207492025269e-18 8.721012945937938e-02
0 99 2.378599478204830e+02 2.054394339344290e-18 8.720667844017865e-02
1 33 2.391066077632663e+02 4.246099630411657e-18 6.129748025289087e-02
0 100 2.402512965273274e+02 2.272961278450103e-18 8.720701247601460e-02
0 101 2.426426397247395e+02 2.169394014568891e-18 8.721130187001014e-02
0 102 2.450339850963029e+02 2.518553826857638e-18 8.720789052531785e-02
1 34 2.462499029737146e+02 4.639742347144622e-18 6.129759970596144e-02
0 103 2.474253343493506e+02 2.604043776230197e-18 8.720809671944843e-02
0 104 2.498166791324815e+02 2.144471887019020e-18 8.721242788712952e-02
0 105 2.522080235506965e+02 2.054338555733197e-18 8.720906309996379e-02
1 35 2.533931983459271e+02 4.246837452533841e-18 6.129773228473916e-02
0 106 2.545993731462773e+02 2.302773249014521e-18 8.720914055690966e-02
0 107 2.569907193552455e+02 2.273059321349639e-18 8.721350004421591e-02
0 108 2.593820626605207e+02 2.083973159093791e-18 8.721018870502806e-02
1 36 2.605364947621088e+02 4.207530780862907e-18 6.129787665519498e-02
0 109 2.617734123931860e+02 2.083966009677334e-18 8.721013674305551e-02
0 110 2.641647598629488e+02 2.114812629401216e-18 8.721451123222375e-02
0 111 2.665561018977771e+02 2.736540784051145e-18 8.721126023002189e-02
1 37 2.676797931153404e+02 4.230248250983908e-18 6.129808196263509e-02
0 112 2.689474515614782e+02 2.604504654053326e-18 8.721107838376028e-02
0 113 2.713388001230846e+02 2.530265002938129e-18 8.721545474743234e-02
0 114 2.737301407331784e+02 2.273297575685685e-18 8.721227095997977e-02
1 38 2.748230943028207e+02 6.118559077339245e-18 6.129829602108817e-02
0 115 2.761214901224560e+02 2.388316698006464e-18 8.721195898391980e-02
0 116 2.785128396043269e+02 2.144469690815762e-18 8.721632433594835e-02
0 117 2.809041786397472e+02 2.144532084867231e-18 8.721321461894785e-02
1 39 2.819663991713504e+02 4.290571718794024e-18 6.129851713705232e-02
0 118 2.832955275509206e+02 2.144545849116277e-18 8.721277249180737e-02
0 119 2.856868777801399e+02 2.144470943738361e-18 8.721711423456763e-02
0 120 2.880782150964114e+02 2.144530173450117e-18 8.721408540973728e-02
1 40 2.891097085330328e+02 4.217045159940271e-18 6.129874880678873e-02
0 121 2.904695633287592e+02 2.519636948615811e-18 8.721351333969400e-02
0 122 2.928609141323658e+02 2.303094673355869e-18 8.721781920773228e-02
0 123 2.952522495915676e+02 2.388413020564337e-18 8.721487804967677e-02
1 41 2.962530231267566e+02 5.090463840178458e-14 6.129902796179492e-02
0 124 2.976435969484908e+02 2.169112282108100e-18 8.721417648047622e-02
0 125 3.000349481547576e+02 2.054122234301832e-18 8.721843458034602e-02
0 126 3.024262816265791e+02 2.605057401670335e-18 8.721558780212106e-02
1 42 3.033963438268206e+02 2.729390839564089e-16 6.129930884568128e-02
0 127 3.048176279167362e+02 2.114920193355926e-18 8.721475742008367e-02
0 128 3.072089793564254e+02 2.144471985686296e-18 8.721895626625016e-02
0 129 3.096003107191802e+02 2.144520145594208e-18 8.721621050351314e-02
1 43 3.105396713531909e+02 4.225340472515422e-18 6.129958945967647e-02
0 130 3.119916557575879e+02 2.144539626856092e-18 8.721525224546960e-02
0 131 3.143830072651729e+02 2.114853097545726e-18 8.721938079221449e-02
0 132 3.167743364067621e+02 2.144513953343832e-18 8.721674258585076e-02
1 44 3.176830063403074e+02 4.207775806148967e-18 6.129987655166986e-02
0 133 3.191656800158536e+02 2.229785627651198e-18 8.721565764804991e-02
0 134 3.215570314306984e+02 2.229708077513428e-18 8.721970531736528e-02
0 135 3.239483582495191e+02 2.144505649423165e-18 8.721718109447570e-02
1 45 3.248263493278875e+02 1.467931201604904e-14 6.130019220228367e-02
0 136 3.263397002601565e+02 2.169034895779700e-18 8.721597094251216e-02
0 137 3.287310514276438e+02 2.520002812752001e-18 8.721992764803627e-02
0 138 3.311223758334343e+02 2.273580152034007e-18 8.721752370117186e-02
1 46 3.319697010559716e+02 2.514488988666932e-15 6.130050193789407e-02
0 139 3.335137160858675e+02 2.361743019648364e-18 8.721619008098934e-02
0 140 3.359050668584667e+02 2.114833676055715e-18 8.722004624807621e-02
0 141 3.382963887730821e+02 2.083753943801362e-18 8.721776871260782e-02
1 47 3.391130620398444e+02 4.222999265088582e-18 6.130080369990706e-02
0 142 3.406877271178495e+02 2.388440462880138e-18 8.721631366263398e-02
0 143 3.430790773561135e+02 2.520384420291173e-18 8.722006024467169e-02
0 144 3.454703967142245e+02 2.361747534895066e-18 8.721791507418940e-02
1 48 3.462564326521883e+02 4.214521039289504e-18 6.130110405919001e-02
0 145 3.478617330129865e+02 2.229767501350032e-18 8.721634093866196e-02
0 146 3.502530825864702e+02 2.273455500113079e-18 8.721996942976440e-02
0 147 3.526443993361761e+02 2.273375632872966e-18 8.721796236941351e-02
1 49 3.533998132034032e+02 2.852696417608262e-15 6.130141175086968e-02
0 148 3.550357334624767e+02 2.388310541008773e-18 8.721627181294500e-02
0 149 3.574270822505677e+02 2.144404551622133e-18 8.721977425714651e-02
0 150 3.598183963539211e+02 2.229741846194270e-18 8.721791081482148e-02
1 50 3.605432042061057e+02 1.118056727142110e-14 6.130170622973622e-02
0 151 3.622097281938713e+02 2.469565068991085e-18 8.721610683824312e-02
0 152 3.646010760865288e+02 2.083730371039647e-18 8.721947583535331e-02
