0 0 1.115385419798655e+00 2.313659515577967e-18 8.625989069042699e-02
1 0 3.213392479549539e+00 4.299246604785639e-18 6.021237447851381e-02
0 1 3.506664376377231e+00 2.076826670580945e-18 8.626263969150755e-02
0 2 5.897942844367800e+00 2.163898173542477e-18 8.626174996157411e-02
0 3 8.289269022957937e+00 2.106968253030736e-18 8.626137856623700e-02
1 1 1.035693842978065e+01 3.871929827169794e-14 6.021180046973805e-02
0 4 1.068054820948363e+01 2.163773552190882e-18 8.626411355783319e-02
0 5 1.307182581198065e+01 2.133536011614653e-18 8.626335551407290e-02
0 6 1.546315178568951e+01 2.163703810774075e-18 8.626277272074100e-02
1 2 1.750048654062450e+01 7.759042917860521e-17 6.021122556695723e-02
0 7 1.785443085259485e+01 2.484737666543026e-18 8.626548426478112e-02
0 8 2.024570727629549e+01 2.311611306855097e-18 8.626486005921039e-02
0 9 2.263703263979060e+01 2.906095061919121e-18 8.626406239081666e-02
1 3 2.464403853486495e+01 4.284915932659768e-18 6.021065362685841e-02
0 10 2.502831123859621e+01 2.398372705701383e-18 8.626674162545421e-02
0 11 2.741958617489970e+01 2.705931158229413e-18 8.626625286443534e-02
0 12 2.981091052335039e+01 2.310828001063149e-18 8.626523742684084e-02
1 4 3.178759623184952e+01 4.300944995858531e-18 6.021006809429922e-02
0 13 3.220218830911394e+01 2.310481337608299e-18 8.626787606261656e-02
0 14 3.459346145618626e+01 2.132820489333941e-18 8.626752383147578e-02
0 15 3.698478438753833e+01 2.194471778388871e-18 8.626628836008240e-02
1 5 3.893116125745681e+01 1.666099489042038e-14 6.020947746562140e-02
0 16 3.937606102130022e+01 2.397219760347368e-18 8.626887867073027e-02
0 17 4.176733208615092e+01 2.132575938367193e-18 8.626866356185427e-02
0 18 4.415865320344187e+01 2.708840171264596e-18 8.626720646711508e-02
1 6 4.607473516318007e+01 1.139565958349170e-15 6.020890163146080e-02
0 19 4.654992835464773e+01 2.596613495199573e-18 8.626974127600402e-02
0 20 4.894119705520188e+01 2.396343878379122e-18 8.626966341944817e-02
0 21 5.133251596890102e+01 2.162783896083142e-18 8.626798383072479e-02
1 7 5.321831954803668e+01 4.288793323572756e-18 6.020834480480477e-02
0 22 5.372378931778125e+01 2.162669029141867e-18 8.627045649387161e-02
0 23 5.611505538492739e+01 2.250483553118691e-18 8.627051558958228e-02
0 24 5.850637171528300e+01 2.506381213448025e-18 8.626861339675874e-02
1 8 6.036191611663516e+01 4.339092121602588e-18 6.020779731554162e-02
0 25 6.089764295516918e+01 2.386873506784776e-18 8.627101778326446e-02
0 26 6.328890613476495e+01 2.276388693043068e-18 8.627121313410999e-02
0 27 6.568021951414110e+01 2.162391983460480e-18 8.626908902636118e-02
1 9 6.750552625351490e+01 6.580802782918730e-15 6.020726883084681e-02
0 28 6.807148835370046e+01 2.131660485430040e-18 8.627141949703421e-02
0 29 7.046274840851756e+01 2.472414489916999e-18 8.627175004193692e-02
0 30 7.285405848370310e+01 2.076633315858152e-18 8.626940554306164e-02
1 10 7.464915125850285e+01 4.749444464616387e-15 6.020677109004541e-02
0 31 7.524532464907269e+01 2.076592027398664e-18 8.627165692788671e-02
0 32 7.763658136066294e+01 2.107293684262824e-18 8.627212127446239e-02
0 33 8.002788779513394e+01 2.195866034134734e-18 8.626955877421788e-02
1 11 8.179279244031299e+01 4.290422935595783e-18 6.020630792165336e-02
0 34 8.241915103193547e+01 2.333263613598090e-18 8.627172634923362e-02
0 35 8.481040420239950e+01 2.392881698714359e-18 8.627232280544272e-02
0 36 8.720170667851554e+01 2.161757349644986e-18 8.626954558634832e-02
1 12 8.893645121088960e+01 4.283922994775415e-18 6.020587861876596e-02
0 37 8.959296675373248e+01 2.467157070784451e-18 8.627162505039800e-02
0 38 9.198421620737095e+01 2.107436616647076e-18 8.627235165482131e-02
0 39 9.437551442848466e+01 2.161530316276419e-18 8.626936391391656e-02
1 13 9.608012855344273e+01 2.452720051226843e-15 6.020548852536521e-02
0 40 9.676677113218254e+01 2.076591106368569e-18 8.627135136564594e-02
0 41 9.915801671701104e+01 2.250437304692383e-18 8.627220591608858e-02
0 42 1.015493104094689e+02 2.301930564459673e-18 8.626901278115018e-02
1 14 1.032238253746460e+02 1.214768077408190e-14 6.020514248366172e-02
0 43 1.039405635563410e+02 2.196891953938000e-18 8.627090469654816e-02
0 44 1.063318051454494e+02 2.107612776558605e-18 8.627188477675872e-02
0 45 1.087230940604633e+02 2.107697424918048e-18 8.626849231650424e-02
1 15 1.103675425444772e+02 4.304631700387222e-18 6.020484331300075e-02
0 46 1.111143434911857e+02 2.389865220064441e-18 8.627028552721069e-02
0 47 1.135055809839253e+02 2.718697800047455e-18 8.627138853157669e-02
0 48 1.158968648992949e+02 2.107804700633236e-18 8.626780375942940e-02
1 16 1.175112810202225e+02 4.300741742292861e-18 6.020460075983919e-02
0 49 1.182881104816783e+02 2.895330515111004e-18 8.626949543197501e-02
0 50 1.206793438046620e+02 2.267322161806120e-18 8.627071858811995e-02
0 51 1.230706225263303e+02 2.527827804062859e-18 8.626694945918700e-02
1 17 1.246550412680603e+02 9.057445205451324e-16 6.020441131137912e-02
0 52 1.254618641562566e+02 2.129111406941804e-18 8.626853707528066e-02
0 53 1.278530932641616e+02 2.668313333297126e-18 8.626987746453632e-02
0 54 1.302443666275872e+02 2.160251193409669e-18 8.626593286554406e-02
1 18 1.317988236893523e+02 2.321965620874531e-14 6.020427436355465e-02
0 55 1.326356042297237e+02 2.160113903331502e-18 8.626741420348248e-02
0 56 1.350268291058854e+02 2.450468574339628e-18 8.626886877925380e-02
0 57 1.374180969772190e+02 2.571856389961276e-18 8.626475851128479e-02
1 19 1.389426286084989e+02 4.300603616263282e-18 6.020419126231519e-02
0 58 1.398093305055018e+02 2.570874360001499e-18 8.626613162853063e-02
0 59 1.422005511622932e+02 2.250524902345438e-18 8.626769723260225e-02
0 60 1.445918134393412e+02 2.391562945446811e-18 8.626343198656096e-02
1 20 1.460864564078586e+02 4.306064946417833e-18 6.020418276326010e-02
0 61 1.469830428772232e+02 2.391727218078274e-18 8.626469520350723e-02
0 62 1.493742593562100e+02 2.653675146007614e-18 8.626636858036588e-02
0 63 1.517655159691768e+02 2.250635097099690e-18 8.626195990518094e-02
1 21 1.532303069830165e+02 3.554956303796408e-16 6.020423361308528e-02
0 64 1.541567413296364e+02 2.076764729142095e-18 8.626311179010659e-02
0 65 1.565479537015073e+02 2.680125762643337e-18 8.626488959936859e-02
0 66 1.589392046135039e+02 2.471709159670512e-18 8.626034986300612e-02
1 22 1.603741801690818e+02 3.607657805240536e-14 6.020433913875594e-02
0 67 1.613304259388165e+02 2.200425932614747e-18 8.626138921821172e-02
0 68 1.637216343030846e+02 2.289753569212092e-18 8.626326804525852e-02
0 69 1.661128795103984e+02 2.076862195683957e-18 8.625861038870011e-02
1 23 1.675180756988708e+02 4.284231052274753e-18 6.020449898783068e-02
0 70 1.685040968716715e+02 2.523726423516654e-18 8.625953623780867e-02
0 71 1.708953013561517e+02 2.126325983439343e-18 8.626151260273959e-02
0 72 1.732865408882727e+02 2.700280654022115e-18 8.625675088717202e-02
1 24 1.746619933224548e+02 4.359962364852195e-18 6.020474408960264e-02
0 73 1.756777543847535e+02 2.665483493844427e-18 8.625756246357165e-02
0 74 1.780689551448185e+02 2.706024192451624e-18 8.625963282858544e-02
0 75 1.804601890642218e+02 2.253676906699356e-18 8.625478157614698e-02
1 25 1.818059323821448e+02 1.631554472422464e-16 6.020504691783007e-02
0 76 1.828513988223849e+02 2.202132630004277e-18 8.625547831255316e-02
0 77 1.852425960400112e+02 2.157643974594893e-18 8.625763908787099e-02
0 78 1.876338244416982e+02 2.157622622582400e-18 8.625271341639276e-02
1 26 1.889498921518971e+02 4.788724229374503e-14 6.020539994878139e-02
0 79 1.900250306141251e+02 2.283388785301526e-18 8.625329493550724e-02
0 80 1.924162244967352e+02 2.157267816555425e-18 8.625554248394744e-02
0 81 1.948074475075378e+02 2.124739021745523e-18 8.625055803620765e-02
1 27 1.960938717978334e+02 4.295402702670581e-18 6.020580118725504e-02
0 82 1.971986502715993e+02 2.375262119364610e-18 8.625102414245264e-02
0 83 1.995898410507148e+02 2.203549444674758e-18 8.625335478276569e-02
0 84 2.019810588283678e+02 2.077099090813213e-18 8.624832765082852e-02
1 28 2.032378704551002e+02 4.374446895345863e-18 6.020628918533896e-02
0 85 2.043722583847238e+02 2.109800718999598e-18 8.624867832313925e-02
0 86 2.067634463144400e+02 2.446066808523755e-18 8.625108833220600e-02
0 87 2.091546590464309e+02 2.444875938942973e-18 8.624603497745326e-02
1 29 2.103818869977941e+02 9.205961967506692e-17 6.020682630995543e-02
0 88 2.115458556173641e+02 2.156290570528672e-18 8.624627036311452e-02
0 89 2.139370409726619e+02 2.441818967120978e-18 8.624875597710965e-02
0 90 2.163282488748687e+02 2.371140862373877e-18 8.624369314661356e-02
1 30 2.175259202130092e+02 5.640478710779035e-14 6.020740323522496e-02
0 91 2.187194427024692e+02 2.439101781300294e-18 8.624381355613002e-02
0 92 2.211106257773828e+02 2.369940867983837e-18 8.624637097074472e-02
0 93 2.235018290925134e+02 2.122481413746153e-18 8.624131561065590e-02
1 31 2.246699687936535e+02 4.305747191494308e-18 6.020801663622324e-02
0 94 2.258930204367349e+02 2.401494884065896e-18 8.624132151365183e-02
0 95 2.282842015423926e+02 2.155236272668840e-18 8.624394688346687e-02
0 96 2.306754005382422e+02 2.077319756048432e-18 8.623891605012381e-02
1 32 2.318140313511447e+02 4.307040846944355e-18 6.020870844756392e-02
0 97 2.330665896748516e+02 2.430186654877694e-18 8.623880807227181e-02
0 98 2.354577691374101e+02 2.154803415772406e-18 8.624149750936864e-02
0 99 2.378489641049544e+02 2.154750519699130e-18 8.623650827885469e-02
1 33 2.389581064293969e+02 6.682796903252112e-17 6.020943551310252e-02
0 100 2.402401513233933e+02 2.121058969421026e-18 8.623628719983700e-02
0 101 2.426313294818865e+02 2.154363172490339e-18 8.623903677172504e-02
0 102 2.450225207332278e+02 2.364456154251707e-18 8.623410614860426e-02
1 34 2.461021924622596e+02 6.105379588502758e-14 6.021018765795070e-02
0 103 2.474137063344083e+02 2.266780433765739e-18 8.623377290111522e-02
0 104 2.498048835385285e+02 2.232168598711363e-18 8.623657862805276e-02
0 105 2.521960714047142e+02 2.417832334015434e-18 8.623172345399888e-02
1 35 2.532462878172851e+02 4.286231299313983e-18 6.021096071720772e-02
0 106 2.545872556987676e+02 2.119814586976252e-18 8.623127912380261e-02
0 107 2.569784323065986e+02 2.153463459169635e-18 8.623413697558087e-02
0 108 2.593696171353304e+02 2.229025671826026e-18 8.622937383858953e-02
1 36 2.603903907338146e+02 4.319719722801332e-18 6.021179459983452e-02
0 109 2.617608004393292e+02 2.262266963702949e-18 8.622881966564711e-02
0 110 2.641519768150500e+02 2.111618157805170e-18 8.623172555790498e-02
0 111 2.665431589683020e+02 2.260738247853025e-18 8.622707070273815e-02
1 37 2.675344995941509e+02 5.827882194347536e-17 6.021264667352841e-02
0 112 2.689343416039710e+02 2.118541080329812e-18 8.622640808342409e-02
0 113 2.713255181155498e+02 2.259127820653375e-18 8.622935787355690e-02
0 114 2.737166979671196e+02 2.210981579080617e-18 8.622482711403276e-02
1 38 2.746786126512412e+02 6.293137490625557e-14 6.021350689450308e-02
0 115 2.761078802585639e+02 2.405125581617695e-18 8.622405760446139e-02
0 116 2.784990572754610e+02 2.365751027092473e-18 8.622704708718731e-02
0 117 2.808902352084705e+02 2.251486094475515e-18 8.622265572088873e-02
1 39 2.818227281269055e+02 4.292917793020318e-18 6.021437081406218e-02
0 118 2.832814174799319e+02 2.112318192050780e-18 8.622178104136954e-02
0 119 2.856725953708298e+02 2.112320213068781e-18 8.622480594401515e-02
0 120 2.880637717751993e+02 2.151524626433374e-18 8.622056866994501e-02
1 40 2.889668440779134e+02 4.302516316654363e-18 6.021527069196154e-02
0 121 2.904549543488606e+02 2.357494298997977e-18 8.621959071058634e-02
0 122 2.928461334794383e+02 2.112551616577877e-18 8.622264668815226e-02
0 123 2.952373087493521e+02 2.151050571934280e-18 8.621857752782126e-02
1 41 2.961109588998557e+02 5.510449547897757e-17 6.021617058272574e-02
0 124 2.976284919432061e+02 2.488138285258470e-18 8.621749835529684e-02
0 125 3.000196726739710e+02 2.214901282030935e-18 8.622058098536985e-02
0 126 3.024108472053533e+02 2.213974186082995e-18 8.621669320774671e-02
1 42 3.032550708499042e+02 6.409120160263537e-14 6.021706163728733e-02
0 127 3.048020313311486e+02 2.113008228126922e-18 8.621551507323005e-02
0 128 3.071932140153405e+02 2.150198404157309e-18 8.621861985079908e-02
0 129 3.095843882033579e+02 2.246890276195496e-18 8.621492590150072e-02
1 43 3.103991781901758e+02 4.303553961873873e-18 6.021793964102361e-02
0 130 3.119755735646329e+02 2.246155674352698e-18 8.621365124976529e-02
0 131 3.143667585462086e+02 2.077858305044572e-18 8.621677358200562e-02
0 132 3.167579327828157e+02 2.523648354941720e-18 8.621328501705343e-02
1 44 3.175432789957810e+02 4.302371541845733e-18 6.021882442989588e-02
0 133 3.191491196730324e+02 2.346114899833223e-18 8.621191649671435e-02
0 134 3.215403072847432e+02 2.077900274457091e-18 8.621505169779961e-02
0 135 3.239314819562845e+02 2.113583610620466e-18 8.621177912222172e-02
1 45 3.246873718357639e+02 4.840924515272802e-17 6.021969181753994e-02
0 136 3.263226706570698e+02 2.241625533045762e-18 8.621031959708121e-02
0 137 3.287138612186394e+02 2.614152652460880e-18 8.621346288308457e-02
0 138 3.311050367035231e+02 2.343177712631930e-18 8.621041589460690e-02
1 46 3.318314551442250e+02 6.688817531978060e-14 6.022053517242638e-02
0 139 3.334962274830275e+02 2.113873976980232e-18 8.620886845602686e-02
0 140 3.358874212994382e+02 2.467999059044916e-18 8.621201493997355e-02
0 141 3.382785979658943e+02 2.237888625461996e-18 8.620920207801457e-02
1 47 3.389755273931868e+02 4.283172841423849e-18 6.022135092138877e-02
0 142 3.406697910772734e+02 2.237197207935999e-18 8.620757005821376e-02
0 143 3.430609884371672e+02 2.114067732797489e-18 8.621071474534819e-02
0 144 3.454521666411018e+02 2.114190549073956e-18 8.620814344551699e-02
1 48 3.461195868639364e+02 4.287049396371415e-18 6.022214329907820e-02
0 145 3.478433623211251e+02 2.235031970608695e-18 8.620643043163728e-02
0 146 3.502345634953234e+02 2.078035973714283e-18 8.620956821497679e-02
0 147 3.526257435782806e+02 2.206426486679610e-18 8.620724476926922e-02
1 49 3.532636324293251e+02 3.493650346104582e-17 6.022290327554070e-02
0 148 3.550169420460712e+02 2.205724166787492e-18 8.620545461800352e-02
0 149 3.574081472862171e+02 2.204967485929160e-18 8.620858027425124e-02
0 150 3.597993295734544e+02 2.452781377669300e-18 8.620650979714335e-02
1 50 3.604076628418088e+02 7.385666196229863e-14 6.022362712135251e-02
0 151 3.621905310293606e+02 2.275387812940120e-18 8.620464664965506e-02
0 152 3.645817405666830e+02 2.230121889191042e-18 8.620775483555589e-02
