0 0 4.147106295407300e+00 8.546955037916243e-18 4.827855090170030e-02
0 1 1.873096934769032e+01 7.702660751344325e-18 4.827855090170032e-02
0 2 3.331483239997328e+01 7.939523883067965e-18 4.827855090170038e-02
0 3 4.789869545225631e+01 8.915734279668422e-18 4.827855090170035e-02
0 4 6.248255850453933e+01 7.567768391582729e-18 4.827855090170032e-02
0 5 7.706642155682223e+01 7.939516836933375e-18 4.827855090170030e-02
0 6 9.165028460910513e+01 7.939514488221843e-18 4.827855090170033e-02
0 7 1.062341476613880e+02 7.804614850274929e-18 4.827855090170033e-02
0 8 1.208180107136709e+02 8.546871209027718e-18 4.827855090170035e-02
0 9 1.354018737659540e+02 8.932506775266378e-18 4.827855090170035e-02
0 10 1.499857368182372e+02 7.567768391582727e-18 4.827855090170036e-02
0 11 1.645695998705204e+02 9.225380956097042e-18 4.827855090170034e-02
0 12 1.791534629228038e+02 8.325153486936984e-18 4.827855090170031e-02
0 13 1.937373259750871e+02 7.939498047240778e-18 4.827855090170036e-02
0 14 2.083211890273704e+02 7.702671431871027e-18 4.827855090170032e-02
0 15 2.229050520796537e+02 7.804589487950170e-18 4.827855090170033e-02
0 16 2.374889151319370e+02 8.932449865967579e-18 4.827855090170034e-02
0 17 2.520727781842204e+02 7.939488652394170e-18 4.827855090170029e-02
0 18 2.666566412365037e+02 7.939486303682492e-18 4.827855090170029e-02
0 19 2.812405042887871e+02 7.804576806787478e-18 4.827855090170029e-02
0 20 2.958243673410703e+02 9.360089224519638e-18 4.827855090170032e-02
0 21 3.104082303933537e+02 7.702677182924081e-18 4.827855090170032e-02
0 22 3.249920934456371e+02 8.088354582604248e-18 4.827855090170032e-02
0 23 3.395759564979204e+02 9.360025122143219e-18 4.827855090170036e-02
0 24 3.541598195502037e+02 9.360003754684694e-18 4.827855090170036e-02
