0 0 4.153307704012333e+00 7.003402185329582e-18 5.331440262979718e-02
0 1 1.873717075629535e+01 8.709812345341567e-18 5.331440262979717e-02
0 2 3.332103380857839e+01 7.255365641221656e-18 5.331440262979713e-02
0 3 4.790489686086151e+01 7.104972686285111e-18 5.331440262979713e-02
0 4 6.248875991314464e+01 7.003405804388362e-18 5.331440262979709e-02
0 5 7.707262296542761e+01 7.429251132139707e-18 5.331440262979711e-02
0 6 9.165648601771058e+01 7.255355393642533e-18 5.331440262979714e-02
0 7 1.062403490699936e+02 7.255352831747747e-18 5.331440262979713e-02
0 8 1.208242121222765e+02 6.853014506581898e-18 5.331440262979716e-02
0 9 1.354080751745597e+02 7.255347707958135e-18 5.331440262979718e-02
0 10 1.499919382268430e+02 7.735047541040635e-18 5.331440262979724e-02
0 11 1.645758012791262e+02 7.255342584168556e-18 5.331440262979721e-02
0 12 1.791596643314095e+02 7.255340022273804e-18 5.331440262979727e-02
0 13 1.937435273836927e+02 6.853014506581884e-18 5.331440262979724e-02
0 14 2.083273904359760e+02 8.072124530877145e-18 5.331440262979724e-02
0 15 2.229112534882592e+02 7.734986856313300e-18 5.331440262979726e-02
0 16 2.374951165405425e+02 7.255329774694678e-18 5.331440262979723e-02
0 17 2.520789795928258e+02 7.255327212799902e-18 5.331440262979723e-02
0 18 2.666628426451090e+02 8.559024642380939e-18 5.331440262979722e-02
0 19 2.812467056973923e+02 7.003419375858765e-18 5.331440262979723e-02
0 20 2.958305687496756e+02 7.255319527115515e-18 5.331440262979723e-02
0 21 3.104144318019589e+02 9.135246301646258e-18 5.331440262979724e-02
0 22 3.249982948542421e+02 8.324075514538479e-18 5.331440262979722e-02
0 23 3.395821579065254e+02 7.734889760748682e-18 5.331440262979725e-02
0 24 3.541660209588086e+02 7.003423899682253e-18 5.331440262979725e-02
