0 0 2.659651626781067e+00 1.017864708821740e-14 6.168480543487879e-02
1 0 3.553082703305462e+00 5.427280822992359e-18 5.348617778008612e-02
0 1 9.793110898422199e+00 5.056161440540894e-18 6.167738614869167e-02
1 1 1.333536949726691e+01 5.697340294600739e-18 5.349315830858145e-02
0 2 1.692823859856520e+01 4.182082421652696e-18 6.167761071418537e-02
1 2 2.311772429437152e+01 5.433132452321209e-18 5.348609713391052e-02
0 3 2.406166418508302e+01 4.401695830120850e-18 6.168434899999561e-02
0 4 3.119711750673011e+01 5.021653672388058e-18 6.178096375557090e-02
1 3 3.290003520231893e+01 5.364817271425752e-18 5.341020979233747e-02
0 5 3.832725683522337e+01 4.237131360611549e-18 6.177314299927032e-02
1 4 4.268720190409375e+01 3.543752674459050e-17 5.341340440404070e-02
0 6 4.545807766518843e+01 4.174303643631129e-18 6.177793694009302e-02
0 7 5.258773482003811e+01 4.725705438047622e-18 6.176983353578297e-02
1 5 5.247611976830898e+01 5.457733351431081e-18 5.341288978796075e-02
0 8 5.971868887149693e+01 4.482531954300213e-18 6.178685565404912e-02
1 6 6.226317155470667e+01 5.732047647027658e-18 5.340524818284430e-02
0 9 6.685079459163576e+01 4.388336604074628e-18 6.178168652223898e-02
1 7 7.204837972370746e+01 5.494736969412064e-18 5.340225270003321e-02
0 10 7.398226021148052e+01 4.173725908212166e-18 6.178953479364890e-02
0 11 8.112100549277469e+01 4.338358580863684e-18 6.163877324144665e-02
1 8 8.182703720400490e+01 5.441520931260448e-18 5.352131926057715e-02
0 12 8.825692557959702e+01 4.190861535594282e-18 6.163212209891561e-02
1 9 9.160586311911671e+01 3.737621512112112e-16 5.352848392054677e-02
0 13 9.539462987792807e+01 4.316177920239410e-18 6.163119195178832e-02
1 10 1.013841985115109e+02 5.715477973929706e-18 5.352160482141215e-02
0 14 1.025307459893469e+02 4.206564801540469e-18 6.163874025247183e-02
0 15 1.096710975578589e+02 4.221275285662226e-18 6.173720140614133e-02
1 11 1.111601692620894e+02 5.430991017405580e-18 5.344374007268494e-02
0 16 1.168023999474373e+02 5.975874757550476e-17 6.172914533266094e-02
1 12 1.209455449420525e+02 5.812932452581601e-18 5.344832031170723e-02
0 17 1.239347013038231e+02 2.236139482596548e-17 6.173282333006920e-02
1 13 1.307324508589288e+02 5.372701378664671e-18 5.344384195682740e-02
0 18 1.310654644653866e+02 8.164910466150005e-18 6.173296208341442e-02
0 19 1.381971255609516e+02 4.384571502583670e-18 6.177197443106272e-02
1 14 1.405188616147516e+02 1.507792851069474e-14 5.341615857203557e-02
0 20 1.453291253021529e+02 4.252561907681654e-18 6.176587144418162e-02
1 15 1.503039163719975e+02 5.363914926991451e-18 5.341478154389288e-02
0 21 1.524608286432670e+02 4.407571932298170e-18 6.177316217546396e-02
0 22 1.595956468409052e+02 4.952515965438590e-18 6.166520204466171e-02
1 16 1.600871621021697e+02 5.411904311823988e-18 5.349777692069737e-02
0 23 1.667314317111149e+02 4.727449447494553e-18 6.165982848180905e-02
1 17 1.698663666576520e+02 1.826043403430190e-14 5.350476457247292e-02
0 24 1.738690390215258e+02 4.251969059424665e-18 6.165765742104283e-02
1 18 1.796445045982061e+02 5.440194568889354e-18 5.349851951776137e-02
0 25 1.810052518300403e+02 4.183276391590486e-18 6.166571994160416e-02
0 26 1.881494936011910e+02 4.244487022394842e-18 6.172249594059408e-02
1 19 1.894157983416642e+02 5.439239039703361e-18 5.345385540780480e-02
0 27 1.952805110927164e+02 4.280276913901087e-18 6.171444521393134e-02
1 20 1.992015515613988e+02 5.493200411609756e-18 5.345960778842554e-02
0 28 2.024128159972523e+02 4.238861236879200e-18 6.171689477914930e-02
1 21 2.089883888648517e+02 5.446005390377808e-18 5.345355489325373e-02
0 29 2.095434158488165e+02 4.178847803547120e-18 6.172060445253204e-02
0 30 2.166748074733929e+02 5.066972691658471e-18 6.178193342422930e-02
1 22 2.187755999206443e+02 6.025793590262553e-18 5.340692563298267e-02
0 31 2.238052387719274e+02 9.688903438697869e-15 6.177507397505288e-02
1 23 2.285626795161593e+02 5.483821070083036e-18 5.340718658770765e-02
0 32 2.309357187747763e+02 1.858424759954491e-16 6.178162725335530e-02
0 33 2.380669171554859e+02 2.118528084865602e-17 6.172154653818630e-02
1 24 2.383504051802229e+02 5.409559575502356e-18 5.345008440173459e-02
0 34 2.452000880896493e+02 6.410870788693921e-15 6.171859001110823e-02
1 25 2.481336306473929e+02 5.405895224548479e-18 5.345646865777998e-02
0 35 2.523350110881780e+02 4.726691330046492e-18 6.171533820559255e-02
1 26 2.579153465388488e+02 5.425136406669079e-18 5.345109963452158e-02
0 36 2.594687620703560e+02 4.690443032274065e-18 6.172355494684836e-02
0 37 2.666136746331526e+02 5.410424423453177e-18 6.168844524044304e-02
1 27 2.676862712099915e+02 4.278998947116802e-14 5.348006860630512e-02
0 38 2.737445691410385e+02 5.093317697776361e-18 6.168059995940134e-02
1 28 2.774722239749198e+02 5.564399933994283e-18 5.348658091939516e-02
0 39 2.808769608743613e+02 4.299648775302159e-18 6.168195726141067e-02
1 29 2.872587774420220e+02 5.627567228936241e-18 5.347979858014618e-02
0 40 2.880076127607716e+02 4.242697958813659e-18 6.168740140213894e-02
0 41 2.951393664499304e+02 4.426750218650633e-18 6.176606755459874e-02
1 30 2.970458626769289e+02 5.513440427257671e-18 5.341878843384922e-02
0 42 3.022685243947784e+02 4.464649418616526e-18 6.175867996028081e-02
1 31 3.068346149316109e+02 5.423445926792182e-18 5.342045530527034e-02
0 43 3.093980296424597e+02 4.485797113679472e-18 6.176447130309197e-02
0 44 3.165271061727156e+02 4.364994128079392e-18 6.173580535080747e-02
1 32 3.166249042942767e+02 2.253570970297731e-14 5.343600188894976e-02
0 45 3.236581089285971e+02 4.197276870717788e-18 6.173840798489946e-02
1 33 3.264115281266403e+02 5.418297822418632e-18 5.344004063731190e-02
0 46 3.307906927251820e+02 4.284848579421115e-18 6.173425465780288e-02
1 34 3.361963671096146e+02 5.797062016104512e-18 5.343563150647732e-02
0 47 3.379223271405955e+02 4.182335501437768e-18 6.174241306465672e-02
0 48 3.450652345126290e+02 4.643899613514792e-18 6.162096713744483e-02
1 35 3.459700974089634e+02 1.299130849866616e-14 5.353317944585580e-02
0 49 3.521977405761968e+02 4.273944609589444e-18 6.161352178537367e-02
1 36 3.557537623088169e+02 5.393117774707873e-18 5.354014367224529e-02
0 50 3.593318963326019e+02 4.637346922767059e-17 6.161388187916966e-02
