0 0 4.152880287634670e+00 7.120005148469146e-18 5.320309060772334e-02
0 1 1.873674333991772e+01 7.120001688580320e-18 5.320309060772333e-02
0 2 3.332060639220077e+01 7.017988174027653e-18 5.320309060772339e-02
0 3 4.790446944448389e+01 6.868044186276678e-18 5.320309060772337e-02
0 4 6.248833249676699e+01 7.900435141965231e-18 5.320309060772339e-02
0 5 7.707219554904995e+01 7.269934545311205e-18 5.320309060772335e-02
0 6 9.165605860133292e+01 7.442674348699949e-18 5.320309060772334e-02
0 7 1.062399216536159e+02 7.269929431223734e-18 5.320309060772330e-02
0 8 1.208237847058988e+02 6.868044186276696e-18 5.320309060772328e-02
0 9 1.354076477581820e+02 7.900379064862373e-18 5.320309060772326e-02
0 10 1.499915108104652e+02 8.325060640908654e-18 5.320309060772328e-02
0 11 1.645753738627485e+02 6.868044186276688e-18 5.320309060772333e-02
0 12 1.791592369150318e+02 6.868044186276700e-18 5.320309060772326e-02
0 13 1.937430999673151e+02 7.269914088961186e-18 5.320309060772318e-02
0 14 2.083269630195983e+02 7.442702027810886e-18 5.320309060772320e-02
0 15 2.229108260718816e+02 7.694614551559392e-18 5.320309060772322e-02
0 16 2.374946891241649e+02 7.119949790247429e-18 5.320309060772320e-02
0 17 2.520785521764483e+02 7.694614551559392e-18 5.320309060772320e-02
0 18 2.666624152287316e+02 7.750319692803022e-18 5.320309060772316e-02
0 19 2.812462782810150e+02 7.119939410580644e-18 5.320309060772313e-02
0 20 2.958301413332982e+02 7.018004425239617e-18 5.320309060772314e-02
0 21 3.104140043855816e+02 7.119932490802785e-18 5.320309060772312e-02
0 22 3.249978674378648e+02 7.269891075567018e-18 5.320309060772314e-02
0 23 3.395817304901481e+02 7.119925571025017e-18 5.320309060772311e-02
0 24 3.541655935424315e+02 7.018008036620083e-18 5.320309060772311e-02
