0 0 4.407432806109401e+00 3.303907248091520e-16 4.875347258334285e-02
0 1 1.899129585839243e+01 3.295625374454663e-16 4.875347258334287e-02
0 2 3.357515891067544e+01 3.301846570360286e-16 4.875347258334285e-02
0 3 4.815902196295851e+01 3.299852525850923e-16 4.875347258334289e-02
0 4 6.274288501524155e+01 3.309001906337752e-16 4.875347258334291e-02
0 5 7.732674806752445e+01 3.304935638860409e-16 4.875347258334292e-02
0 6 9.191061111980736e+01 3.296724597333515e-16 4.875347258334294e-02
0 7 1.064944741720902e+02 3.297730943351832e-16 4.875347258334291e-02
0 8 1.210783372243731e+02 3.292591629692393e-16 4.875347258334291e-02
0 9 1.356622002766562e+02 3.291595350865104e-16 4.875347258334287e-02
0 10 1.502460633289394e+02 3.296677952782486e-16 4.875347258334282e-02
0 11 1.648299263812227e+02 3.297753412731545e-16 4.875347258334280e-02
0 12 1.794137894335059e+02 3.288469445931793e-16 4.875347258334281e-02
0 13 1.939976524857891e+02 3.298767485694155e-16 4.875347258334285e-02
0 14 2.085815155380724e+02 3.294695392602764e-16 4.875347258334282e-02
0 15 2.231653785903557e+02 3.291625570006029e-16 4.875347258334281e-02
0 16 2.377492416426389e+02 3.293638042769218e-16 4.875347258334280e-02
0 17 2.523331046949222e+02 3.292639653762454e-16 4.875347258334278e-02
0 18 2.669169677472055e+02 3.304007870295701e-16 4.875347258334274e-02
0 19 2.815008307994888e+02 3.295726649998768e-16 4.875347258334276e-02
0 20 2.960846938517721e+02 3.290583970110913e-16 4.875347258334279e-02
0 21 3.106685569040554e+02 3.294732681138738e-16 4.875347258334279e-02
0 22 3.252524199563387e+02 3.291600182947987e-16 4.875347258334285e-02
0 23 3.398362830086220e+02 3.289534164554707e-16 4.875347258334289e-02
0 24 3.544201460609053e+02 3.299898095081714e-16 4.875347258334287e-02
