0 0 4.344220678775272e+00 1.797484128506204e-16 5.071104273670990e-02
0 1 1.892808373105828e+01 1.802496403399065e-16 5.071104273670991e-02
0 2 3.351194678334126e+01 1.800416279971482e-16 5.071104273670995e-02
0 3 4.809580983562429e+01 1.800410800387764e-16 5.071104273670998e-02
0 4 6.267967288790734e+01 1.804554667294089e-16 5.071104273670993e-02
0 5 7.726353594019027e+01 1.799192190289916e-16 5.071104273670995e-02
0 6 9.184739899247323e+01 1.808351897078322e-16 5.071104273670990e-02
0 7 1.064312620447562e+02 1.802463580309475e-16 5.071104273670995e-02
0 8 1.210151250970391e+02 1.799517322105327e-16 5.071104273671000e-02
0 9 1.355989881493222e+02 1.800377922884895e-16 5.071104273671004e-02
0 10 1.501828512016054e+02 1.806596632843456e-16 5.071104273671000e-02
0 11 1.647667142538887e+02 1.804516437171225e-16 5.071104273671003e-02
0 12 1.793505773061719e+02 1.814539846583325e-16 5.071104273671011e-02
0 13 1.939344403584552e+02 1.806580275711712e-16 5.071104273671017e-02
0 14 2.085183034107384e+02 1.808649598193078e-16 5.071104273671014e-02
0 15 2.231021664630216e+02 1.815385850261842e-16 5.071104273671012e-02
0 16 2.376860295153048e+02 1.808638711576452e-16 5.071104273671009e-02
0 17 2.522698925675880e+02 1.794457777354872e-16 5.071104273671014e-02
0 18 2.668537556198712e+02 1.801540323039013e-16 5.071104273671016e-02
0 19 2.814376186721544e+02 1.807410376474250e-16 5.071104273671020e-02
0 20 2.960214817244376e+02 1.806542109071413e-16 5.071104273671027e-02
0 21 3.106053447767208e+02 1.808611495035196e-16 5.071104273671027e-02
0 22 3.251892078290039e+02 1.809819037015902e-16 5.071104273671031e-02
0 23 3.397730708812870e+02 1.805664176248987e-16 5.071104273671029e-02
0 24 3.543569339335701e+02 1.812744909213134e-16 5.071104273671029e-02
