0 0 4.448996577428947e+00 1.865712823518456e-16 4.909808954092262e-02
0 1 1.903285962971200e+01 1.831814781906569e-16 4.909808954092261e-02
0 2 3.361672268199506e+01 1.831051566920161e-16 4.909808954092262e-02
0 3 4.820058573427819e+01 1.868084756233476e-16 4.909808954092264e-02
0 4 6.278444878656133e+01 1.862210042739691e-16 4.909808954092264e-02
0 5 7.736831183884432e+01 1.850147352089017e-16 4.909808954092268e-02
0 6 9.195217489112734e+01 1.868475315677281e-16 4.909808954092269e-02
0 7 1.065360379434104e+02 1.842745501762360e-16 4.909808954092268e-02
0 8 1.211199009956934e+02 1.864968142512535e-16 4.909808954092273e-02
0 9 1.357037640479766e+02 1.843894618772032e-16 4.909808954092273e-02
0 10 1.502876271002599e+02 1.831832577937197e-16 4.909808954092278e-02
0 11 1.648714901525431e+02 1.847792285088559e-16 4.909808954092271e-02
0 12 1.794553532048264e+02 1.850163987671556e-16 4.909808954092276e-02
0 13 1.940392162571096e+02 1.865362002651582e-16 4.909808954092275e-02
0 14 2.086230793093929e+02 1.850168740695075e-16 4.909808954092277e-02
0 15 2.232069423616762e+02 1.868500297027976e-16 4.909808954092280e-02
0 16 2.377908054139594e+02 1.839632441685099e-16 4.909808954092277e-02
0 17 2.523746684662426e+02 1.861097795218080e-16 4.909808954092272e-02
0 18 2.669585315185259e+02 1.850558205966840e-16 4.909808954092276e-02
0 19 2.815423945708092e+02 1.857968579039770e-16 4.909808954092276e-02
0 20 2.961262576230924e+02 1.857591321822068e-16 4.909808954092276e-02
0 21 3.107101206753757e+02 1.842776994720844e-16 4.909808954092274e-02
0 22 3.252939837276589e+02 1.853702413450687e-16 4.909808954092278e-02
0 23 3.398778467799420e+02 1.868901530102796e-16 4.909808954092278e-02
0 24 3.544617098322252e+02 1.842404796284589e-16 4.909808954092280e-02
