0 0 2.627773099760393e+00 5.055112436305647e-18 6.268540373370744e-02
1 0 3.565176904093515e+00 5.432103658754441e-18 5.290269781237191e-02
0 1 9.766286089652363e+00 4.174727327420479e-18 6.267793458728875e-02
1 1 1.334061376387126e+01 5.505868296125229e-18 5.290961254393521e-02
0 2 1.690650863725352e+01 4.349655409689734e-18 6.267801330747849e-02
1 2 2.311608943118516e+01 5.751186390575947e-18 5.290264811019527e-02
0 3 2.404500504658624e+01 4.114644144178678e-18 6.268534759394340e-02
0 4 3.118411429120521e+01 4.551945877348208e-18 6.282101481883549e-02
1 3 3.289418235112694e+01 5.441037275844208e-18 5.279642205120266e-02
0 5 3.831543225525067e+01 4.511185459041511e-18 6.281297415515773e-02
1 4 4.268009288497463e+01 9.595089460669225e-18 5.279992680140015e-02
0 6 4.544753222043022e+01 4.104236818601633e-18 6.281752450425318e-02
0 7 5.257830844905910e+01 4.962502434498617e-18 6.281236769828927e-02
1 5 5.246772366144334e+01 5.537591840541240e-18 5.279832330101539e-02
0 8 5.970911119643292e+01 4.384610089150661e-18 6.282936129944855e-02
1 6 6.225558973437252e+01 5.504253999310788e-18 5.279070664876057e-02
0 9 6.684091638113516e+01 4.688673055368246e-18 6.282391265010123e-02
1 7 7.204168423123130e+01 5.928892451956098e-18 5.278803010110585e-02
0 10 7.397215714696041e+01 4.241233131682847e-18 6.283174741660827e-02
0 11 8.110846144006811e+01 4.160414949494349e-18 6.270969373133571e-02
1 8 8.182348445887375e+01 5.415096112860681e-18 5.288281924324763e-02
0 12 8.824593362535849e+01 4.303449508766416e-18 6.270330248573271e-02
1 9 9.160057235453391e+01 4.194323699235924e-15 5.288976925521315e-02
0 13 9.538522273432986e+01 5.014891001759135e-18 6.270207316547433e-02
1 10 1.013770795635505e+02 5.823858890642545e-18 5.288307596419975e-02
0 14 1.025229348686916e+02 6.487560663179657e-18 6.271011823164926e-02
0 15 1.096665469162611e+02 4.785401645718514e-18 6.285852915563178e-02
1 11 1.111500763082764e+02 5.533294826898064e-18 5.276606402713271e-02
0 16 1.167952390638847e+02 4.253654412525776e-18 6.285028185257795e-02
1 12 1.209397159552221e+02 5.323736572397648e-15 5.277092889365945e-02
0 17 1.239250300239621e+02 4.177111978715087e-18 6.285368775075054e-02
1 13 1.307307951545047e+02 5.450520491255469e-18 5.276615592888752e-02
0 18 1.310532034138769e+02 4.532284158457088e-18 6.285514587017355e-02
0 19 1.381808194483259e+02 4.287993731350252e-18 6.289183083898905e-02
1 14 1.405236896222844e+02 2.458402994601051e-15 5.274096322153256e-02
0 20 1.453086213279808e+02 4.172211766956709e-18 6.288555508179429e-02
1 15 1.503153381112356e+02 5.558286724859761e-18 5.273970976618907e-02
0 21 1.524361690456531e+02 4.098338290091721e-18 6.289284797678020e-02
0 22 1.595659504827165e+02 4.358427127279364e-18 6.281121924333868e-02
1 16 1.601059347316587e+02 5.713362851257499e-18 5.280166751747790e-02
0 23 1.666974953639459e+02 4.565925583622746e-18 6.280594590597258e-02
1 17 1.698917779421848e+02 5.593555202958777e-18 5.280833463050902e-02
0 24 1.738308620943392e+02 4.456925208211965e-18 6.280382838397831e-02
1 18 1.796766403670601e+02 5.449951486911801e-18 5.280207624225623e-02
0 25 1.809627969188056e+02 5.374547373690743e-18 6.281215455959595e-02
0 26 1.881063431347296e+02 4.097387141873285e-18 6.290247365335730e-02
1 19 1.894506665958342e+02 1.741471861090910e-14 5.273108359444475e-02
0 27 1.952314862336665e+02 7.016996892385570e-16 6.289422454664079e-02
1 20 1.992454592607617e+02 5.432204442376130e-18 5.273660026898809e-02
0 28 2.023578880136790e+02 5.535509350577826e-17 6.289694335206583e-02
1 21 2.090414407335718e+02 5.721415064434738e-18 5.273096866327549e-02
0 29 2.094825939634030e+02 3.887122978666068e-16 6.290037914163842e-02
0 30 2.166065676281646e+02 5.341415014045709e-18 6.294878980867195e-02
1 22 2.188398452652434e+02 6.169690095765316e-18 5.269578516792880e-02
0 31 2.237301311730382e+02 4.773097709039297e-18 6.294215539159470e-02
1 23 2.286375557365255e+02 5.452984978421881e-18 5.269523760743201e-02
0 32 2.308535915188818e+02 4.262478949639341e-18 6.294914019255683e-02
0 33 2.379784510291327e+02 4.478569906308705e-18 6.288232904063505e-02
1 24 2.384351033258137e+02 6.491955416431580e-16 5.274492822007866e-02
0 34 2.451051683202122e+02 5.159368087208120e-18 6.287774413450060e-02
1 25 2.482280454321389e+02 5.434304433071167e-18 5.275142563453900e-02
0 35 2.522336916184013e+02 4.119157681016963e-18 6.287528356982040e-02
1 26 2.580198609347848e+02 5.788472643744449e-18 5.274535743597001e-02
0 36 2.593608441185693e+02 4.315357882272345e-18 6.288366190094075e-02
0 37 2.665009703715583e+02 4.093645586570712e-18 6.294741639948635e-02
1 27 2.677990353790465e+02 6.400358080497288e-18 5.269563806585354e-02
0 38 2.736221680136527e+02 4.116544999099801e-18 6.293918400609681e-02
1 28 2.775995897296465e+02 5.493915545867848e-18 5.270128762904692e-02
0 39 2.807446577237706e+02 4.205647278572792e-18 6.294175676159036e-02
1 29 2.874012616912171e+02 5.585373554811713e-18 5.269557049607034e-02
0 40 2.878654502411068e+02 4.480121435720342e-18 6.294529061151830e-02
0 41 2.949855755317134e+02 4.109380409247442e-18 6.299408169786375e-02
1 30 2.972052836533644e+02 5.458064904690783e-18 5.266004693981467e-02
0 42 3.021052595893576e+02 4.449326418453015e-18 6.298744511233663e-02
1 31 3.070086677652764e+02 2.820944056063557e-17 5.265947398862409e-02
0 43 3.092248323098949e+02 4.728396149498933e-18 6.299445659322223e-02
0 44 3.163459802397401e+02 5.817249335199812e-18 6.292437345956543e-02
1 32 3.168117082553988e+02 5.494671507198580e-18 5.271177424944104e-02
0 45 3.234691846510446e+02 4.242585997557837e-18 6.291949419616640e-02
1 33 3.266097523307090e+02 5.904542521147579e-18 5.271831207421574e-02
0 46 3.305941986972308e+02 1.446866448620793e-16 6.291719202751321e-02
1 34 3.364067328034862e+02 5.652880272751045e-18 5.271210634788769e-02
0 47 3.377178091090635e+02 7.856912341747875e-17 6.292554879619588e-02
0 48 3.448513811417903e+02 4.030153415187575e-16 6.303337889367699e-02
1 35 3.461950466603172e+02 5.515898132058155e-18 5.262767627779337e-02
0 49 3.519663258324765e+02 4.216105919270736e-18 6.302512157004218e-02
1 36 3.560047631351356e+02 5.929487816234151e-18 5.263300715874650e-02
0 50 3.590824758516458e+02 4.813229049970267e-18 6.302807922769861e-02
