0 0 4.177419726644743e+00 8.624183884545927e-18 5.252063766106753e-02
0 1 1.876128277892775e+01 7.777847821304605e-18 5.252063766106749e-02
0 2 3.334514583121075e+01 8.334006762121356e-18 5.252063766106745e-02
0 3 4.792900888349384e+01 6.961167616065050e-18 5.252063766106742e-02
0 4 6.251287193577689e+01 7.182616481743943e-18 5.252063766106745e-02
0 5 7.709673498805984e+01 8.443721389597320e-18 5.252063766106747e-02
0 6 9.168059804034277e+01 7.893900218305809e-18 5.252063766106748e-02
0 7 1.062644610926257e+02 7.893889105822942e-18 5.252063766106742e-02
0 8 1.208483241449087e+02 7.556412629586616e-18 5.252063766106746e-02
0 9 1.354321871971918e+02 7.893866880857109e-18 5.252063766106749e-02
0 10 1.500160502494751e+02 7.738686230654918e-18 5.252063766106750e-02
0 11 1.645999133017583e+02 7.893844655891313e-18 5.252063766106752e-02
0 12 1.791837763540416e+02 7.182589133822053e-18 5.252063766106748e-02
0 13 1.937676394063248e+02 7.777847821304613e-18 5.252063766106750e-02
0 14 2.083515024586081e+02 8.222341126402181e-18 5.252063766106752e-02
0 15 2.229353655108914e+02 8.623848123134052e-18 5.252063766106755e-02
0 16 2.375192285631747e+02 6.961167616065038e-18 5.252063766106749e-02
0 17 2.521030916154579e+02 7.738602205378333e-18 5.252063766106750e-02
0 18 2.666869546677412e+02 7.738590201767351e-18 5.252063766106747e-02
0 19 2.812708177200246e+02 7.893755756027024e-18 5.252063766106744e-02
0 20 2.958546807723079e+02 6.961167616065041e-18 5.252063766106745e-02
0 21 3.104385438245912e+02 7.337737707536075e-18 5.252063766106749e-02
0 22 3.250224068768745e+02 7.182554948919053e-18 5.252063766106754e-02
0 23 3.396062699291578e+02 7.337732652811361e-18 5.252063766106754e-02
0 24 3.541901329814410e+02 7.337730125449057e-18 5.252063766106755e-02
