0 0 4.205788144778225e+00 8.716959132153169e-18 4.874082768196629e-02
0 1 1.878965119706125e+01 8.737245244744739e-18 4.874082768196623e-02
0 2 3.337351424934426e+01 7.499442620461122e-18 4.874082768196623e-02
0 3 4.795737730162736e+01 8.282675147479780e-18 4.874082768196623e-02
0 4 6.254124035391045e+01 7.651470498496189e-18 4.874082768196623e-02
0 5 7.712510340619343e+01 7.499442620461127e-18 4.874082768196625e-02
0 6 9.170896645847643e+01 8.130613970840006e-18 4.874082768196623e-02
0 7 1.062928295107594e+02 7.828823831170183e-18 4.874082768196615e-02
0 8 1.208766925630424e+02 7.651473813986164e-18 4.874082768196607e-02
0 9 1.354605556153256e+02 8.130579843362313e-18 4.874082768196610e-02
0 10 1.500444186676089e+02 8.282601318806278e-18 4.874082768196605e-02
0 11 1.646282817198923e+02 8.282590771852635e-18 4.874082768196608e-02
0 12 1.792121447721756e+02 7.828811992957355e-18 4.874082768196610e-02
0 13 1.937960078244589e+02 8.282569677945738e-18 4.874082768196617e-02
0 14 2.083798708767422e+02 7.676771090912248e-18 4.874082768196622e-02
0 15 2.229637339290255e+02 8.263092748481590e-18 4.874082768196624e-02
0 16 2.375475969813088e+02 7.828802522387138e-18 4.874082768196625e-02
0 17 2.521314600335920e+02 7.651481273838569e-18 4.874082768196625e-02
0 18 2.667153230858752e+02 8.888905502097346e-18 4.874082768196623e-02
0 19 2.812991861381586e+02 8.888884023622969e-18 4.874082768196625e-02
0 20 2.958830491904419e+02 8.716795545936826e-18 4.874082768196623e-02
0 21 3.104669122427251e+02 7.676748715307208e-18 4.874082768196626e-02
0 22 3.250507752950083e+02 7.676745518792200e-18 4.874082768196623e-02
0 23 3.396346383472916e+02 8.282464208412475e-18 4.874082768196623e-02
0 24 3.542185013995750e+02 7.828783581247005e-18 4.874082768196625e-02
