0 0 7.733710661689242e+00 6.894870714152646e-18 5.029449023118011e-02
0 1 2.231757371397229e+01 7.718568799803505e-18 5.029449023118010e-02
0 2 3.690143676625534e+01 7.951224091258864e-18 5.029449023118011e-02
0 3 5.148529981853844e+01 9.098118753437359e-18 5.029449023118002e-02
0 4 6.606916287082156e+01 8.275886533094410e-18 5.029449023118003e-02
0 5 8.065302592310455e+01 7.349702361957025e-18 5.029449023117998e-02
0 6 9.523688897538754e+01 6.894870714152681e-18 5.029449023117996e-02
0 7 1.098207520276706e+02 7.718568799803531e-18 5.029449023117997e-02
0 8 1.244046150799536e+02 7.718568799803529e-18 5.029449023117997e-02
0 9 1.389884781322368e+02 7.718568799803537e-18 5.029449023117993e-02
0 10 1.535723411845202e+02 8.531785762076957e-18 5.029449023117993e-02
0 11 1.681562042368035e+02 6.894870714152692e-18 5.029449023117986e-02
0 12 1.827400672890869e+02 9.755379016414065e-18 5.029449023117983e-02
0 13 1.973239303413702e+02 8.162873025272220e-18 5.029449023117975e-02
0 14 2.119077933936535e+02 7.349679426111037e-18 5.029449023117975e-02
0 15 2.264916564459368e+02 8.531742576177704e-18 5.029449023117979e-02
0 16 2.410755194982201e+02 7.025067858400380e-18 5.029449023117979e-02
0 17 2.556593825505035e+02 7.393965776813570e-18 5.029449023117977e-02
0 18 2.702432456027868e+02 7.219470289276645e-18 5.029449023117974e-02
0 19 2.848271086550701e+02 7.349666683974358e-18 5.029449023117980e-02
0 20 2.994109717073534e+02 9.227921713044640e-18 5.029449023117982e-02
0 21 3.139948347596367e+02 9.430916426137000e-18 5.029449023117984e-02
0 22 3.285786978119201e+02 8.531682115918984e-18 5.029449023117976e-02
0 23 3.431625608642034e+02 7.951377355427280e-18 5.029449023117973e-02
0 24 3.577464239164867e+02 7.025075053909953e-18 5.029449023117974e-02
