0 0 5.827180195170964e+00 6.157983676469666e-18 5.539097902283793e-02
1 0 1.229116819433341e+01 1.359891761196902e-17 4.615356669090725e-02
0 1 1.586407171355298e+01 6.098600840845921e-18 5.539267103239599e-02
0 2 2.590105940602294e+01 7.973116244459360e-18 5.539668966527378e-02
1 1 3.375007020810474e+01 8.735405600235252e-18 4.615464614823743e-02
0 3 3.593781136265936e+01 5.937342259300845e-18 5.539940505669379e-02
0 4 4.597481179983109e+01 6.543802287478822e-18 5.540448034645523e-02
1 2 5.520854305828516e+01 8.572574048431654e-18 4.615235928570146e-02
0 5 5.601157480427634e+01 6.099016113895232e-18 5.540705708641532e-02
0 6 6.604864220290895e+01 5.937670401495084e-18 5.540948276850235e-02
0 7 7.608569326204930e+01 6.099321009321665e-18 5.540701924385684e-02
1 3 7.666637193035884e+01 8.600154777033239e-18 4.615190239441019e-02
0 8 8.612269614997022e+01 5.938573774041559e-18 5.540466359085350e-02
0 9 9.615999646477104e+01 6.855459284407647e-18 5.539791778939096e-02
1 4 9.812394187076482e+01 6.351376708316556e-16 4.615566208048087e-02
0 10 1.061968961972442e+02 5.710271989181967e-18 5.539524620794547e-02
0 11 1.162341300515001e+02 7.462147186674490e-18 5.539083276794538e-02
1 5 1.195821926100529e+02 8.597359523855697e-18 4.615493133224862e-02
0 12 1.262710604445143e+02 6.154605309087607e-18 5.538911969019944e-02
0 13 1.363081989735223e+02 7.191129512651893e-18 5.538794056507521e-02
1 6 1.410410041921019e+02 8.592417598229651e-18 4.615331259068886e-02
0 14 1.463451824025456e+02 7.190820741676188e-18 5.538770460759511e-02
0 15 1.563822516188860e+02 6.101546879950059e-18 5.538912830711110e-02
1 7 1.625000065377620e+02 8.702872126497803e-18 4.615378438256264e-02
0 16 1.664191762065403e+02 6.101709856123313e-18 5.539046809212520e-02
0 17 1.764561759735717e+02 5.549361214480556e-18 5.539402392116477e-02
1 8 1.839589611858036e+02 9.587848253804317e-15 4.615518529582367e-02
0 18 1.864929573622108e+02 8.171893942659556e-18 5.539655445492582e-02
0 19 1.965299449947382e+02 6.101715940994017e-18 5.540156099274947e-02
1 9 2.054175719823657e+02 8.596398416068525e-18 4.615393118963945e-02
0 20 2.065666806640043e+02 5.708581478468721e-18 5.540438105465392e-02
0 21 2.166037373640499e+02 5.548054176962410e-18 5.540801229731597e-02
0 22 2.266406954000065e+02 6.543732738061596e-18 5.540745129516955e-02
1 10 2.268755678874489e+02 8.576840903145769e-18 4.615136441612130e-02
0 23 2.366777288661793e+02 6.149472000026816e-18 5.540580939951150e-02
0 24 2.467150033681867e+02 5.708942647401067e-18 5.539929617087428e-02
1 11 2.483330928934093e+02 8.718241439743244e-18 4.615578832104836e-02
0 25 2.567519171801853e+02 5.549180740988490e-18 5.539651375619337e-02
0 26 2.667891788435186e+02 6.103703832063644e-18 5.539127947148700e-02
1 12 2.697911509045352e+02 1.258373161257378e-15 4.615598056940019e-02
0 27 2.768260922205799e+02 5.944433482347602e-18 5.538926399191684e-02
0 28 2.868632501544106e+02 7.032100307188367e-18 5.538732836695245e-02
1 13 2.912498623447004e+02 4.218984249580394e-14 4.615418381569751e-02
0 29 2.969002277303444e+02 6.791707021408617e-18 5.538669505984518e-02
0 30 3.069373145682669e+02 6.104657168887488e-18 5.538751940000935e-02
1 14 3.127088422258140e+02 8.645616555343447e-18 4.615406678630254e-02
0 31 3.169742662343037e+02 6.104822099508512e-18 5.538848246563217e-02
0 32 3.270112817540335e+02 5.709156168833866e-18 5.539154085322900e-02
1 15 3.341678301310339e+02 8.696478589591388e-18 4.615554428292373e-02
0 33 3.370480987400960e+02 5.945600382436073e-18 5.539383436646558e-02
0 34 3.470850802546611e+02 6.104836860856781e-18 5.539860966880537e-02
1 16 3.556265595217092e+02 1.872272977782066e-14 4.615525958404848e-02
0 35 3.571218067354992e+02 5.707775396119972e-18 5.540149390058165e-02
