0 0 7.948800989106653e+00 7.119190955662270e-18 4.941738222933930e-02
0 1 2.253266404138967e+01 8.520951887157362e-18 4.941738222933925e-02
0 2 3.711652709367269e+01 7.038870341709505e-18 4.941738222933924e-02
0 3 5.170039014595574e+01 7.623409748977276e-18 4.941738222933924e-02
0 4 6.628425319823876e+01 7.107133252168370e-18 4.941738222933930e-02
0 5 8.086811625052165e+01 7.321340050149933e-18 4.941738222933927e-02
0 6 9.545197930280456e+01 7.038870565571638e-18 4.941738222933927e-02
0 7 1.100358423550875e+02 7.134415713688937e-18 4.941738222933927e-02
0 8 1.246197054073704e+02 7.214709820602855e-18 4.941738222933925e-02
0 9 1.392035684596535e+02 7.026826085729804e-18 4.941738222933930e-02
0 10 1.537874315119367e+02 7.074868430202855e-18 4.941738222933929e-02
0 11 1.683712945642199e+02 7.155152090840337e-18 4.941738222933936e-02
0 12 1.829551576165030e+02 7.309212159116286e-18 4.941738222933942e-02
0 13 1.975390206687862e+02 7.134418713212268e-18 4.941738222933943e-02
0 14 2.121228837210694e+02 7.623157514092904e-18 4.941738222933944e-02
0 15 2.267067467733525e+02 7.575091123035804e-18 4.941738222933945e-02
0 16 2.412906098256358e+02 7.134420212973930e-18 4.941738222933944e-02
0 17 2.558744728779189e+02 7.074869992799071e-18 4.941738222933938e-02
0 18 2.704583359302022e+02 7.884096414001793e-18 4.941738222933943e-02
0 19 2.850421989824854e+02 7.587043715740336e-18 4.941738222933943e-02
0 20 2.996260620347687e+02 7.038871349089121e-18 4.941738222933943e-02
0 21 3.142099250870519e+02 8.233223597209193e-18 4.941738222933946e-02
0 22 3.287937881393351e+02 7.321138295609653e-18 4.941738222933948e-02
0 23 3.433776511916183e+02 7.107068844803334e-18 4.941738222933948e-02
0 24 3.579615142439016e+02 7.026826085729787e-18 4.941738222933952e-02
