0 0 5.960530424246244e+00 2.368460188855593e-17 5.469284289179608e-02
1 0 1.217269549983799e+01 9.323943848623641e-18 4.380737927020078e-02
0 1 1.599739445988899e+01 2.335866854192716e-17 5.469431682781802e-02
0 2 2.603422457452514e+01 2.368908769337984e-17 5.469827201361143e-02
1 1 3.363180283783972e+01 9.046354231982145e-18 4.380881721488573e-02
0 3 3.607100892292755e+01 2.393098628169644e-17 5.470076107862228e-02
0 4 4.610785763692972e+01 2.266024608158836e-17 5.470402514929440e-02
1 2 5.509039539767650e+01 9.215098591531590e-18 4.380838721121869e-02
0 5 5.614462773529501e+01 2.187211494678451e-17 5.470660696486402e-02
0 6 6.618167017828684e+01 2.113869495471129e-17 5.470761776058655e-02
0 7 7.621866215116297e+01 2.077237903875213e-17 5.470671824258832e-02
1 3 7.654820330699042e+01 4.686571499013060e-16 4.380707242859566e-02
0 8 8.625603294339098e+01 2.033004064590355e-17 5.470472191670860e-02
0 9 9.629365974434769e+01 2.345045130434146e-17 5.469648390997259e-02
1 4 9.800450607676356e+01 9.065830470711825e-18 4.381158384553135e-02
0 10 1.063311342326992e+02 2.197936287222512e-17 5.469410500663308e-02
0 11 1.163690827105314e+02 2.333085825898542e-17 5.468760026797095e-02
1 5 1.194604696211906e+02 9.059432382919662e-18 4.381236318583427e-02
0 12 1.264063161535344e+02 2.447474896479317e-17 5.468610862308265e-02
0 13 1.364438391465247e+02 2.444116172350682e-17 5.468572086173689e-02
1 6 1.409181528902317e+02 9.201956129487857e-18 4.380980259318596e-02
0 14 1.464808504135971e+02 2.332348032687676e-17 5.468550073659090e-02
0 15 1.565179223902625e+02 2.332162063435836e-17 5.468844208748534e-02
1 7 1.623771411910277e+02 5.951345160884809e-15 4.380901977631593e-02
0 16 1.665548101468891e+02 2.331500007729422e-17 5.468958954435914e-02
0 17 1.765916631343307e+02 2.332574572387464e-17 5.469352490936862e-02
1 8 1.838363224147109e+02 9.201503033124792e-18 4.381036360479065e-02
0 18 1.866284652926819e+02 2.104936740286611e-17 5.469580976487609e-02
0 19 1.966652937038474e+02 2.107822142647160e-17 5.469937360969357e-02
1 9 2.052950675228915e+02 9.091841044005317e-18 4.381070566291578e-02
0 20 2.067020545445806e+02 2.266019592547957e-17 5.470208987825655e-02
0 21 2.167390306218941e+02 2.192578213585438e-17 5.470385557156192e-02
0 22 2.267759291130573e+02 2.142862748817581e-17 5.470448134047731e-02
1 10 2.267531217288089e+02 9.147309388660657e-18 4.380857886437574e-02
0 23 2.368132171722090e+02 2.040915611156550e-17 5.470306900548765e-02
0 24 2.468506608450361e+02 2.146603293960397e-17 5.469628984860601e-02
1 11 2.482098414958593e+02 5.264280552013345e-14 4.381234344864001e-02
0 25 2.568881534802098e+02 2.257562990110134e-17 5.469380992048716e-02
0 26 2.669261102348223e+02 2.332953349289743e-17 5.468591568881845e-02
1 12 2.696656189531870e+02 1.320963633706892e-13 4.381458443739972e-02
0 27 2.769634141613117e+02 2.368766544430022e-17 5.468414790662454e-02
0 28 2.870010722413738e+02 2.334254758067720e-17 5.468239260399219e-02
1 13 2.911228243380262e+02 9.045092732598411e-18 4.381229208791176e-02
0 29 2.970381287729970e+02 2.641279471627971e-17 5.468182802068639e-02
0 30 3.070752943707447e+02 2.411007010275011e-17 5.468419668039162e-02
1 14 3.125815933580076e+02 9.167869122245387e-18 4.381080649904732e-02
0 31 3.171122078374598e+02 2.559287890542358e-17 5.468500314114701e-02
0 32 3.271490959486113e+02 2.336302523402776e-17 5.468883468545773e-02
1 15 3.340408088875269e+02 1.120710892096707e-13 4.381184210441780e-02
0 33 3.371859181039364e+02 2.184011616654443e-17 5.469087285055663e-02
0 34 3.472227370618951e+02 2.339936913239286e-17 5.469464671693588e-02
1 16 3.554996945263541e+02 3.469303705255884e-14 4.381276435762411e-02
0 35 3.572594993945233e+02 2.220606286624867e-17 5.469736564707001e-02
