0 0 5.644817791531925e+00 7.151284312026266e-18 5.713371925169324e-02
1 0 1.244723617182311e+01 8.852004509616557e-18 4.489271835526973e-02
0 1 1.568159725823509e+01 5.374462235832795e-18 5.713533335149652e-02
0 2 2.571881476793707e+01 5.426230727371824e-18 5.714203128087667e-02
1 1 3.390548505962673e+01 6.461175633096630e-16 4.489171305220838e-02
0 3 3.575556955191645e+01 5.678166680861359e-18 5.714464046463489e-02
0 4 4.579237165850736e+01 6.261994551078373e-18 5.715211286823910e-02
1 2 5.536450955969210e+01 8.934353913409988e-18 4.488786527757448e-02
0 5 5.582890447691674e+01 5.579021494678030e-18 5.715444403076942e-02
0 6 6.586516888037363e+01 6.251771573822708e-18 5.715564085264008e-02
0 7 7.590143623877371e+01 6.246078438099285e-18 5.715460257075937e-02
1 3 7.682484860117594e+01 8.882561624212598e-18 4.488849158384854e-02
0 8 8.593752843964772e+01 6.239272380513881e-18 5.715201836470001e-02
0 9 9.597374222883164e+01 5.668805507175651e-18 5.714788948438509e-02
1 4 9.828563414550332e+01 8.828014773072878e-18 4.488955755201254e-02
0 10 1.060099487585995e+02 5.426573714680290e-18 5.714522403714183e-02
0 11 1.160463395380977e+02 5.613012868788866e-18 5.714035105494267e-02
1 5 1.197462950000617e+02 1.758266217724613e-14 4.488912705845031e-02
0 12 1.260827714591404e+02 5.374032224959057e-18 5.713868874991321e-02
0 13 1.361194825237216e+02 6.162427367305646e-18 5.713517482219842e-02
1 6 1.412063678753489e+02 4.345206888889941e-14 4.488959078381741e-02
0 14 1.461561203475352e+02 5.820303143795425e-18 5.713497276999342e-02
0 15 1.561931823273495e+02 6.368677474800902e-18 5.713510228676239e-02
1 7 1.626654756997114e+02 8.818105459386836e-18 4.489122930001292e-02
0 16 1.662299464800863e+02 5.819550323974683e-18 5.713639759408837e-02
0 17 1.762671850236680e+02 5.608994551667078e-18 5.714194183242643e-02
1 8 1.841237700941919e+02 8.903564903624951e-18 4.489110845010792e-02
0 18 1.863039621926476e+02 7.037128385297153e-18 5.714437788729045e-02
0 19 1.963409017482604e+02 5.372868727527051e-18 5.715245494295598e-02
1 9 2.055824839289435e+02 3.223098502876166e-14 4.488756665377427e-02
0 20 2.063775030039105e+02 5.426392328219564e-18 5.715508288849364e-02
0 21 2.164138686676522e+02 5.426102661068984e-18 5.715794765419076e-02
0 22 2.264501854561187e+02 6.190360104558135e-18 5.715789772905575e-02
1 10 2.270425782263786e+02 2.618276191624527e-14 4.488664878015184e-02
0 23 2.364862853498212e+02 6.064138502582570e-18 5.715570665651089e-02
0 24 2.465224884511703e+02 6.063622281988439e-18 5.715209701320900e-02
1 11 2.485033210601047e+02 9.230843090812936e-18 4.488831176210285e-02
0 25 2.565586515284292e+02 5.810006796534766e-18 5.714931255055573e-02
0 26 2.665949832589250e+02 6.794724104563434e-18 5.714442108132529e-02
1 12 2.699640549553901e+02 8.821533468131345e-18 4.488801014759384e-02
0 27 2.766313594831793e+02 5.648620216262683e-18 5.714246207538314e-02
0 28 2.866679867734043e+02 5.428690643675556e-18 5.713842726804026e-02
1 13 2.914243079241715e+02 8.987731279394668e-18 4.488810965384610e-02
0 29 2.967045817448139e+02 5.428841096663348e-18 5.713785817394395e-02
0 30 3.067415658138835e+02 5.646909699126939e-18 5.713689988562257e-02
1 14 3.128836632675577e+02 1.162790939293112e-15 4.488964656140664e-02
0 31 3.167783085910798e+02 5.806355795522667e-18 5.713785623989852e-02
0 32 3.268155388608985e+02 5.806184110034709e-18 5.714210095829796e-02
1 15 3.343420791175841e+02 8.818512084634599e-18 4.489026460551168e-02
0 33 3.368523271806760e+02 5.590216095102144e-18 5.714431781752147e-02
0 34 3.468893856900977e+02 5.589315970649252e-18 5.715246943880693e-02
1 16 3.558005482064317e+02 8.896297784496475e-18 4.488736721762373e-02
0 35 3.569260476813528e+02 5.803702509333868e-18 5.715521379176923e-02
