0 0 5.714369096588348e+00 7.657709732171631e-18 5.270376184105191e-02
1 0 1.253938559196109e+01 8.813191264068741e-18 4.490637518729765e-02
0 1 1.575132532379613e+01 7.409558974865816e-18 5.270532750565932e-02
0 2 2.578878669088361e+01 6.189854341430421e-18 5.270944628425112e-02
1 1 3.399680031445872e+01 8.812974489561190e-18 4.490754584585905e-02
0 3 3.582595671147484e+01 5.975235632903155e-18 5.271191471968621e-02
0 4 4.586373509180922e+01 7.660281900755442e-18 5.271908832481296e-02
1 2 5.545260014504752e+01 3.065596742749385e-17 4.490323811112070e-02
0 5 5.590123457230884e+01 4.268176396150086e-14 5.272115672412356e-02
0 6 6.593866205592028e+01 4.044151597591357e-14 5.272328043813424e-02
0 7 7.597613286681118e+01 3.787008523986744e-14 5.272090890783967e-02
1 3 7.690893963596753e+01 9.538511819898323e-18 4.490435006774089e-02
0 8 8.601314526826988e+01 3.860940146481615e-14 5.271833709039034e-02
0 9 9.605033085856496e+01 3.807785585723491e-14 5.271419506267779e-02
1 4 9.836656482885516e+01 8.813426309584098e-18 4.490580591567431e-02
0 10 1.060872183139319e+02 3.978680882169183e-14 5.271170092619121e-02
0 11 1.161242131596191e+02 4.072221269049102e-14 5.270834726683537e-02
1 5 1.198252515496237e+02 8.969030604896836e-18 4.490388593596988e-02
0 12 1.261611092710952e+02 4.252527093642120e-14 5.270687539074640e-02
0 13 1.361980541209424e+02 5.975395403592976e-18 5.270493473156024e-02
1 6 1.412845363810809e+02 2.578993182336991e-17 4.490271396965992e-02
0 14 1.462349630547604e+02 6.346008539397996e-18 5.270483856442480e-02
0 15 1.562720077706508e+02 6.345912210338458e-18 5.270486595632291e-02
1 7 1.627436611080067e+02 8.999580051983059e-18 4.490453716596831e-02
0 16 1.663089414815059e+02 6.345487916988190e-18 5.270612672519620e-02
0 17 1.763462944460871e+02 6.775894837854730e-18 5.270924919769608e-02
1 8 1.842015457997331e+02 8.815699905420231e-18 4.490657958956274e-02
0 18 1.863833890963616e+02 7.407711890453434e-18 5.271154122494339e-02
0 19 1.964211321972641e+02 4.301465702744581e-14 5.271834724742848e-02
1 9 2.056576199243857e+02 8.983512916761580e-18 4.490359265732201e-02
0 20 2.064585607551507e+02 4.094332713827249e-14 5.272083084429681e-02
0 21 2.164961278412759e+02 3.789309098827317e-14 5.272509177293591e-02
0 22 2.265336508794152e+02 3.515897742170272e-14 5.272392112609593e-02
1 10 2.271136476304568e+02 2.272018608662263e-17 4.490213888304302e-02
0 23 2.365707377439333e+02 3.534059665874589e-14 5.272177907501093e-02
0 24 2.466079937152221e+02 3.437266422882548e-14 5.271771108856453e-02
1 11 2.485709541738252e+02 8.931595112238551e-18 4.490474546241013e-02
0 25 2.566448931277669e+02 3.585191594169723e-14 5.271506337176939e-02
0 26 2.666819223960638e+02 3.645720512049678e-14 5.271141763039527e-02
1 12 2.700294066844538e+02 8.855977563601125e-18 4.490334171481782e-02
0 27 2.767188129252243e+02 3.813221079123891e-14 5.270963538034987e-02
0 28 2.867557579129822e+02 3.947078622208615e-14 5.270729433085242e-02
1 13 2.914885950891467e+02 9.070923058648896e-18 4.490160369341581e-02
0 29 2.967926656289774e+02 4.118742611571698e-14 5.270683421840132e-02
0 30 3.068296677504230e+02 4.228016964520016e-14 5.270627468904102e-02
1 14 3.129478534039069e+02 1.706586798349799e-15 4.490272087050658e-02
0 31 3.168665884987720e+02 7.231536690310689e-18 5.270720898951951e-02
0 32 3.269038428272946e+02 4.334631613928985e-14 5.270940684965570e-02
1 15 3.344061562602215e+02 8.925381502446678e-18 4.490522174153086e-02
0 33 3.369408768063474e+02 6.191016187567738e-18 5.271148057608908e-02
0 34 3.469785434793401e+02 4.058193827210962e-14 5.271751573510107e-02
1 16 3.558626342678261e+02 9.034091431880982e-18 4.490381102640239e-02
0 35 3.570158853960551e+02 3.923678861570348e-14 5.272012840453712e-02
