0 0 5.846601935738530e+00 5.500243000167158e-18 5.981772823374347e-02
1 0 1.310234681098984e+01 9.294524841705948e-18 4.285312644440871e-02
0 1 1.588293519530919e+01 7.048184925841475e-18 5.981954965567089e-02
0 2 2.591948294596435e+01 5.126424893166256e-18 5.983384101048778e-02
1 1 3.456291959154883e+01 9.274341252490097e-18 4.284548619899500e-02
0 3 3.595518997991527e+01 5.688601351460555e-18 5.983617110960963e-02
0 4 4.599036333395831e+01 5.125656832253172e-18 5.984168108586133e-02
0 5 5.602557955071929e+01 5.125573968396273e-18 5.984319006412914e-02
1 2 5.602666869225271e+01 9.421265961836723e-18 4.284405173355237e-02
0 6 6.606060258428093e+01 5.306293002512362e-18 5.984144563645880e-02
0 7 7.609588414480599e+01 5.700372156884609e-18 5.984085339975011e-02
1 3 7.749013186120023e+01 1.012521420401977e-17 4.284618731567070e-02
0 8 8.613129817530977e+01 6.189832051734503e-18 5.983757943512873e-02
0 9 9.616683205636021e+01 7.111316108822790e-18 5.983475270678697e-02
1 4 9.895249460078739e+01 9.309479328309978e-18 4.284559802426982e-02
0 10 1.062026145895826e+02 5.785289645128249e-18 5.983225859186261e-02
0 11 1.162383728295906e+02 5.127055351596641e-18 5.982723561956092e-02
1 5 1.204144033742786e+02 9.336396084521472e-18 4.284496215249533e-02
0 12 1.262743100603340e+02 5.537532665992091e-18 5.982621505938510e-02
0 13 1.363104660866990e+02 6.660025815916056e-18 5.981980892114110e-02
1 6 1.418757211604887e+02 9.408397672494375e-18 4.284785600871898e-02
0 14 1.463465147181530e+02 5.716579032615941e-18 5.982026587539713e-02
0 15 1.563835906550020e+02 6.191318990747324e-18 5.981855648138336e-02
1 7 1.633347617220590e+02 4.374474479866541e-14 4.285101732283033e-02
0 16 1.664199079098369e+02 6.191181156822728e-18 5.982017953203047e-02
0 17 1.764568111083381e+02 5.300011582527010e-18 5.983355087771283e-02
1 8 1.847944036968206e+02 9.738491583261558e-18 4.284392571850232e-02
0 18 1.864926912396195e+02 6.681101558487103e-18 5.983584465190197e-02
0 19 1.965280477885480e+02 5.549199200445937e-18 5.984380997039161e-02
1 9 2.062578200048441e+02 9.193649528543043e-18 4.284091554619925e-02
0 20 2.065633104680398e+02 5.038586482067352e-14 5.984565501636442e-02
0 21 2.165982885473616e+02 3.080598285180823e-14 5.984488585364101e-02
0 22 2.266335214891326e+02 1.921382544914270e-14 5.984478935514306e-02
1 10 2.277215311762258e+02 2.496771525398952e-13 4.284303346676026e-02
0 23 2.366688334106292e+02 1.178015179808525e-14 5.984156211868191e-02
0 24 2.467043080107244e+02 7.261046695768351e-15 5.983922345169308e-02
1 11 2.491841091288026e+02 2.810936598739835e-15 4.284298540127538e-02
0 25 2.567400227981817e+02 4.628122057019584e-15 5.983646410563215e-02
0 26 2.667757264533192e+02 2.832121779478173e-15 5.983190754192854e-02
1 12 2.706460881043054e+02 9.192219625919700e-18 4.284199246320971e-02
0 27 2.768116399692258e+02 1.780830731369141e-15 5.983054657917738e-02
0 28 2.868476658211315e+02 1.135378520972505e-15 5.982423151990171e-02
1 13 2.921076621736221e+02 1.004222369609293e-17 4.284398909520157e-02
0 29 2.968836724236189e+02 6.783697065193178e-16 5.982438372640840e-02
0 30 3.069205207023467e+02 5.793360916278121e-16 5.982052049591077e-02
1 14 3.135673074728504e+02 9.294862288074261e-14 4.284809661340472e-02
0 31 3.169567836541553e+02 3.681925184292197e-16 5.982192257823824e-02
0 32 3.269939631379779e+02 3.593746453376012e-16 5.983275364744032e-02
1 15 3.350261859414589e+02 1.524279063468595e-13 4.284281050778701e-02
0 33 3.370300229204039e+02 1.921572107289563e-16 5.983496038926699e-02
0 34 3.470656422646020e+02 6.428264497277476e-17 5.984542886871713e-02
1 16 3.564890306854437e+02 9.275993051817336e-18 4.283811333228890e-02
0 35 3.571009906119932e+02 1.485191464188101e-17 5.984752413868427e-02
