0 0 7.941216972403692e+00 8.091803161053724e-18 4.845096537940326e-02
0 1 2.252508002468668e+01 7.485000665509520e-18 4.845096537940333e-02
0 2 3.710894307696967e+01 7.264379944989662e-18 4.845096537940332e-02
0 3 5.169280612925270e+01 7.484977258441130e-18 4.845096537940333e-02
0 4 6.627666918153569e+01 8.103336941200101e-18 4.845096537940327e-02
0 5 8.086053223381860e+01 7.299268960279971e-18 4.845096537940333e-02
0 6 9.544439528610148e+01 7.299265848357503e-18 4.845096537940337e-02
0 7 1.100282583383844e+02 7.264363565103294e-18 4.845096537940335e-02
0 8 1.246121213906673e+02 7.264360289126018e-18 4.845096537940339e-02
0 9 1.391959844429504e+02 7.212087524634727e-18 4.845096537940340e-02
0 10 1.537798474952335e+02 7.869113220915094e-18 4.845096537940342e-02
0 11 1.683637105475166e+02 7.436994558172953e-18 4.845096537940338e-02
0 12 1.829475735997997e+02 7.252671434674827e-18 4.845096537940340e-02
0 13 1.975314366520828e+02 7.776396275686395e-18 4.845096537940340e-02
0 14 2.121152997043659e+02 7.660355783043808e-18 4.845096537940333e-02
0 15 2.266991627566490e+02 7.252661442090297e-18 4.845096537940332e-02
0 16 2.412830258089321e+02 7.473149142418905e-18 4.845096537940329e-02
0 17 2.558668888612152e+02 7.299231617210827e-18 4.845096537940331e-02
0 18 2.704507519134983e+02 7.299228505288409e-18 4.845096537940335e-02
0 19 2.850346149657814e+02 8.195459351068344e-18 4.845096537940335e-02
0 20 2.996184780180645e+02 7.264320977399636e-18 4.845096537940331e-02
0 21 3.142023410703476e+02 7.264317701422438e-18 4.845096537940330e-02
0 22 3.287862041226307e+02 7.356968061046411e-18 4.845096537940330e-02
0 23 3.433700671749138e+02 7.177188793574111e-18 4.845096537940334e-02
0 24 3.579539302271969e+02 7.264307873490846e-18 4.845096537940328e-02
