0 0 7.721161154834555e+00 7.585404357333876e-18 4.772484290676021e-02
0 1 2.230502420711756e+01 7.724785243161197e-18 4.772484290676014e-02
0 2 3.688888725940058e+01 8.048199479834052e-18 4.772484290676016e-02
0 3 5.147275031168369e+01 8.246334197960168e-18 4.772484290676011e-02
0 4 6.605661336396678e+01 7.382260126103592e-18 4.772484290676007e-02
0 5 8.064047641624974e+01 9.223127531405125e-18 4.772484290676005e-02
0 6 9.522433946853269e+01 7.382261836593144e-18 4.772484290676002e-02
0 7 1.098082025208156e+02 8.526650601587224e-18 4.772484290675993e-02
0 8 1.243920655730986e+02 7.724808279867303e-18 4.772484290675997e-02
0 9 1.389759286253817e+02 1.269133610328571e-17 4.772484290675995e-02
0 10 1.535597916776650e+02 7.382265257572268e-18 4.772484290675987e-02
0 11 1.681436547299483e+02 7.705647439909757e-18 4.772484290675982e-02
0 12 1.827275177822315e+02 8.048199479834092e-18 4.772484290675983e-02
0 13 1.973113808345148e+02 7.585361574879681e-18 4.772484290675982e-02
0 14 2.118952438867981e+02 7.705640132769910e-18 4.772484290675978e-02
0 15 2.264791069390814e+02 8.869126061282536e-18 4.772484290675980e-02
0 16 2.410629699913648e+02 8.048199479834103e-18 4.772484290675982e-02
0 17 2.556468330436481e+02 1.079071617588343e-17 4.772484290675982e-02
0 18 2.702306960959314e+02 7.261986829703127e-18 4.772484290675983e-02
0 19 2.848145591482148e+02 7.382272954775431e-18 4.772484290675982e-02
0 20 2.993984222004981e+02 1.047942332091590e-17 4.772484290675984e-02
0 21 3.139822852527814e+02 7.705623082776777e-18 4.772484290675984e-02
0 22 3.285661483050647e+02 7.261986829703113e-18 4.772484290675986e-02
0 23 3.431500113573480e+02 7.585328665298694e-18 4.772484290675991e-02
0 24 3.577338744096312e+02 7.382277230999349e-18 4.772484290675993e-02
