0 0 5.308569215962372e+00 5.736769637852087e-18 5.682700490940890e-02
1 0 1.073868852658499e+01 8.969885132727177e-18 4.497780849258916e-02
0 1 1.570689739480230e+01 5.681823486597655e-18 5.682742810327525e-02
0 2 2.610544396072218e+01 5.524965345503281e-18 5.683084953859508e-02
1 1 3.219826506143682e+01 8.800842704131574e-18 4.497692977438142e-02
0 3 3.650362561089531e+01 5.733814567645397e-18 5.683202206497095e-02
0 4 4.690193846239843e+01 5.678236401595598e-18 5.683701911417732e-02
1 2 5.365838585443723e+01 8.933718974282195e-18 4.497626370019497e-02
0 5 5.729994326119162e+01 6.214039834860799e-18 5.683887342891863e-02
0 6 6.769801530894922e+01 5.469463733879358e-18 5.684480707699121e-02
1 3 7.511901602775984e+01 1.184134874299373e-17 4.497563353737656e-02
0 7 7.809583290709168e+01 6.362230730381528e-18 5.684722859617134e-02
0 8 8.849368412914869e+01 6.195872217079733e-18 5.685340166872744e-02
1 4 9.658007102416033e+01 8.965105237511242e-18 4.497472661567036e-02
0 9 9.889133093736316e+01 6.348923224849191e-18 5.685622721577130e-02
0 10 1.092890100308769e+02 5.664727467253484e-18 5.686186789932504e-02
1 5 1.180414138257457e+02 8.821365162372574e-18 4.497326472617361e-02
0 11 1.196865323757156e+02 6.897931812692306e-18 5.686486762113358e-02
0 12 1.300841152484419e+02 6.326284296553671e-18 5.686913575048255e-02
1 6 1.395028564277394e+02 9.004216362160148e-18 4.497115566221236e-02
0 13 1.404815875068738e+02 5.466857269107633e-18 5.687192561511953e-02
0 14 1.508791702103495e+02 5.522295113845037e-18 5.687403882911211e-02
0 15 1.612766888013743e+02 5.870711689156696e-18 5.687581709526367e-02
1 7 1.609641673346453e+02 1.598745236285754e-14 4.496894515248284e-02
0 16 1.716743716680584e+02 5.649092359272588e-18 5.687546736089650e-02
0 17 1.820720473647081e+02 5.703250570119100e-18 5.687483873419085e-02
1 8 1.824250674183197e+02 9.153998542685981e-18 4.496895062937995e-02
0 18 1.924699077512213e+02 5.687879992856410e-18 5.687268723537908e-02
0 19 2.028678477277304e+02 5.523709162659850e-18 5.686861973721255e-02
1 9 2.038852650126244e+02 8.889650504657772e-18 4.497155337859569e-02
0 20 2.132659145015838e+02 5.699490748302165e-18 5.686576319068369e-02
0 21 2.236641838785148e+02 5.524829183279400e-18 5.685871093675558e-02
1 10 2.253446494152944e+02 1.178234334645492e-14 4.497495595867251e-02
0 22 2.340624372412672e+02 6.104213267489621e-18 5.685581481575963e-02
0 23 2.444610261775426e+02 6.103633512591040e-18 5.684740283517010e-02
1 11 2.468033351303934e+02 9.042875038406024e-18 4.497818293840965e-02
0 24 2.548594175334711e+02 6.044627746963434e-18 5.684478332484371e-02
0 25 2.652582445667989e+02 5.642555925786797e-18 5.683690681586083e-02
1 12 2.682615976648701e+02 8.845113615625535e-18 4.498041351353425e-02
0 26 2.756567170471340e+02 5.527351622053186e-18 5.683475365524931e-02
0 27 2.860556638381091e+02 6.600051509880647e-18 5.682885116951666e-02
1 13 2.897197627592279e+02 8.833241774775503e-18 4.498131494185685e-02
0 28 2.964541630093317e+02 5.699260480883947e-18 5.682730113754440e-02
0 29 3.068531115830889e+02 6.267187786351761e-18 5.682408542883550e-02
1 14 3.111781120217430e+02 9.459090140395089e-18 4.498108686745332e-02
0 30 3.172515867490785e+02 6.265341773450989e-18 5.682323572907642e-02
0 31 3.276504398396124e+02 5.699390023144685e-18 5.682279690269569e-02
1 15 3.326368402897295e+02 9.244468053192694e-18 4.498022995634977e-02
0 32 3.380488422653149e+02 5.698679587786622e-18 5.682270370394112e-02
0 33 3.484475280900022e+02 6.262414622665376e-18 5.682473890852134e-02
1 16 3.540960598611580e+02 8.824322228869883e-18 4.497925212496631e-02
0 34 3.588458115497553e+02 5.528285215769652e-18 5.682541365040519e-02
