0 0 5.170435948972802e+00 8.639019782123554e-18 5.509817972948859e-02
1 0 1.049703166474943e+01 9.166302170050954e-18 4.374243683514614e-02
0 1 1.556881284757409e+01 8.004038235671661e-18 5.509830222839082e-02
0 2 2.596751963779783e+01 7.814910152405081e-18 5.510162799043732e-02
1 1 3.195600974601373e+01 9.844271148245658e-16 4.374180657756527e-02
0 3 3.636596341430713e+01 8.146779742087473e-18 5.510244890179426e-02
0 4 4.676463891552905e+01 7.516337828305423e-18 5.510726682671818e-02
1 2 5.341478598749353e+01 9.674890486993103e-18 4.374151534771862e-02
0 5 5.716312668664402e+01 8.032533296710754e-18 5.510876682460958e-02
0 6 6.756175932409305e+01 8.416621081101737e-18 5.511441306862496e-02
1 3 7.487335449028359e+01 9.048423394971888e-18 4.374139704000857e-02
0 7 7.796025052079546e+01 8.097921385182123e-18 5.511652911981180e-02
0 8 8.835882060486848e+01 8.769592832218892e-18 5.512235126517238e-02
1 4 9.633179427353760e+01 9.252212663872578e-18 4.374106416722744e-02
0 9 9.875726804193316e+01 7.352572925624919e-18 5.512496864582908e-02
0 10 1.091557551048590e+02 7.720662420302614e-18 5.513030748065858e-02
1 5 1.177902364368965e+02 1.008784213944413e-14 4.374009100505462e-02
0 11 1.195541185922371e+02 8.190814001363711e-18 5.513324142499575e-02
0 12 1.299525118875988e+02 7.606831193889945e-18 5.513741614842275e-02
1 6 1.392488194711382e+02 9.197762639820987e-18 4.373825923386875e-02
0 13 1.403507713206555e+02 8.588062078489261e-18 5.514035069944444e-02
0 14 1.507490788820329e+02 7.832267719056776e-18 5.514271138085067e-02
1 7 1.607076357162740e+02 9.113351263917351e-18 4.373580799367240e-02
0 15 1.611472447949568e+02 7.724205583671793e-18 5.514500922936724e-02
0 16 1.715454955656684e+02 7.639719417348028e-18 5.514518800093977e-02
0 17 1.819436163679935e+02 7.650037416862192e-18 5.514562598961670e-02
1 8 1.821666723633932e+02 1.625228408818619e-14 4.373452413569803e-02
0 18 1.923418493658877e+02 8.914660287921097e-18 5.514399341149797e-02
0 19 2.027400089079424e+02 8.188763831775432e-18 5.514127392740198e-02
1 9 2.036257707949420e+02 9.514156405826465e-18 4.373591380187194e-02
0 20 2.131382515344423e+02 7.677149606129824e-18 5.513878338547420e-02
0 21 2.235365408440792e+02 8.406192128898100e-18 5.513276253373667e-02
1 10 2.250847693644141e+02 9.116617895575039e-18 4.373861850618731e-02
0 22 2.339347961917850e+02 8.926440736290758e-18 5.513012800751876e-02
0 23 2.443332659821205e+02 8.439655845009715e-18 5.512207131290353e-02
1 11 2.465436221816084e+02 9.045639066356594e-18 4.374168878274253e-02
0 24 2.547315215099478e+02 7.707799459705128e-18 5.511962923297516e-02
0 25 2.651301551732229e+02 7.474583237270435e-18 5.511152878360010e-02
1 12 2.680024097154138e+02 2.038902874376224e-15 4.374420655468526e-02
0 26 2.755284021945795e+02 7.242941278981488e-18 5.510945328512016e-02
0 27 2.859271348546526e+02 7.516063911102484e-18 5.510309810469272e-02
1 13 2.894612653229508e+02 9.074459180932851e-18 4.374552014618149e-02
0 28 2.963253825292895e+02 7.485250297616852e-18 5.510150868084672e-02
0 29 3.067241457757955e+02 7.080116371691680e-18 5.509789589571606e-02
1 14 3.109202612406756e+02 9.057067514186843e-18 4.374560061512769e-02
0 30 3.171224195615798e+02 7.342162556453210e-18 5.509688532936891e-02
0 31 3.275211715240399e+02 7.491217832319591e-18 5.509619171221426e-02
1 15 3.323793555234144e+02 9.245115663465595e-18 4.374494851477104e-02
0 32 3.379194994467344e+02 6.843111073754939e-18 5.509582898628137e-02
0 33 3.483182256533551e+02 6.811323257651156e-18 5.509769632300392e-02
1 16 3.538384281570195e+02 3.972425795505960e-15 4.374415266185934e-02
0 34 3.587166229169993e+02 7.031003608740955e-18 5.509802271870272e-02
