0 0 5.080168599986866e+00 5.870367913885513e-18 5.479695410102462e-02
1 0 1.106475218397363e+01 9.821406304418870e-18 4.093071311438268e-02
0 1 1.547848669040204e+01 6.428079021597005e-18 5.479735546287484e-02
0 2 2.587812329335690e+01 6.473726043632008e-18 5.479816946054623e-02
1 1 3.252120079812913e+01 3.811460711701392e-16 4.093213819749963e-02
0 3 3.627696214879801e+01 5.670398151889757e-18 5.479911472800767e-02
0 4 4.667700480713017e+01 5.890753551634465e-18 5.480672867887122e-02
1 2 5.397620646970850e+01 9.765270635087475e-18 4.092918500016358e-02
0 5 5.707610249400043e+01 5.890067021670376e-18 5.480817473953619e-02
0 6 6.747581207857729e+01 6.606566798888135e-18 5.482010891661545e-02
1 3 7.543177663403303e+01 9.709360074427838e-18 4.092350828579892e-02
0 7 7.787478923512931e+01 5.937910054928707e-18 5.482199143738588e-02
0 8 8.827374718534281e+01 6.453014083960934e-18 5.483317172433550e-02
1 4 9.688905908155240e+01 9.654671596738809e-18 4.091877876006497e-02
0 9 9.867238654401309e+01 5.936558441976357e-18 5.483538467777807e-02
0 10 1.090706607341217e+02 5.665904434833710e-18 5.484278932847258e-02
1 5 1.183478988044573e+02 2.760895901503984e-14 4.091661996854108e-02
0 11 1.194689517896446e+02 7.165538873094013e-18 5.484513747540967e-02
0 12 1.298667981632981e+02 6.088192127795745e-18 5.484845695527349e-02
1 6 1.398076833372529e+02 9.720855374324776e-18 4.091643550054438e-02
0 13 1.402648170769053e+02 5.939794840019501e-18 5.485059254218467e-02
0 14 1.506624575026030e+02 6.642949397927167e-18 5.485078659033660e-02
0 15 1.610602751690766e+02 5.864008612264925e-18 5.485223963576202e-02
1 7 1.612679491706546e+02 9.828762864738080e-18 4.091743704864476e-02
0 16 1.714578358905162e+02 6.642923893798849e-18 5.485055656745438e-02
0 17 1.818554873220249e+02 5.897215182844080e-18 5.485092995004754e-02
1 8 1.827285215482159e+02 4.931592526252493e-14 4.091877192686438e-02
0 18 1.922530091953748e+02 5.715263009979382e-18 5.484840321198614e-02
0 19 2.026504995496731e+02 6.660391375274235e-18 5.484749159191324e-02
1 9 2.041894792894579e+02 1.005424130162267e-17 4.091907431249316e-02
0 20 2.130479708366163e+02 6.101084815642461e-18 5.484477469904270e-02
0 21 2.234452992877484e+02 5.715236875334810e-18 5.484250682919493e-02
1 10 2.256510064970458e+02 9.655399435391948e-18 4.091830220436798e-02
0 22 2.338426928824394e+02 6.105467915365290e-18 5.483996277520663e-02
0 23 2.442398837676962e+02 6.107989643159845e-18 5.483632941762449e-02
1 11 2.471132121694659e+02 9.697681376058325e-18 4.091711718887223e-02
0 24 2.546371917395121e+02 5.859377273626858e-18 5.483415836343836e-02
0 25 2.650343253489294e+02 5.969714893769800e-18 5.482921350835532e-02
1 12 2.685759874051693e+02 3.397153230530640e-16 4.091645681495844e-02
0 26 2.754315870890231e+02 5.667045899777271e-18 5.482752898608322e-02
0 27 2.858288232258215e+02 6.085292124869499e-18 5.482147752209171e-02
1 13 2.900389001774495e+02 9.757103043696097e-18 4.091718060734966e-02
0 28 2.962261426998539e+02 5.667790772948294e-18 5.482034200743487e-02
0 29 3.066237267427488e+02 6.122545225661415e-18 5.481373966435760e-02
1 14 3.115011673270102e+02 9.663135339138855e-18 4.091972612593607e-02
0 30 3.170212708634375e+02 6.124339016290180e-18 5.481318136455341e-02
0 31 3.274194989077635e+02 6.985139018827596e-18 5.480728617239100e-02
1 15 3.329617747707281e+02 2.823443634188764e-14 4.092361050341829e-02
0 32 3.378174615101206e+02 6.126953178724199e-18 5.480730817194623e-02
0 33 3.482165545831743e+02 5.857717661149131e-18 5.480445012609513e-02
1 16 3.544198894058947e+02 1.761120085234071e-15 4.092695027190422e-02
0 34 3.586150622951175e+02 5.857521876534428e-18 5.480503610258019e-02
