0 0 5.299688853225497e+00 6.531045906694740e-18 5.252572389407853e-02
1 0 1.059523394525109e+01 3.535363753436134e-14 4.179709169175780e-02
0 1 1.569789762426547e+01 6.295289769874794e-18 5.252594986720837e-02
0 2 2.609638175839744e+01 6.294472605454267e-18 5.252977749288957e-02
1 1 3.205490656627926e+01 1.025626187548141e-17 4.179602257265815e-02
0 3 3.649457766327014e+01 5.963860268558648e-18 5.253059041331441e-02
0 4 4.689296334810260e+01 6.141777369421114e-18 5.253549680651919e-02
1 2 5.351451514640785e+01 9.635805282421062e-18 4.179572429061561e-02
0 5 5.729123921278372e+01 6.089365836462524e-18 5.253687762105200e-02
0 6 6.768964346061979e+01 6.563356333933520e-18 5.254212521514848e-02
1 3 7.497361531021251e+01 9.585238303899084e-18 4.179604422030896e-02
0 7 7.808805846893121e+01 6.138728473524373e-18 5.254402666176596e-02
0 8 8.848656800397509e+01 5.910750264723064e-18 5.254901813185927e-02
1 4 9.643193896409289e+01 1.339347614358398e-16 4.179649162550786e-02
0 9 9.888514415699908e+01 6.288634138427296e-18 5.255135518842902e-02
0 10 1.092838080405998e+02 6.555876465283217e-18 5.255558773891851e-02
1 5 1.178894142510531e+02 9.493286366998691e-18 4.179649963718901e-02
0 11 1.196825364171837e+02 5.909858487384160e-18 5.255821404723978e-02
0 12 1.300813706077365e+02 6.135958588567325e-18 5.256123970521005e-02
1 6 1.393461333682280e+02 9.466867976303825e-18 4.179564519779223e-02
0 13 1.404802244748045e+02 6.555272330726244e-18 5.256388056159578e-02
0 14 1.508792227279749e+02 6.287488213186626e-18 5.256532421056601e-02
1 7 1.608022851087356e+02 9.746214199340646e-18 4.179391017757585e-02
0 15 1.612781748513420e+02 6.084630721633890e-18 5.256741231150304e-02
0 16 1.716773194510643e+02 5.960523319490579e-18 5.256712495673793e-02
0 17 1.820763610424121e+02 5.909112106627649e-18 5.256761391093847e-02
1 8 1.822580604486705e+02 4.153340990167195e-15 4.179274007446827e-02
0 18 1.924756255336553e+02 5.960596302472160e-18 5.256592924540511e-02
0 19 2.028747786275848e+02 6.289913883845977e-18 5.256359937033438e-02
1 9 2.037135583139274e+02 9.496269530584692e-18 4.179358283777127e-02
0 20 2.132741189980697e+02 5.909709614892882e-18 5.256124560611263e-02
0 21 2.236734236837974e+02 6.090339807973846e-18 5.255562459116253e-02
1 10 2.251688500609809e+02 9.507578751760618e-18 4.179574596855964e-02
0 22 2.340727669131801e+02 6.142671174606340e-18 5.255320425698898e-02
0 23 2.444722341636848e+02 6.144630957728680e-18 5.254515388724981e-02
1 11 2.466240917068520e+02 2.589833774820185e-14 4.179863214363670e-02
0 24 2.548714786338884e+02 6.974413628492357e-18 5.254297437810912e-02
0 25 2.652710355263708e+02 6.537054027074500e-18 5.253450512434284e-02
1 12 2.680796092243975e+02 1.449697881767475e-14 4.180127815326359e-02
0 26 2.756700750629462e+02 6.591256663389493e-18 5.253271367165423e-02
0 27 2.860695634221289e+02 5.964081866458473e-18 5.252604246629701e-02
1 13 2.895358625723274e+02 9.580482660442519e-18 4.180261089725079e-02
0 28 2.964683300402729e+02 6.113480735028976e-18 5.252472354208634e-02
0 29 3.068675841836023e+02 6.300245275299916e-18 5.252119508585559e-02
1 14 3.109932193970638e+02 9.764370497776408e-18 4.180231704700023e-02
0 30 3.172660795842739e+02 6.150725399433234e-18 5.252040509540686e-02
0 31 3.276650158120458e+02 5.913761946846798e-18 5.252016437920370e-02
1 15 3.324517285297749e+02 4.726782058647236e-15 4.180097977418406e-02
0 32 3.380633084117858e+02 6.150081445334793e-18 5.251994082766812e-02
0 33 3.484619513773267e+02 5.964334184411432e-18 5.252234377080563e-02
1 16 3.539110894933321e+02 9.490014127702636e-18 4.179951144479249e-02
0 34 3.588601468919052e+02 5.964370037822997e-18 5.252270601204766e-02
