0 0 5.273947991088474e+00 5.714718738331587e-18 5.497634809250079e-02
1 0 1.062041168264622e+01 1.088344533705956e-16 4.406549657400821e-02
0 1 1.567231567263891e+01 6.020524492418281e-18 5.497662552148068e-02
0 2 2.607090791273525e+01 5.714435105279967e-18 5.497992278619337e-02
1 1 3.207978341064575e+01 8.984162628097631e-18 4.406482912336739e-02
0 3 3.646923440443981e+01 5.714381718782105e-18 5.498090005961462e-02
0 4 4.686771179915225e+01 5.794848204262303e-18 5.498550203380696e-02
1 2 5.353925984434519e+01 9.002426334641603e-18 4.406465145189785e-02
0 5 5.726599806682447e+01 6.117137615900457e-18 5.498713928686101e-02
0 6 6.766438425152710e+01 5.713396332294355e-18 5.499248549799565e-02
1 3 7.499871383015214e+01 9.174377602990440e-18 4.406470095881908e-02
0 7 7.806262707805010e+01 5.713214570426232e-18 5.499469994385190e-02
0 8 8.846094599078280e+01 5.712758411747463e-18 5.500022864717338e-02
1 4 9.645806488989082e+01 8.464443777505110e-17 4.406449380265460e-02
0 9 9.885914635129207e+01 5.915961000585345e-18 5.500288942270452e-02
0 10 1.092574265470329e+02 5.786825286801905e-18 5.500799714842010e-02
1 5 1.179172654201080e+02 9.120626957368927e-18 4.406357978252609e-02
0 11 1.196555979895222e+02 6.495282333793849e-18 5.501090735403950e-02
0 12 1.300538772717597e+02 5.711602681960055e-18 5.501491711082850e-02
1 6 1.393762764321244e+02 9.028014307761703e-18 4.406174316483629e-02
0 13 1.404520516790211e+02 5.797015340493092e-18 5.501774166011841e-02
0 14 1.508503781311672e+02 5.782244086087754e-18 5.501995408609894e-02
1 7 1.608350446451097e+02 9.068913638584377e-18 4.405931187915910e-02
0 15 1.612486076304341e+02 5.794744496294144e-18 5.502199026414317e-02
0 16 1.716470322394471e+02 5.793965364618211e-18 5.502198495826160e-02
0 17 1.820453877820970e+02 6.203573868972864e-18 5.502188237245407e-02
1 8 1.822934733592053e+02 8.130451374735361e-14 4.405846028818895e-02
0 18 1.924439434566597e+02 6.073195220310522e-18 5.502005979899902e-02
0 19 2.028425023323493e+02 6.201136448734487e-18 5.501651803240875e-02
1 9 2.037514143997944e+02 9.066305608410714e-18 4.406056568006763e-02
0 20 2.132411773116919e+02 5.778366236775325e-18 5.501389533439217e-02
0 21 2.236399834055557e+02 5.836861774412069e-18 5.500707732321548e-02
1 10 2.252088551831404e+02 9.405662815546259e-18 4.406390815089387e-02
0 22 2.340387186361305e+02 6.086557827619682e-18 5.500436902891494e-02
0 23 2.444377382556246e+02 6.130950619566284e-18 5.499594421380923e-02
1 11 2.466660124099157e+02 1.237963389973400e-15 4.406724865881676e-02
0 24 2.548364573463716e+02 6.131715166378293e-18 5.499347565478179e-02
0 25 2.652355825467669e+02 5.910781941186178e-18 5.498558440129345e-02
1 12 2.681232501605826e+02 9.287770909254060e-18 4.406951445276478e-02
0 26 2.756342285084869e+02 6.443461836111524e-18 5.498352794294439e-02
0 27 2.860333322447100e+02 5.786844377831392e-18 5.497775503735431e-02
1 13 2.895809033908989e+02 8.983082372160508e-18 4.407022044621355e-02
0 28 2.964318844622950e+02 5.911519590831389e-18 5.497622937619665e-02
0 29 3.068308754622663e+02 6.207297704020265e-18 5.497323439597829e-02
1 14 3.110391356710608e+02 8.983119173700552e-18 4.406966861453664e-02
0 30 3.172293426217441e+02 5.787481707869093e-18 5.497232759296614e-02
0 31 3.276281822202186e+02 5.797269125216758e-18 5.497204718843687e-02
1 15 3.324979222253628e+02 9.067479973630607e-18 4.406855930515036e-02
0 32 3.380265847074876e+02 5.787602293565896e-18 5.497181812564844e-02
0 33 3.484252734790496e+02 5.716128248520124e-18 5.497381590341102e-02
1 16 3.539571164249076e+02 9.015520061945323e-18 4.406756135230714e-02
0 34 3.588236285683721e+02 5.909929379688680e-18 5.497429064773660e-02
