0 0 5.316212440595670e+00 5.830475964928919e-18 5.330090663154300e-02
1 0 1.090523225680955e+01 9.189416429727519e-18 4.309666553678664e-02
0 1 1.571450877746056e+01 6.239947064634189e-18 5.330136768364494e-02
0 2 2.611312435019117e+01 6.026325695521241e-18 5.330395390992942e-02
1 1 3.236461948530910e+01 1.034786443201225e-17 4.309660040551702e-02
0 3 3.651137756208634e+01 6.598558976481394e-18 5.330502597584925e-02
0 4 4.690994694689234e+01 7.182846202993567e-18 5.330951288745351e-02
1 2 5.382391598248868e+01 9.822206618822706e-18 4.309650122250110e-02
0 5 5.730821813787356e+01 6.740191244069245e-18 5.331114231774611e-02
0 6 6.770678718666235e+01 7.285457266563691e-18 5.331696618037186e-02
1 3 7.528285168709291e+01 9.221565839553354e-18 4.309607974916806e-02
0 7 7.810513540717126e+01 6.235282326643185e-18 5.331907251553025e-02
0 8 8.850374615109808e+01 5.827942955977519e-18 5.332541497163406e-02
1 4 9.674123008043266e+01 9.191904412077172e-18 4.309509558990320e-02
0 9 9.890221915740358e+01 6.233778911311811e-18 5.332788372911545e-02
0 10 1.093009049700921e+02 6.085713018673135e-18 5.333370938451924e-02
1 5 1.181989573606139e+02 9.988969707303836e-18 4.309348287514115e-02
0 11 1.196995311866264e+02 6.034995474662965e-18 5.333635754969938e-02
0 12 1.300983149972498e+02 6.531327088006192e-18 5.334055982778063e-02
1 6 1.396560475398382e+02 1.013697141376045e-14 4.309148554441924e-02
0 13 1.404970994223949e+02 6.084587716960452e-18 5.334301247220323e-02
0 14 1.508959929497128e+02 6.531460532024772e-18 5.334475800124341e-02
0 15 1.612949207593574e+02 6.532252297386959e-18 5.334620180067830e-02
1 7 1.611126023496657e+02 9.309486574855570e-18 4.308994838618947e-02
0 16 1.716939199221230e+02 6.232379670676019e-18 5.334547499016325e-02
0 17 1.820929674137804e+02 5.826261496892346e-18 5.334477211009522e-02
1 8 1.825687483387171e+02 9.511154746926948e-18 4.309083737085796e-02
0 18 1.924920428308744e+02 6.537038060771558e-18 5.334252083213466e-02
0 19 2.028911819641494e+02 5.876875379904444e-18 5.333915671501086e-02
1 9 2.040246437934527e+02 4.472443580892780e-14 4.309319731932341e-02
0 20 2.132902787393225e+02 6.470034996931755e-18 5.333642347303859e-02
0 21 2.236894708951509e+02 6.570579928358978e-18 5.333092843008599e-02
1 10 2.254805513218270e+02 9.641135989296430e-18 4.309542503541321e-02
0 22 2.340885243151453e+02 6.024442304668083e-18 5.332827310177021e-02
0 23 2.444877189467068e+02 6.024880210940941e-18 5.332173795319401e-02
1 11 2.469367665144786e+02 9.344134832746615e-18 4.309698318241844e-02
0 24 2.548866712708130e+02 6.600457059562419e-18 5.331941807412594e-02
0 25 2.652858142931516e+02 5.879203392278305e-18 5.331300606714000e-02
1 12 2.683935391362875e+02 9.221189476609245e-18 4.309770406898790e-02
0 26 2.756846249509323e+02 6.603355315039696e-18 5.331116278374366e-02
0 27 2.860836707241318e+02 6.555534468816495e-18 5.330584725655350e-02
1 13 2.898510220970045e+02 1.062964406444419e-16 4.309773866031544e-02
0 28 2.964823210892480e+02 6.554731172894987e-18 5.330456905378907e-02
0 29 3.068812420563059e+02 6.094365293336942e-18 5.330103523161157e-02
1 14 3.113092400069022e+02 9.472956539547573e-18 4.309740753387636e-02
0 30 3.172797366713638e+02 6.044100477611939e-18 5.330037513432413e-02
0 31 3.276785279416302e+02 6.240254068596207e-18 5.329901244808449e-02
1 15 3.327680861221942e+02 9.217821703095882e-18 4.309704606628390e-02
0 32 3.380768931412419e+02 6.239657489824737e-18 5.329899279335099e-02
0 33 3.484755718152369e+02 6.092914710868844e-18 5.329992012546388e-02
1 16 3.542273455933680e+02 9.217973675028678e-18 4.309687280181043e-02
0 34 3.588738520728193e+02 6.743688898291385e-18 5.330053448780459e-02
