0 0 5.196711366141416e+00 5.706875912535762e-18 5.470865594069150e-02
1 0 1.049302284023907e+01 9.402817293414544e-18 4.258199843870761e-02
0 1 1.559492982689352e+01 5.710063384359150e-18 5.470877965587657e-02
0 2 2.599350883603010e+01 5.723450234392719e-18 5.471294262488324e-02
1 1 3.195239134309003e+01 1.649009391433327e-15 4.258064668686459e-02
0 3 3.639174164604344e+01 5.708911403178374e-18 5.471371299889807e-02
0 4 4.679019303717622e+01 5.730698783768628e-18 5.471925405173961e-02
1 2 5.341179735368539e+01 9.319180796683621e-18 4.257978158397731e-02
0 5 5.718845686600545e+01 5.699884763877582e-18 5.472065837951367e-02
0 6 6.758682121289401e+01 5.756720116355884e-18 5.472664265617744e-02
1 3 7.487106431996777e+01 9.301037073849029e-18 4.257946597593355e-02
0 7 7.798510914973913e+01 5.727034703931425e-18 5.472863205173432e-02
0 8 8.838341505083463e+01 5.735721714541042e-18 5.473431206990936e-02
1 4 9.633012951117446e+01 9.407128016934529e-18 4.257937481753734e-02
0 9 9.878169810816652e+01 5.691781655873174e-18 5.473679135510448e-02
0 10 1.091799565164923e+02 5.698393169762730e-18 5.474157409445177e-02
1 5 1.177890495077446e+02 1.040031898746542e-14 4.257900163653705e-02
0 11 1.195781941363842e+02 5.682104964549369e-18 5.474438055340280e-02
0 12 1.299764050756712e+02 5.736083456125958e-18 5.474778413329210e-02
1 6 1.392479625190756e+02 9.406350660160419e-18 4.257793019867299e-02
0 13 1.403745610787488e+02 5.743704076916841e-18 5.475062994924643e-02
0 14 1.507727261938009e+02 5.682042391697451e-18 5.475228924335380e-02
1 7 1.607070165823353e+02 9.300297083016216e-18 4.257610926155844e-02
0 15 1.611707870169726e+02 5.701785356288658e-18 5.475461217965930e-02
0 16 1.715689209701092e+02 5.706006282703397e-18 5.475441175527841e-02
0 17 1.819669134422280e+02 5.680802086849763e-18 5.475518070183916e-02
1 8 1.821662773422060e+02 2.172755666264694e-14 4.257479757298189e-02
0 18 1.923650467638294e+02 5.704800754100282e-18 5.475349983465237e-02
0 19 2.027630488306989e+02 5.843137831977984e-18 5.475149407220094e-02
1 9 2.036256413935241e+02 9.622899700386161e-18 4.257538493626022e-02
0 20 2.131612181432552e+02 5.682312304238022e-18 5.474909306130801e-02
0 21 2.235593475354979e+02 5.859328987528884e-18 5.474375444137434e-02
1 10 2.250848986021421e+02 9.359225639579758e-18 4.257726830111288e-02
0 22 2.339575780926006e+02 5.712037783878704e-18 5.474124127884219e-02
0 23 2.443559475166687e+02 5.713674556079783e-18 5.473320664561295e-02
1 11 2.465438466643304e+02 9.732561647018298e-18 4.258012693688849e-02
0 24 2.547542374350613e+02 5.787568250016994e-18 5.473089712605577e-02
0 25 2.651528883131704e+02 5.724029127842647e-18 5.472198213101923e-02
1 12 2.680024254619880e+02 2.040127361085995e-15 4.258323125380217e-02
0 26 2.755512055375391e+02 5.725130030024613e-18 5.472003983176968e-02
0 27 2.859500664461967e+02 5.717758092196894e-18 5.471257574867210e-02
1 13 2.894608103323961e+02 1.062779312753234e-17 4.258544727567942e-02
0 28 2.963483676446093e+02 5.733825499739789e-18 5.471110484177612e-02
0 29 3.067472880600217e+02 5.798959181599366e-18 5.470683857406472e-02
1 14 3.109193160421031e+02 9.294099941026904e-18 4.258605885612336e-02
0 30 3.171455479878286e+02 5.897692923833787e-18 5.470591546865161e-02
0 31 3.275443865072609e+02 5.685735220430482e-18 5.470534400538604e-02
1 15 3.323781718243958e+02 9.288550361886378e-18 4.258527500173129e-02
0 32 3.379426119416883e+02 5.685788389042927e-18 5.470502454363989e-02
0 33 3.483412984792533e+02 6.020853131109896e-18 5.470759195898633e-02
1 16 3.538373872774342e+02 4.546952499654685e-15 4.258386825392252e-02
0 34 3.587395176988317e+02 5.689480391328842e-18 5.470791035846771e-02
