0 0 5.396182860814607e+00 6.244709340399368e-18 5.433685247319411e-02
1 0 1.076653724156817e+01 1.017481025866920e-17 4.172861831975413e-02
0 1 1.579416173204181e+01 6.083160624300094e-18 5.433724025108403e-02
0 2 2.619240502803146e+01 6.687277061282156e-18 5.434228525727560e-02
1 1 3.222703493880780e+01 9.524642430216553e-18 4.172638416917980e-02
0 3 3.659014056736736e+01 6.977973692939502e-18 5.434326080922405e-02
0 4 4.698799042594819e+01 6.238756428615059e-18 5.434941574173371e-02
1 2 5.368841843729673e+01 1.033093206384110e-17 4.172486969508461e-02
0 5 5.738558444170435e+01 5.715920092930721e-18 5.435094391558121e-02
0 6 6.778319424141510e+01 5.715301881719556e-18 5.435706616248059e-02
1 3 7.515011717100820e+01 2.329356214700953e-16 4.172429587590601e-02
0 7 7.818074809370397e+01 6.232832346351101e-18 5.435908391378522e-02
0 8 8.857827480262640e+01 6.230616604775659e-18 5.436439101172531e-02
1 4 9.661162838410687e+01 9.612521887371506e-18 4.172437658436186e-02
0 9 9.897586879663569e+01 6.335459965157562e-18 5.436679681617005e-02
0 10 1.093734419353019e+02 6.684794060887284e-18 5.437078484282189e-02
1 5 1.180726147971459e+02 9.504905453750064e-18 4.172454372891240e-02
0 11 1.197711281188654e+02 6.684591249614613e-18 5.437341048161064e-02
0 12 1.301688394095848e+02 6.056804165530984e-18 5.437577140617586e-02
1 6 1.395329228948476e+02 4.724095160826738e-15 4.172422360823345e-02
0 13 1.405666453831283e+02 6.684247319270206e-18 5.437830828512338e-02
0 14 1.509645512163827e+02 7.026778325839823e-18 5.437891777598626e-02
0 15 1.613624924749146e+02 7.021723359492817e-18 5.438077753330239e-02
1 7 1.609925435560371e+02 8.517518603365421e-15 4.172329109736093e-02
0 16 1.717606219012076e+02 6.050169689168739e-18 5.437978677236213e-02
0 17 1.821587198750459e+02 6.348665405341593e-18 5.438002911161367e-02
1 8 1.824515235187463e+02 9.549688955515336e-18 4.172287414336914e-02
0 18 1.925570814128377e+02 5.882251640309428e-18 5.437794249061381e-02
0 19 2.029553798049231e+02 6.839908058687695e-18 5.437556640845496e-02
1 9 2.039098729780029e+02 9.627268368475551e-18 4.172363854710737e-02
0 20 2.133539633471242e+02 6.216566510268682e-18 5.437304200552514e-02
0 21 2.237525296389571e+02 6.837825398606644e-18 5.436754076201954e-02
1 10 2.253675762796257e+02 3.301235192496494e-16 4.172525697651062e-02
0 22 2.341513024361051e+02 6.047828344466124e-18 5.436506467109539e-02
0 23 2.445502016149205e+02 6.217964122958221e-18 5.435685993866547e-02
1 11 2.468246251560153e+02 9.860013721929524e-18 4.172786723263280e-02
0 24 2.549490967371617e+02 6.840024447246863e-18 5.435469380502043e-02
0 25 2.653483303788510e+02 6.219753715064523e-18 5.434537849984066e-02
1 12 2.682811389954734e+02 9.516762133029719e-18 4.173098980114604e-02
0 26 2.757472359104127e+02 6.051292534225747e-18 5.434365875907998e-02
0 27 2.861466733582063e+02 5.886339238808130e-18 5.433570286816751e-02
1 13 2.897375296096973e+02 1.009651641225723e-17 4.173341520114277e-02
0 28 2.965454453151744e+02 6.353040595411860e-18 5.433450778305356e-02
0 29 3.069448264947758e+02 6.222817613907572e-18 5.433010874775090e-02
1 14 3.111944856356594e+02 4.036993619805598e-17 4.173402048525181e-02
0 30 3.173433369421821e+02 6.054193576379566e-18 5.432948501351696e-02
0 31 3.277423896435820e+02 5.886500208625464e-18 5.432938310589931e-02
1 15 3.326526484578697e+02 9.642131045398521e-18 4.173272666341483e-02
0 32 3.381405792915874e+02 5.718335527062213e-18 5.432935461583620e-02
0 33 3.485391539683577e+02 6.221166503947868e-18 5.433278355086892e-02
1 16 3.541122595217201e+02 9.627128682433863e-18 4.173047713368909e-02
0 34 3.589370470602998e+02 5.886849473849340e-18 5.433335336518091e-02
