0 0 5.314735853965749e+00 5.897100946658648e-18 5.314166087328168e-02
1 0 1.050947197777969e+01 9.685550513473682e-18 4.321069658986953e-02
0 1 1.571314044094466e+01 5.897130901221563e-18 5.314186105384210e-02
0 2 2.611169237044739e+01 6.106770114965631e-18 5.314524214010265e-02
1 1 3.196891113302801e+01 3.066820443667785e-17 4.321001460812100e-02
0 3 3.651010006282230e+01 6.606143675426745e-18 5.314609238730386e-02
0 4 4.690859713232299e+01 6.750656456578686e-18 5.315025754618138e-02
1 2 5.342821235485766e+01 9.280619455089494e-18 4.321032237763869e-02
0 5 5.730705850370182e+01 5.896245159953679e-18 5.315173594576838e-02
0 6 6.770558358679803e+01 6.103461336924516e-18 5.315625225485586e-02
1 3 7.488706793019416e+01 9.176824296429320e-18 4.321120110870024e-02
0 7 7.810411915973539e+01 5.895649673019278e-18 5.315829914313337e-02
0 8 8.850272518980114e+01 6.249203103461282e-18 5.316280615833661e-02
1 4 9.634532418478024e+01 9.156936592079790e-18 4.321196405048695e-02
0 9 9.890133766366368e+01 6.248688393953412e-18 5.316531664889834e-02
0 10 1.093000580872051e+02 6.543882256820862e-18 5.316945645644430e-02
1 5 1.178029400359972e+02 6.158751840268706e-14 4.321191613179087e-02
0 11 1.196987483932503e+02 5.894371434048115e-18 5.317226310670155e-02
0 12 1.300976109118008e+02 6.050152562279305e-18 5.317561419085787e-02
1 6 1.392599305880785e+02 9.533940297686789e-18 4.321061060672284e-02
0 13 1.404963942170010e+02 6.247356104162284e-18 5.317842842548067e-02
0 14 1.508954318362809e+02 6.100244359240755e-18 5.318047801247169e-02
1 7 1.607163064029429e+02 9.403577367004115e-18 4.320813400612172e-02
0 15 1.612943498247698e+02 6.050229494565555e-18 5.318269583585911e-02
0 16 1.716936012058455e+02 6.744426661756585e-18 5.318297719391044e-02
0 17 1.820927274717448e+02 6.599518125996027e-18 5.318330598191434e-02
1 8 1.821720228025307e+02 6.957024246305836e-15 4.320623553768395e-02
0 18 1.924922145858504e+02 6.053002293333671e-18 5.318186137935249e-02
0 19 2.028916425301417e+02 6.054643574794190e-18 5.317857273310535e-02
1 9 2.036269531792421e+02 9.492530832880766e-18 4.320768868672026e-02
0 20 2.132913209375912e+02 6.613496748751112e-18 5.317618592372391e-02
0 21 2.236911004667067e+02 6.040271946435134e-18 5.316886144902425e-02
1 10 2.250811098064908e+02 9.230580904422880e-18 4.321153681372462e-02
0 22 2.340908228595442e+02 6.040019626480710e-18 5.316631177345968e-02
0 23 2.444908533833771e+02 6.779322439223045e-18 5.315690812743888e-02
1 11 2.465349564052198e+02 9.368461198569424e-18 4.321588617144966e-02
0 24 2.548904143285670e+02 6.639234972378229e-18 5.315457071196593e-02
0 25 2.652904310095010e+02 6.647371898423027e-18 5.314611711815102e-02
1 12 2.679893478501935e+02 2.663139530624672e-15 4.321872698662309e-02
0 26 2.756896780405890e+02 6.601244552418819e-18 5.314416016863997e-02
0 27 2.860894097493842e+02 6.656372139399107e-18 5.313864030708765e-02
1 13 2.894450378419692e+02 9.318025203323195e-18 4.321915785028527e-02
0 28 2.964883114640535e+02 7.475634459804005e-18 5.313716564817797e-02
0 29 3.068876332480799e+02 5.896950624385386e-18 5.313492610278017e-02
1 14 3.109022597896429e+02 9.182731214567713e-18 4.321776403633564e-02
0 30 3.172862582047560e+02 6.802962543229202e-18 5.313400911225266e-02
0 31 3.276851993276313e+02 5.896943275871142e-18 5.313447079149045e-02
1 15 3.323607463791612e+02 9.435344373249688e-18 4.321581374869680e-02
0 32 3.380836581266360e+02 6.072659549352101e-18 5.313416648084793e-02
0 33 3.484823302881411e+02 6.657144506847929e-18 5.313653677347473e-02
1 16 3.538199815675954e+02 9.791423858555718e-18 4.321435813449120e-02
0 34 3.588807289394239e+02 7.327440972114271e-18 5.313687699961012e-02
