0 0 5.112704842167252e+00 1.322337312508424e-17 5.707002095911692e-02
1 0 1.062996497473176e+01 4.703918217087040e-17 4.389830494738185e-02
0 1 1.551100310517424e+01 1.044271807005650e-17 5.707021033628418e-02
0 2 2.590985039983886e+01 1.110663882536172e-17 5.707340108148246e-02
1 1 3.208860408134990e+01 9.231794702802592e-18 4.389771888587105e-02
0 3 3.630822507276696e+01 1.344008702832087e-17 5.707431456464858e-02
0 4 4.670700821880300e+01 1.128421800909198e-17 5.708018936462205e-02
1 2 5.354718398023022e+01 9.049492431562487e-18 4.389641877970309e-02
0 5 5.710536429976560e+01 1.047003965796306e-17 5.708179273475705e-02
0 6 6.750395275161105e+01 1.057879738428892e-17 5.708922345373694e-02
1 3 7.500604331857447e+01 9.459333495412597e-18 4.389471610108255e-02
0 7 7.790219691335416e+01 1.118412431953032e-17 5.709143859282696e-02
0 8 8.830050023410989e+01 1.179514694308848e-17 5.709909728778384e-02
1 4 9.646545883495652e+01 5.648590684299531e-16 4.389284019424645e-02
0 9 9.869855291918753e+01 9.885616265256694e-18 5.710179434404998e-02
0 10 1.090965284090719e+02 1.009164626161618e-17 5.710841927275560e-02
1 5 1.179256217622373e+02 9.611738009694724e-18 4.389091979615840e-02
0 11 1.194943342980114e+02 9.098972240602557e-18 5.711139279770065e-02
0 12 1.298919863806173e+02 1.035784840559895e-17 5.711599316012969e-02
1 6 1.393866248704248e+02 9.031294931159885e-18 4.388897043270078e-02
0 13 1.402895231177480e+02 8.233329928930654e-18 5.711888488806625e-02
0 14 1.506868974851010e+02 9.636634379700164e-18 5.712091762219456e-02
1 7 1.608484512146585e+02 9.620335038364430e-14 4.388720867102393e-02
0 15 1.610841831048259e+02 9.295368212980084e-18 5.712304332116366e-02
0 16 1.714813565114640e+02 9.192357025425825e-18 5.712263094195211e-02
0 17 1.818784550124003e+02 8.719740401517102e-18 5.712296174078230e-02
1 8 1.823109454899938e+02 9.022282165759333e-18 4.388706124728285e-02
0 18 1.922755208630907e+02 8.162618770520434e-18 5.712093136010179e-02
0 19 2.026725399686682e+02 7.389298254059396e-18 5.711868777967023e-02
1 9 2.037738194931140e+02 9.022112498412615e-18 4.388827366189185e-02
0 20 2.130695944915751e+02 6.937872170428070e-18 5.711599290219509e-02
0 21 2.234666693133044e+02 6.798739104688756e-18 5.711114970516853e-02
1 10 2.252367504370625e+02 9.055110556392054e-18 4.388978999011104e-02
0 22 2.338638038469722e+02 7.428653297370843e-18 5.710837999593830e-02
0 23 2.442610721541329e+02 6.121392486234725e-18 5.710158820329963e-02
1 11 2.466994002294820e+02 2.574999635542415e-17 4.389157728222035e-02
0 24 2.546583665458616e+02 5.871674889350675e-18 5.709904573249792e-02
0 25 2.650559424476103e+02 5.653326258111026e-18 5.709141601307424e-02
1 12 2.681614528422526e+02 9.051937246236258e-18 4.389358051438713e-02
0 26 2.754534558497978e+02 7.741527927586285e-18 5.708928175744502e-02
0 27 2.858514052582869e+02 5.496770281563090e-18 5.708217873340524e-02
1 13 2.896226769146066e+02 9.020517851478840e-18 4.389556338802537e-02
0 28 2.962491670984073e+02 5.496825019476467e-18 5.708058190172224e-02
0 29 3.066474904017683e+02 5.725130402622485e-18 5.707536635805831e-02
1 14 3.110829823933565e+02 9.330987001334566e-18 4.389717588216505e-02
0 30 3.170454948644688e+02 5.444225572390546e-18 5.707440225173257e-02
0 31 3.274441234762971e+02 6.211031592274466e-18 5.707212267682403e-02
1 15 3.325424489556647e+02 3.795544899385842e-14 4.389805834426706e-02
0 32 3.378423295194563e+02 5.444536074208851e-18 5.707185463451345e-02
0 33 3.482411397652533e+02 5.883442952341592e-18 5.707297659885890e-02
1 16 3.540013068363593e+02 9.124239433368088e-18 4.389802495040369e-02
0 34 3.586394769788193e+02 5.676174870332319e-18 5.707343366574554e-02
