0 0 5.270302175331944e+00 6.617249652943953e-18 5.392071406439809e-02
1 0 1.049247712753615e+01 9.497830783577000e-18 4.228550547814272e-02
0 1 1.566851695366765e+01 6.221313613952186e-18 5.392087183247126e-02
0 2 2.606698882157077e+01 5.910241150480628e-18 5.392516089518952e-02
1 1 3.195216644518217e+01 1.738914444987320e-15 4.228403676951322e-02
0 3 3.646517275416748e+01 5.909040900270677e-18 5.392594484008999e-02
0 4 4.686349455879695e+01 5.822152959527512e-18 5.393116217473069e-02
1 2 5.341195740074541e+01 9.523218819501727e-18 4.228345888648984e-02
0 5 5.726171160166418e+01 5.822076273265626e-18 5.393255909740755e-02
0 6 6.765998364646285e+01 5.779363123085588e-18 5.393794251290767e-02
1 3 7.487148552081368e+01 9.353636969444878e-18 4.228366047482214e-02
0 7 7.805826250233331e+01 5.821473923142537e-18 5.393990540998075e-02
0 8 8.845655216734312e+01 6.566155353043712e-18 5.394489905985857e-02
1 4 9.633056518972327e+01 9.353380432257101e-18 4.228413066934343e-02
0 9 9.885488841726928e+01 6.560456364687426e-18 5.394733709587711e-02
0 10 1.092532288002940e+02 6.667105656310129e-18 5.395151103656603e-02
1 5 1.177891832311750e+02 1.287023866052473e-14 4.228422103508599e-02
0 11 1.196515975012893e+02 5.777818175582593e-18 5.395426843759898e-02
0 12 1.300499988492884e+02 6.227224937269927e-18 5.395725416952526e-02
1 6 1.392474465964385e+02 9.353646566145394e-18 4.228341981211279e-02
0 13 1.404483730820702e+02 5.819877288991064e-18 5.396005348382336e-02
0 14 1.508468394977331e+02 6.222164830071154e-18 5.396153265755680e-02
1 7 1.607054970950652e+02 9.374640380433006e-18 4.228162173413111e-02
0 15 1.612452112572659e+02 5.880992712819635e-18 5.396382744600401e-02
0 16 1.716437553382106e+02 6.007789798331890e-18 5.396364121478289e-02
0 17 1.820421558292424e+02 5.777018066325450e-18 5.396439418323656e-02
1 8 1.821634095609070e+02 4.073769648656359e-14 4.228003592084343e-02
0 18 1.924408023530340e+02 6.171762875836248e-18 5.396279345622815e-02
0 19 2.028393145278241e+02 6.213034064073054e-18 5.396063996923755e-02
1 9 2.036210924216116e+02 9.414064837224855e-18 4.228052137185345e-02
0 20 2.132380856864162e+02 6.502816811505707e-18 5.395829989394543e-02
0 21 2.236368289359263e+02 6.256600099536103e-18 5.395247177126231e-02
1 10 2.250783507757234e+02 9.456124764110504e-18 4.228276217183378e-02
0 22 2.340357147054498e+02 6.214011334376220e-18 5.395000891808628e-02
0 23 2.444347797463386e+02 6.159504250656200e-18 5.394121160139310e-02
1 11 2.465350727763154e+02 9.452799056006078e-18 4.228627884928381e-02
0 24 2.548337118354480e+02 5.939234137449659e-18 5.393895599270482e-02
0 25 2.652330629592753e+02 6.179190532523118e-18 5.392949007491481e-02
1 12 2.679914476359875e+02 3.148961769918781e-15 4.228986359554492e-02
0 26 2.756319239635498e+02 5.766436853240196e-18 5.392760444438207e-02
0 27 2.860313642208004e+02 5.781406596675562e-18 5.392026581893072e-02
1 13 2.894480285913930e+02 9.379272336034485e-18 4.229192406031781e-02
0 28 2.964300462488700e+02 5.824138225210939e-18 5.391884777543571e-02
0 29 3.068293261562657e+02 6.187096694217225e-18 5.391528139454510e-02
1 14 3.109054191216272e+02 9.376176587875263e-18 4.229182094209435e-02
0 30 3.172277917745199e+02 5.886968417590905e-18 5.391440047112393e-02
0 31 3.276267604416932e+02 6.110736893823189e-18 5.391459043248167e-02
1 15 3.323638702507217e+02 9.921384168211732e-18 4.229024875018206e-02
0 32 3.380250506304913e+02 5.886296816473563e-18 5.391429704156619e-02
0 33 3.484237015059088e+02 5.885679956577799e-18 5.391727203454402e-02
1 16 3.538231951699591e+02 1.661067648515228e-16 4.228838634934450e-02
0 34 3.588218991207508e+02 5.884537600732232e-18 5.391759694649693e-02
