0 0 3.588439026368195e+00 3.887938402377758e-18 6.809390794486486e-02
1 0 8.690219252016108e+00 7.138324469076301e-18 5.051644135427730e-02
0 1 9.434373502433402e+00 4.089548182311482e-18 6.809656918858660e-02
0 2 1.528032898674676e+01 4.193055913496466e-18 6.809671571318185e-02
0 3 2.112643650621035e+01 3.991482569643525e-18 6.809092047138716e-02
1 1 2.327341647312617e+01 4.449892843449254e-14 5.051572119715775e-02
0 4 2.697247444912902e+01 4.090280145846812e-18 6.808990005070299e-02
0 5 3.281853654753572e+01 3.920581298479875e-18 6.809295029775893e-02
1 2 3.785689094566678e+01 7.087216770515877e-18 5.051689040346229e-02
0 6 3.866447053947353e+01 3.990881283308366e-18 6.809562212917294e-02
0 7 4.451042051496285e+01 3.888178753993169e-18 6.809595254658161e-02
0 8 5.035651541600748e+01 4.193376887888431e-18 6.809011960454348e-02
1 3 5.244011358705228e+01 1.844836965502694e-15 5.051630917686431e-02
0 9 5.620254963510726e+01 3.888589884006491e-18 6.808900346474007e-02
0 10 6.204861374934323e+01 3.817629698966774e-18 6.809195691902541e-02
1 4 6.702359603434844e+01 7.045231072171182e-18 5.051736413117702e-02
0 11 6.789454775790188e+01 3.990337841570129e-18 6.809462969640587e-02
0 12 7.374049282955353e+01 4.402716902258718e-18 6.809514242456281e-02
0 13 7.958657529137315e+01 4.180524745421018e-18 6.808929511376206e-02
1 5 8.160684312280567e+01 7.065521064977613e-18 5.051692005065715e-02
0 14 8.543260617070221e+01 3.990324684770721e-18 6.808808496090543e-02
0 15 9.127867283200705e+01 3.990098916459918e-18 6.809093388697537e-02
1 6 9.619033098295365e+01 7.042644681062871e-18 5.051785750368012e-02
0 16 9.712460740842538e+01 4.453065262819286e-18 6.809359872925433e-02
0 17 1.029705482500159e+02 4.248753841635559e-18 6.809429147279156e-02
0 18 1.088166185597858e+02 3.918602243915766e-18 6.808845358256950e-02
1 7 1.107736011584342e+02 7.012885998476310e-18 5.051755100026951e-02
0 19 1.146626465422620e+02 4.524171165205222e-18 6.808715125504600e-02
0 20 1.205087163288902e+02 4.176635269395132e-18 6.808988785149915e-02
1 8 1.253570918739535e+02 7.059922673853691e-18 5.051835123762508e-02
0 21 1.263546520666961e+02 3.989209965383240e-18 6.809253658210444e-02
0 22 1.322005894108533e+02 3.917584094527068e-18 6.809340641552770e-02
0 23 1.380466479561560e+02 4.450246302019192e-18 6.808760203530204e-02
1 9 1.399403830874192e+02 7.230851119347778e-18 5.051820801147938e-02
0 24 1.438926735332780e+02 3.889403496639513e-18 6.808620950879540e-02
0 25 1.497387470596612e+02 4.517412964148429e-18 6.808882591215691e-02
1 10 1.545238740137879e+02 4.241748260058464e-14 5.051884672675525e-02
0 26 1.555846845853541e+02 3.988629948771473e-18 6.809145100191562e-02
0 27 1.614306192126670e+02 3.916772044944489e-18 6.809249444914389e-02
0 28 1.672766664725443e+02 4.243083324477270e-18 6.808674780411880e-02
1 11 1.691071844300086e+02 3.511613545932739e-17 5.051886993416015e-02
0 29 1.731226901732112e+02 3.988559221364713e-18 6.808526719823066e-02
0 30 1.789687680781818e+02 4.193487931380006e-18 6.808775548850685e-02
1 12 1.836906723525975e+02 4.450074942363931e-16 5.051934519097608e-02
0 31 1.848147080409649e+02 4.241287086154260e-18 6.809034999954626e-02
0 32 1.906606407683150e+02 3.915950734324615e-18 6.809156310830648e-02
0 33 1.965066773031050e+02 3.916124289553076e-18 6.808589839009686e-02
1 13 1.982740000178420e+02 7.085119566842078e-18 5.051953020886359e-02
0 34 2.023526996817529e+02 4.095684348370772e-18 6.808433197679976e-02
0 35 2.081987826160311e+02 3.915839400985226e-18 6.808668418493619e-02
1 14 2.128574816334639e+02 7.035787134699957e-18 5.051984081412399e-02
0 36 2.140447256768046e+02 3.987450302674664e-18 6.808924171700247e-02
0 37 2.198906573451241e+02 4.193361183892164e-18 6.809062012709013e-02
0 38 2.257366837852826e+02 3.915281386507018e-18 6.808506132067708e-02
1 15 2.274408244255986e+02 7.013755174625576e-18 5.052018225771949e-02
0 39 2.315827054095766e+02 4.096626331161241e-18 6.808341153480353e-02
0 40 2.374287940227625e+02 3.987165836025125e-18 6.808561965228707e-02
1 16 2.420242964286484e+02 6.987098586126926e-18 5.052032673717568e-02
0 41 2.432747408426228e+02 4.442201948213331e-18 6.808813429245855e-02
0 42 2.491206723043100e+02 3.986585757025405e-18 6.808967329731067e-02
0 43 2.549666893384441e+02 3.914436556940786e-18 6.808424400577406e-02
1 17 2.566076517971437e+02 7.088143217450410e-18 5.052082466327395e-02
0 44 2.608127107767795e+02 4.193767344235359e-18 6.808251345774927e-02
0 45 2.666588057040998e+02 4.233648145996570e-18 6.808456944863778e-02
1 18 2.711911114529013e+02 7.043648894267572e-18 5.052078765775950e-02
0 46 2.725047569326029e+02 3.817911822830122e-18 6.808703572504221e-02
0 47 2.783506890388277e+02 4.193458047697941e-18 6.808873032642219e-02
0 48 2.841966974011712e+02 3.913593813391782e-18 6.808345359492607e-02
1 19 2.857744765949373e+02 7.017472767282636e-18 5.052144999637172e-02
0 49 2.900427192102234e+02 5.085975308718613e-18 6.808164508595936e-02
0 50 2.958888210592720e+02 4.193704632233930e-18 6.808354090168131e-02
1 20 3.003579207950138e+02 2.674285840607020e-16 5.052122877517199e-02
0 51 3.017347773226988e+02 3.985672847228367e-18 6.808595374153427e-02
0 52 3.075807109108101e+02 4.555804639189086e-18 6.808779869740378e-02
0 53 3.134267113683590e+02 3.818176021015125e-18 6.808269683790766e-02
1 21 3.149412934185636e+02 6.472089554664511e-17 5.052204895058585e-02
0 54 3.192727340808963e+02 4.228191256249678e-18 6.808081337785851e-02
0 55 3.251188434185752e+02 3.912549243654426e-18 6.808254097516751e-02
1 22 3.295247189882894e+02 6.043846245172253e-14 5.052164505292769e-02
0 56 3.309648053084110e+02 3.912195783033160e-18 6.808489566722625e-02
0 57 3.368107411896373e+02 3.911839984008615e-18 6.808688553307859e-02
0 58 3.426567345291405e+02 3.984937118701118e-18 6.808197995120445e-02
1 23 3.441080968253201e+02 7.027937278184222e-18 5.052261600665438e-02
0 59 3.485027586422979e+02 3.911876035099193e-18 6.808002477932761e-02
0 60 3.543488759821569e+02 4.193807061326298e-18 6.808157614180334e-02
1 24 3.586915007664895e+02 7.080392736687693e-18 5.052203189940933e-02
0 61 3.601948440439776e+02 3.984514747594399e-18 6.808386830316808e-02
