0 0 3.412612656196987e+00 4.489052845628683e-18 6.842179011090332e-02
1 0 8.775123909434569e+00 7.459072229915383e-18 4.734347647601054e-02
0 1 9.258454780561236e+00 3.985335997177765e-18 6.842391909297456e-02
0 2 1.510420096356160e+01 3.985708778129304e-18 6.842334672763925e-02
0 3 2.094995462676107e+01 4.732189176523215e-18 6.841989581810221e-02
1 1 2.335901231833078e+01 7.522146777443561e-18 4.734142509522173e-02
0 4 2.679577850625050e+01 3.921056469990346e-18 6.841897848275054e-02
0 5 3.264186296601488e+01 3.920949003305340e-18 6.842289199033595e-02
1 2 3.794245551241503e+01 7.443617810158122e-18 4.734275387385916e-02
0 6 3.848770543998916e+01 4.494714690430413e-18 6.842502052201491e-02
0 7 4.433344867754955e+01 3.921740981625782e-18 6.842463505490776e-02
0 8 5.017919588114910e+01 4.459372900348745e-18 6.842133886333515e-02
1 3 5.252635013017220e+01 7.539263623497825e-18 4.734073908329241e-02
0 9 5.602501370590406e+01 4.312557403791401e-18 6.842034407354991e-02
0 10 6.187110162134074e+01 4.047233243763315e-18 6.842385805435539e-02
1 4 6.710979879235086e+01 5.082036807969887e-16 4.734212714490158e-02
0 11 6.771694711943432e+01 3.861068662589164e-18 6.842598026837930e-02
0 12 7.356269034438158e+01 3.988372280672675e-18 6.842579081511732e-02
0 13 7.940843425146575e+01 3.860928009281578e-18 6.842265245724147e-02
1 5 8.169368811517883e+01 8.781587601011702e-18 4.734015688648500e-02
0 14 8.525424884170914e+01 4.695844197026892e-18 6.842158114134875e-02
0 15 9.110034188473449e+01 3.796182769072910e-18 6.842467887601311e-02
1 6 9.627713284534487e+01 4.581362020857294e-15 4.734160739584710e-02
0 16 9.694619308625643e+01 3.924916776767782e-18 6.842678914900056e-02
0 17 1.027919392555526e+02 4.173643444772777e-18 6.842680460741220e-02
0 18 1.086376830204397e+02 3.990226514245362e-18 6.842382681383641e-02
1 7 1.108610054080492e+02 7.533194789495657e-18 4.733968604149819e-02
0 19 1.144834972008485e+02 3.860337486026671e-18 6.842267994921926e-02
0 20 1.203295969898462e+02 3.860214875453505e-18 6.842534756853827e-02
1 8 1.254444369444689e+02 7.474336176856572e-18 4.734120041444768e-02
0 21 1.261754565293486e+02 4.453925246621114e-18 6.842744051970627e-02
0 22 1.320212085757546e+02 3.991041451324101e-18 6.842766954648286e-02
0 23 1.378669552948494e+02 3.927834882501003e-18 6.842485469725519e-02
1 9 1.400282815022570e+02 7.452824489913782e-18 4.733933212805689e-02
0 24 1.437127718445633e+02 3.859812945586394e-18 6.842363331819573e-02
0 25 1.495588799052084e+02 5.142727976905679e-18 6.842585991485491e-02
1 10 1.546116909905498e+02 7.551699489188106e-18 4.734090094173066e-02
0 26 1.554047503234684e+02 4.041127289702617e-18 6.842793040268140e-02
0 27 1.612505111078787e+02 3.928972115916306e-18 6.842838138582349e-02
0 28 1.670962637712372e+02 3.929591342657735e-18 6.842573153882021e-02
1 11 1.691954963248587e+02 7.571577891596250e-18 4.733910617347392e-02
0 29 1.729420853746276e+02 4.039854365137790e-18 6.842443674619848e-02
0 30 1.787882031020712e+02 3.859244593401873e-18 6.842621445767234e-02
1 12 1.837788757569921e+02 7.499952536361038e-18 4.734069776385551e-02
0 31 1.846340867983820e+02 4.315573349908424e-18 6.842825757512484e-02
0 32 1.904798590635787e+02 3.795956343465208e-18 6.842893860082393e-02
0 33 1.963256205079188e+02 3.931294450133201e-18 6.842645551416202e-02
1 13 1.983626314098716e+02 1.704662063882644e-15 4.733900438760313e-02
0 34 2.021714497068694e+02 4.794677467167389e-18 6.842508848700818e-02
0 35 2.080175783299355e+02 4.342539023777537e-18 6.842641254856853e-02
1 14 2.129459729161565e+02 7.690290949182848e-18 4.734061212540281e-02
0 36 2.138634775164469e+02 4.311960089037743e-18 6.842842361745519e-02
0 37 2.197092638429855e+02 4.282438129455650e-18 6.842934243014143e-02
0 38 2.255550367068535e+02 3.796045723514145e-18 6.842702757891579e-02
1 15 2.275296695530784e+02 1.647419868737015e-15 4.733902406088185e-02
0 39 2.314008758552743e+02 3.796123235502122e-18 6.842558958779713e-02
0 40 2.372470164032876e+02 3.995649260864640e-18 6.842645835436578e-02
1 16 2.421129659703267e+02 7.500277956150912e-18 4.734064165912399e-02
0 41 2.430929330621149e+02 4.173620912206232e-18 6.842843291928638e-02
0 42 2.489387358270235e+02 4.527689825183622e-18 6.842959687369479e-02
0 43 2.547845225088141e+02 3.796030493064278e-18 6.842745146138900e-02
1 17 2.566965952050734e+02 7.478692758181679e-18 4.733916224245565e-02
0 44 2.606303737300963e+02 4.173694218415658e-18 6.842594388359020e-02
0 45 2.664765270029415e+02 4.786501374980944e-18 6.842635881890027e-02
1 18 2.712798402923480e+02 7.457413346513793e-18 4.734078189658331e-02
0 46 2.723224628467664e+02 4.785757580256822e-18 6.842829264118677e-02
0 47 2.781682841857385e+02 4.293397835105684e-18 6.842970864545880e-02
0 48 2.840140868052733e+02 3.997523073771267e-18 6.842773361042109e-02
1 19 2.858633947536938e+02 7.478383104355308e-18 4.733941458643776e-02
0 49 2.898599519534017e+02 3.997865180498359e-18 6.842615794685683e-02
0 50 2.957061184954067e+02 4.357781900772930e-18 6.842612357841996e-02
1 20 3.004465837255714e+02 7.443680866322643e-18 4.734101358583826e-02
0 51 3.015520749323060e+02 3.857502912377336e-18 6.842801263037337e-02
0 52 3.073979167060693e+02 4.844217971988791e-18 6.842968707940281e-02
0 53 3.132437370704538e+02 4.441872128527500e-18 6.842788309680767e-02
1 21 3.150300567010110e+02 7.480893521958009e-18 4.733977638851417e-02
0 54 3.190896176955086e+02 4.173693515902418e-18 6.842624099057962e-02
0 55 3.249357977737304e+02 3.857330376868108e-18 6.842576482949107e-02
1 22 3.296131859348640e+02 3.190815860631951e-15 4.734133522049812e-02
0 56 3.307817758769534e+02 3.998964291979603e-18 6.842760528913157e-02
0 57 3.366276396424699e+02 4.031433779156196e-18 6.842954398760345e-02
0 58 3.424734792169393e+02 3.999452468463434e-18 6.842791146734764e-02
1 23 3.441965726336041e+02 7.546911809590512e-18 4.734023562878713e-02
0 59 3.483193765357088e+02 4.633359217251076e-18 6.842620472382607e-02
0 60 3.541655701231396e+02 3.857053283143894e-18 6.842529714932583e-02
1 24 3.587796392508586e+02 7.344802768853359e-16 4.734174184768539e-02
0 61 3.600115706064930e+02 3.796135432764118e-18 6.842708539579886e-02
