0 0 3.567863442743910e+00 4.030642550605367e-18 6.476059312782660e-02
1 0 8.798400167526610e+00 6.951442745198053e-18 5.205688244592633e-02
0 1 9.413841199606443e+00 4.370966093054772e-18 6.476314643645156e-02
0 2 1.525990682201427e+01 4.712898365598832e-18 6.476427293601859e-02
0 3 2.110608589627496e+01 4.085751598966462e-18 6.476055102889215e-02
1 1 2.338131620510865e+01 6.774065530344093e-18 5.205425892530884e-02
0 4 2.695218072396987e+01 4.085742589700998e-18 6.475957805944932e-02
0 5 3.279828526125284e+01 4.104197238980323e-18 6.476120014818147e-02
1 2 3.796464713996655e+01 6.801206256253719e-18 5.205613157210331e-02
0 6 3.864428748395947e+01 4.297537772406768e-18 6.476379457525581e-02
0 7 4.449037931560887e+01 4.011856814150698e-18 6.476519153547244e-02
0 8 5.033658069414087e+01 4.030636186975431e-18 6.476136170053620e-02
1 3 5.254745724311501e+01 6.822448616594602e-18 5.205360661971199e-02
0 9 5.618269650672412e+01 4.698856364691793e-18 6.476028249791098e-02
0 10 6.202882390810163e+01 4.848777501151393e-18 6.476180448188573e-02
1 4 6.713070192605649e+01 1.259133691252530e-14 5.205536926385216e-02
0 11 6.787485012600213e+01 4.607727338084114e-18 6.476442585626721e-02
0 12 7.372096721278854e+01 4.552251211854144e-18 6.476608273331047e-02
0 13 7.956718949831067e+01 4.159064173049313e-18 6.476215087469954e-02
1 5 8.171341129950540e+01 9.814575310264574e-17 5.205298010440286e-02
0 14 8.541332498368999e+01 4.103960938636222e-18 6.476096642952545e-02
0 15 9.125947418665976e+01 4.275840840326559e-18 6.476238711163497e-02
1 6 9.629657360805911e+01 1.099457017758163e-15 5.205462671334415e-02
0 16 9.710552348377639e+01 4.103685049628738e-18 6.476502257083888e-02
0 17 1.029516644244178e+02 4.248717693324219e-18 6.476692659975021e-02
0 18 1.087979057892528e+02 4.294463933485575e-18 6.476289967275581e-02
1 7 1.108791893093335e+02 6.919614971322468e-18 5.205239453699661e-02
0 19 1.146440592364337e+02 4.030635124291494e-18 6.476161119449959e-02
0 20 1.204902287728939e+02 4.030561342221949e-18 6.476292939953525e-02
1 8 1.254622747574581e+02 6.962098920286194e-18 5.205391894032454e-02
0 21 1.263362998077530e+02 4.030452513538116e-18 6.476556730476099e-02
0 22 1.321824627780023e+02 4.294222058723739e-18 6.476770386196193e-02
0 23 1.380287209910286e+02 4.248987595371010e-18 6.476358996230164e-02
1 9 1.400448055715667e+02 6.775094167342263e-18 5.205186434345179e-02
0 24 1.438748903191013e+02 4.159215210611770e-18 6.476219889333074e-02
0 25 1.497210783429089e+02 4.295276577634968e-18 6.476341346820183e-02
1 10 1.546278212030673e+02 6.788202462777571e-18 5.205325943008280e-02
0 26 1.555671693766667e+02 4.030410311925926e-18 6.476604330505972e-02
0 27 1.614133521621869e+02 4.030271811153039e-18 6.476839628376777e-02
0 28 1.672596246241089e+02 4.249064846651807e-18 6.476420473009212e-02
1 11 1.692102772691413e+02 6.775096414057247e-18 5.205141068539952e-02
0 29 1.731058074191840e+02 4.085625888350529e-18 6.476271275897170e-02
0 30 1.789520117416357e+02 4.297058478796834e-18 6.476382257322434e-02
1 12 1.837932318818712e+02 7.008978889994125e-18 5.205263776363628e-02
0 31 1.847981206741127e+02 4.159240104887252e-18 6.476643484692349e-02
0 32 1.906443207114764e+02 4.296774629934783e-18 6.476898703084014e-02
0 33 1.964906044979069e+02 4.558358087796329e-18 6.476472843704252e-02
1 13 1.983756246614842e+02 1.085340112719245e-14 5.205104478352494e-02
0 34 2.023367980573849e+02 4.613908720567383e-18 6.476313751106154e-02
0 35 2.081830161900310e+02 4.011904428519085e-18 6.476414145764685e-02
1 14 2.129585279732624e+02 7.979578271032197e-17 5.205209224573071e-02
0 36 2.140291406030709e+02 4.370771089929330e-18 6.476672758921496e-02
0 37 2.198753550281001e+02 4.085142492412452e-18 6.476946101228380e-02
0 38 2.257216469397189e+02 4.616247146962184e-18 6.476514734591102e-02
1 15 2.275408705555919e+02 1.528573493236923e-15 5.205077070605905e-02
0 39 2.315678483230449e+02 4.159936433879793e-18 6.476345968294417e-02
0 40 2.374140775270134e+02 4.085305795641987e-18 6.476435667918765e-02
1 16 2.421237330932733e+02 6.879844860608727e-18 5.205163406445527e-02
0 41 2.432602147343546e+02 4.159841252566061e-18 6.476690890724503e-02
0 42 2.491064404367803e+02 4.354111219888176e-18 6.476980518985206e-02
0 43 2.549527370556052e+02 4.565659390089866e-18 6.476544981274801e-02
1 17 2.567060395436592e+02 6.989284650991952e-18 5.205059710633694e-02
0 44 2.607989431404332e+02 4.565957820443414e-18 6.476366791268796e-02
0 45 2.666451804812150e+02 4.370870845257898e-18 6.476445690138323e-02
1 18 2.712888726185196e+02 6.864945911271015e-18 5.205127271977394e-02
0 46 2.724913275838384e+02 4.085044630720959e-18 6.476696819223896e-02
0 47 2.783375612670800e+02 4.086882625600522e-18 6.477000884676255e-02
0 48 2.841838590177127e+02 4.566999360232811e-18 6.476562653401348e-02
1 19 2.858711576899096e+02 6.776243866765608e-18 5.205053072338753e-02
0 49 2.900300665602357e+02 4.357063173713262e-18 6.476375319013786e-02
0 50 2.958763089667201e+02 4.087571191416410e-18 6.476443314064675e-02
1 20 3.004539733783735e+02 7.048150908795270e-18 5.205100564986998e-02
0 51 3.017224629124779e+02 4.087461436510288e-18 6.476689710808137e-02
0 52 3.075687011572313e+02 4.625248025846252e-18 6.477006380904660e-02
0 53 3.134149963718223e+02 4.568394842793048e-18 6.476567074235125e-02
1 21 3.150362516981338e+02 7.241922427988697e-18 5.205057738502992e-02
0 54 3.192612020699423e+02 4.933525913312649e-18 6.476370905313146e-02
0 55 3.251074463964037e+02 4.359245373956390e-18 6.476427896235494e-02
1 22 3.296190626938848e+02 7.098476927131284e-15 5.205084104995171e-02
0 56 3.309536040426428e+02 4.838040986894729e-18 6.476668979741003e-02
0 57 3.367998433729023e+02 4.294237617134820e-18 6.476996461358928e-02
0 58 3.426461323585061e+02 4.557526751609571e-18 6.476557834539481e-02
1 23 3.442013495871383e+02 2.731265967171104e-17 5.205073832286213e-02
0 59 3.484923329164753e+02 4.840517984606103e-18 6.476353172739119e-02
0 60 3.543385760061686e+02 4.088659299974703e-18 6.476399062048438e-02
1 24 3.587841680438700e+02 2.538016406362031e-15 5.205078980680534e-02
0 61 3.601847341840190e+02 5.270390980296556e-18 6.476634303085405e-02
