0 0 3.420244601647468e+00 4.264580572344440e-18 6.668984055217003e-02
1 0 8.632379549403296e+00 4.050311270231032e-16 4.852474001654416e-02
0 1 9.266182371911034e+00 4.743563350307610e-18 6.669220500153612e-02
0 2 1.511205045827381e+01 4.006564674150642e-18 6.669247404030326e-02
0 3 2.095794662116385e+01 4.073700954593614e-18 6.668828446613893e-02
1 1 2.321598228653147e+01 5.204763887899368e-17 4.852290995220363e-02
0 4 2.680386178244944e+01 3.895936321667237e-18 6.668718534819326e-02
0 5 3.264994455923356e+01 4.007372096686401e-18 6.669011452822991e-02
1 2 3.779939549465080e+01 1.823399469461539e-14 4.852467423663949e-02
0 6 3.849588491223133e+01 3.962154774284836e-18 6.669246983741116e-02
0 7 4.434175490491263e+01 4.297419077778415e-18 6.669294316382782e-02
0 8 5.018764600817649e+01 4.556708817566935e-18 6.668885407606165e-02
1 3 5.238299196349338e+01 7.437837577906245e-18 4.852287863308896e-02
0 9 5.603355785474546e+01 5.204227300775185e-18 6.668767701220209e-02
0 10 6.187964247215260e+01 4.074820674597297e-18 6.669038663131209e-02
1 4 6.696641446052315e+01 7.344702542736326e-18 4.852460647658110e-02
0 11 6.772558529865252e+01 4.008764194502909e-18 6.669272544765741e-02
0 12 7.357145739869394e+01 4.009028932466307e-18 6.669340605028308e-02
0 13 7.941734372594603e+01 4.075512091387752e-18 6.668942837130842e-02
1 5 8.155000425689192e+01 7.268929489410546e-18 4.852285050285348e-02
0 14 8.526325228140705e+01 4.264637330800977e-18 6.668817486033989e-02
0 15 9.110933840512598e+01 4.849420015183362e-18 6.669065574048291e-02
1 6 9.613343646887952e+01 7.316579650203352e-18 4.852451984585134e-02
0 16 9.695528359479918e+01 4.849688483613791e-18 6.669297121285814e-02
0 17 1.028011580104583e+02 3.895574920160821e-18 6.669386124386541e-02
0 18 1.086470398623758e+02 3.961409072607323e-18 6.669000542683365e-02
1 7 1.107170187210145e+02 7.651219288580756e-18 4.852283417486321e-02
0 19 1.144929451651149e+02 4.149305668267153e-18 6.668867707145054e-02
0 20 1.203390324569253e+02 3.895750866723558e-18 6.669092079013797e-02
1 8 1.253004612435564e+02 7.266207983769655e-18 4.852441873127692e-02
0 21 1.261849798988054e+02 4.777874321268584e-18 6.669320655598727e-02
0 22 1.320308568447586e+02 3.895550324340615e-18 6.669430734039937e-02
0 23 1.378767345375099e+02 4.264509638094570e-18 6.669058334838897e-02
1 9 1.398840355737317e+02 2.488952563744392e-15 4.852282288025262e-02
0 24 1.437226366400585e+02 4.853031595386361e-18 6.668918186125689e-02
0 25 1.495687247587362e+02 4.971859459779506e-18 6.669118079514248e-02
1 10 1.544674884245344e+02 8.735295124851305e-17 4.852431804044112e-02
0 26 1.554146743414969e+02 4.012520029158739e-18 6.669343096283169e-02
0 27 1.612605540378796e+02 4.551048566876488e-18 6.669474301230459e-02
0 28 1.671064279013983e+02 4.078239882951153e-18 6.669116029891606e-02
1 11 1.690510546139619e+02 5.969103964507551e-14 4.852281746814691e-02
0 29 1.729523268696182e+02 3.960692641346186e-18 6.668968750980825e-02
0 30 1.787984154717797e+02 5.265487012061401e-18 6.669143487459386e-02
1 12 1.836345177460883e+02 7.352105510392106e-18 4.852421873907944e-02
0 31 1.846443670838449e+02 4.013777734476394e-18 6.669364400236324e-02
0 32 1.904902497551452e+02 4.013990785213260e-18 6.669516703224888e-02
0 33 1.963361201312705e+02 4.385955772681468e-18 6.669173452329047e-02
1 13 1.982180756013980e+02 7.301385568172834e-18 4.852281868786259e-02
0 34 2.021820160434015e+02 4.145401226311781e-18 6.669019238738255e-02
0 35 2.080281047843162e+02 4.014899760343397e-18 6.669168227377253e-02
1 14 2.128015489044592e+02 7.267650409645860e-18 4.852412174932910e-02
0 36 2.138740583138336e+02 4.323415066441286e-18 6.669384534646744e-02
0 37 2.197199441876703e+02 4.015237554033030e-18 6.669557829506061e-02
0 38 2.255658114281918e+02 4.015739500579982e-18 6.669230437101224e-02
1 15 2.273850980636656e+02 7.289956210786901e-18 4.852282795421602e-02
0 39 2.314117043738071e+02 4.016137187943967e-18 6.669069497844828e-02
0 40 2.372577929082042e+02 4.080389908436391e-18 6.669192238394370e-02
1 16 2.419685819607679e+02 7.319449549345124e-18 4.852400803031916e-02
0 41 2.431037482429149e+02 4.016300586420700e-18 6.669403478850965e-02
0 42 2.489496375487293e+02 4.264254266899279e-18 6.669597583756992e-02
0 43 2.547955020133696e+02 4.330364182864954e-18 6.669286831655724e-02
1 17 2.565521216706545e+02 7.301381366406343e-18 4.852284618210072e-02
0 44 2.606413920922650e+02 4.017386325718153e-18 6.669119390339777e-02
0 45 2.664874800751437e+02 4.017426325755762e-18 6.669215475967295e-02
1 18 2.711356161119121e+02 9.852998642776841e-15 4.852389727906724e-02
0 46 2.723334371021644e+02 4.396366925384663e-18 6.669421226022525e-02
0 47 2.781793300698434e+02 4.017737258897999e-18 6.669635885605743e-02
0 48 2.840251921241987e+02 4.398568125216098e-18 6.669342497710053e-02
1 19 2.857191463206065e+02 6.105543057263423e-17 4.852287295914534e-02
0 49 2.898710794452151e+02 4.264451108420205e-18 6.669168793776242e-02
0 50 2.957171665326487e+02 4.336355417091397e-18 6.669237913328169e-02
1 20 3.003026509595444e+02 2.141163019291214e-14 4.852379084965194e-02
0 51 3.015631251381740e+02 4.420939711689665e-18 6.669437784638263e-02
0 52 3.074090219966090e+02 4.140644997333291e-18 6.669672672094042e-02
0 53 3.132548820100576e+02 4.834271370842157e-18 6.669397312725399e-02
1 21 3.148861716681816e+02 7.326046566540481e-18 4.852290850630497e-02
0 54 3.191007666898305e+02 4.403931970120161e-18 6.669217602854138e-02
0 55 3.249468525397503e+02 4.083194436829235e-18 6.669259542604368e-02
1 22 3.294696861051870e+02 7.375701578324727e-18 4.852368931972439e-02
0 56 3.307928126086773e+02 3.895560838783819e-18 6.669453179667177e-02
0 57 3.366387135842652e+02 4.417407962915348e-18 6.669707898831649e-02
0 58 3.424845719278534e+02 4.406985774191706e-18 6.669451171043358e-02
1 23 3.440531973566833e+02 7.266319556559130e-18 4.852295288846595e-02
0 59 3.483304540894933e+02 4.345229029632535e-18 6.669265730724469e-02
0 60 3.541765383624481e+02 4.084130843972170e-18 6.669280375582791e-02
1 24 3.586367213347551e+02 7.403231438686746e-18 4.852359050406740e-02
0 61 3.600224997779412e+02 4.084216441995487e-18 6.669467453438423e-02
