0 0 3.507830303714268e+00 9.117560430326715e-18 6.965779714662765e-02
1 0 8.701033971278235e+00 7.071000545243081e-18 5.031923089567524e-02
0 1 9.353728362890946e+00 5.165647274925670e-18 6.966044254853068e-02
0 2 1.519958276639335e+01 5.099004348344453e-18 6.966053558900497e-02
0 3 2.104554329692663e+01 5.036736642266866e-18 6.965536107681075e-02
1 1 2.328460359656279e+01 7.011154657549987e-18 5.031822445451542e-02
0 4 2.689152480516579e+01 4.988010089324115e-18 6.965425822424462e-02
0 5 3.273760265643674e+01 4.958822190631168e-18 6.965755859361497e-02
1 2 3.786805204551278e+01 3.351400989563500e-16 5.031932046852137e-02
0 6 3.858350498220644e+01 4.876257231040455e-18 6.966021064832227e-02
0 7 4.442935989022331e+01 4.820350422884786e-18 6.966051828263216e-02
0 8 5.027531298941228e+01 4.784655221313747e-18 6.965540297943541e-02
1 3 5.245162589371052e+01 2.974636414884816e-17 5.031836418824509e-02
0 9 5.612129273764093e+01 4.721325453731828e-18 6.965420578773471e-02
0 10 6.196737585066940e+01 4.699012928558507e-18 6.965732607734403e-02
1 4 6.703506874129036e+01 4.548241306941606e-14 5.031940294926817e-02
0 11 6.781328246193245e+01 4.616503984871133e-18 6.965997583155756e-02
0 12 7.365913815112663e+01 4.544177819024586e-18 6.966049996561004e-02
0 13 7.950508392774270e+01 4.539823092179984e-18 6.965545980348199e-02
1 5 8.161864658762423e+01 7.058151010687917e-18 5.031849755536707e-02
0 14 8.535106175981923e+01 4.547588313985486e-18 6.965416994665920e-02
0 15 9.119714988731542e+01 4.475452661886200e-18 6.965710029565050e-02
1 6 9.620208403545954e+01 7.023234640513404e-18 5.031947773264499e-02
0 16 9.704306078588712e+01 4.478322309115215e-18 6.965973940415768e-02
0 17 1.028889175307567e+02 4.467108595344922e-18 6.966048100224929e-02
0 18 1.087348561145607e+02 4.371638286117377e-18 6.965553161204850e-02
1 7 1.107856656520547e+02 7.018864777349387e-18 5.031862405180272e-02
0 19 1.145808318747163e+02 4.353897974345128e-18 6.965415090159412e-02
0 20 1.204269247489302e+02 4.300106757432435e-18 6.965688183115126e-02
1 8 1.253690980750516e+02 7.194453936099012e-18 5.031953270434508e-02
0 21 1.262728399201079e+02 4.276509673018879e-18 6.965950252717974e-02
0 22 1.321186979921856e+02 4.230721537963911e-18 6.966046165330150e-02
0 23 1.379646295332992e+02 4.181097395883408e-18 6.965561830424630e-02
1 9 1.399526827581218e+02 7.098290661052674e-18 5.031875708662058e-02
0 24 1.438106030666305e+02 4.201622231295643e-18 6.965414869355589e-02
0 25 1.496567003998831e+02 4.177728412651065e-18 6.965667114360763e-02
1 10 1.545361108556221e+02 7.273066401701571e-18 5.031956657711818e-02
0 26 1.555026198132031e+02 4.202209345185304e-18 6.965926620732821e-02
0 27 1.613484794803495e+02 4.371514129205939e-18 6.966044206985905e-02
0 28 1.671944041485804e+02 4.111893090595999e-18 6.965571961057533e-02
1 11 1.691196982957880e+02 1.819060717464356e-15 5.031888324476380e-02
0 29 1.730403753016105e+02 4.159185796961422e-18 6.965416320027509e-02
0 30 1.788864767869634e+02 4.222843084936689e-18 6.965646856646925e-02
1 12 1.837031222645934e+02 7.137329868148724e-18 5.031959194641105e-02
0 31 1.847324003970112e+02 4.166739189519686e-18 6.965903129152647e-02
0 32 1.905782619227986e+02 4.171703361421437e-18 6.966042228953269e-02
0 33 1.964241799069202e+02 4.177263519748749e-18 6.965583509064849e-02
1 13 1.982867123325464e+02 3.409755866039206e-14 5.031900204064033e-02
0 34 2.022701485282321e+02 4.113016864214794e-18 6.965419413494439e-02
0 35 2.081162538403065e+02 4.074658306406860e-18 6.965627430566487e-02
1 14 2.128701323872756e+02 7.021434223620839e-18 5.031960896522909e-02
0 36 2.139621815875859e+02 4.041198583752238e-18 6.965879846514053e-02
0 37 2.198080452307777e+02 3.979900907950453e-18 6.966040223487861e-02
0 38 2.256539567377738e+02 4.124733345700630e-18 6.965596413323329e-02
1 15 2.274537249553614e+02 7.022754047766234e-18 5.031911337923729e-02
0 39 2.314999226787188e+02 3.981784399866081e-18 6.965424104741938e-02
0 40 2.373460314746659e+02 3.981814796367692e-18 6.965608844064848e-02
1 16 2.420371413339190e+02 7.012072689328110e-18 5.031961793547192e-02
0 41 2.431919632865256e+02 4.101194724661054e-18 6.965856825352273e-02
0 42 2.490378293006573e+02 3.992902786566009e-18 6.966038171409625e-02
0 43 2.548837345549434e+02 3.892403774301099e-18 6.965610595862753e-02
1 17 2.566207361137972e+02 7.253303803245523e-18 5.031922019864771e-02
0 44 2.607296976704131e+02 3.921274709413106e-18 6.965430332790461e-02
0 45 2.665758095910279e+02 4.180677114201236e-18 6.965591092775168e-02
1 18 2.712041495942800e+02 7.022036157894086e-18 5.031960840805728e-02
0 46 2.724217453826315e+02 3.948561919764613e-18 6.965834102663447e-02
0 47 2.782676140156880e+02 3.895068027650155e-18 6.966036042406171e-02
0 48 2.841135132583111e+02 4.169523891094724e-18 6.965625962341043e-02
1 19 2.857877458626554e+02 7.011142639979099e-18 5.031932460023854e-02
0 49 2.899594734075555e+02 3.849625535613587e-18 6.965438021317219e-02
0 50 2.958055880785097e+02 3.854773241709105e-18 6.965574160587311e-02
1 20 3.003711569790796e+02 6.570726013106797e-15 5.031959021150337e-02
0 51 3.016515277538239e+02 3.872769531007569e-18 6.965811700652728e-02
0 52 3.074973992479958e+02 3.942555992505733e-18 6.966033795573154e-02
0 53 3.133432927358054e+02 3.829321839003829e-18 6.965642402754228e-02
1 21 3.149547546173393e+02 7.112489448484521e-18 5.031942234885574e-02
0 54 3.191892497832723e+02 3.875970024146885e-18 6.965447079529728e-02
0 55 3.250353668164457e+02 3.853730931941999e-18 6.965558020444620e-02
1 22 3.295381636150533e+02 1.327446533279796e-14 5.031956535029134e-02
0 56 3.308813102692224e+02 3.835072923781571e-18 6.965789627742655e-02
0 57 3.367271848607199e+02 3.787255167221884e-18 6.966031380185821e-02
0 58 3.425730728654958e+02 3.981215548093092e-18 6.965659792369669e-02
1 23 3.441217625507294e+02 7.050626987089377e-18 5.031951374811292e-02
0 59 3.484190266816802e+02 3.771012609998794e-18 6.965457403279161e-02
0 60 3.542651456765782e+02 3.857794060119960e-18 6.965542635350093e-02
1 24 3.587051696892029e+02 7.043363422040608e-18 5.031953461384383e-02
0 61 3.601110927913222e+02 3.839185679760632e-18 6.965767879807472e-02
