0 0 3.836822240908367e+00 2.500297301595652e-16 6.642474749996452e-02
1 0 6.891826633144377e+00 2.305307923034006e-15 5.495584043158575e-02
0 1 9.732136349048677e+00 2.670623226430319e-16 6.642476364540943e-02
0 2 1.562775298454992e+01 2.757720033554570e-16 6.641178647666363e-02
1 1 1.729498359690745e+01 6.026610392805015e-18 5.496346766491596e-02
0 3 2.152304458472211e+01 2.953801190032136e-16 6.640853377980097e-02
0 4 2.741809147695484e+01 3.267102757955045e-16 6.640609947739813e-02
1 2 2.769850294601188e+01 5.954976422358479e-18 5.496242189620388e-02
0 5 3.331294271689284e+01 3.676812439748519e-16 6.640340687704059e-02
1 3 3.810237607986063e+01 5.991273401745305e-18 5.496564850170280e-02
0 6 3.920796303440092e+01 1.763158574350785e-16 6.640726957372342e-02
0 7 4.510343153457809e+01 1.716399608791075e-16 6.642639942091975e-02
1 4 4.850581610609625e+01 7.472957911915609e-17 5.495433011882441e-02
0 8 5.099865230447800e+01 1.639895181239011e-16 6.642734391098037e-02
0 9 5.689445104507140e+01 1.582183634193302e-16 6.641800330987198e-02
1 5 5.890879152615909e+01 6.000454246911326e-18 5.496047980554784e-02
0 10 6.278980432551229e+01 1.523370876875239e-16 6.641541941780311e-02
0 11 6.868493112535702e+01 1.474860191289044e-16 6.640778421010264e-02
1 6 6.931229436531507e+01 5.958191401258064e-18 5.496297081122788e-02
0 12 7.457988205284208e+01 1.401766730526209e-16 6.640393957550553e-02
1 7 7.971598627812833e+01 4.962935358326482e-15 5.496395898342975e-02
0 13 8.047488637867971e+01 1.328504357260529e-16 6.640806061609293e-02
0 14 8.636998630381544e+01 1.282046180544778e-16 6.642400899898837e-02
1 8 9.011990904662096e+01 6.192669731756239e-18 5.495554056802063e-02
0 15 9.226510718529690e+01 1.210163811509699e-16 6.642584526207496e-02
0 16 9.816104218685621e+01 1.170523291394059e-16 6.642349362077808e-02
1 9 1.005227241146081e+02 5.958693436627317e-18 5.495772189455477e-02
0 17 1.040564185273671e+02 1.120740471324517e-16 6.642170646743494e-02
0 18 1.099516707666557e+02 1.076797522792099e-16 6.641010177241749e-02
1 10 1.109261719104364e+02 6.124009310553783e-18 5.496301574681134e-02
0 19 1.158467385047292e+02 1.023838025828841e-16 6.640610376688644e-02
1 11 1.213297542284899e+02 8.950015819086973e-16 5.496146156780052e-02
0 20 1.217417308899953e+02 9.613576941232237e-17 6.640991955238645e-02
0 21 1.276365909145020e+02 9.126829925522732e-17 6.641839062703821e-02
1 12 1.317339113588901e+02 5.993456515137314e-18 5.495892750541738e-02
0 22 1.335316462230105e+02 8.605834433938016e-17 6.642104127524207e-02
0 23 1.394276085077294e+02 8.301709064465533e-17 6.642807289645393e-02
1 13 1.421366802065169e+02 5.980448727239228e-18 5.495515055249551e-02
0 24 1.453229745256030e+02 7.952799525177282e-17 6.642716737951182e-02
0 25 1.512183982782474e+02 7.560206589664394e-17 6.641361326189277e-02
1 14 1.525400063951390e+02 7.609049642943810e-16 5.496228915767466e-02
0 26 1.571135882302133e+02 7.146761969607692e-17 6.640986726818572e-02
0 27 1.630085921062688e+02 6.758320585813266e-17 6.641181609898758e-02
1 15 1.629435385288536e+02 6.249227803829517e-18 5.495904344830684e-02
0 28 1.689033894415044e+02 6.382849608680532e-17 6.641297058998123e-02
1 16 1.733476243788788e+02 5.944252250933292e-18 5.496187372602594e-02
0 29 1.747984203721443e+02 5.880837143413756e-17 6.641631539431662e-02
0 30 1.806942232178286e+02 5.702085750709039e-17 6.643193161145286e-02
1 17 1.837506026056621e+02 6.230033803792142e-18 5.495249839673109e-02
0 31 1.865895363940650e+02 5.486714604890813e-17 6.643195102291773e-02
0 32 1.924851536540024e+02 5.198994947571922e-17 6.641896906810625e-02
1 18 1.941537593034970e+02 5.525342527851117e-15 5.496013617688326e-02
0 33 1.983804458183687e+02 4.919050475774172e-17 6.641571804858193e-02
0 34 2.042754929244707e+02 4.691415601828734e-17 6.641326602036818e-02
1 19 2.045572783929115e+02 6.058240328757624e-18 5.495909322957770e-02
0 35 2.101703451544027e+02 4.289959081092934e-17 6.641056784487769e-02
1 20 2.149611492357290e+02 6.159324884074018e-18 5.496232229060553e-02
0 36 2.160653660737746e+02 3.989075731880444e-17 6.641443631736850e-02
0 37 2.219608322049346e+02 3.813560859791787e-17 6.643357076115934e-02
1 21 2.253645931142003e+02 4.937978111135782e-17 5.495099788692208e-02
0 38 2.278560517375244e+02 3.591176961737990e-17 6.643451829240490e-02
0 39 2.337518513339339e+02 3.493463313659511e-17 6.642518505935525e-02
1 22 2.357675678467210e+02 6.006110376950141e-18 5.495714848765982e-02
0 40 2.396472046907344e+02 3.279340694366494e-17 6.642260392776345e-02
0 41 2.455423314723196e+02 3.024059877966307e-17 6.641496525360412e-02
1 23 2.461710710493755e+02 5.954855694411680e-18 5.495965222857024e-02
0 42 2.514372834518217e+02 2.831649628021688e-17 6.641111089427022e-02
1 24 2.565747612897271e+02 6.390545647362522e-18 5.496062571058088e-02
0 43 2.573322882679584e+02 2.568506206067641e-17 6.641524017630887e-02
0 44 2.632273859473390e+02 2.420366941751794e-17 6.643114967732650e-02
1 25 2.669786873319082e+02 2.807571675525680e-15 5.495223251747458e-02
0 45 2.691225059034815e+02 2.383419394263275e-17 6.643298889037270e-02
0 46 2.750184419532006e+02 2.228721773258225e-17 6.643066765126275e-02
1 26 2.773815011004753e+02 5.948339517793632e-18 5.495439644407432e-02
0 47 2.809138180646417e+02 2.081579695756297e-17 6.642888380954969e-02
0 48 2.868090704184647e+02 2.007473467408100e-17 6.641727531321798e-02
1 27 2.877849493452102e+02 5.994835972974361e-18 5.495969847446132e-02
0 49 2.927041391914881e+02 1.781774746013915e-17 6.641327229831766e-02
1 28 2.981885303040958e+02 6.544130647161563e-18 5.495813132652968e-02
0 50 2.985991320927563e+02 1.823634183497567e-17 6.641709314123026e-02
0 51 3.044939911971408e+02 1.553731797449401e-17 6.642551384105991e-02
1 29 3.085926880349605e+02 6.197688439518759e-18 5.495563192044536e-02
0 52 3.103890463576752e+02 1.414815772657702e-17 6.642816758902606e-02
0 53 3.162850091706014e+02 1.257764538449446e-17 6.643525091880516e-02
1 30 3.189954561596159e+02 6.173606673151836e-18 5.495181530813992e-02
0 54 3.221803746874680e+02 1.332177619412698e-17 6.643434884376569e-02
0 55 3.280757988536049e+02 1.188291614775590e-17 6.642078819032288e-02
1 31 3.293987823535592e+02 6.074022089098809e-18 5.495896726850564e-02
0 56 3.339709897531233e+02 1.152691631854151e-17 6.641704144474728e-02
0 57 3.398659941330858e+02 1.047955244420079e-17 6.641897338670354e-02
1 32 3.398023134533036e+02 5.985761835992265e-18 5.495572135803650e-02
0 58 3.457607918570216e+02 9.333938839841506e-18 6.642010730661686e-02
1 33 3.502063976053355e+02 6.058664333349739e-18 5.495856529453893e-02
0 59 3.516558232686210e+02 8.952315849713404e-18 6.642345584925678e-02
0 60 3.575516251064216e+02 8.693581420259858e-18 6.643911752917701e-02
1 34 3.606093774877689e+02 6.394802075888963e-18 5.494915537307449e-02
0 61 3.634469373372133e+02 8.115865809161466e-18 6.643914029337339e-02
