0 0 3.862397655624861e+00 8.321617129412400e-18 6.784451817452336e-02
1 0 6.982843280960708e+00 6.106012070598778e-18 5.413491905836517e-02
0 1 9.757290039379512e+00 9.701958909334328e-18 6.784470693203068e-02
0 2 1.565247122984532e+01 9.498855441634932e-18 6.782973934017646e-02
1 1 1.738674286810802e+01 6.029471142772682e-18 5.414384624417159e-02
0 3 2.154750843533898e+01 1.200151897686111e-17 6.782650005468108e-02
0 4 2.744227974241188e+01 1.236330828423085e-17 6.782460005714189e-02
1 2 2.779067593919463e+01 6.094721122769525e-18 5.414263474622243e-02
0 5 3.333691805914980e+01 1.454917685191689e-17 6.782142449081260e-02
1 3 3.819477174459617e+01 1.018721281583855e-15 5.414593418918792e-02
0 6 3.923177570130814e+01 1.663372959527044e-17 6.782524973392147e-02
0 7 4.512676829024291e+01 1.819012448675288e-17 6.784808509277639e-02
1 4 4.859914655871805e+01 6.082808352741287e-18 5.413186040380027e-02
0 8 5.102143237984651e+01 2.159061466499123e-17 6.784918935428529e-02
0 9 5.691682736540203e+01 2.269464279175908e-17 6.783591741580473e-02
1 5 5.900287654352657e+01 6.042105518211233e-18 5.414081771284338e-02
0 10 6.281184259462206e+01 2.461105426565504e-17 6.783343549578313e-02
0 11 6.870657177104199e+01 2.825761166854910e-17 6.782726167007969e-02
1 6 6.940703981850159e+01 3.191109005540340e-14 5.414213342074232e-02
0 12 7.460125738312054e+01 3.328811044293880e-17 6.782317857374333e-02
1 7 7.981108719864031e+01 6.140420976091872e-18 5.414320355882378e-02
0 13 8.049603821149780e+01 3.811832471853835e-17 6.782718611827233e-02
0 14 8.639058167753767e+01 4.479850475009621e-17 6.784194365562941e-02
1 8 9.021602849790143e+01 6.051194021940628e-18 5.413597461005241e-02
0 15 9.228519254646393e+01 5.159839294107708e-17 6.784390996189718e-02
0 16 9.818096819902411e+01 5.179613484929369e-17 6.783879518289017e-02
1 9 1.006191745425597e+02 6.147850770859601e-18 5.414004503593740e-02
0 17 1.040760339826514e+02 5.707318869654596e-17 6.783717982188847e-02
0 18 1.099708892369827e+02 6.430647263081319e-17 6.782699650413127e-02
1 10 1.110232622094338e+02 3.717809983978052e-14 5.414408011886909e-02
0 19 1.158657418757576e+02 7.275805665810463e-17 6.782285354442472e-02
1 11 1.214271115815080e+02 6.129491730903526e-18 5.414266607270498e-02
0 20 1.217605455166354e+02 8.274762059206243e-17 6.782637660045020e-02
0 21 1.276550384083496e+02 9.846637831450502e-17 6.783207976189511e-02
1 12 1.318318275643033e+02 6.593299866210169e-18 5.414248962730674e-02
0 22 1.335497912596221e+02 1.117812486605988e-16 6.783481530355326e-02
0 23 1.394457901648944e+02 1.088746944286542e-16 6.784477226079691e-02
1 13 1.422345709931169e+02 1.361746380117946e-15 5.413615777821226e-02
0 24 1.453408554269863e+02 1.195101969331262e-16 6.784407757665806e-02
0 25 1.512359036756153e+02 1.317398219655484e-16 6.783066243407221e-02
1 14 1.526384877408906e+02 6.255832496898304e-18 5.414299762271867e-02
0 26 1.571309212124582e+02 1.453452420148734e-16 6.782686604872440e-02
0 27 1.630257575951630e+02 1.646491304910277e-16 6.782843302096947e-02
1 15 1.630422221053659e+02 6.044275456194971e-18 5.414021662569857e-02
0 28 1.689203577383510e+02 2.104153503794613e-17 6.782794900622990e-02
1 16 1.734464806744736e+02 6.154768261505752e-18 5.414405346459995e-02
0 29 1.748152448889347e+02 2.072614812764921e-17 6.783132474676164e-02
0 30 1.807108834066731e+02 1.992599760824484e-17 6.785381169610284e-02
1 17 1.838498173057191e+02 1.061073367899635e-14 5.412922711452564e-02
0 31 1.866057602651026e+02 1.936543718633260e-17 6.785405022657943e-02
0 32 1.925009483778248e+02 1.867543519531006e-17 6.783903474622228e-02
1 18 1.942537188323954e+02 6.045831856766411e-18 5.413825297356865e-02
0 33 1.983959829605755e+02 1.823300007681973e-17 6.783583324863908e-02
0 34 2.042907482934326e+02 1.826937797978030e-17 6.783371122298933e-02
1 19 2.046576705038217e+02 6.754975919233767e-18 5.413716835241349e-02
0 35 2.101853872380273e+02 1.763808762941596e-17 6.783045410745776e-02
1 20 2.150617643635005e+02 2.029984115883105e-17 5.414036248117589e-02
0 36 2.160802398665744e+02 1.762201988569429e-17 6.783429449888556e-02
0 37 2.219751958126461e+02 1.685594528301987e-17 6.785682114569437e-02
1 21 2.254661949770896e+02 6.451859631042960e-18 5.412658371245375e-02
0 38 2.278698499412668e+02 1.608913128466943e-17 6.785797322789032e-02
0 39 2.337652628755266e+02 1.427092382697786e-17 6.784492595299824e-02
1 22 2.358699024449222e+02 6.053507239602103e-18 5.413544244343511e-02
0 40 2.396602786122885e+02 1.365340898775880e-17 6.784248839692435e-02
0 41 2.455550095026933e+02 1.335969362178604e-17 6.783608907529037e-02
1 23 2.462740711799677e+02 2.130344485920877e-14 5.413689786236469e-02
0 42 2.514497015179329e+02 1.315936866022988e-17 6.783198855372873e-02
1 24 2.566781111339095e+02 6.149398659462496e-18 5.413783027525684e-02
0 43 2.573444810259467e+02 1.249481397724203e-17 6.783599282250311e-02
0 44 2.632390125694290e+02 1.186407044432870e-17 6.785020826071395e-02
1 25 2.670830570083163e+02 6.051822667780632e-18 5.413103765326606e-02
0 45 2.691336279698245e+02 1.028056136168462e-17 6.785221841694232e-02
0 46 2.750294272216357e+02 9.966105577949487e-18 6.784778743787152e-02
1 26 2.774861630476396e+02 6.275955611059191e-18 5.413465047440631e-02
0 47 2.809244964569826e+02 1.006574222688868e-17 6.784622045243692e-02
0 48 2.868193624380091e+02 9.242251969800755e-18 6.783583559903576e-02
1 27 2.878902395131783e+02 6.779569847509581e-16 5.413884238641945e-02
0 49 2.927142272516522e+02 8.428501648985358e-18 6.783170034867021e-02
1 28 2.982940741274883e+02 6.082101120388524e-18 5.413729739640086e-02
0 50 2.986090351413744e+02 8.301434447905626e-18 6.783517022253252e-02
0 51 3.045035344252817e+02 6.958225436405274e-18 6.784043367943468e-02
1 29 3.086987602818408e+02 6.319118205180748e-18 5.413745052564275e-02
0 52 3.103982991326037e+02 6.977665343101409e-18 6.784320789496998e-02
0 53 3.162942959423178e+02 6.822644534879983e-18 6.785408524886750e-02
1 30 3.191015060619076e+02 4.727489324287670e-14 5.413047087057909e-02
0 54 3.221893548021324e+02 5.809251020574483e-18 6.785344032799065e-02
0 55 3.280844114109224e+02 7.028011202178660e-18 6.783987146631425e-02
1 31 3.295054197131566e+02 6.910169011521707e-18 5.413746825997875e-02
0 56 3.339794340360457e+02 5.828386226385669e-18 6.783609916661971e-02
0 57 3.398742690806151e+02 6.010826229589864e-18 6.783749899118514e-02
1 32 3.399091576711250e+02 6.037490859024917e-18 5.413470456850469e-02
0 58 3.457688746252252e+02 5.284251271835282e-18 6.783679688085892e-02
1 33 3.503133959948137e+02 6.477500758602807e-18 5.413860993965271e-02
0 59 3.516637654104042e+02 5.714039294875807e-18 6.784020605740627e-02
0 60 3.575593669415510e+02 5.721739303697712e-18 6.786305377616927e-02
1 34 3.607167946714812e+02 1.976832844513217e-14 5.412356868950142e-02
0 61 3.634542280419038e+02 4.302052972415522e-18 6.786334162402506e-02
