0 0 3.903750624084382e+00 4.364770873499311e-18 6.752548453871626e-02
1 0 6.791051269712547e+00 5.595598327212800e-18 5.835985097062200e-02
0 1 9.799488976553134e+00 4.387545242190189e-18 6.752540016199396e-02
0 2 1.569558766093587e+01 4.278452833332559e-18 6.751648658224063e-02
1 1 1.719359709046908e+01 5.680263582512165e-18 5.836426750124472e-02
0 3 2.159094321743471e+01 4.162525835065014e-18 6.751294357638869e-02
0 4 2.748616382278530e+01 4.365879615476637e-18 6.750881753468996e-02
1 2 2.759717814538815e+01 5.858207149119373e-18 5.836328599227291e-02
0 5 3.338155204002218e+01 4.161593623003246e-18 6.750720899926005e-02
1 3 3.800028044023940e+01 5.621236121001592e-18 5.836595024638101e-02
0 6 3.927699617474803e+01 4.672160186375727e-18 6.751142358031945e-02
0 7 4.517280410075715e+01 4.076733888327722e-18 6.752334470697380e-02
1 4 4.840305014217674e+01 5.645158284005033e-18 5.836060059574787e-02
0 8 5.106858517538734e+01 4.159681481243850e-18 6.752434100654842e-02
0 9 5.696470366354514e+01 4.159873040397058e-18 6.752171113153206e-02
1 5 5.880557671364951e+01 1.107180847305361e-16 5.836144994213428e-02
0 10 6.286026393448410e+01 4.005650796626998e-18 6.751878120888163e-02
0 11 6.875583167918677e+01 4.160197857639351e-18 6.750420221232827e-02
1 6 6.920866269266011e+01 5.595078649987933e-18 5.836905125118665e-02
0 12 7.465113012438474e+01 4.656133678093676e-18 6.750038683638029e-02
1 7 7.961197064619768e+01 5.596043508853381e-18 5.836991276272172e-02
0 13 8.054641077643598e+01 4.365875399011470e-18 6.750474081522143e-02
0 14 8.644210889605394e+01 4.646385121097866e-18 6.751725387174301e-02
1 8 9.001480571467296e+01 5.595259165883016e-18 5.836403746320976e-02
0 15 9.233783300037587e+01 4.157331300599069e-18 6.751929202708667e-02
0 16 9.823386714317623e+01 4.157185631578911e-18 6.752182625076628e-02
1 9 1.004174802470287e+02 5.693170604823891e-18 5.836247535914815e-02
0 17 1.041295307544592e+02 4.157031547341510e-18 6.751969367175444e-02
0 18 1.100254018374939e+02 4.006699694090985e-18 6.750063354492052e-02
1 10 1.108201895057705e+02 5.891355975821956e-18 5.837367827027039e-02
0 19 1.159205864860913e+02 4.633836223317051e-18 6.749652013579382e-02
1 11 1.212238503377130e+02 5.811512197503524e-18 5.837208694825799e-02
0 20 1.218156755002971e+02 4.355545696679407e-18 6.750054309074170e-02
0 21 1.277112128054188e+02 4.352990182521890e-18 6.751111482362969e-02
1 12 1.316268706877217e+02 2.292022141815713e-17 5.836708976748738e-02
0 22 1.336068175363792e+02 4.154746826961005e-18 6.751408400443240e-02
0 23 1.395027232623352e+02 4.560996489453377e-18 6.752068981529853e-02
1 13 1.420297379419371e+02 5.704835333222891e-18 5.836394201378754e-02
0 24 1.453984119817392e+02 4.290082835271065e-18 6.751950501649714e-02
0 25 1.512944327784744e+02 4.006449491372656e-18 6.750379235732791e-02
1 14 1.524323365706869e+02 5.662561405862713e-18 5.837280570134352e-02
0 26 1.571896184633527e+02 4.006702220100462e-18 6.749983056095815e-02
1 15 1.628361499050321e+02 5.974118575708405e-14 5.836917579802954e-02
0 27 1.630846541362250e+02 4.293371826717333e-18 6.750227797281849e-02
0 28 1.689800885253747e+02 4.293691606236816e-18 6.750729369314284e-02
1 16 1.732392515595671e+02 5.638381160202357e-18 5.836799137537853e-02
0 29 1.748756111125231e+02 4.077523447051201e-18 6.751100681825638e-02
0 30 1.807714529675732e+02 4.365022934788254e-18 6.752073312764287e-02
1 17 1.836421230091266e+02 5.662535582957378e-18 5.836366176699537e-02
0 31 1.866671888406077e+02 5.174579653298726e-18 6.752059527621392e-02
0 32 1.925632843341222e+02 4.151496114719429e-18 6.751135396324356e-02
1 18 1.940446716396672e+02 5.867040009335153e-18 5.836827790342246e-02
0 33 1.984586307395868e+02 4.080955648075602e-18 6.750778563683026e-02
0 34 2.043538388647477e+02 4.173023365641156e-18 6.750413475253536e-02
1 19 2.044482689300609e+02 3.017249283049092e-16 5.836693429578373e-02
0 35 2.102492289766077e+02 4.327940317085390e-18 6.750274161772486e-02
1 20 2.148513697206744e+02 6.307763104575839e-18 5.836959218882743e-02
0 36 2.161446780021117e+02 4.325334849162427e-18 6.750693900236360e-02
0 37 2.220404896419499e+02 4.323883235380062e-18 6.751879124680725e-02
1 21 2.252541406064002e+02 5.622339499199772e-18 5.836427913076048e-02
0 38 2.279362707393233e+02 4.773419369374809e-18 6.751973428085374e-02
0 39 2.338323901491701e+02 4.148465790328441e-18 6.751680664636860e-02
1 22 2.356566648827605e+02 1.796998330245361e-14 5.836528838476828e-02
0 40 2.397279431237299e+02 4.024998133923528e-18 6.751384126968581e-02
0 41 2.456234939938864e+02 4.092128022045378e-18 6.749970562385978e-02
1 23 2.460597732044304e+02 5.727419044768304e-18 5.837252308216586e-02
0 42 2.515187969112317e+02 4.072248111417061e-18 6.749593695236174e-02
1 24 2.564630681521660e+02 5.610704610698888e-18 5.837351617406213e-02
0 43 2.574140862442161e+02 4.257616581880889e-18 6.750029103161023e-02
0 44 2.633097920251233e+02 4.312656604357265e-18 6.751283958937997e-02
1 25 2.668658958424912e+02 5.594916966903523e-18 5.836763060175358e-02
0 45 2.692055207827282e+02 4.404443870391077e-18 6.751482808284001e-02
0 46 2.751015606085497e+02 4.005702104253686e-18 6.751711596272762e-02
1 26 2.772685607878924e+02 2.239654756093299e-15 5.836618030690413e-02
0 47 2.809972220895146e+02 4.175620608781308e-18 6.751493947158070e-02
0 48 2.868930815564864e+02 4.083502188777906e-18 6.749591028716445e-02
1 27 2.876712815893280e+02 5.986314467688510e-18 5.837734512974476e-02
0 49 2.927882689781336e+02 4.307149050350099e-18 6.749180065001165e-02
1 28 2.980749294473586e+02 5.626007961082035e-18 5.837588713519095e-02
0 50 2.986833644868253e+02 4.084081514179569e-18 6.749585306307142e-02
0 51 3.045789090395011e+02 4.083601851279072e-18 6.750662493175326e-02
1 29 3.084779425252329e+02 2.539965744738610e-14 5.837076648413974e-02
0 52 3.104745187374633e+02 4.692424027393137e-18 6.750955160655731e-02
0 53 3.163704298202501e+02 4.025294516444823e-18 6.751596310512817e-02
1 30 3.188808037825906e+02 5.640443934147663e-18 5.836769901787159e-02
0 54 3.222661174959168e+02 4.238788556464529e-18 6.751472815562456e-02
0 55 3.281621325011515e+02 4.392023743633084e-18 6.749876001672443e-02
1 31 3.292834057405076e+02 5.603549862215323e-18 5.837673436252635e-02
0 56 3.340573143023896e+02 4.294371753220727e-18 6.749478556903668e-02
1 32 3.396872191272989e+02 5.594660114844462e-18 5.837317959561086e-02
0 57 3.399523478986665e+02 4.232004284470451e-18 6.749737510508781e-02
0 58 3.458477854713472e+02 4.229076754304189e-18 6.750274795504947e-02
1 33 3.500903205552672e+02 1.484446550014293e-14 5.837172143161234e-02
0 59 3.517433109648700e+02 5.114589886933022e-18 6.750642929031804e-02
0 60 3.576391552249073e+02 4.225419923318480e-18 6.751601509810282e-02
1 34 3.604931948241807e+02 5.757254168633178e-18 5.836745508092089e-02
0 61 3.635348886241337e+02 4.005813009532140e-18 6.751582381732055e-02
