0 0 3.505034216424801e+00 4.750353940623729e-18 7.038769100949510e-02
1 0 8.849696225980953e+00 7.424759989762633e-18 4.840832396976544e-02
0 1 9.350846133549705e+00 4.662657746660290e-18 7.038997579664798e-02
0 2 1.519659770253431e+01 4.577387823790057e-18 7.038910551461049e-02
0 3 2.104241999776328e+01 4.451449615063677e-18 7.038476519552110e-02
1 1 2.343348986266120e+01 7.458951110608432e-18 4.840698438946599e-02
0 4 2.688831549104086e+01 4.485850393889489e-18 7.038394375640239e-02
0 5 3.273438065338088e+01 4.550227701122715e-18 7.038844632450354e-02
1 2 3.801700744663751e+01 7.331858775656257e-18 4.840767014222738e-02
0 6 3.858018819269331e+01 4.410033756783096e-18 7.039074427546912e-02
0 7 4.442593024788416e+01 4.341777618017675e-18 7.039006137162923e-02
0 8 5.027173849325889e+01 4.216263672783063e-18 7.038586978694582e-02
1 3 5.260083799651274e+01 7.324439004967547e-18 4.840632662309284e-02
0 9 5.611762376305160e+01 4.302075196539497e-18 7.038495949816835e-02
0 10 6.196368988987614e+01 4.254987684105050e-18 7.038913215629913e-02
1 4 6.718437375335985e+01 7.592461160049804e-18 4.840704228351118e-02
0 11 6.780949447513102e+01 4.216495901809047e-18 7.039143634278312e-02
0 12 7.365522863280205e+01 4.182202708204836e-18 7.039094954175194e-02
0 13 7.950102455417424e+01 4.058162633276613e-18 7.038691277590681e-02
1 5 8.176823491188493e+01 7.322868698622430e-18 4.840573449670137e-02
0 14 8.534690089001320e+01 4.197019156415500e-18 7.038591452418558e-02
0 15 9.119296864683695e+01 4.063046773614236e-18 7.038973687851147e-02
1 6 9.635178424045816e+01 1.083029032739486e-14 4.840646401349420e-02
0 16 9.703877181533163e+01 4.055889702443932e-18 7.039204070507435e-02
0 17 1.028844998254284e+02 3.945096976065703e-18 7.039175831360341e-02
0 18 1.087302852600894e+02 4.234789778712416e-18 7.038788185237267e-02
1 7 1.109356696109458e+02 7.789262307042806e-18 4.840520303320256e-02
0 19 1.145761540718463e+02 4.026066735112673e-18 7.038679660637082e-02
0 20 1.204222241791779e+02 4.145789417937830e-18 7.039025027234300e-02
1 8 1.255192273296106e+02 1.251842671309020e-14 4.840595235395740e-02
0 21 1.262680275550783e+02 3.949136810490673e-18 7.039254747486109e-02
0 22 1.321137512747598e+02 3.944104436736465e-18 7.039247736588133e-02
0 23 1.379595281439692e+02 4.026017427079924e-18 7.038876613991052e-02
1 9 1.401031302147182e+02 7.285280235801499e-18 4.840474012489766e-02
0 24 1.438053909344961e+02 3.981357871024264e-18 7.038759495351994e-02
0 25 1.496514641465700e+02 4.034453638063112e-18 7.039066370478214e-02
1 10 1.546866909281751e+02 7.446902151450007e-18 4.840551415851740e-02
0 26 1.554972694126632e+02 3.794927173680111e-18 7.039294834422709e-02
0 27 1.613429907783622e+02 3.864174979373707e-18 7.039309794204815e-02
0 28 1.671887610585802e+02 4.102399099900946e-18 7.038955636680339e-02
1 11 1.692706043868226e+02 7.302671326839762e-18 4.840435243359611e-02
0 29 1.730346193949174e+02 3.948251105152423e-18 7.038830038385430e-02
0 30 1.788806964775930e+02 3.907029685782130e-18 7.039097028035374e-02
1 12 1.838541626247950e+02 7.325175298328177e-18 4.840515250706292e-02
0 31 1.847265053459381e+02 3.784907780840192e-18 7.039323673296294e-02
0 32 1.905722263444160e+02 3.803365536713281e-18 7.039361299817679e-02
0 33 1.964179920376953e+02 3.717189444488289e-18 7.039024500993719e-02
1 13 1.984380793402148e+02 7.337335213075518e-18 4.840405399782485e-02
0 34 2.022638475213287e+02 3.747355455869347e-18 7.038890547040581e-02
0 35 2.081099292295684e+02 3.776601300561323e-18 7.039116496462550e-02
1 14 2.130216300665678e+02 7.489279142265435e-18 4.840485352979769e-02
0 36 2.139557434115327e+02 3.766485128223827e-18 7.039340790946309e-02
0 37 2.198014660504124e+02 3.957354704747620e-18 7.039401732217727e-02
0 38 2.256472291544180e+02 3.781786937478644e-18 7.039082640979491e-02
1 15 2.276055425826663e+02 4.142227607803139e-14 4.840384594265820e-02
0 39 2.314930833910837e+02 3.813141853796294e-18 7.038940465756326e-02
0 40 2.373391704464218e+02 3.698882355089625e-18 7.039124467811163e-02
1 16 2.421890804159409e+02 7.406550759452807e-18 4.840464026831702e-02
0 41 2.431849916225856e+02 3.698773393021475e-18 7.039345908291558e-02
0 42 2.490307179008338e+02 3.768501722710741e-18 7.039430762305472e-02
0 43 2.548764803789532e+02 3.692825681133876e-18 7.039129685530554e-02
1 17 2.567729818643802e+02 2.411499426834247e-15 4.840372508674823e-02
0 44 2.607223349484799e+02 3.746742869878104e-18 7.038979434751504e-02
0 45 2.665684280168824e+02 3.938646795451343e-18 7.039120835949193e-02
1 18 2.713565014752492e+02 7.845323476298635e-18 4.840451407235715e-02
0 46 2.724142578072831e+02 3.942944931819354e-18 7.039338946558442e-02
0 47 2.782599896860894e+02 3.769169819589773e-18 7.039448258915491e-02
0 48 2.841057534380759e+02 3.746428993977404e-18 7.039165463759037e-02
1 19 2.859403852120794e+02 7.325680775240259e-18 4.840369227368416e-02
0 49 2.899516098647395e+02 4.172324652401089e-18 7.039007295561373e-02
0 50 2.957977095352440e+02 3.958756892183541e-18 7.039105699716981e-02
1 20 3.005238815662418e+02 7.310971495716242e-18 4.840447476227953e-02
0 51 3.016435494704195e+02 3.939033583048770e-18 7.039320030407852e-02
0 52 3.074892888449057e+02 3.799598516411358e-18 7.039454291445692e-02
0 53 3.133350556784934e+02 3.777642111658668e-18 7.039190007174008e-02
1 21 3.151077412835497e+02 7.285540965277405e-18 4.840374677977634e-02
0 54 3.191809154023466e+02 3.785003373369398e-18 7.039024093378037e-02
0 55 3.250270221668642e+02 3.716641691069876e-18 7.039079362825994e-02
1 22 3.296912099503714e+02 7.288461162287522e-18 4.840451530534328e-02
0 56 3.308728736601620e+02 4.167752620432084e-18 7.039289487857733e-02
0 57 3.367186223323523e+02 3.805908648225812e-18 7.039449129208221e-02
0 58 3.425643939362811e+02 3.789977501828523e-18 7.039203548586374e-02
1 23 3.442750391545646e+02 7.890149332277470e-18 4.840389503658396e-02
0 59 3.484102582859250e+02 3.809088759660563e-18 7.039030076117173e-02
0 60 3.542563725205847e+02 3.973912172320528e-18 7.039042330433841e-02
1 24 3.588584765817225e+02 1.483943604717597e-14 4.840463194475588e-02
0 61 3.601022368422009e+02 3.716426134590872e-18 7.039247846922841e-02
