0 0 3.560914814791021e+00 3.839388807165255e-18 6.809453155055793e-02
1 0 8.777163557888613e+00 7.240142736497465e-18 4.905356103175285e-02
0 1 9.406811186189296e+00 3.966903803560092e-18 6.809692374076790e-02
0 2 1.525269666586505e+01 3.966669802290984e-18 6.809655187177820e-02
0 3 2.109868966312870e+01 4.080778616974375e-18 6.809142807533933e-02
1 1 2.336055820240222e+01 7.260337149757453e-18 4.905245748265910e-02
0 4 2.694467969532364e+01 3.966692106612078e-18 6.809056897057271e-02
0 5 3.279074251299648e+01 4.553956646418005e-18 6.809416660712916e-02
1 2 3.794403365862841e+01 7.274056631376007e-18 4.905360461283467e-02
0 6 3.863664176545088e+01 3.886180798097351e-18 6.809657271278761e-02
0 7 4.448252614930936e+01 4.855776297727122e-18 6.809638755962943e-02
0 8 5.032851194774841e+01 4.056632387968120e-18 6.809133647795693e-02
1 3 5.252743264936759e+01 7.574780551423792e-18 4.905257479097182e-02
0 9 5.617450203190677e+01 4.623010747947612e-18 6.809038756611448e-02
0 10 6.202057168685932e+01 4.055480602818985e-18 6.809381798581962e-02
1 4 6.711090108940873e+01 4.569141149302227e-16 4.905362855167904e-02
0 11 6.786647375688851e+01 4.134487694578960e-18 6.809622958087648e-02
0 12 7.371235712828936e+01 5.167378641016544e-18 6.809623520438736e-02
0 13 7.955833571724423e+01 4.362801466149417e-18 6.809127231012924e-02
1 5 8.169430506897933e+01 7.217284667681291e-18 4.905267668953359e-02
0 14 8.540432558406144e+01 4.132360945323922e-18 6.809023466052992e-02
0 15 9.125040178823971e+01 4.609975759861972e-18 6.809348517086512e-02
1 6 9.627776664087288e+01 4.404667276569229e-15 4.905363707311647e-02
0 16 9.709630660044482e+01 4.130814878553491e-18 6.809589435303522e-02
0 17 1.029421890470004e+02 4.603113627722344e-18 6.809609404562847e-02
0 18 1.087881604361912e+02 3.900136297067352e-18 6.809123427189320e-02
1 7 1.108611762630749e+02 7.439063078139580e-18 4.905276368007989e-02
0 19 1.146341498127581e+02 4.068328551687767e-18 6.809010908117656e-02
0 20 1.204802322492678e+02 3.819389676404722e-18 6.809316733932684e-02
1 8 1.254446311549135e+02 7.451487913101561e-18 4.905363091105175e-02
0 21 1.263261397190468e+02 3.839665374876698e-18 6.809556672133726e-02
0 22 1.321720213343446e+02 4.065563094119212e-18 6.809596301745209e-02
0 23 1.380179855547712e+02 3.839933432430720e-18 6.809122070739188e-02
1 9 1.400280470583735e+02 7.195337209415088e-18 4.905283650405194e-02
0 24 1.438639741672526e+02 4.526503694349062e-18 6.809000930488225e-02
0 25 1.497100624926713e+02 4.817894291603341e-18 6.809286338091361e-02
1 10 1.546114955757551e+02 7.206548458871072e-18 4.905360463695048e-02
0 26 1.555559725289331e+02 5.109914284509959e-18 6.809524607552500e-02
0 27 1.614018534142742e+02 4.061661862313474e-18 6.809584076776465e-02
0 28 1.672478105190538e+02 3.819512849012890e-18 6.809122962856515e-02
1 11 1.691949179903619e+02 7.238879802091517e-18 4.905290935314067e-02
0 29 1.730937980953809e+02 4.121203204056515e-18 6.808993348231560e-02
0 30 1.789398919422213e+02 4.574270845287636e-18 6.809257192331725e-02
1 12 1.837783608437895e+02 7.340298453298563e-18 4.905355059096905e-02
0 31 1.847858044500498e+02 4.218727172847989e-18 6.809493152357268e-02
0 32 1.906316847161529e+02 4.057756686978978e-18 6.809572568308826e-02
0 33 1.964776347812596e+02 4.217180459748095e-18 6.809125874427638e-02
1 13 1.983617901511170e+02 1.319406675427544e-15 4.905297394428065e-02
0 34 2.023236210537858e+02 4.563030341284660e-18 6.808987946787709e-02
0 35 2.081697200330802e+02 3.901002702145112e-18 6.809229136241368e-02
1 14 2.129452275858445e+02 7.524025846706161e-18 4.905348572423190e-02
0 36 2.140156349163125e+02 4.116106901341187e-18 6.809462191846181e-02
0 37 2.198615146849524e+02 5.506902591497232e-18 6.809561591825837e-02
0 38 2.257074578098400e+02 4.114335866929715e-18 6.809130549419301e-02
1 15 2.275286644319786e+02 1.946414712777913e-15 4.905302829174724e-02
0 39 2.315534425179227e+02 4.113741959483086e-18 6.808984485443116e-02
0 40 2.373995462219029e+02 4.213012608321363e-18 6.809201989669381e-02
1 16 2.421120966236637e+02 7.664634436120271e-18 4.905341186078294e-02
0 41 2.432454633855905e+02 4.547233251822489e-18 6.809431589038724e-02
0 42 2.490913427911480e+02 4.111245842227639e-18 6.809550943038239e-02
0 43 2.549372790992475e+02 4.049228286832870e-18 6.809136708674490e-02
1 17 2.566955416072450e+02 7.238354080559535e-18 4.905307389760523e-02
0 44 2.607832619917258e+02 4.048592435013244e-18 6.808982701221479e-02
0 45 2.666293699965713e+02 4.638296554115096e-18 6.809175556535949e-02
1 18 2.712789687365550e+02 7.296626319235004e-18 4.905333099224691e-02
0 46 2.724752893492901e+02 4.108710264214990e-18 6.809401188365892e-02
0 47 2.783211685401863e+02 4.470097698389956e-18 6.809540401650502e-02
0 48 2.841670981792660e+02 4.304554520793924e-18 6.809144054055336e-02
1 19 2.858624222998901e+02 7.195375848425517e-18 4.905311405764715e-02
0 49 2.900130790168027e+02 3.902011441418495e-18 6.808982313131637e-02
0 50 2.958591908854200e+02 4.002175513099511e-18 6.809149628954546e-02
1 20 3.004458449203628e+02 7.235722510195374e-18 4.905323634032633e-02
0 51 3.017051123413842e+02 4.440759951577868e-18 6.809370819758394e-02
0 52 3.075509914813604e+02 4.138227933348343e-18 6.809529735444053e-02
0 53 3.133969146237245e+02 4.507195178928614e-18 6.809152272872965e-02
1 21 3.150293069171300e+02 7.649511793021760e-18 4.905315516639952e-02
0 54 3.192428931809781e+02 4.452865471870105e-18 6.808983026712834e-02
0 55 3.250890084657698e+02 4.102285799657208e-18 6.809123991601249e-02
1 22 3.296127256349872e+02 3.183331675730748e-15 4.905313528078273e-02
0 56 3.309349319467043e+02 4.449319501741346e-18 6.809340303049762e-02
0 57 3.367808112159024e+02 4.100068002277718e-18 6.809518704611474e-02
0 58 3.426267280583947e+02 5.070565299704087e-18 6.809161042534081e-02
1 23 3.441961964171070e+02 7.601591853517729e-18 4.905319314236684e-02
0 59 3.484727041259809e+02 4.003561805998154e-18 6.808984538806716e-02
0 60 3.543188223715674e+02 3.819507067002973e-18 6.809098426247098e-02
1 24 3.587796113411470e+02 7.107167740431267e-16 4.905303355280359e-02
0 61 3.601647478083079e+02 5.197527518102390e-18 6.809309452594611e-02
