0 0 3.854962880015965e+00 2.415045223294037e-17 6.766777334659702e-02
1 0 6.823976869378167e+00 5.994253449392623e-18 5.936886948834668e-02
0 1 9.750737319499370e+00 2.427889388317638e-17 6.766767195587284e-02
0 2 1.564673920030799e+01 2.499665514887163e-17 6.765934396568682e-02
1 1 1.722657594049797e+01 3.628229161886943e-15 5.937271160578415e-02
0 3 2.154228081214309e+01 2.585758597055345e-17 6.765570249879627e-02
0 4 2.743773123972598e+01 2.759169536751331e-17 6.764991088547441e-02
1 2 2.762964962553272e+01 5.547562714590986e-18 5.937380898378632e-02
0 5 3.333289685817208e+01 3.047894455529441e-17 6.764800949322489e-02
1 3 3.803324802107354e+01 5.544545331580700e-18 5.937676354805568e-02
0 6 3.922811592181748e+01 3.334367888556769e-17 6.765226798965464e-02
0 7 4.512394200786569e+01 3.351544668691498e-17 6.766518621512845e-02
1 4 4.843609277640108e+01 5.765660101963758e-18 5.937055394808968e-02
0 8 5.101962407229357e+01 3.494513931154025e-17 6.766621107075248e-02
0 9 5.691556690947143e+01 3.387626155677120e-17 6.766213549128833e-02
1 5 5.883889605979317e+01 1.325589853162743e-14 5.937252978569457e-02
0 10 6.281118004167830e+01 3.591827677478695e-17 6.765908973869736e-02
0 11 6.870680951861171e+01 3.820226037054255e-17 6.764531348742939e-02
1 6 6.924179685281889e+01 5.636984867977676e-18 5.937991801864474e-02
0 12 7.460182825987866e+01 4.243680577799151e-17 6.764159426600808e-02
1 7 7.964571012242691e+01 5.498000171486290e-18 5.938080695033547e-02
0 13 8.049684315585480e+01 4.729224985472961e-17 6.764597661806979e-02
0 14 8.639251400665106e+01 4.907013251850981e-17 6.766153620467716e-02
1 8 9.004873774087169e+01 2.769557336079322e-16 5.937245227842246e-02
0 15 9.228807806121733e+01 5.171139416489642e-17 6.766363984174054e-02
0 16 9.818395410938091e+01 5.137472960588267e-17 6.766378552886453e-02
1 9 1.004517101129431e+02 5.755009683447515e-18 5.937283155763976e-02
0 17 1.040795944657838e+02 5.374424264492075e-17 6.766155643733225e-02
0 18 1.099753596443534e+02 5.555198979578137e-17 6.764632227219299e-02
1 10 1.108545309519159e+02 5.498975724454033e-18 5.938098261669126e-02
0 19 1.158704338658932e+02 6.083459293426374e-17 6.764226903660940e-02
1 11 1.212583978650248e+02 5.868022839319569e-18 5.937943754760724e-02
0 20 1.217654387856896e+02 6.805352023210898e-17 6.764629524403776e-02
0 21 1.276609835254072e+02 7.239741229167606e-17 6.766021634289596e-02
1 12 1.316615035354834e+02 6.430527296675240e-14 5.937192127148464e-02
0 22 1.335565009910321e+02 7.611513910409395e-17 6.766326520248722e-02
0 23 1.394524098455284e+02 7.587126712853146e-17 6.766765032819942e-02
1 13 1.420643694756089e+02 5.525417128135694e-18 5.937058623343945e-02
0 24 1.453481360885313e+02 7.807854571890381e-17 6.766640891557082e-02
0 25 1.512440518811833e+02 7.864984833135513e-17 6.765386733518151e-02
1 14 1.524670311518214e+02 5.561901044659843e-18 5.937678769225331e-02
0 26 1.571393625771206e+02 8.423458872611799e-17 6.764987176096436e-02
1 15 1.628705041614012e+02 5.625633963054971e-18 5.937333041300760e-02
0 27 1.630345588105972e+02 9.253546844499601e-17 6.765192595159725e-02
0 28 1.689299443845717e+02 1.006961315774853e-16 6.765771844396198e-02
1 16 1.732737577281605e+02 5.938575570607664e-18 5.937222751174281e-02
0 29 1.748253830375514e+02 1.071731038339281e-16 6.766150057354253e-02
0 30 1.807213182444012e+02 1.066337666690344e-16 6.767018161496127e-02
1 17 1.836764853362915e+02 5.502693099230904e-18 5.936872773472430e-02
0 31 1.866170934496327e+02 1.088387432932475e-16 6.767003293937841e-02
0 32 1.925130942086790e+02 1.077945781169313e-16 6.766152006377690e-02
1 18 1.940790820090635e+02 6.015363502976450e-18 5.937266636787698e-02
0 33 1.984086302931903e+02 1.134056150324290e-16 6.765785830866806e-02
0 34 2.043040722756981e+02 1.217537027852586e-16 6.765248065006085e-02
1 19 2.044821658875347e+02 5.914488503018112e-18 5.937341821352785e-02
0 35 2.101992446536503e+02 1.342275442231094e-16 6.765074613978200e-02
1 20 2.148857521325858e+02 5.596283714830854e-18 5.937641222336387e-02
0 36 2.160944723797966e+02 1.453067359979565e-16 6.765499040530581e-02
0 37 2.219903050189675e+02 1.471689451503785e-16 6.766776967040811e-02
1 21 2.252885893046023e+02 5.718387986928431e-18 5.937030062800498e-02
0 38 2.278859917534545e+02 1.518288515239861e-16 6.766874762230513e-02
0 39 2.337819374998454e+02 1.511233734561038e-16 6.766447802655665e-02
1 22 2.356913837187313e+02 2.327296918303436e-17 5.937236147905116e-02
0 40 2.396775496512339e+02 1.569071592698699e-16 6.766140173344168e-02
0 41 2.455731726055691e+02 1.649061307315458e-16 6.764784569556109e-02
1 23 2.460942886940928e+02 5.731044891740934e-18 5.937957910391375e-02
0 42 2.514681931512588e+02 1.831129231414593e-16 6.764416534430345e-02
1 24 2.564981959214594e+02 5.498035702381530e-18 5.938058645924719e-02
0 43 2.573632128932703e+02 2.022912239174269e-16 6.764854633282091e-02
0 44 2.632588901852441e+02 2.097162833121229e-16 6.766408613556918e-02
1 25 2.669012181157249e+02 5.221288944931074e-14 5.937225727470954e-02
0 45 2.691544573574037e+02 2.188271235642165e-16 6.766614661859920e-02
0 46 2.750503343347792e+02 2.192222701563571e-16 6.766609743832719e-02
1 26 2.773041887196668e+02 5.592216521511704e-18 5.937271835407635e-02
0 47 2.809459727954347e+02 2.267687062143209e-16 6.766382951823000e-02
0 48 2.868417315022629e+02 2.328246397735801e-16 6.764856842928291e-02
1 27 2.877070144490531e+02 5.561809458127334e-18 5.938089143410483e-02
0 49 2.927367999145115e+02 4.879293898850702e-17 6.764452323099152e-02
1 28 2.981108893057154e+02 5.704480882175127e-18 5.937945719103403e-02
0 50 2.986318017390373e+02 4.793853937104737e-17 6.764857450404145e-02
0 51 3.045273522800709e+02 4.846840874374184e-17 6.766272401492594e-02
1 29 3.085139919015655e+02 7.482634413289004e-16 5.937177971242912e-02
0 52 3.104228711405885e+02 4.754623185636927e-17 6.766573680667701e-02
0 53 3.163187785881904e+02 4.600365218420564e-17 6.766992970459128e-02
1 30 3.189168638449339e+02 5.498513538087147e-18 5.937053598972004e-02
0 54 3.222145015791725e+02 4.535274823657705e-17 6.766864381497706e-02
0 55 3.281104112360266e+02 4.452312244644416e-17 6.765595829221283e-02
1 31 3.293195318370658e+02 5.522556157957299e-18 5.937682638585858e-02
0 56 3.340057124582437e+02 4.343815481018832e-17 6.765195468130786e-02
1 32 3.397230194181853e+02 1.192029055024455e-14 5.937340098258482e-02
0 57 3.399009003621769e+02 4.298401166814352e-17 6.765417319016970e-02
0 58 3.457962930738115e+02 4.366812841001658e-17 6.766037786995738e-02
1 33 3.501262652957251e+02 5.677595781816119e-18 5.937196242157718e-02
0 59 3.516917367895863e+02 4.248740346574875e-17 6.766413394786366e-02
0 60 3.575876739607205e+02 4.154177703212601e-17 6.767263348002782e-02
1 34 3.605289935510509e+02 5.498673896027767e-18 5.936856445303505e-02
0 61 3.634834497231501e+02 4.084206265398603e-17 6.767243746293193e-02
