0 0 3.881601054724201e+00 4.537000830554682e-18 6.597379141317895e-02
1 0 6.783082203423541e+00 5.824707099589660e-18 5.609916083550800e-02
0 1 9.777250246893878e+00 4.173801210153904e-18 6.597368235989021e-02
0 2 1.567333179045757e+01 4.307850721627096e-18 6.596247960150284e-02
1 1 1.718563181418676e+01 6.104609055233146e-18 5.610559295438879e-02
0 3 2.156865662641396e+01 4.449339598776345e-18 6.595918385859172e-02
0 4 2.746376271093747e+01 4.116793905327632e-18 6.595659467509148e-02
1 2 2.758930759767608e+01 4.099070590919451e-14 5.610365254825017e-02
0 5 3.335897046070668e+01 4.374372477506666e-18 6.595473135767990e-02
1 3 3.799270668701634e+01 5.954903594953773e-18 5.610649473251581e-02
0 6 3.925427598445080e+01 4.371248568265939e-18 6.595871650836070e-02
0 7 4.514993354958552e+01 4.706296590149953e-18 6.597163170351342e-02
1 4 4.839574272865039e+01 5.992624533834651e-18 5.610020538978244e-02
0 8 5.104557985067535e+01 5.349570084848248e-18 6.597248703373246e-02
0 9 5.694170388079320e+01 4.310652026001137e-18 6.596831984313764e-02
1 5 5.879827571885841e+01 3.689057607813547e-16 5.610244710453570e-02
0 10 6.283715003740637e+01 4.695303175943386e-18 6.596563530622139e-02
0 11 6.873247913055735e+01 4.174923411347625e-18 6.595445404029442e-02
1 6 6.920170469767271e+01 5.935268381815650e-18 5.610736555267556e-02
0 12 7.462768368319567e+01 4.675875721359304e-18 6.595072027009927e-02
1 7 7.960514236135246e+01 5.822968157883929e-18 5.610825974063628e-02
0 13 8.052288053063639e+01 4.299136581917357e-18 6.595497247722462e-02
0 14 8.641839090667905e+01 4.354597814220469e-18 6.596733542586278e-02
1 8 9.000828754713385e+01 5.865973449313453e-18 5.610242860485704e-02
0 15 9.231399560034195e+01 4.671036096767756e-18 6.596913644681772e-02
0 16 9.821006857839214e+01 4.671607641653218e-18 6.597153985174686e-02
1 9 1.004109063778868e+02 5.961007018269444e-18 5.610105871843657e-02
0 17 1.041056253240995e+02 4.116350861013313e-18 6.596960499046912e-02
0 18 1.100012685701034e+02 4.292067081742715e-18 6.595254413444625e-02
1 10 1.108139423718074e+02 5.926558354780998e-18 5.611070956956717e-02
0 19 1.158964780007224e+02 4.269019875173755e-18 6.594857292234556e-02
1 11 1.212174984713005e+02 5.939077867321442e-18 5.610903744190609e-02
0 20 1.217915700374885e+02 4.117549904728446e-18 6.595263671595444e-02
0 21 1.276869331642574e+02 4.755782678470785e-18 6.596179164756512e-02
1 12 1.316207764106051e+02 1.160405946153299e-16 5.610525792173439e-02
0 22 1.335824529898793e+02 4.404102747421550e-18 6.596446648862853e-02
0 23 1.394784070416245e+02 4.620795766031015e-18 6.597208096192660e-02
1 13 1.420235470145863e+02 5.882791887207065e-18 5.610128633178119e-02
0 24 1.453740296303384e+02 4.336129280564250e-18 6.597100499867707e-02
0 25 1.512699473279673e+02 4.674483437024502e-18 6.595432544660025e-02
1 14 1.524262588824356e+02 5.834744181804438e-18 5.611106646832579e-02
0 26 1.571651868860723e+02 4.917451232563458e-18 6.595057352987571e-02
1 15 1.628299377873383e+02 5.907611778283233e-18 5.610727224950330e-02
0 27 1.630602252259574e+02 5.611683348697489e-18 6.595323211264073e-02
0 28 1.689554774609671e+02 4.246210024607763e-18 6.595672959795573e-02
1 16 1.732333169171644e+02 5.980745012423870e-18 5.610747570561389e-02
0 29 1.748508918384333e+02 4.719874074991622e-18 6.596014830551065e-02
0 30 1.807467000278355e+02 4.766606605344072e-18 6.597132458691746e-02
1 17 1.836362372275195e+02 6.022418119505807e-18 5.610187867347910e-02
0 31 1.866423490192053e+02 4.408886457649507e-18 6.597118146155556e-02
0 32 1.925384265063281e+02 4.419907581436620e-18 6.595974950509559e-02
1 18 1.940387902812802e+02 6.237283307879628e-18 5.610844629961900e-02
0 33 1.984337480578239e+02 4.258683598519064e-18 6.595643510668177e-02
0 34 2.043288498063929e+02 4.548828275374488e-18 6.595411141426356e-02
1 19 2.044424686201803e+02 6.953856329523487e-18 5.610631271541289e-02
0 35 2.102240576170146e+02 4.712969572944377e-18 6.595237036444825e-02
1 20 2.148458685510292e+02 5.834452796046015e-18 5.610916959686086e-02
0 36 2.161193664585965e+02 4.906616209010272e-18 6.595633907394303e-02
0 37 2.220150296734344e+02 4.997280077762756e-18 6.596923709757875e-02
1 21 2.252489003118766e+02 5.923605697841500e-18 5.610288056166791e-02
0 38 2.279106767247794e+02 4.708462625495648e-18 6.597005827836581e-02
0 39 2.338068005249153e+02 5.073778657757687e-18 6.596563545082920e-02
1 22 2.356514324345599e+02 3.589159057083931e-14 5.610527432137909e-02
0 40 2.397022429857020e+02 4.802607503145077e-18 6.596292631604705e-02
0 41 2.455975627572082e+02 5.503399312371205e-18 6.595203323588070e-02
1 23 2.460548720769571e+02 6.881793540259187e-18 5.610995372439389e-02
0 42 2.514927665726042e+02 4.892073543526061e-18 6.594833231405342e-02
1 24 2.564583081748186e+02 5.836836197073937e-18 5.611094237696337e-02
0 43 2.573879668014742e+02 5.498814561098003e-18 6.595257788178430e-02
0 44 2.632834827882233e+02 5.607503233593962e-18 6.596501748982539e-02
1 25 2.668614489460509e+02 6.087344441714747e-18 5.610506247128196e-02
0 45 2.691790895495534e+02 5.733789289803021e-18 6.596678600484529e-02
0 46 2.750751654845438e+02 4.898308175362023e-18 6.596896458986728e-02
1 26 2.772640635562244e+02 5.763062361496937e-17 5.610381609254236e-02
0 47 2.809707195184789e+02 5.389413654649454e-18 6.596700057245278e-02
0 48 2.868663518581290e+02 6.544579081466690e-18 6.595005279314692e-02
1 27 2.876671125138647e+02 6.074428960563248e-18 5.611336133389827e-02
0 49 2.927615603300206e+02 6.366011740140521e-18 6.594608399806773e-02
1 28 2.980706646923936e+02 5.848358889294827e-18 5.611179162707088e-02
0 50 2.986566551127950e+02 6.736966853579746e-18 6.595016187044866e-02
0 51 3.045520230837695e+02 7.052836401389660e-18 6.595949460539997e-02
1 29 3.084739385542032e+02 3.815161563283298e-14 5.610788927225890e-02
0 52 3.104475460525388e+02 7.012651454982170e-18 6.596214036748287e-02
0 53 3.163435051163272e+02 6.529326946820703e-18 6.596958639218628e-02
1 30 3.188767033208576e+02 6.182427692225446e-18 5.610400378598217e-02
0 54 3.222391264446317e+02 6.851630357825937e-18 6.596847806843477e-02
0 55 3.281350358168205e+02 6.759982592944980e-18 6.595169900601236e-02
1 31 3.292794241914313e+02 5.833746327422524e-18 5.611383457511738e-02
0 56 3.340302734552013e+02 7.714385446918471e-18 6.594793681058495e-02
1 32 3.396830999482470e+02 6.664340700391537e-18 5.611009578810960e-02
0 57 3.399253121116332e+02 8.144202892366717e-18 6.595068815820025e-02
0 58 3.458205669507266e+02 8.873595970854451e-18 6.595440891000262e-02
1 33 3.500864777385592e+02 2.238125462832826e-15 5.611013151812684e-02
0 59 3.517159847191729e+02 8.963236075555281e-18 6.595780376694474e-02
0 60 3.576117985672462e+02 9.507127584951327e-18 6.596888023521182e-02
1 34 3.604893928053548e+02 5.919605364984927e-18 5.610458380258220e-02
0 61 3.635074473315757e+02 9.337160718635518e-18 6.596870301794222e-02
