0 0 3.540286066814954e+00 4.089930847349721e-18 6.665673927710883e-02
1 0 8.757630465290889e+00 6.980929876161232e-18 5.077883980369889e-02
0 1 9.386230348466430e+00 4.048470200576729e-18 6.665927097789266e-02
0 2 1.523218586726915e+01 4.132327181482804e-18 6.665973717408381e-02
0 3 2.107825221384869e+01 4.047482771625442e-18 6.665525484201854e-02
1 1 2.334087513115482e+01 7.081319248502050e-18 5.077709766588417e-02
0 4 2.692427326486797e+01 3.987236996708149e-18 6.665426074343656e-02
0 5 3.277035077904909e+01 4.367566873159951e-18 6.665660223527205e-02
1 2 3.792430903659501e+01 7.042860946884832e-18 5.077876863074161e-02
0 6 3.861629862846392e+01 4.707760412670000e-18 6.665915731395297e-02
0 7 4.446225635091943e+01 3.923578737597418e-18 6.665986123783986e-02
0 8 5.030831940977698e+01 4.129585501800124e-18 6.665534512443674e-02
1 3 5.250754610142751e+01 5.206082364298664e-15 5.077712211038978e-02
0 9 5.615434038362329e+01 3.902444474793835e-18 6.665425343133430e-02
0 10 6.200042115544008e+01 4.128784986541218e-18 6.665645574692218e-02
1 4 6.709097779804490e+01 7.001646902403944e-18 5.077870403438822e-02
0 11 6.784637250421498e+01 4.356173827189886e-18 6.665902325569593e-02
0 12 7.369233243317831e+01 4.041920748311935e-18 6.665996292945471e-02
0 13 7.953839183967693e+01 4.041787187908465e-18 6.665542586716093e-02
1 5 8.167420859258894e+01 4.054453722431851e-16 5.077715986857785e-02
0 14 8.538441242820987e+01 4.062806741738415e-18 6.665423800861803e-02
0 15 9.123049620745871e+01 4.040951118922222e-18 6.665629712339663e-02
1 6 9.625763842868108e+01 7.012390420567128e-18 5.077864789879356e-02
0 16 9.707645095464770e+01 3.902220240717953e-18 6.665886698915137e-02
0 17 1.029224130690414e+02 4.060652324552743e-18 6.666003896092522e-02
0 18 1.087684684537019e+02 4.124341385211190e-18 6.665549429901807e-02
1 7 1.108408643851050e+02 7.032319106349322e-18 5.077721264759758e-02
0 19 1.146144883383532e+02 4.060043743004143e-18 6.665421185451377e-02
0 20 1.204605748579099e+02 4.123583691626523e-18 6.665612394588688e-02
1 8 1.254242927541131e+02 6.965654935680820e-18 5.077860202113713e-02
0 21 1.263065328742054e+02 3.923794380448716e-18 6.665868692519607e-02
0 22 1.321524971316805e+02 4.057920474052627e-18 6.666008639443941e-02
0 23 1.379985481254231e+02 4.313974649359880e-18 6.665554796547164e-02
1 9 1.400075153421685e+02 6.993094334398420e-18 5.077728352606122e-02
0 24 1.438445669813407e+02 4.502201274166477e-18 6.665417266951094e-02
0 25 1.496906559608854e+02 3.923958590411141e-18 6.665593411576300e-02
1 10 1.545909428560932e+02 6.959404911373637e-18 5.077855243924487e-02
0 26 1.555366170930720e+02 4.039865555175969e-18 6.665848174109498e-02
0 27 1.613825834330863e+02 4.328094262877589e-18 6.666010269202644e-02
0 28 1.672286296726949e+02 3.924014444952939e-18 6.665558477138428e-02
1 11 1.691741631852032e+02 6.957795432875456e-18 5.077738469159082e-02
0 29 1.730746471730702e+02 4.054551013446190e-18 6.665411851890822e-02
0 30 1.789207383230029e+02 4.032596830135564e-18 6.665572589854689e-02
1 12 1.837575906467870e+02 4.353127671651028e-15 5.077850661389602e-02
0 31 1.847667023985915e+02 4.615402307790428e-18 6.665825041974702e-02
0 32 1.906126707458334e+02 4.036236791752576e-18 6.666008575813313e-02
0 33 1.964587118795482e+02 4.030589794457556e-18 6.665560301644187e-02
1 13 1.983408103374273e+02 9.530677220441331e-18 5.077750458533369e-02
0 34 2.023047277000412e+02 3.907898137031100e-18 6.665404786918523e-02
0 35 2.081508207255032e+02 3.988411698263119e-18 6.665549796075583e-02
1 14 2.129242380857198e+02 1.475938912237422e-16 5.077847556180849e-02
0 36 2.139967875574548e+02 3.902258751137311e-18 6.665799228503171e-02
0 37 2.198427578255332e+02 3.950854319831610e-18 6.666003397442968e-02
0 38 2.256887935186823e+02 4.293672866616285e-18 6.665560142256434e-02
1 15 2.275074588788718e+02 8.003134127141934e-18 5.077764357379076e-02
0 39 2.315348073418724e+02 3.902466756316737e-18 6.665395961655206e-02
0 40 2.373809019467967e+02 4.048796589811316e-18 6.665524939900287e-02
1 16 2.420908872374130e+02 7.307495210743353e-18 5.077846026040801e-02
0 41 2.432268713382514e+02 3.902272295677286e-18 6.665770703184246e-02
0 42 2.490728434335735e+02 4.367269864632236e-18 6.665994622628528e-02
0 43 2.549188733741519e+02 4.328461346809068e-18 6.665557915276386e-02
1 17 2.566741108701470e+02 7.027527707436231e-18 5.077780163878056e-02
0 44 2.607648848939514e+02 3.902473652957543e-18 6.665385310716589e-02
0 45 2.666109807850746e+02 3.924214681374917e-18 6.665497976083919e-02
1 18 2.712575401512660e+02 6.957112295170857e-18 5.077846055786374e-02
0 46 2.724569525340184e+02 3.924107053472290e-18 6.665739474958447e-02
0 47 2.783029263597670e+02 4.027964555374522e-18 6.665982192046288e-02
0 48 2.841489502638694e+02 3.907858051762472e-18 6.665553582105839e-02
1 19 2.858407680648800e+02 7.169792032289053e-18 5.077798086933399e-02
0 49 2.899949591898342e+02 4.043551514016500e-18 6.665372814865268e-02
0 50 2.958410560806059e+02 4.575082219906337e-18 6.665468905692708e-02
1 20 3.004241990915597e+02 7.040575415661018e-18 5.077846273116808e-02
0 51 3.016870299844073e+02 3.902304249293490e-18 6.665705593812318e-02
0 52 3.075330054445246e+02 3.907645744356256e-18 6.665966099368276e-02
0 53 3.133790230615327e+02 4.547499126722722e-18 6.665547149316904e-02
1 21 3.150074324276784e+02 7.160861313710703e-18 5.077818037642658e-02
0 54 3.192250291229948e+02 4.024352828686462e-18 6.665358501269586e-02
0 55 3.250711267373079e+02 4.018626422631443e-18 6.665437776426039e-02
1 22 3.295908655447462e+02 3.023241221166185e-17 5.077848152462971e-02
0 56 3.309171025970544e+02 4.279396778780313e-18 6.665669151542153e-02
0 57 3.367630796001334e+02 4.277004774349559e-18 6.665946391185042e-02
0 58 3.426090907175530e+02 4.022022353120113e-18 6.665538667788967e-02
1 23 3.441741059407864e+02 4.615853672396678e-17 5.077839709896872e-02
0 59 3.484550936674868e+02 4.386780551767774e-18 6.665342442860389e-02
0 60 3.543011917431450e+02 4.021281205057991e-18 6.665404682031237e-02
1 24 3.587575412208235e+02 7.018284224039775e-18 5.077851659921982e-02
0 61 3.601471693676970e+02 4.102033268179384e-18 6.665630281638148e-02
