0 0 3.518880150570992e+00 3.919304613830216e-18 6.699670979028945e-02
1 0 8.767815686416704e+00 7.026812258647890e-18 5.024225821642215e-02
0 1 9.364812128451172e+00 3.955998512649016e-18 6.699917370165387e-02
0 2 1.521072834174202e+01 3.944805940837291e-18 6.699943611306138e-02
0 3 2.105674092422455e+01 3.953968921277250e-18 6.699503706639132e-02
1 1 2.335118456109737e+01 7.025749517331716e-18 5.024055513815116e-02
0 4 2.690273465159361e+01 3.943858488534557e-18 6.699406227778094e-02
0 5 3.274881236300521e+01 3.982519556004275e-18 6.699657479455412e-02
1 2 3.793462226535780e+01 7.070087415212616e-18 5.024224266177924e-02
0 6 3.859474692398793e+01 3.952599227628640e-18 6.699905940075920e-02
0 7 4.444066434133138e+01 3.999200637960904e-18 6.699955981780706e-02
0 8 5.028667248113089e+01 4.072802085265301e-18 6.699516795615242e-02
1 3 5.251798755796599e+01 7.328026704082076e-18 5.024061121727624e-02
0 9 5.613266520215448e+01 4.024374021224559e-18 6.699409859633271e-02
0 10 6.197874540502766e+01 3.906448309349626e-18 6.699644180046060e-02
1 4 6.710142712330351e+01 7.410796820628030e-18 5.024222400063810e-02
0 11 6.782468260627033e+01 4.129977072284114e-18 6.699893694146751e-02
0 12 7.367060147160863e+01 3.948158220190115e-18 6.699967645214186e-02
0 13 7.951660512882940e+01 3.960870992457146e-18 6.699530396143889e-02
1 5 8.168478907250277e+01 7.415718468654471e-18 5.024066872211043e-02
0 14 8.536259672837704e+01 3.935676757934589e-18 6.699414136671757e-02
0 15 9.120867926186412e+01 4.030325477274346e-18 6.699631039270226e-02
1 6 9.626823028518695e+01 7.058179386416845e-18 5.024220233532217e-02
0 16 9.705461914581618e+01 3.993676262351574e-18 6.699880665341387e-02
0 17 1.029005396973678e+02 3.919491501223658e-18 6.699978491873859e-02
0 18 1.087465388411167e+02 3.935720627958580e-18 6.699544415143327e-02
1 7 1.108515891636534e+02 7.071353840321108e-18 5.024072788655567e-02
0 19 1.145925292038026e+02 4.013308276039866e-18 6.699418979548885e-02
0 20 1.204386139011182e+02 3.972553504261885e-18 6.699618015685867e-02
1 8 1.254350318051860e+02 7.025870660386306e-18 5.024217789108819e-02
0 21 1.262845564961379e+02 4.027496730645697e-18 6.699866884120660e-02
0 22 1.321304789650832e+02 3.935605730264926e-18 6.699988416197483e-02
0 23 1.379764735740628e+02 3.989002539812213e-18 6.699558760370629e-02
1 9 1.400183879200733e+02 7.023015196724395e-18 5.024078890247637e-02
0 24 1.438224625846402e+02 4.010084088835341e-18 6.699424310222186e-02
0 25 1.496685492734245e+02 3.969238007533281e-18 6.699605069284026e-02
1 10 1.546018318783040e+02 7.055624065486857e-18 5.024213931648872e-02
0 26 1.555144945944689e+02 3.988225684914314e-18 6.699852378798157e-02
0 27 1.613604192037954e+02 4.019720623505485e-18 6.699997318321069e-02
0 28 1.672064092669355e+02 3.965402246383505e-18 6.699573341660162e-02
1 11 1.691851851024214e+02 7.033420116821228e-18 5.024086466412456e-02
0 29 1.730523968107502e+02 4.018754251042430e-18 6.699430053270508e-02
0 30 1.788984853134875e+02 4.001129139654119e-18 6.699592162785277e-02
1 12 1.837686305925020e+02 7.126170451396133e-18 5.024208426442262e-02
0 31 1.847444333628562e+02 4.005645809723101e-18 6.699837176196852e-02
0 32 1.905903603263571e+02 4.001081362893706e-18 6.700005105527708e-02
0 33 1.964363458434611e+02 3.988759610654352e-18 6.699588072072046e-02
1 13 1.983519812213445e+02 1.881965378291689e-17 5.024094365787325e-02
0 34 2.022823318069468e+02 4.001502865125557e-18 6.699436137135897e-02
0 35 2.081284219414192e+02 4.145767799509469e-18 6.699579262868692e-02
1 14 2.129354279278216e+02 7.022912213914204e-18 5.024202767742077e-02
0 36 2.139743727095239e+02 4.027005664561456e-18 6.699821302530243e-02
0 37 2.198203022309397e+02 4.026027202077229e-18 6.700011693598343e-02
0 38 2.256662832133222e+02 4.067520372800705e-18 6.699602868928382e-02
1 15 2.275187764636133e+02 8.403485162240186e-16 5.024102522580622e-02
0 39 2.315122674845304e+02 4.052331525929278e-18 6.699442495267476e-02
0 40 2.373583590642925e+02 4.043740896491025e-18 6.699566341315054e-02
1 16 2.421022240451936e+02 7.486469399574432e-18 5.024197008508254e-02
0 41 2.432043125304301e+02 4.108897493987082e-18 6.699804784431442e-02
0 42 2.490502448027298e+02 4.050256985738934e-18 6.700017008048048e-02
0 43 2.548962212738313e+02 4.079831202264088e-18 6.699617654720479e-02
1 17 2.566855710156285e+02 7.133778241981152e-18 5.024110933242176e-02
0 44 2.607422037429963e+02 4.079300548863595e-18 6.699449067152746e-02
0 45 2.665882965778705e+02 4.059527732368582e-18 6.699553376045694e-02
1 18 2.712690191259342e+02 7.023102892814672e-18 5.024191202019672e-02
0 46 2.724342527109937e+02 4.075545726195841e-18 6.699787650055482e-02
0 47 2.782801879158028e+02 4.075553681685015e-18 6.700020985229786e-02
0 48 2.841261599117802e+02 4.128139857703099e-18 6.699632357870705e-02
1 19 2.858523649144491e+02 7.166275658284403e-18 5.024119753603889e-02
0 49 2.899721404719294e+02 4.109042205946949e-18 6.699455799221754e-02
0 50 2.958182343685291e+02 4.159486509009058e-18 6.699540352035221e-02
1 20 3.004358136871469e+02 7.073998318448603e-18 5.024184008939775e-02
0 51 3.016641931280229e+02 4.119013168605824e-18 6.699769930182946e-02
0 52 3.075101314352049e+02 4.119041748088110e-18 6.700023573283796e-02
0 53 3.133560990054982e+02 4.151247136119378e-18 6.699646913329796e-02
1 21 3.150191582703802e+02 7.123568838230959e-18 5.024129111339114e-02
0 54 3.192020775531087e+02 4.186741838417081e-18 6.699462645606988e-02
0 55 3.250481723153982e+02 4.179187459874820e-18 6.699527262074674e-02
1 22 3.296026076296369e+02 4.935370963527138e-17 5.024176649341153e-02
0 56 3.308941336518698e+02 4.232965046407293e-18 6.699751659259204e-02
0 57 3.367400752192598e+02 4.228408569973248e-18 6.700024732909354e-02
0 58 3.425860384271277e+02 4.207211201161881e-18 6.699661262988296e-02
1 23 3.441859515898460e+02 7.022847775253538e-18 5.024138717336850e-02
0 59 3.484320148628206e+02 4.246974736519384e-18 6.699469568739649e-02
0 60 3.542781102927046e+02 4.227360398358363e-18 6.699514107364188e-02
1 24 3.587694011262868e+02 3.604220132278614e-16 5.024169371350327e-02
0 61 3.601240741487883e+02 4.261647657609092e-18 6.699732876314166e-02
