0 0 3.921790750237397e+00 4.131671793397433e-18 6.837314586493481e-02
1 0 6.912275683593242e+00 3.232959956942106e-16 5.687667098721710e-02
0 1 9.817214756009744e+00 4.021600193630458e-18 6.837331286920707e-02
0 2 1.571301886702331e+01 4.210992523735086e-18 6.836054721942667e-02
1 1 1.731527988335222e+01 5.746316580248049e-18 5.688380885446546e-02
0 3 2.160829358756877e+01 4.320447265110330e-18 6.835705381282617e-02
0 4 2.750339580826959e+01 4.408348586021566e-18 6.835340663976515e-02
1 2 2.771890050588172e+01 5.746669172803757e-18 5.688324291544414e-02
0 5 3.339847950553200e+01 4.595492751925373e-18 6.835074555991016e-02
1 3 3.812241779405393e+01 6.002296394269099e-18 5.688629806190109e-02
0 6 3.929369704418555e+01 4.769338816335180e-18 6.835482058482466e-02
0 7 4.518927057146603e+01 4.398307970379952e-18 6.837088741501540e-02
1 4 4.852563330288220e+01 1.222592124488777e-14 5.687755415094074e-02
0 8 5.108468721304090e+01 4.126905322033199e-18 6.837207720814416e-02
0 9 5.698061385353943e+01 3.956354513691471e-18 6.836552693790988e-02
1 5 5.892851032414762e+01 5.777676151452492e-18 5.688119227868937e-02
0 10 6.287594569088519e+01 4.686098304950544e-18 6.836276531573840e-02
0 11 6.877116253258218e+01 4.126657051817142e-18 6.835212685186735e-02
1 6 6.933207535074996e+01 5.759618297901561e-18 5.688574435855093e-02
0 12 7.466627060042869e+01 4.025355603497517e-18 6.834806479941556e-02
1 7 7.973556021045424e+01 9.745171040377858e-18 5.688668559993983e-02
0 13 8.056142279882025e+01 4.622292837000390e-18 6.835227812493128e-02
0 14 8.645679262878102e+01 4.379563909252565e-18 6.836654795256066e-02
1 8 9.013896284496406e+01 5.796200300503694e-18 5.687949943968110e-02
0 15 9.235218174446705e+01 4.024821083539988e-18 6.836869150510262e-02
0 16 9.824814376750670e+01 4.623254210189582e-18 6.836975769087564e-02
1 9 1.005418013270360e+02 5.798591199859175e-18 5.687879259186829e-02
0 17 1.041435226009515e+02 4.122267191180134e-18 6.836788402798066e-02
0 18 1.100389248638963e+02 4.122570612618506e-18 6.835253437374156e-02
1 10 1.109452064483189e+02 5.915384963962036e-18 5.688677418575902e-02
0 19 1.159340797221315e+02 5.083422443187443e-18 6.834827007297223e-02
1 11 1.213487104418728e+02 5.746288466440179e-18 5.688530499995216e-02
0 20 1.218291779783158e+02 4.121044267044594e-18 6.835208251138683e-02
0 21 1.277243792546332e+02 3.956682372900680e-18 6.836089971927171e-02
1 12 1.317522452898664e+02 5.750175511838543e-18 5.688205887826438e-02
0 22 1.336197229609185e+02 4.358172505579587e-18 6.836387440596683e-02
0 23 1.395156281847367e+02 4.319613301175967e-18 6.837227395380042e-02
1 13 1.421551384224547e+02 5.799815656044408e-18 5.687721458851928e-02
0 24 1.454110389127016e+02 4.556648797667905e-18 6.837139021387220e-02
0 25 1.513066528857215e+02 4.283539659343189e-18 6.835531634097561e-02
1 14 1.525583365479065e+02 6.225389378956384e-18 5.688604187121338e-02
0 26 1.572018656638406e+02 4.869249745537866e-18 6.835129519141597e-02
0 27 1.630969371862801e+02 4.232036492901385e-18 6.835311771208000e-02
1 15 1.629619049013235e+02 5.965905479938956e-18 5.688279051261488e-02
0 28 1.689920422513531e+02 4.232928350647507e-18 6.835501569245500e-02
1 16 1.733654711339117e+02 5.750022797608614e-18 5.688461091085144e-02
0 29 1.748873269713562e+02 4.339811646654358e-18 6.835864873834090e-02
0 30 1.807830947115880e+02 4.042426922663235e-18 6.837248889013203e-02
1 17 1.837684990378058e+02 5.788154203509156e-18 5.687681342117179e-02
0 31 1.866785187253407e+02 3.955968531904004e-18 6.837264051531503e-02
0 32 1.925743203496791e+02 4.638036210740104e-18 6.835980204205121e-02
1 18 1.941715057635658e+02 5.746299151923838e-18 5.688399143851604e-02
0 33 1.984695942458884e+02 4.113548804314598e-18 6.835629953532482e-02
0 34 2.043646955528602e+02 4.329063489406232e-18 6.835275538730511e-02
1 19 2.045751261793582e+02 5.760975837633256e-18 5.688334815832949e-02
0 35 2.102597789943908e+02 4.112210836176799e-18 6.835013228628822e-02
1 20 2.149786443874181e+02 5.796061818466972e-18 5.688642849255464e-02
0 36 2.161549974251314e+02 4.030002007927879e-18 6.835420131440753e-02
0 37 2.220505741107916e+02 4.319018282247088e-18 6.837026736296352e-02
1 21 2.253818569278263e+02 6.002845785777009e-18 5.687767822332473e-02
0 38 2.279459910214077e+02 4.109290370587378e-18 6.837144244022349e-02
0 39 2.338419163440476e+02 4.036224970034959e-18 6.836478426675600e-02
1 22 2.357847352828701e+02 5.808419455457240e-18 5.688137848839067e-02
0 40 2.397372474953198e+02 4.109122400367058e-18 6.836201049768727e-02
0 41 2.456324621731874e+02 4.109045872139391e-18 6.835146196071824e-02
1 23 2.461883018158345e+02 5.786558601452001e-18 5.688586894618791e-02
0 42 2.515275695381968e+02 4.108382947575765e-18 6.834741344914103e-02
1 24 2.565917869502665e+02 5.785868036001921e-18 5.688683924588821e-02
0 43 2.574227225556281e+02 4.107367115184942e-18 6.835162404777559e-02
0 44 2.633180953304752e+02 4.244989011034159e-18 6.836595590302140e-02
1 25 2.669951871301136e+02 5.872924146946579e-18 5.687960996226419e-02
0 45 2.692134849563960e+02 4.245615527719721e-18 6.836808616138822e-02
0 46 2.751094471007017e+02 4.297235068101808e-18 6.836903445343573e-02
1 26 2.773980254930956e+02 5.779472022861549e-18 5.687896882804419e-02
0 47 2.810048254453667e+02 4.029651502032473e-18 6.836714661275385e-02
0 48 2.869002246999714e+02 5.145632347247952e-18 6.835183830105639e-02
1 27 2.878014333528569e+02 5.811877867515337e-18 5.688691934525806e-02
0 49 2.927953786940759e+02 4.750256015305312e-18 6.834757621272655e-02
1 28 2.982049366863612e+02 7.385221599313840e-17 5.688548014268635e-02
0 50 2.986904775299960e+02 4.229125873601337e-18 6.835139658706001e-02
0 51 3.045856808498442e+02 4.225011216269099e-18 6.836032081441275e-02
1 29 3.086084704734781e+02 5.904290683574209e-18 5.688216385525246e-02
0 52 3.104810252654507e+02 4.032743704737962e-18 6.836328424031532e-02
0 53 3.163769320242665e+02 4.125257188138429e-18 6.837158280137894e-02
1 30 3.190113620307048e+02 5.866959112518695e-18 5.687737292179681e-02
0 54 3.222723425006600e+02 4.725432249629049e-18 6.837068380119374e-02
0 55 3.281679533544643e+02 4.033602684648840e-18 6.835459132945047e-02
1 31 3.294145632347352e+02 5.594425435303583e-15 5.688620799592176e-02
0 56 3.340631652397327e+02 3.957273486271043e-18 6.835056572020695e-02
0 57 3.399582368372362e+02 4.210085814081790e-18 6.835244270613794e-02
1 32 3.398181303309457e+02 5.746419783796662e-18 5.688296162907300e-02
0 58 3.458533426721613e+02 4.205865038479885e-18 6.835443150422828e-02
1 33 3.502216971245865e+02 5.752445083511250e-18 5.688472181162874e-02
0 59 3.517486282344657e+02 4.129136162112043e-18 6.835805569016823e-02
0 60 3.576443986078202e+02 4.033801184001746e-18 6.837183608363963e-02
1 34 3.606247224615271e+02 6.002896519863217e-18 5.687695276734711e-02
0 61 3.635398226298734e+02 3.975672908743155e-18 6.837197227390195e-02
