0 0 3.936208026477414e+00 4.247634544224876e-18 6.653029705905625e-02
1 0 6.780082158739625e+00 5.523892056984482e-18 5.980625563951327e-02
0 1 9.832105904779930e+00 4.188187751960352e-18 6.653023469525443e-02
0 2 1.572823678199590e+01 4.293489217758105e-18 6.652501885915516e-02
1 1 1.718259377014236e+01 5.580282471384294e-18 5.980775114083570e-02
0 3 2.162362227538381e+01 5.409835921167815e-18 6.652144383176582e-02
0 4 2.751894416826426e+01 4.187901716403314e-18 6.651540154530665e-02
1 2 2.758616510303064e+01 8.297274148573484e-15 5.980759692334015e-02
0 5 3.341469273428273e+01 4.124229867999905e-18 6.651445856157445e-02
1 3 3.798861437012450e+01 5.608529208198287e-18 5.980996831307490e-02
0 6 3.931045959384404e+01 5.004800872264817e-18 6.651866815709144e-02
0 7 4.520658951542898e+01 4.186432040873834e-18 6.652795058113764e-02
1 4 4.839072178178446e+01 5.508449453868950e-18 5.980669169152408e-02
0 8 5.110274984139529e+01 4.295369986977317e-18 6.652900242334045e-02
0 9 5.699906841411869e+01 4.683788369632444e-18 6.652840825590410e-02
1 5 5.879278239543996e+01 2.005106382882569e-15 5.980587200798248e-02
0 10 6.289496316220706e+01 4.246678447619625e-18 6.652542168141307e-02
0 11 6.879102385727565e+01 5.178256070723237e-18 6.650515604243187e-02
1 6 6.919506342235010e+01 5.646822449626606e-18 5.981820936960588e-02
0 12 7.468638228492986e+01 4.566492853211995e-18 6.650125052896222e-02
1 7 7.959837379346389e+01 5.461608070719597e-18 5.981918416523012e-02
0 13 8.058170855101346e+01 4.064858861894252e-18 6.650550057469368e-02
0 14 8.647759841351760e+01 4.185710601106682e-18 6.651632297772019e-02
1 8 9.000089196493225e+01 5.581055691439324e-18 5.981458627846675e-02
0 15 9.237350671286818e+01 4.932193433788049e-18 6.651843968101147e-02
0 16 9.826953708171384e+01 4.185236034998949e-18 6.652108385704160e-02
1 9 1.004035479257157e+02 1.340293446024502e-14 5.981284620489408e-02
0 17 1.041653736360170e+02 4.124403060264940e-18 6.651888876207014e-02
0 18 1.100615508684717e+02 4.419865465364438e-18 6.649846509874326e-02
1 10 1.108058443646244e+02 5.790627263675468e-18 5.982547834393376e-02
0 19 1.159564219840732e+02 4.558283049860798e-18 6.649432520139027e-02
1 11 1.212103302042840e+02 5.496246740826157e-18 5.982393012527813e-02
0 20 1.218512037178439e+02 4.728490138530084e-18 6.649817623965815e-02
0 21 1.277467756326072e+02 4.550809577515943e-18 6.650928452316585e-02
1 12 1.316134314057678e+02 9.220088598810723e-17 5.981825499241629e-02
0 22 1.336423564989729e+02 4.487561133493912e-18 6.651234313523900e-02
0 23 1.395380749289952e+02 4.301881981106134e-18 6.651748274755144e-02
1 13 1.420167081086659e+02 6.000603619615659e-18 5.981619223055061e-02
0 24 1.454337413339311e+02 4.180751892286816e-18 6.651626164716597e-02
0 25 1.513297316834981e+02 4.181287645035661e-18 6.650377137405000e-02
1 14 1.524195242718500e+02 5.455690521809665e-18 5.982262909862578e-02
0 26 1.572245843217750e+02 4.241946092669736e-18 6.649979504294375e-02
1 15 1.628241836985748e+02 5.722768370574553e-18 5.981894230876100e-02
0 27 1.631193153085004e+02 5.579263940189259e-18 6.650215581431818e-02
0 28 1.690149436842757e+02 4.064676655579004e-18 6.650958853846656e-02
1 16 1.732270241436350e+02 9.329072118495745e-14 5.981531440778157e-02
0 29 1.749105929549191e+02 5.389614629131980e-18 6.651336725102086e-02
0 30 1.808064565096184e+02 4.696663893517663e-18 6.652062821137110e-02
1 17 1.836298651768124e+02 5.497526770538533e-18 5.981289744333673e-02
0 31 1.867023350602730e+02 4.531517151862514e-18 6.652049630262312e-02
0 32 1.925984507368384e+02 4.306559857132253e-18 6.651492349524102e-02
1 18 1.940324102857113e+02 5.650759214973484e-18 5.981460165978728e-02
0 33 1.984938017530763e+02 4.238782429277118e-18 6.651131821378582e-02
0 34 2.043890809826397e+02 5.306100317818591e-18 6.650612399897687e-02
1 19 2.044360576198790e+02 2.409961423094851e-16 5.981378003818085e-02
0 35 2.102848345805615e+02 4.238357077269063e-18 6.650557557146101e-02
1 20 2.148385006778812e+02 5.570827698523911e-18 5.981602582195504e-02
0 36 2.161806085124655e+02 4.915534636885860e-18 6.650976938179586e-02
0 37 2.220767370601801e+02 4.418915982708383e-18 6.651894319275090e-02
1 21 2.252406202889375e+02 5.470093284953282e-18 5.981281140816277e-02
0 38 2.279728952765417e+02 4.174472515203484e-18 6.651992640107289e-02
0 39 2.338692147697046e+02 4.127032418877017e-18 6.651907244430159e-02
1 22 2.356426805284270e+02 5.499951414603298e-18 5.981210497418107e-02
0 40 2.397650952103539e+02 4.588549766766962e-18 6.651604267111214e-02
0 41 2.456611250944239e+02 4.065618956442364e-18 6.649636933688859e-02
1 23 2.460450071923957e+02 5.599054892441483e-18 5.982392327231131e-02
0 42 2.515565130074081e+02 5.541516702859114e-18 6.649252081392588e-02
1 24 2.564482486694122e+02 5.479124533691975e-18 5.982506166781411e-02
0 43 2.574518728382266e+02 4.311041375442449e-18 6.649677837187576e-02
0 44 2.633477853669044e+02 4.701469780896896e-18 6.650754529090272e-02
1 25 2.668507252836735e+02 5.559572083485760e-18 5.982053956179734e-02
0 45 2.692437161802904e+02 4.128108985706303e-18 6.650959828171299e-02
0 46 2.751397699729808e+02 4.064482161952935e-18 6.651204284096041e-02
1 26 2.772533324324930e+02 2.540112310642185e-16 5.981885304527054e-02
0 47 2.810356193511266e+02 4.236771075535583e-18 6.650979226433110e-02
0 48 2.869318031191501e+02 4.237992809307264e-18 6.648905842073508e-02
1 27 2.876556006823365e+02 5.948811730108058e-18 5.983172791894043e-02
0 49 2.928266904826812e+02 4.898602391392551e-18 6.648491862497710e-02
1 28 2.980600427260490e+02 5.453646436363436e-18 5.983034742726700e-02
0 50 2.987214919828546e+02 4.065829164688792e-18 6.648881087358120e-02
0 51 3.046170735431656e+02 4.509813064860175e-18 6.650001453038246e-02
1 29 3.084631318067450e+02 9.057620384600242e-14 5.982465653991448e-02
0 52 3.105126631206376e+02 4.419641649799841e-18 6.650301965644469e-02
0 53 3.164083883205982e+02 4.691989895697342e-18 6.650799659542246e-02
1 30 3.188663995309415e+02 5.595157400281079e-18 5.982262726243585e-02
0 54 3.223040552091583e+02 4.419481518238954e-18 6.650671045541666e-02
0 55 3.282000483312232e+02 4.130047701445364e-18 6.649375184012871e-02
1 31 3.292692044273493e+02 5.537256586313279e-18 5.982940382707690e-02
0 56 3.340948867914963e+02 4.233335589278552e-18 6.648975982560616e-02
1 32 3.396738864290523e+02 5.564450296286995e-18 5.982583191065573e-02
0 57 3.399896045082461e+02 4.232284553062207e-18 6.649229257742954e-02
0 58 3.458852234297732e+02 4.851089299446826e-18 6.650015908614750e-02
1 33 3.500767570233829e+02 6.364313133636168e-16 5.982187260875556e-02
0 59 3.517808617305882e+02 5.774623509920385e-18 6.650390051844711e-02
0 60 3.576767091455923e+02 5.251323216039408e-18 6.651102406719302e-02
1 34 3.604796425378511e+02 5.523293545190306e-18 5.981950031359055e-02
0 61 3.635725686803167e+02 4.844577528276358e-18 6.651082270134262e-02
