0 0 4.029022260230665e+00 4.487629318755970e-18 6.758547162288914e-02
1 0 6.955041388813287e+00 1.025503672199613e-14 5.642526297096108e-02
0 1 9.924501828329129e+00 4.354124382438971e-18 6.758584902479413e-02
0 2 1.582044331660608e+01 4.056096352143232e-18 6.757403264138964e-02
1 1 1.735798519517062e+01 5.906422431419616e-18 5.643162366509383e-02
0 3 2.171552263498839e+01 4.494675336644626e-18 6.757069196296209e-02
0 4 2.761043516606549e+01 4.118218791730225e-18 6.756659295966652e-02
1 2 2.776217924624021e+01 5.970692437807233e-18 5.643074055432982e-02
0 5 3.350560533294171e+01 4.503171078910209e-18 6.756383217132307e-02
1 3 3.816558281092261e+01 5.742981950988632e-16 5.643380699046512e-02
0 6 3.940092490963673e+01 4.505803995359018e-18 6.756774184807342e-02
0 7 4.529649091195587e+01 4.119778124215141e-18 6.758064105131756e-02
1 4 4.856877076268602e+01 6.030606169452928e-18 5.642737869489642e-02
0 8 5.119202157082007e+01 3.993885496957080e-18 6.758198659517368e-02
0 9 5.708801290558915e+01 4.180787610008038e-18 6.757892302780813e-02
1 5 5.897165725622563e+01 5.830124688698227e-18 5.642806142546582e-02
0 10 6.298316845600505e+01 4.227095024550570e-18 6.757637712843595e-02
0 11 6.887824923963359e+01 4.970345490260308e-18 6.756351263485716e-02
1 6 6.937572577220004e+01 6.494291390667098e-18 5.643397990498640e-02
0 12 7.477338725386521e+01 4.956244782993122e-18 6.755931076707425e-02
1 7 7.977923613254703e+01 6.770199271160984e-14 5.643493855772745e-02
0 13 8.066858011815427e+01 4.185024580573625e-18 6.756328878966318e-02
0 14 8.656402679895886e+01 4.526141303714532e-18 6.757433611308342e-02
1 8 9.018245346296749e+01 5.892961942358480e-18 5.643005735794059e-02
0 15 9.245957778165231e+01 4.126192631794472e-18 6.757656327776766e-02
0 16 9.835552418222460e+01 4.697265070921809e-18 6.758111175459441e-02
1 9 1.005853796108705e+02 5.893964007394282e-18 5.642629957097390e-02
0 17 1.042508036265380e+02 4.221442429376524e-18 6.757948470992131e-02
0 18 1.101462128099673e+02 3.995121830969060e-18 6.756040265584566e-02
1 10 1.109890286517899e+02 8.924679179414999e-18 5.643716200213334e-02
0 19 1.160413179241745e+02 5.180644330588919e-18 6.755608682425206e-02
1 11 1.213927505440639e+02 6.053969953971990e-18 5.643568579323608e-02
0 20 1.219363720113530e+02 4.189209927352505e-18 6.755963742807836e-02
0 21 1.278317053354873e+02 4.189438753657417e-18 6.756662835827339e-02
1 12 1.317960147380638e+02 5.960236813864745e-18 5.643345983521501e-02
0 22 1.337272255706691e+02 4.546601585875870e-18 6.756960473954172e-02
0 23 1.396230669912886e+02 4.354458759528375e-18 6.757937225478512e-02
1 13 1.421990297017129e+02 5.833331864010203e-18 5.642723906795298e-02
0 24 1.455184644538154e+02 6.707242235330315e-14 6.757873355347283e-02
0 25 1.514142061405819e+02 5.703406184567871e-14 6.756022339977785e-02
1 14 1.526022292964067e+02 6.295785352150169e-18 5.643805696482102e-02
0 26 1.573092780912541e+02 3.491099755642189e-14 6.755626258611715e-02
1 15 1.630062349321009e+02 5.867355462154745e-18 5.643472600945349e-02
0 27 1.632042103487935e+02 1.848064160592975e-14 6.755791794041097e-02
0 28 1.690994430415304e+02 1.074027651586577e-14 6.755940956945229e-02
1 16 1.734095740087480e+02 5.803527273077128e-18 5.643629243634608e-02
0 29 1.749948779890346e+02 6.380883214577396e-15 6.756296050439232e-02
0 30 1.808905816651978e+02 4.585016922186904e-15 6.757545173673420e-02
1 17 1.838126928865580e+02 6.045705708992731e-18 5.642933345378644e-02
0 31 1.867860609951692e+02 1.293749945564337e-13 6.757581770647020e-02
0 32 1.926820004047166e+02 1.229427178405565e-13 6.756392875152684e-02
1 18 1.942156390047920e+02 5.804187709381159e-18 5.643573939948945e-02
0 33 1.985770790821960e+02 7.769947650605334e-14 6.756057967816621e-02
0 34 2.044719909058470e+02 4.406438530171398e-14 6.755656427842818e-02
1 19 2.046198325478548e+02 5.848276042563819e-18 5.643480140264669e-02
0 35 2.103671611346291e+02 2.743215833354093e-14 6.755383462757045e-02
1 20 2.150232364453379e+02 6.045151036331729e-18 5.643787659794906e-02
0 36 2.162624816179183e+02 1.801419394638664e-14 6.755774186704085e-02
0 37 2.221580497010572e+02 1.368572843660506e-14 6.757064507450986e-02
1 21 2.254264228031929e+02 5.917837823965912e-18 5.643143921654484e-02
0 38 2.280535803748992e+02 1.072965083752824e-14 6.757197983415149e-02
0 39 2.339495709842675e+02 1.048839534800558e-14 6.756882257043595e-02
1 22 2.358293099975425e+02 5.795333237835755e-18 5.643217737559157e-02
0 40 2.398447259518175e+02 8.653208065828110e-15 6.756626669910495e-02
0 41 2.457398047053600e+02 9.134216033845472e-15 6.755349071278079e-02
1 23 2.462333799827770e+02 6.223633526722791e-18 5.643803624526227e-02
0 42 2.516349424171510e+02 1.104796623453283e-14 6.754929272536045e-02
1 24 2.566368900480789e+02 1.168628751031479e-17 5.643901781874405e-02
0 43 2.575301362117377e+02 1.354719722111400e-14 6.755327296709100e-02
0 44 2.634255848019507e+02 1.525356214145396e-14 6.756435977441021e-02
1 25 2.670401060798515e+02 5.791032808148666e-18 5.643410932795517e-02
0 45 2.693211360669062e+02 1.689217448385273e-14 6.756657733637944e-02
0 46 2.752170829630077e+02 1.782740021960621e-14 6.757103782976563e-02
1 26 2.774430316262314e+02 6.044559398815021e-18 5.643039704798922e-02
0 47 2.811123618954289e+02 2.015766222534972e-14 6.756939974150161e-02
0 48 2.870077680702141e+02 2.129210589120360e-14 6.755035942357653e-02
1 27 2.878466837921245e+02 4.926771712438927e-14 5.644123144383049e-02
0 49 2.929028726544017e+02 2.284428631132506e-14 6.754604054455655e-02
1 28 2.982504047406773e+02 5.790798459948858e-18 5.643977637586817e-02
0 50 2.987979274997725e+02 2.352620871282983e-14 6.754960220465726e-02
0 51 3.046932622030498e+02 2.324238395946611e-14 6.755666092538960e-02
1 29 3.086536681928657e+02 5.800452290869597e-18 5.643750852078781e-02
0 52 3.105887829616158e+02 2.309552764146275e-14 6.755962939823229e-02
0 53 3.164846257458445e+02 2.341168434715323e-14 6.756933208057121e-02
1 30 3.190566818893412e+02 5.837945511999841e-18 5.643131773880131e-02
0 54 3.223800227951737e+02 2.278271274014726e-14 6.756868184534921e-02
0 55 3.282757614564304e+02 2.243251958755842e-14 6.755014962936534e-02
1 31 3.294598849294509e+02 8.625277506740423e-16 5.644214902083299e-02
0 56 3.341708327642326e+02 2.060015976396288e-14 6.754618277449931e-02
1 32 3.398638892225866e+02 5.940384858892810e-18 5.643882111979893e-02
0 57 3.400657653075410e+02 1.777482248886543e-14 6.754787353365728e-02
0 58 3.459609986594922e+02 1.551679058324256e-14 6.754943638315272e-02
1 33 3.502672284220299e+02 5.842013474060935e-18 5.644034761998373e-02
0 59 3.518564343490608e+02 1.396147545439121e-14 6.755298163745233e-02
0 60 3.577521399110231e+02 1.319806152734721e-14 6.756544045316945e-02
1 34 3.606703457317000e+02 7.757191672662864e-15 5.643339863565957e-02
0 61 3.636476190045207e+02 1.176266193867931e-14 6.756579498906067e-02
