0 0 3.525142283036234e+00 3.819209738822289e-18 7.000919616441262e-02
1 0 8.785652542224945e+00 7.151977089924377e-18 4.938366576909928e-02
0 1 9.371003001169040e+00 3.719590975392630e-18 7.001165777480865e-02
0 2 1.521681891563618e+01 3.798516089995217e-18 7.001119930057419e-02
0 3 2.106273309398115e+01 4.003684994197069e-18 7.000625173989537e-02
1 1 2.336928047136125e+01 7.145477291665649e-18 4.938260748979699e-02
0 4 2.690869135995904e+01 3.796921531655523e-18 7.000532352631451e-02
0 5 3.275476137908166e+01 3.952593562565134e-18 7.000923362345565e-02
1 2 3.795276056841197e+01 7.429342636771407e-18 4.938349226197912e-02
0 6 3.860062395615370e+01 3.713632725065861e-18 7.001170832199852e-02
0 7 4.444643709395397e+01 3.811351997482298e-18 7.001145077113702e-02
0 8 5.029234193560067e+01 3.737781437158946e-18 7.000661074492193e-02
1 3 5.253640246424541e+01 7.239035315124324e-18 4.938246897636297e-02
0 9 5.613829663518496e+01 3.938234426693478e-18 7.000558965048241e-02
0 10 6.198437174991606e+01 3.791307669656730e-18 7.000927233249030e-02
1 4 6.711988161986129e+01 4.264734467581304e-15 4.938330674906258e-02
0 11 6.783023620761912e+01 3.719628813089561e-18 7.001175189777863e-02
0 12 7.367604681283012e+01 3.737586506318796e-18 7.001170109334656e-02
0 13 7.952194253080961e+01 3.805450473813687e-18 7.000698065769660e-02
1 5 8.170353724721994e+01 7.272802238807770e-18 4.938232761147392e-02
0 14 8.536789347850389e+01 3.786649795455586e-18 7.000586789184993e-02
0 15 9.121397329552424e+01 4.075927248975402e-18 7.000930847525183e-02
1 6 9.628701575671366e+01 1.684527910861758e-15 4.938312073910826e-02
0 16 9.705983967898754e+01 3.802809874907376e-18 7.001178515758785e-02
0 17 1.029056480383000e+02 4.092114500331460e-18 7.001194616716029e-02
0 18 1.087515348934421e+02 3.813816893379496e-18 7.000735673147909e-02
1 7 1.108706847784716e+02 7.417397243127649e-18 4.938218656519941e-02
0 19 1.145974819420750e+02 3.727485661440017e-18 7.000615363141746e-02
0 20 1.204435660696168e+02 3.781024001374218e-18 7.000933825663735e-02
1 8 1.254541628562420e+02 7.183733955080428e-18 4.938293725683893e-02
0 21 1.262894344475659e+02 3.827664516217318e-18 7.001180477499248e-02
0 22 1.321352408895659e+02 3.737749873850405e-18 7.001218190482621e-02
0 23 1.379811191887300e+02 3.901140086412323e-18 7.000773422320586e-02
1 9 1.400378447885352e+02 7.207043718783390e-18 4.938204897233912e-02
0 24 1.438270622294179e+02 3.807893482134588e-18 7.000644225737795e-02
0 25 1.496731502783949e+02 3.793959579140429e-18 7.000935797702820e-02
1 10 1.546213226135095e+02 7.145076025579887e-18 4.938275613312017e-02
0 26 1.555190207426884e+02 3.787305705593408e-18 7.001180750937357e-02
0 27 1.613648256365244e+02 3.787352503765073e-18 7.001240430441237e-02
0 28 1.672106957302905e+02 3.839574078992438e-18 7.000810847001641e-02
1 11 1.692050165622472e+02 7.173798405511809e-18 4.938192761609023e-02
0 29 1.730566346917915e+02 3.810092945690320e-18 7.000672924228747e-02
0 30 1.789027262766006e+02 3.751630717406918e-18 7.000936410494984e-02
1 12 1.837884946521465e+02 7.236072797248903e-18 4.938256420395671e-02
0 31 1.847485989411772e+02 3.787451448671848e-18 7.001179027335193e-02
0 32 1.905944026946443e+02 3.816067072854575e-18 7.001260952166299e-02
0 33 1.964402649745021e+02 3.929564006286243e-18 7.000847496362303e-02
1 13 1.983721995223043e+02 1.211601503708024e-14 4.938182143232975e-02
0 34 2.022861998219921e+02 3.907237149724530e-18 7.000701021816358e-02
0 35 2.081322945610107e+02 3.835599453382216e-18 7.000935334668945e-02
1 14 2.129556778859771e+02 7.145100781362717e-18 4.938238343147366e-02
0 36 2.139781695602872e+02 3.787895947850413e-18 7.001175019850114e-02
0 37 2.198239726173649e+02 3.751687464223228e-18 7.001279393880452e-02
0 38 2.256698275124410e+02 3.836014029883763e-18 7.000882942115955e-02
1 15 2.275393928922852e+02 3.815641615906620e-16 4.938172774396699e-02
0 39 2.315157582457452e+02 3.788337449276800e-18 7.000728104815115e-02
0 40 2.373618557615420e+02 3.935186606933833e-18 7.000932271164766e-02
1 16 2.421228713355575e+02 7.433869930668417e-18 4.938221652507151e-02
0 41 2.432077332482984e+02 3.810725276053331e-18 7.001168469800093e-02
0 42 2.490535360861696e+02 3.836167576042964e-18 7.001295422909450e-02
0 43 2.548993840595268e+02 4.144581075424363e-18 7.000916785130498e-02
1 17 2.567065955784927e+02 7.229815742779308e-18 4.938164900175025e-02
0 44 2.607453107108335e+02 3.964434084475564e-18 7.000753789355693e-02
0 45 2.665914106300984e+02 4.152057808045864e-18 7.000926957236005e-02
1 18 2.712900738424947e+02 7.227710887270665e-18 4.938206595125109e-02
0 46 2.724372907728721e+02 3.965763062429157e-18 7.001159152501756e-02
0 47 2.782830938984469e+02 3.961659156530149e-18 7.001308741606177e-02
0 48 2.841289354429804e+02 4.078420142666609e-18 7.000948661462723e-02
1 19 2.858738063039031e+02 7.146737406680256e-18 4.938158769722714e-02
0 49 2.899748580740664e+02 4.035151909796018e-18 7.000777727519834e-02
0 50 2.958209600272620e+02 3.996042309482219e-18 7.000919171821822e-02
1 20 3.004572843126662e+02 7.250369962923806e-18 4.938192801288292e-02
0 51 3.016668430072752e+02 4.033896117567482e-18 7.001146882567662e-02
0 52 3.075126469532437e+02 4.128223680078358e-18 7.001319092650063e-02
0 53 3.133584825872057e+02 4.182945540039156e-18 7.000978247721291e-02
1 21 3.150410232760648e+02 7.236008206642003e-18 4.938155395203050e-02
0 54 3.192044012862120e+02 4.116326696110285e-18 7.000799612813757e-02
0 55 3.250505049069595e+02 4.243544549247605e-18 7.000908740196418e-02
1 22 3.296245012383823e+02 7.723740720381800e-15 4.938180516026092e-02
0 56 3.308963909146207e+02 4.260843249746754e-18 7.001131518553627e-02
0 57 3.367421962350853e+02 4.276847622720510e-18 7.001326263630733e-02
0 58 3.425880264972853e+02 4.416042394001127e-18 7.001005265668324e-02
1 23 3.442082453959310e+02 4.141624412391227e-17 4.938154106172030e-02
0 59 3.484339413751075e+02 4.438144613302483e-18 7.000819184889660e-02
0 60 3.542800462993484e+02 4.365252225755885e-18 7.000895537806207e-02
1 24 3.587917228634181e+02 4.813863146525611e-17 4.938170379047413e-02
0 61 3.601259355304001e+02 4.345690166711395e-18 7.001112966851017e-02
