0 0 5.095654864087940e-01 4.431016576448762e-18 7.259094369555921e-02
1 0 1.351719500742158e+00 5.902025289601333e-18 5.547867821070694e-02
2 0 2.743263048927203e+00 9.037592511573036e-18 4.473354543825930e-02
0 1 5.054336447297411e+00 4.079263360485842e-18 7.258809814791033e-02
0 2 9.599148605798060e+00 3.413152940433886e-18 7.258372938697980e-02
1 1 1.175386768311084e+01 6.004568718432506e-18 5.547443652287236e-02
0 3 1.414396050504749e+01 3.495611560956917e-18 7.258313880424505e-02
0 4 1.868894168277952e+01 4.078164905295885e-18 7.258452853323449e-02
1 2 2.215581557831987e+01 6.365933007968800e-18 5.547600469123194e-02
2 1 2.250508047468542e+01 9.042601209451522e-18 4.473496393973036e-02
0 5 2.323379282680046e+01 3.761698981609018e-18 7.258695957465823e-02
0 6 2.777865482649598e+01 4.085567950892739e-18 7.259339328541023e-02
0 7 3.232347757660403e+01 3.594551113759611e-18 7.259478030087997e-02
1 3 3.255757865745660e+01 5.968594174449413e-18 5.547323044181707e-02
0 8 3.686823341095032e+01 3.495488739426362e-18 7.259200535254544e-02
0 9 4.141301487509480e+01 4.074683851102248e-18 7.258797399980005e-02
2 2 4.226692629622184e+01 9.040076663353632e-18 4.473647411304017e-02
1 4 4.295970813696922e+01 5.900300761045404e-18 5.547466802026310e-02
0 10 4.595780015962863e+01 3.413056723836559e-18 7.258584168265438e-02
0 11 5.050270825750691e+01 3.756386107759461e-18 7.258390803341595e-02
1 5 5.336173663528582e+01 5.947748138794448e-18 5.547772823063011e-02
0 12 5.504754140333277e+01 4.073214155927410e-18 7.258459224753774e-02
0 13 5.959251544319562e+01 3.433830452690633e-18 7.259153621768662e-02
2 3 6.202900836690295e+01 9.043611157880690e-18 4.473487178303139e-02
1 6 6.376366132392497e+01 1.388497383034803e-15 5.548036606880156e-02
0 14 6.413735869292213e+01 3.510467834778798e-18 7.259411723512174e-02
0 15 6.868212394451324e+01 3.936676955800718e-18 7.259542294154016e-02
0 16 7.322691641426353e+01 4.152173788159540e-18 7.259299863611088e-02
1 7 7.416593691738750e+01 2.439965292533947e-14 5.548902503482252e-02
0 17 7.777168731261963e+01 3.693399477646286e-18 7.259005683076640e-02
2 4 8.179070175659183e+01 9.053344393514065e-18 4.473142446238467e-02
0 18 8.231651245067511e+01 3.771511045941860e-18 7.258574181396975e-02
1 8 8.456828257359784e+01 5.887714861754606e-18 5.548947910517193e-02
0 19 8.686131273907507e+01 3.496477664599943e-18 7.258511196556218e-02
0 20 9.140631553067622e+01 3.770714379798417e-18 7.258810246831089e-02
1 9 9.497105799868035e+01 5.907267738991660e-18 5.550022986651674e-02
0 21 9.595116844337619e+01 3.693168994168786e-18 7.259002765674155e-02
0 22 1.004960175903004e+02 3.831368355637213e-18 7.259640893543011e-02
2 5 1.015513148763228e+02 2.638964799475745e-13 4.472505680703515e-02
0 23 1.050408213583313e+02 3.692694080867454e-18 7.259653329996772e-02
1 10 1.053732939974861e+02 5.897864605428170e-18 5.550053150625305e-02
0 24 1.095855831184726e+02 4.241128892292393e-18 7.259463156773717e-02
0 25 1.141303731581249e+02 3.692629104282368e-18 7.258983789514148e-02
1 11 1.157765288388122e+02 1.058272555397051e-16 5.550208480203474e-02
0 26 1.186751611256783e+02 3.591305539186517e-18 7.258823627864312e-02
2 6 1.213114428653796e+02 6.570948367411691e-14 4.472249857197522e-02
0 27 1.232200778580231e+02 3.827384117573037e-18 7.258615345387395e-02
1 12 1.261790992475167e+02 5.948511362859365e-18 5.550306942027136e-02
0 28 1.277649057566362e+02 3.742658682641167e-18 7.258754910936756e-02
0 29 1.323098789370540e+02 3.433920092509182e-18 7.259489777270953e-02
1 13 1.365818893570942e+02 5.893589095811943e-18 5.549927718595808e-02
0 30 1.368547152738481e+02 3.692050746692176e-18 7.259710043046437e-02
2 7 1.410718859140485e+02 8.312382609803583e-15 4.472676155149437e-02
0 31 1.413994783779781e+02 3.598155249949649e-18 7.259766211580440e-02
0 32 1.459442540202975e+02 3.760489099060517e-18 7.259449502143195e-02
1 14 1.469843838874434e+02 5.949378948210819e-18 5.549856567744533e-02
0 33 1.504890415081466e+02 3.759487120156867e-18 7.259250657900115e-02
0 34 1.550338773775388e+02 3.821851168014518e-18 7.258768036589096e-02
1 15 1.573871597312712e+02 4.296256743519634e-16 5.549079074409640e-02
0 35 1.595786858140165e+02 3.757952055629434e-18 7.258782115599816e-02
2 8 1.608328994301769e+02 3.083507045255598e-16 4.472900167072086e-02
0 36 1.641236817310581e+02 3.434202348225706e-18 7.259082687562556e-02
1 16 1.677893977967527e+02 6.384097651011223e-18 5.549094334400804e-02
0 37 1.686685383303604e+02 3.820356311825062e-18 7.259394126066737e-02
0 38 1.732133755810185e+02 3.526035639075062e-18 7.259909042633828e-02
0 39 1.777581741355293e+02 3.433894371676550e-18 7.259900809459646e-02
1 17 1.781915900371926e+02 6.065282606752712e-18 5.548389132546550e-02
2 9 1.805944348289365e+02 2.681569371564473e-15 4.473050722361079e-02
0 40 1.823029342311410e+02 3.919582033336321e-18 7.259633040563881e-02
0 41 1.868477172214179e+02 3.737175363649845e-18 7.259179735807833e-02
1 18 1.885938598773019e+02 5.916514187138305e-18 5.548027142493728e-02
0 42 1.913925202186635e+02 3.412844178800905e-18 7.259052759557186e-02
0 43 1.959374498997974e+02 3.588559180904925e-18 7.258870693116545e-02
1 19 1.989959901202629e+02 2.719858452210327e-14 5.547739990389570e-02
0 44 2.004822870270192e+02 3.729886314866482e-18 7.259045554510392e-02
2 10 2.003561709252136e+02 3.992839280901719e-15 4.473354922454507e-02
0 45 2.050272288455809e+02 3.814329154700773e-18 7.259761442435488e-02
1 20 2.093978015242882e+02 1.028617293999460e-15 5.547421452448057e-02
0 46 2.095720731822970e+02 3.750129941254366e-18 7.260056326663498e-02
0 47 2.141168334954309e+02 3.523974721089521e-18 7.259970592560167e-02
0 48 2.186616119808872e+02 3.434099157007889e-18 7.259673523379510e-02
1 21 2.197998314835577e+02 5.958127199934331e-18 5.547407645291649e-02
2 11 2.201179386359205e+02 2.928414822069225e-15 4.473215906133220e-02
0 49 2.232063893931614e+02 3.738934008403221e-18 7.259402549814524e-02
0 50 2.277512375122556e+02 3.501985472166489e-18 7.259041882235384e-02
1 22 2.302018701927568e+02 5.889604234817186e-18 5.547132658250395e-02
0 51 2.322960563786109e+02 3.434435094043532e-18 7.259030105876919e-02
0 52 2.368410539042182e+02 3.723885758635938e-18 7.259436307063091e-02
2 12 2.398798492996093e+02 1.197966797197178e-15 4.473344957285967e-02
1 23 2.406037855706963e+02 5.958901669588382e-18 5.547511408579489e-02
0 53 2.413859079060623e+02 3.744705165098216e-18 7.259703356734681e-02
0 54 2.459307173484204e+02 3.500865550727668e-18 7.260165397269314e-02
0 55 2.504755247778436e+02 3.828023368267755e-18 7.260133428523040e-02
1 24 2.510056398948299e+02 6.456019511061770e-18 5.547742824576868e-02
0 56 2.550202853401460e+02 4.325574960986768e-18 7.259817663979962e-02
0 57 2.595650788090310e+02 4.630517446400917e-18 7.259378032327303e-02
2 13 2.596419139942278e+02 2.190076246595998e-16 4.473481326401985e-02
1 25 2.614078727893817e+02 6.139150379991128e-18 5.547834367344445e-02
0 58 2.641098689521858e+02 3.434446454516527e-18 7.259219183899381e-02
0 59 2.686548251514242e+02 3.521697674418714e-18 7.259205080804318e-02
1 26 2.718102068655465e+02 5.891522131058699e-18 5.548852468492872e-02
0 60 2.731996684960328e+02 3.802888755024888e-18 7.259329102269052e-02
0 61 2.777445962144389e+02 3.585172294083838e-18 7.260103230979670e-02
2 14 2.794035437616992e+02 1.053766700790240e-17 4.472796592044215e-02
0 62 2.822894235768522e+02 3.827989401592433e-18 7.260288646762010e-02
1 27 2.822122288517165e+02 5.891400698793230e-18 5.548961569706821e-02
0 63 2.868341801137948e+02 3.688511650067953e-18 7.260237533739125e-02
0 64 2.913789660531556e+02 3.520259750703725e-18 7.259865482456002e-02
1 28 2.926151422234787e+02 4.572134063092974e-14 5.549837344639427e-02
0 65 2.959237442173014e+02 3.992020993763591e-18 7.259621412983859e-02
2 15 2.991641915647962e+02 1.695297933987468e-16 4.472238149888182e-02
0 66 3.004686035006470e+02 3.412763133600730e-18 7.259244466200693e-02
1 29 3.030176386646218e+02 7.737084235197292e-15 5.549879703611710e-02
0 67 3.050134136265298e+02 3.498998286289760e-18 7.259270734707192e-02
0 68 3.095584241132474e+02 3.688285868794308e-18 7.259789747529385e-02
1 30 3.134206246593910e+02 5.937374993837141e-18 5.550250015418703e-02
0 69 3.141032751937207e+02 3.434301164487352e-18 7.260017376867231e-02
0 70 3.186480762369602e+02 3.583457896777819e-18 7.260428879275306e-02
2 16 3.189242848506811e+02 4.349859285156830e-15 4.472245485589117e-02
0 71 3.231928645536265e+02 3.496832428871625e-18 7.260287943020657e-02
1 31 3.238230553209102e+02 5.892508889466484e-18 5.550231480506494e-02
0 72 3.277376385572081e+02 3.434283697747517e-18 7.260073664316410e-02
0 73 3.322824406272148e+02 3.603844769032244e-18 7.259560824167578e-02
1 32 3.342261548504635e+02 5.960289268845143e-18 5.549692360542855e-02
0 74 3.368272365649695e+02 3.791713354544639e-18 7.259475446833502e-02
2 17 3.386847200366911e+02 3.003436683472387e-14 4.472324410397949e-02
0 75 3.413721954773672e+02 3.518191484864780e-18 7.259447646999288e-02
1 33 3.446286461154186e+02 6.643645190197499e-18 5.549777281044528e-02
0 76 3.459170392145522e+02 3.495960922370065e-18 7.259678792680348e-02
0 77 3.504619571299345e+02 4.062337292815738e-18 7.260411611976166e-02
0 78 3.550067769992359e+02 3.517235805471308e-18 7.260570051556547e-02
1 34 3.550310941399978e+02 5.964592731936088e-18 5.549023097781466e-02
2 18 3.584458120877086e+02 1.137165512721287e-13 4.472709267584890e-02
0 79 3.595515321597113e+02 3.412247605292956e-18 7.260429690562323e-02
0 80 3.640963047053231e+02 3.434405988334893e-18 7.260034423703299e-02
