0 0 6.661575826743047e-01 1.209739428060915e-16 6.987404561861842e-02
1 0 1.191068470838365e+00 6.021230503140356e-18 5.655857719239420e-02
2 0 2.851408103695180e+00 5.592042602105257e-16 4.643309404421397e-02
0 1 5.210791388316798e+00 1.150213884481907e-16 6.987154078985992e-02
0 2 9.755550265234685e+00 1.127540990316065e-16 6.986857814202789e-02
1 1 1.159340285360704e+01 5.781993202323119e-18 5.655324528881400e-02
0 3 1.430007622917071e+01 1.054393928519000e-16 6.986812697829467e-02
0 4 1.884459064795278e+01 9.955773019444630e-17 6.987047900950048e-02
1 2 2.199639976607051e+01 5.842631322715085e-18 5.655337994664391e-02
2 1 2.261293468513129e+01 9.639199070318361e-18 4.643598477359365e-02
0 5 2.338907338676849e+01 9.389698947455648e-17 6.987312522755390e-02
0 6 2.793359369986150e+01 8.794903319078587e-17 6.987571675360621e-02
0 7 3.247808557673017e+01 8.240346016044038e-17 6.987735256309707e-02
1 3 3.239861756051661e+01 9.057215905456470e-15 5.655172198337822e-02
0 8 3.702274365012786e+01 7.919843149404125e-17 6.987568488301792e-02
0 9 4.156753625940792e+01 7.789764484140772e-17 6.986768122223866e-02
2 2 4.237578555588495e+01 1.311192990916603e-16 4.643742239982881e-02
1 4 4.280051437893432e+01 5.692048508898352e-14 5.655505622066141e-02
0 10 4.611209121789314e+01 7.330690908135938e-17 6.986555928074920e-02
0 11 5.065667678188289e+01 6.903582826494658e-17 6.986724429722917e-02
1 5 5.320241195745319e+01 5.806202748103171e-18 5.655703026275105e-02
0 12 5.520117638440600e+01 6.509848538746982e-17 6.986817486281179e-02
0 13 5.974565643953581e+01 6.088132032841041e-17 6.987106662818633e-02
2 3 6.214096181165849e+01 1.414200914749528e-15 4.643559869773489e-02
1 6 6.360442286434164e+01 5.804444535979851e-18 5.656166698731963e-02
0 14 6.429012072059942e+01 5.683457115308605e-17 6.987418263954565e-02
0 15 6.883469966004360e+01 5.351603679254306e-17 6.987566334028078e-02
0 16 7.337932990925049e+01 5.079983403299928e-17 6.986927783756998e-02
1 7 7.400643247947993e+01 5.903361299498561e-18 5.657737341857608e-02
0 17 7.792395931039627e+01 4.835052188010156e-17 6.986626431418699e-02
2 4 8.190565710532792e+01 7.761778030037200e-15 4.642630164236886e-02
0 18 8.246868654905343e+01 4.760453202586261e-17 6.986437195202881e-02
1 8 8.440795547225879e+01 9.164766204705116e-17 5.657651728074799e-02
0 19 8.701320571797051e+01 4.417404066235625e-17 6.986365776509088e-02
0 20 9.155770612962542e+01 4.160499743018797e-17 6.986692717432125e-02
1 9 9.481144620865278e+01 5.841652278432934e-18 5.658599857179122e-02
0 21 9.610219825274844e+01 3.856695594903587e-17 6.986904454192978e-02
0 22 1.006467168234113e+02 3.636692784745126e-17 6.987186614339128e-02
2 5 1.016677431883121e+02 4.338229005174908e-14 4.642049139517665e-02
0 23 1.051912173491105e+02 3.432803979344005e-17 6.987210570717824e-02
1 10 1.052138572683442e+02 5.775919492500587e-18 5.658730703225573e-02
0 24 1.097358733792481e+02 3.263510310019489e-17 6.987076519107559e-02
0 25 1.142806885139273e+02 3.157475495306982e-17 6.986327695687888e-02
1 11 1.156166855691638e+02 5.882539092765084e-18 5.658717517687131e-02
0 26 1.188252350276689e+02 3.013836522864605e-17 6.986130221122262e-02
2 6 1.214291699483363e+02 1.694343400836594e-13 4.642211723280088e-02
0 27 1.233698003662151e+02 2.841131444695748e-17 6.986315677280594e-02
1 12 1.260197971283980e+02 1.458495021933637e-15 5.658591595236240e-02
0 28 1.279142954220704e+02 2.678146502729527e-17 6.986446871740269e-02
0 29 1.324587845115811e+02 2.502898725327077e-17 6.986786081277141e-02
1 13 1.364231134382337e+02 1.226388975226678e-13 5.658354879307888e-02
0 30 1.370032591171445e+02 2.332305348305654e-17 6.987034228897117e-02
2 7 1.411906517708298e+02 2.990261305617172e-13 4.642676635654269e-02
0 31 1.415478452374180e+02 2.253430561196455e-17 6.987168141625556e-02
0 32 1.460925106911808e+02 2.087859041380308e-17 6.986376475260504e-02
1 14 1.468258550145835e+02 5.804358706023468e-18 5.658461262265790e-02
0 33 1.506371201585000e+02 1.897476417822284e-17 6.986163282005681e-02
0 34 1.551818320330690e+02 1.999991112132190e-17 6.985986118903248e-02
1 15 1.572286837533810e+02 5.805028237103955e-18 5.657648068169214e-02
0 35 1.597263375141083e+02 1.830578076338194e-17 6.985972190476544e-02
2 8 1.609522228535611e+02 8.719735036204745e-18 4.642727234568055e-02
0 36 1.642708302561729e+02 1.623544517835393e-17 6.986252742337531e-02
1 16 1.676319492748267e+02 6.144148531472653e-18 5.657648328895110e-02
0 37 1.688153096869568e+02 1.515141565164949e-17 6.986548534245511e-02
0 38 1.733598463358936e+02 1.507345747453430e-17 6.986809702611274e-02
0 39 1.779043590456786e+02 1.400442003272264e-17 6.986719615936191e-02
1 17 1.780347666609941e+02 8.396390228164575e-17 5.657193247658935e-02
2 9 1.807136729472803e+02 8.814040331478867e-18 4.642759494826088e-02
0 40 1.824490137497328e+02 1.394703709580576e-17 6.986537617401690e-02
0 41 1.869938262189337e+02 1.252908523693700e-17 6.985876019287074e-02
1 18 1.884371336125971e+02 5.993921404977572e-18 5.656942207310372e-02
0 42 1.915383699362822e+02 1.251084646045110e-17 6.985756646830912e-02
0 43 1.960829299886249e+02 1.174886142879454e-17 6.985911061448771e-02
1 19 1.988401837426243e+02 5.778269771798211e-18 5.656499871302954e-02
2 10 2.004748852238849e+02 8.732290873594963e-18 4.642995518743601e-02
0 44 2.006274171882743e+02 1.209282954224350e-17 6.986094112952136e-02
0 45 2.051719117863478e+02 9.267246669128531e-18 6.986371212889114e-02
1 20 2.092429307735057e+02 5.835233014323322e-18 5.656383196599417e-02
0 46 2.097163829108508e+02 9.194354030052485e-18 6.986689903205653e-02
0 47 2.142609966546368e+02 9.395669367236838e-18 6.986715575710434e-02
0 48 2.188056902594438e+02 8.550050811319874e-18 6.985883080721009e-02
1 21 2.196452878586285e+02 1.070546391376908e-15 5.656496608744823e-02
2 11 2.202364266012808e+02 8.727502368040584e-18 4.642985573458146e-02
0 49 2.233502857624343e+02 8.201980962228439e-18 6.985628190173131e-02
0 50 2.278949621830485e+02 8.134022724176074e-18 6.985586410728284e-02
1 22 2.300474249505343e+02 5.820546308463257e-18 5.656004791279361e-02
0 51 2.324394722456719e+02 7.347107435715198e-18 6.985600337595282e-02
0 52 2.369839596979184e+02 6.794716271974980e-18 6.985869556661038e-02
2 12 2.399993649888546e+02 8.702338992154832e-18 4.643188404575640e-02
1 23 2.404500790841820e+02 5.970818814632210e-18 5.656415263859887e-02
0 53 2.415284310803888e+02 7.500126710454285e-18 6.986172652300893e-02
0 54 2.460729716686164e+02 6.461989710700638e-18 6.986408129105688e-02
0 55 2.506175011055544e+02 6.904903108219347e-18 6.986264001650613e-02
1 24 2.508517321269284e+02 5.906332116286450e-18 5.656877658085493e-02
0 56 2.551621658024555e+02 6.140722752289261e-18 6.985989429279540e-02
0 57 2.597069657676531e+02 6.448637596356762e-18 6.985448757963791e-02
2 13 2.597645300995195e+02 8.701051409539781e-18 4.643215186326097e-02
1 25 2.612530823462935e+02 5.908758025967472e-18 5.657052636433228e-02
0 58 2.642515039432988e+02 5.317319981228019e-18 6.985287015956911e-02
0 59 2.687960429286363e+02 5.246180702474655e-18 6.985551655890564e-02
1 26 2.716556110646519e+02 1.261438238188862e-17 5.658427759914102e-02
0 60 2.733405434216821e+02 5.037839646467685e-18 6.985700349048189e-02
0 61 2.778850378818048e+02 4.965430834016097e-18 6.985998227817308e-02
2 14 2.795291784122177e+02 8.713548275388692e-18 4.641948759832493e-02
1 27 2.820574559560273e+02 5.874148480994122e-18 5.658755358194296e-02
0 62 2.824295121892133e+02 5.303705155234731e-18 6.986249810981922e-02
0 63 2.869741330413628e+02 4.772420109636577e-18 6.986285748204168e-02
0 64 2.915188704689243e+02 4.771723039475457e-18 6.985425734741156e-02
1 28 2.924602648838782e+02 5.806476423650227e-18 5.659730781358402e-02
0 65 2.960634548362055e+02 4.108224396910191e-18 6.985155883681995e-02
2 15 2.992912712342055e+02 8.707192512274003e-18 4.641541133031187e-02
0 66 3.006080990678956e+02 5.478122848791101e-18 6.985177718068025e-02
1 29 3.028627179277337e+02 6.290681403665044e-18 5.659552622998709e-02
0 67 3.051526016453194e+02 4.693093583126992e-18 6.985198604629782e-02
0 68 3.096970845861571e+02 4.106877589347000e-18 6.985540128664069e-02
1 30 3.132663037140990e+02 4.389711750862148e-17 5.659669955805625e-02
0 69 3.142415630181399e+02 3.796941141804455e-18 6.985783875889569e-02
0 70 3.187861034939321e+02 4.226681326912812e-18 6.986032583391985e-02
2 16 3.190526509891420e+02 8.704895910564811e-18 4.641867966035595e-02
0 71 3.233306528933795e+02 3.797725353170716e-18 6.985693440088207e-02
1 31 3.236691072250833e+02 6.105998595655358e-18 5.659763102246389e-02
0 72 3.278753040183221e+02 3.554752584687938e-18 6.985483917197885e-02
0 73 3.324201030923691e+02 3.618187986502867e-18 6.984990504770514e-02
1 32 3.340718497382245e+02 5.796448524566949e-18 5.659180337893016e-02
0 74 3.369646307921082e+02 3.798646012512282e-18 6.984871573988648e-02
2 17 3.388141676018143e+02 8.711464081972396e-18 4.642001436780888e-02
0 75 3.415091574200304e+02 4.104603677051107e-18 6.985115965067931e-02
1 33 3.444751551493598e+02 5.813762551479132e-18 5.659112955735867e-02
0 76 3.460536501473343e+02 4.000477907950555e-18 6.985334530690633e-02
0 77 3.505981604279064e+02 3.855385696638764e-18 6.985649722021665e-02
1 34 3.548781769304992e+02 5.773966749362528e-18 5.658692675217206e-02
0 78 3.551426440468945e+02 3.554319307457709e-18 6.985832001513365e-02
2 18 3.585757662746611e+02 1.544819551504717e-13 4.642277349475552e-02
0 79 3.596872726763852e+02 3.616687605201031e-18 6.985822896267144e-02
0 80 3.642320370114159e+02 4.102975839064243e-18 6.984933477874511e-02
1 35 3.652807070628890e+02 9.081003481621291e-17 5.658695364726415e-02
