0 0 1.727477567698892e+00 3.833288334517292e-18 6.908910716759822e-02
0 1 7.573608045323839e+00 4.085115307043549e-18 6.908910716759821e-02
0 2 1.341973852294878e+01 4.102500501481891e-18 6.908910716759817e-02
0 3 1.926586900057375e+01 3.850670925945285e-18 6.908910716759813e-02
0 4 2.511199947819874e+01 3.833466177157017e-18 6.908910716759817e-02
0 5 3.095812995582373e+01 3.850758611877375e-18 6.908910716759820e-02
0 6 3.680426043344872e+01 3.833555098476768e-18 6.908910716759821e-02
0 7 4.265039091107371e+01 3.755415491771035e-18 6.908910716759817e-02
0 8 4.849652138869872e+01 3.850890140775335e-18 6.908910716759811e-02
0 9 5.434265186632374e+01 3.850933983741280e-18 6.908910716759811e-02
0 10 6.018878234394874e+01 3.879526082583307e-18 6.908910716759806e-02
0 11 6.603491282157371e+01 4.086468980003640e-18 6.908910716759804e-02
0 12 7.188104329919859e+01 4.103847997502820e-18 6.908910716759809e-02
0 13 7.772717377682346e+01 3.828099029440118e-18 6.908910716759799e-02
0 14 8.357330425444836e+01 3.851153198570818e-18 6.908910716759802e-02
0 15 8.941943473207321e+01 4.087010449186529e-18 6.908910716759802e-02
0 16 9.526556520969808e+01 4.104386995910542e-18 6.908910716759803e-02
0 17 1.011116956873229e+02 3.834044165734299e-18 6.908910716759809e-02
0 18 1.069578261649478e+02 3.828322365742359e-18 6.908910716759817e-02
0 19 1.128039566425727e+02 4.133330297474018e-18 6.908910716759817e-02
0 20 1.186500871201975e+02 4.133464024507412e-18 6.908910716759809e-02
0 21 1.244962175978224e+02 3.879997106952001e-18 6.908910716759807e-02
0 22 1.303423480754472e+02 3.834266469033604e-18 6.908910716759814e-02
0 23 1.361884785530721e+02 3.919636144887554e-18 6.908910716759803e-02
0 24 1.420346090306970e+02 3.703848896256761e-18 6.908910716759809e-02
0 25 1.478807395083219e+02 3.919718950838695e-18 6.908910716759809e-02
0 26 1.537268699859467e+02 4.082734881594441e-18 6.908910716759810e-02
0 27 1.595730004635716e+02 4.088634856736686e-18 6.908910716759813e-02
0 28 1.654191309411965e+02 3.845113201121621e-18 6.908910716759806e-02
0 29 1.712652614188214e+02 3.709612884301423e-18 6.908910716759809e-02
0 30 1.771113918964463e+02 3.828858372867205e-18 6.908910716759809e-02
0 31 1.829575223740712e+02 3.828903040127459e-18 6.908910716759803e-02
0 32 1.888036528516961e+02 3.851942371957106e-18 6.908910716759799e-02
0 33 1.946497833293210e+02 3.834755536289994e-18 6.908910716759786e-02
0 34 2.004959138069459e+02 3.880553772113618e-18 6.908910716759792e-02
0 35 2.063420442845708e+02 4.083955046658538e-18 6.908910716759789e-02
0 36 2.121881747621958e+02 3.709611438096865e-18 6.908910716759793e-02
0 37 2.180343052398207e+02 4.135737384065873e-18 6.908910716759795e-02
0 38 2.238804357174456e+02 4.090123896984946e-18 6.908910716759796e-02
0 39 2.297265661950705e+02 3.835022300247497e-18 6.908910716759792e-02
0 40 2.355726966726954e+02 3.852293115683173e-18 6.908910716759799e-02
0 41 2.414188271503203e+02 4.090529998871015e-18 6.908910716759790e-02
0 42 2.472649576279452e+02 3.880896335289491e-18 6.908910716759792e-02
0 43 2.531110881055700e+02 3.709609991892291e-18 6.908910716759790e-02
0 44 2.589572185831949e+02 3.755347157829347e-18 6.908910716759793e-02
0 45 2.648033490608198e+02 4.399973815321989e-18 6.908910716759792e-02
0 46 2.706494795384447e+02 3.726832020703254e-18 6.908910716759796e-02
0 47 2.764956100160696e+02 3.835377985525071e-18 6.908910716759800e-02
0 48 2.823417404936945e+02 3.755339770376184e-18 6.908910716759803e-02
0 49 2.881878709713193e+02 3.852687702375669e-18 6.908910716759793e-02
0 50 2.940340014489443e+02 3.829751718073166e-18 6.908910716759795e-02
0 51 2.998801319265691e+02 3.835555828163705e-18 6.908910716759792e-02
0 52 3.057262624041941e+02 3.835600288823284e-18 6.908910716759799e-02
0 53 3.115723928818189e+02 4.384662803660649e-18 6.908910716759806e-02
0 54 3.174185233594438e+02 3.852906917204910e-18 6.908910716759800e-02
0 55 3.232646538370687e+02 4.092425141008965e-18 6.908910716759807e-02
0 56 3.291107843146936e+02 3.835778131462417e-18 6.908910716759809e-02
0 57 3.349569147923185e+02 4.086937672373834e-18 6.908910716759809e-02
0 58 3.408030452699433e+02 4.092831242896245e-18 6.908910716759810e-02
0 59 3.466491757475682e+02 4.403311613240191e-18 6.908910716759807e-02
0 60 3.524953062251930e+02 3.853169975000678e-18 6.908910716759807e-02
0 61 3.583414367028179e+02 3.755315761153394e-18 6.908910716759809e-02
0 62 3.641875671804427e+02 3.844941052160576e-18 6.908910716759817e-02
