0 0 4.996059356481502e-01 3.376362244068039e-18 7.747497163392297e-02
1 0 1.215805344131584e+00 1.708762160713294e-14 5.894930880372409e-02
2 0 2.326350740700702e+00 4.635902217965474e-14 4.643422015847016e-02
0 1 5.044330329664469e+00 3.520274133805946e-18 7.747158709187496e-02
0 2 9.589182841117152e+00 3.636988127113312e-18 7.746664233214041e-02
1 1 1.161772455753675e+01 5.573077258513388e-18 5.894616170106404e-02
0 3 1.413404632289577e+01 3.588511964610151e-18 7.746578289801936e-02
0 4 1.867902097853800e+01 3.376065884842456e-18 7.746766417443955e-02
1 2 2.201931530837985e+01 5.647670484966773e-18 5.894783667206514e-02
2 1 2.208856101755502e+01 8.749325466083820e-14 4.643349101283675e-02
0 5 2.322387943388278e+01 3.306436073913453e-18 7.747052617644930e-02
0 6 2.776871452357917e+01 3.970582293215045e-18 7.747681610170500e-02
0 7 3.231345449976803e+01 3.375002099302899e-18 7.747883014120716e-02
1 3 3.242102097482768e+01 5.717175759853716e-18 5.894568724456723e-02
0 8 3.685814755509579e+01 4.056006314379446e-18 7.747624457609750e-02
0 9 4.140292182253203e+01 4.052574952825250e-18 7.747075643944501e-02
2 2 4.185090555428253e+01 8.746655593315835e-18 4.643527218587059e-02
1 4 4.282290228947775e+01 9.938715292762508e-17 5.894889065708565e-02
0 10 4.594771219368050e+01 4.073037300429108e-18 7.746791941496339e-02
0 11 5.049266128926602e+01 3.512152119524769e-18 7.746678789486240e-02
1 5 5.322447263126875e+01 5.608893075353701e-18 5.895250814135167e-02
0 12 5.503754743212868e+01 3.304647467319942e-18 7.746744735018606e-02
0 13 5.958248011112732e+01 3.753656564406684e-18 7.747358882079287e-02
2 3 6.161384425016997e+01 8.748187180889052e-18 4.643219315332033e-02
1 6 6.362598432241364e+01 5.542958983697360e-18 5.895566420736920e-02
0 14 6.412727123754145e+01 3.775086398576873e-18 7.747674072460066e-02
0 15 6.867199312429989e+01 4.436700253582817e-18 7.747946418552915e-02
0 16 7.321672717651715e+01 3.290032054671891e-18 7.747600850378082e-02
1 7 7.402778892304059e+01 5.653587015314301e-18 5.896333992408243e-02
0 17 7.776145171339877e+01 3.505543956036808e-18 7.747244765670290e-02
2 4 8.137727424577757e+01 8.734125492959311e-18 4.642921572234389e-02
0 18 8.230632818732036e+01 3.835593760761286e-18 7.746783918732777e-02
1 8 8.442942672389123e+01 5.641405712058182e-16 5.896480235368155e-02
0 19 8.685117792854987e+01 3.764097944611370e-18 7.746690018108986e-02
0 20 9.139616658267644e+01 4.657814812831747e-18 7.747036681273921e-02
1 9 9.483112918732731e+01 5.722062516233081e-18 5.897437800026032e-02
0 21 9.594101513022949e+01 4.021872355746387e-18 7.747250658700609e-02
0 22 1.004858399575588e+02 4.045599759146415e-18 7.747918464201799e-02
2 5 1.011407407468251e+02 8.720547967232661e-18 4.642477275871808e-02
0 23 1.050305621793990e+02 3.501047160555117e-18 7.747956425780615e-02
1 10 1.052326444624470e+02 5.556692709006695e-18 5.897432663550119e-02
0 24 1.095752555886529e+02 3.683316992732024e-18 7.747782922882600e-02
0 25 1.141200523753299e+02 4.302298021700357e-18 7.747144891581631e-02
1 11 1.156349071585371e+02 5.550840325748824e-18 5.897898079094065e-02
0 26 1.186648494321243e+02 3.220474209982782e-18 7.746929600726241e-02
2 6 1.209039796891958e+02 8.718544973543408e-18 4.642049709857366e-02
0 27 1.232098091728429e+02 3.485053684757880e-18 7.746801863957413e-02
1 12 1.260363519494189e+02 2.829264557565237e-14 5.897911006812911e-02
0 28 1.277546782543511e+02 4.992323613358441e-18 7.746954993404155e-02
0 29 1.322996181738096e+02 3.220237393477922e-18 7.747610276874818e-02
1 13 1.364384365154481e+02 7.391307799803209e-15 5.897634706056681e-02
0 30 1.368443910876557e+02 4.498407859377465e-18 7.747886470254627e-02
2 7 1.406669409894438e+02 8.718063360052556e-18 4.642399979305990e-02
0 31 1.413891125867430e+02 4.089755280225049e-18 7.748092461737018e-02
0 32 1.459338317410074e+02 3.829773924312709e-18 7.747643897652175e-02
1 14 1.468402051696703e+02 5.551130803526006e-18 5.897523881292838e-02
0 33 1.504785785124070e+02 4.081350442664902e-18 7.747398405960323e-02
0 34 1.550234664034122e+02 4.479222933019762e-18 7.746880545360355e-02
1 15 1.572423655590057e+02 5.557126217788830e-18 5.896627001981586e-02
0 35 1.595683273073557e+02 4.078294260234863e-18 7.746882399031060e-02
2 8 1.604297290080662e+02 8.722826475581499e-18 4.642919865148534e-02
0 36 1.641133044474492e+02 4.074403928291853e-18 7.747183782365777e-02
1 16 1.676439561005861e+02 5.823432007141284e-18 5.896537099592965e-02
0 37 1.686581423575790e+02 3.805500305540819e-18 7.747535728969376e-02
0 38 1.732029621017912e+02 4.355449986291375e-18 7.748095833784363e-02
0 39 1.777476753265633e+02 4.751298279899231e-18 7.748107726302840e-02
1 17 1.780459030674229e+02 9.097136310974861e-18 5.895574499808982e-02
2 9 1.801924239945081e+02 8.761529869464393e-18 4.643246485356706e-02
0 40 1.822923754707663e+02 4.457197500145720e-18 7.747837721555589e-02
0 41 1.868371667558844e+02 4.453092636455815e-18 7.747246959018113e-02
1 18 1.884478958780604e+02 5.539091965923600e-18 5.895330851137719e-02
0 42 1.913819926592168e+02 5.464986206539690e-18 7.747079018090301e-02
0 43 1.959269524819684e+02 5.020915939913294e-18 7.746969611344200e-02
1 19 1.988495862254908e+02 5.548327934767611e-18 5.894931762212999e-02
2 10 1.999548468248950e+02 8.736174748413092e-18 4.643580698096568e-02
0 44 2.004718299326777e+02 4.884280142334800e-18 7.747170381545780e-02
0 45 2.050167367852865e+02 4.446059815058014e-18 7.747790292297042e-02
1 20 2.092513023360938e+02 5.605075578649030e-18 5.894658307825154e-02
0 46 2.095615113485618e+02 5.161670173909384e-18 7.748164996955530e-02
0 47 2.141062241992032e+02 4.458701956791864e-18 7.748191759340763e-02
0 48 2.186509537424047e+02 4.312617856375083e-18 7.747764319187588e-02
1 21 2.196532062810485e+02 1.856743661670595e-14 5.894749118238598e-02
2 11 2.197170010804673e+02 8.718599939836607e-18 4.643391223053427e-02
0 49 2.231957021577576e+02 4.038750109863032e-18 7.747423752906799e-02
0 50 2.277405985589911e+02 4.852663702569121e-18 7.747065223563891e-02
1 22 2.300549587189305e+02 1.528114962502830e-14 5.894600114715365e-02
0 51 2.322854779517569e+02 5.317242471636076e-18 7.747031844262488e-02
0 52 2.368304456901652e+02 4.579797451367376e-18 7.747424929203506e-02
2 12 2.394793926619961e+02 8.842218234356085e-18 4.643355886975246e-02
1 23 2.404565122103147e+02 5.662917237288715e-18 5.894974629309227e-02
0 53 2.413752807250201e+02 4.301260063864580e-18 7.747736329970045e-02
0 54 2.459200643263603e+02 4.030115035007636e-18 7.748280675550284e-02
0 55 2.504647929705959e+02 4.025730536362355e-18 7.748261268143032e-02
1 24 2.508581950054792e+02 5.642804119792591e-18 5.895251467939862e-02
0 56 2.550094897261993e+02 5.469767422438173e-18 7.747915818468036e-02
2 13 2.592423363966856e+02 8.786435731473852e-18 4.643409527747898e-02
0 57 2.595543048230817e+02 5.556337084034912e-18 7.747362070863831e-02
1 25 2.612599854117861e+02 5.671759613553591e-18 5.895511015041235e-02
0 58 2.640991217291923e+02 5.087006705069541e-18 7.747145702719097e-02
0 59 2.686440975375876e+02 6.598160963387046e-18 7.747221239541484e-02
1 26 2.716615426884482e+02 1.030532225565062e-16 5.896350268434908e-02
0 60 2.731889741325348e+02 5.459803111701725e-18 7.747347357694717e-02
0 61 2.777338688720797e+02 5.457756754863882e-18 7.748050355709155e-02
2 14 2.790057170766764e+02 8.749828616065352e-18 4.642902457833418e-02
1 27 2.820630147748130e+02 5.551317603090488e-18 5.896505732040924e-02
0 62 2.822786273058922e+02 5.751678087854213e-18 7.748301260448064e-02
0 63 2.868233259509724e+02 6.065848362841642e-18 7.748362960290077e-02
0 64 2.913680786018924e+02 5.704061600191146e-18 7.747839706891554e-02
1 28 2.924650447207199e+02 5.565700693200452e-18 5.897397228824201e-02
0 65 2.959128303653367e+02 5.771625563155046e-18 7.747531653677077e-02
2 15 2.987692361250221e+02 1.023067951964942e-13 4.642335972886798e-02
0 66 3.004577459848947e+02 5.579317625698239e-18 7.747178092026384e-02
1 29 3.028665630346397e+02 5.549594488461899e-18 5.897457484384012e-02
0 67 3.050026097450345e+02 6.519916084910571e-18 7.747190872499841e-02
0 68 3.095475903903313e+02 5.716356323278030e-18 7.747689777855560e-02
1 30 3.132685063521451e+02 6.474558367316365e-16 5.897988409226593e-02
0 69 3.140924094199075e+02 6.217775000531320e-18 7.747949549679253e-02
0 70 3.186371869435581e+02 5.966467796151636e-18 7.748482557016576e-02
2 16 3.185324600352197e+02 4.544405337551952e-14 4.642260187856311e-02
0 71 3.231818967772763e+02 6.217594123055298e-18 7.748309366933559e-02
1 31 3.236701038217449e+02 5.839211334240637e-18 5.897909520854883e-02
0 72 3.277266061898612e+02 5.792519202191973e-18 7.748072287256129e-02
0 73 3.322714381079962e+02 7.239083390816837e-18 7.747434366161567e-02
1 32 3.340724427069384e+02 5.619112616849243e-18 5.897585509543025e-02
0 74 3.368162654768989e+02 6.430294593794277e-18 7.747309820653489e-02
2 17 3.382953813405500e+02 1.695148915993445e-14 4.642327676370375e-02
0 75 3.413612416633885e+02 6.692472590182431e-18 7.747347969417898e-02
1 33 3.444739370640262e+02 5.551240699249456e-18 5.897541110464872e-02
0 76 3.459061046591403e+02 7.209200140239299e-18 7.747599515131370e-02
0 77 3.504510007859632e+02 6.681651185416514e-18 7.748270882011242e-02
0 78 3.549957431673663e+02 6.423982589705893e-18 7.748501448923911e-02
1 34 3.548759686354402e+02 3.393469147647748e-14 5.896620710645797e-02
2 18 3.580582277972686e+02 5.070492207600987e-15 4.642827171726931e-02
0 79 3.595404446157592e+02 7.448511331801464e-18 7.748459557391293e-02
0 80 3.640851856178522e+02 7.980595032385657e-18 7.747908169379236e-02
1 35 3.652778937820704e+02 6.032757192901980e-15 5.896476077529318e-02
