0 0 1.732136890564773e+00 3.742587206419158e-18 6.839363232315107e-02
0 1 7.578267368189734e+00 3.866855845471277e-18 6.839363232315110e-02
0 2 1.342439784581468e+01 3.866899358197854e-18 6.839363232315102e-02
0 3 1.927052832343966e+01 3.843761785131423e-18 6.839363232315102e-02
0 4 2.511665880106464e+01 4.056444363596095e-18 6.839363232315097e-02
0 5 3.096278927868963e+01 3.748396586519110e-18 6.839363232315092e-02
0 6 3.680891975631462e+01 4.310603855908493e-18 6.839363232315095e-02
0 7 4.265505023393960e+01 4.051039504828454e-18 6.839363232315093e-02
0 8 4.850118071156460e+01 3.765764213114648e-18 6.839363232315089e-02
0 9 5.434731118918960e+01 3.844027756407654e-18 6.839363232315090e-02
0 10 6.019344166681461e+01 3.867247460010117e-18 6.839363232315090e-02
0 11 6.603957214443955e+01 4.074753698462336e-18 6.839363232315093e-02
0 12 7.188570262206440e+01 3.742587206419171e-18 6.839363232315084e-02
0 13 7.773183309968925e+01 3.867377998189651e-18 6.839363232315088e-02
0 14 8.357796357731408e+01 3.867421510916221e-18 6.839363232315090e-02
0 15 8.942409405493893e+01 3.748394541861144e-18 6.839363232315090e-02
0 16 9.527022453256377e+01 3.850145187206059e-18 6.839363232315085e-02
0 17 1.011163550101886e+02 3.844382384775898e-18 6.839363232315075e-02
0 18 1.069624854878135e+02 3.844426713321910e-18 6.839363232315071e-02
0 19 1.128086159654383e+02 4.052658408020134e-18 6.839363232315078e-02
0 20 1.186547464430631e+02 3.765754423280695e-18 6.839363232315079e-02
0 21 1.245008769206880e+02 4.052928225219017e-18 6.839363232315079e-02
0 22 1.303470073983129e+02 3.867769612728667e-18 6.839363232315084e-02
0 23 1.361931378759377e+02 4.059003742133135e-18 6.839363232315084e-02
0 24 1.420392683535626e+02 4.314880398433772e-18 6.839363232315085e-02
0 25 1.478853988311874e+02 3.844737013144301e-18 6.839363232315084e-02
0 26 1.537315293088122e+02 3.850586428008527e-18 6.839363232315090e-02
0 27 1.595776597864371e+02 4.053737676814910e-18 6.839363232315088e-02
0 28 1.654237902640619e+02 4.059677262800786e-18 6.839363232315088e-02
0 29 1.712699207416868e+02 4.077167368499817e-18 6.839363232315103e-02
0 30 1.771160512193117e+02 3.844958655874468e-18 6.839363232315099e-02
0 31 1.829621816969365e+02 3.765745449266219e-18 6.839363232315099e-02
0 32 1.888083121745613e+02 3.742587206419161e-18 6.839363232315104e-02
0 33 1.946544426521862e+02 3.748390861476805e-18 6.839363232315111e-02
0 34 2.005005731298110e+02 4.054682037010832e-18 6.839363232315117e-02
0 35 2.063467036074358e+02 3.748390452545206e-18 6.839363232315121e-02
0 36 2.121928340850607e+02 4.078106017959294e-18 6.839363232315118e-02
0 37 2.180389645626855e+02 4.300618501746897e-18 6.839363232315117e-02
0 38 2.238850950403103e+02 3.851115916971861e-18 6.839363232315113e-02
0 39 2.297312255179351e+02 3.897234347005190e-18 6.839363232315111e-02
0 40 2.355773559955600e+02 3.868552841807057e-18 6.839363232315111e-02
0 41 2.414234864731848e+02 3.851248289212902e-18 6.839363232315109e-02
0 42 2.472696169508096e+02 3.868639867260347e-18 6.839363232315103e-02
0 43 2.531157474284345e+02 3.845534926973909e-18 6.839363232315102e-02
0 44 2.589618779060592e+02 4.061832528940817e-18 6.839363232315103e-02
0 45 2.648080083836841e+02 3.742587206419162e-18 6.839363232315104e-02
0 46 2.706541388613090e+02 4.056300940206232e-18 6.839363232315102e-02
0 47 2.765002693389337e+02 3.748387998955658e-18 6.839363232315103e-02
0 48 2.823463998165586e+02 3.868900943620202e-18 6.839363232315107e-02
0 49 2.881925302941834e+02 3.868944456346974e-18 6.839363232315106e-02
0 50 2.940386607718082e+02 3.748387385558265e-18 6.839363232315104e-02
0 51 2.998847912494330e+02 3.845889555343174e-18 6.839363232315102e-02
0 52 3.057309217270578e+02 3.851733654096960e-18 6.839363232315102e-02
0 53 3.115770522046827e+02 3.742587206419160e-18 6.839363232315102e-02
0 54 3.174231826823074e+02 4.063179570280154e-18 6.839363232315089e-02
0 55 3.232693131599323e+02 3.869205532707103e-18 6.839363232315085e-02
0 56 3.291154436375571e+02 4.305144245701017e-18 6.839363232315092e-02
0 57 3.349615741151819e+02 3.851954274498822e-18 6.839363232315090e-02
0 58 3.408077045928068e+02 4.081056059123434e-18 6.839363232315090e-02
0 59 3.466538350704316e+02 3.742587206419168e-18 6.839363232315088e-02
0 60 3.524999655480564e+02 3.869423096340441e-18 6.839363232315095e-02
0 61 3.583460960256812e+02 3.898169358342527e-18 6.839363232315100e-02
0 62 3.641922265033060e+02 4.058459477802237e-18 6.839363232315100e-02
