0 0 1.675206502161476e+00 3.802432868736945e-18 6.856904026447724e-02
0 1 7.521336979786438e+00 3.905660064462271e-18 6.856904026447724e-02
0 2 1.336746745741139e+01 4.169506988531326e-18 6.856904026447722e-02
0 3 1.921359793503636e+01 4.169548187171457e-18 6.856904026447724e-02
0 4 2.505972841266135e+01 3.832947951052749e-18 6.856904026447717e-02
0 5 3.090585889028635e+01 3.832960450241399e-18 6.856904026447716e-02
0 6 3.675198936791135e+01 3.802413415137965e-18 6.856904026447720e-02
0 7 4.259811984553636e+01 4.113365842723843e-18 6.856904026447726e-02
0 8 4.844425032316135e+01 3.905724862917386e-18 6.856904026447731e-02
0 9 5.429038080078634e+01 4.449537063421205e-18 6.856904026447737e-02
0 10 6.013651127841132e+01 3.729680015494915e-18 6.856904026447734e-02
0 11 6.598264175603629e+01 4.097160587981412e-18 6.856904026447727e-02
0 12 7.182877223366114e+01 4.327301835203703e-18 6.856904026447734e-02
0 13 7.767490271128599e+01 3.729680015494912e-18 6.856904026447735e-02
0 14 8.352103318891083e+01 4.377586810485729e-18 6.856904026447742e-02
0 15 8.936716366653567e+01 3.729680015494910e-18 6.856904026447740e-02
0 16 9.521329414416051e+01 3.833097941316630e-18 6.856904026447734e-02
0 17 1.010594246217854e+02 3.905808175216867e-18 6.856904026447735e-02
0 18 1.069055550994102e+02 4.730563652924579e-18 6.856904026447740e-02
0 19 1.127516855770351e+02 4.327115302287078e-18 6.856904026447735e-02
0 20 1.185978160546599e+02 4.170248564052860e-18 6.856904026447737e-02
0 21 1.244439465322848e+02 4.170289762692927e-18 6.856904026447747e-02
0 22 1.302900770099096e+02 4.430528280562253e-18 6.856904026447740e-02
0 23 1.361362074875345e+02 3.905863716749823e-18 6.856904026447737e-02
0 24 1.419823379651593e+02 4.921495607221998e-18 6.856904026447733e-02
0 25 1.478284684427842e+02 3.905882230594143e-18 6.856904026447729e-02
0 26 1.536745989204091e+02 4.113365842723844e-18 6.856904026447730e-02
0 27 1.595207293980340e+02 3.802345327541551e-18 6.856904026447729e-02
0 28 1.653668598756589e+02 3.802342085275078e-18 6.856904026447715e-02
0 29 1.712129903532838e+02 3.905919258282627e-18 6.856904026447716e-02
0 30 1.770591208309087e+02 4.922286932024069e-18 6.856904026447720e-02
0 31 1.829052513085336e+02 3.905937772126866e-18 6.856904026447710e-02
0 32 1.887513817861585e+02 3.729680015494931e-18 6.856904026447710e-02
0 33 1.945975122637834e+02 3.905956285971069e-18 6.856904026447713e-02
0 34 2.004436427414083e+02 3.802322631676209e-18 6.856904026447719e-02
0 35 2.062897732190332e+02 4.113365842723850e-18 6.856904026447719e-02
0 36 2.121359036966581e+02 4.098271610643489e-18 6.856904026447713e-02
0 37 2.179820341742830e+02 4.009685433941087e-18 6.856904026447715e-02
0 38 2.238281646519079e+02 4.009672934752493e-18 6.856904026447719e-02
0 39 2.296742951295328e+02 3.833385422654861e-18 6.856904026447723e-02
0 40 2.355204256071577e+02 3.802303178077314e-18 6.856904026447729e-02
0 41 2.413665560847826e+02 3.833410421032092e-18 6.856904026447727e-02
0 42 2.472126865624075e+02 4.098538256081789e-18 6.856904026447731e-02
0 43 2.530588170400324e+02 3.906048855192233e-18 6.856904026447727e-02
0 44 2.589049475176573e+02 3.906058112114336e-18 6.856904026447727e-02
0 45 2.647510779952821e+02 3.729680015494920e-18 6.856904026447727e-02
0 46 2.705972084729070e+02 4.732651811328964e-18 6.856904026447730e-02
0 47 2.764433389505320e+02 4.924529018960815e-18 6.856904026447737e-02
0 48 2.822894694281568e+02 3.906095139802851e-18 6.856904026447740e-02
0 49 2.881355999057817e+02 4.098849342426462e-18 6.856904026447741e-02
0 50 2.939817303834066e+02 3.833522913729566e-18 6.856904026447741e-02
0 51 2.998278608610315e+02 4.098938224239332e-18 6.856904026447742e-02
0 52 3.056739913386564e+02 3.906132167491322e-18 6.856904026447741e-02
0 53 3.115201218162812e+02 3.906141424413484e-18 6.856904026447737e-02
0 54 3.173662522939062e+02 3.906150681335585e-18 6.856904026447741e-02
0 55 3.232123827715310e+02 3.729680015494905e-18 6.856904026447753e-02
0 56 3.290585132491560e+02 3.833597908861186e-18 6.856904026447758e-02
0 57 3.349046437267808e+02 3.802248059547062e-18 6.856904026447749e-02
0 58 3.407507742044057e+02 4.171814112369918e-18 6.856904026447752e-02
0 59 3.465969046820305e+02 3.906196965946255e-18 6.856904026447763e-02
0 60 3.524430351596554e+02 3.729680015494898e-18 6.856904026447762e-02
0 61 3.582891656372802e+02 4.171937708290127e-18 6.856904026447763e-02
0 62 3.641352961149051e+02 3.729680015494898e-18 6.856904026447763e-02
