0 0 5.669441249356275e-01 6.380286578836339e-17 7.103588951064142e-02
1 0 1.320005185155618e+00 5.942491315566465e-18 5.901777465536683e-02
2 0 2.449431185846108e+00 8.835354531014378e-18 4.618896003695980e-02
0 1 5.111589171077763e+00 8.329072505046268e-17 7.103270107524276e-02
0 2 9.656311612110519e+00 9.947463869310942e-17 7.103002756955885e-02
1 1 1.172228514863389e+01 2.212440288251839e-15 5.901288778193700e-02
0 3 1.420099685462547e+01 1.261794553445783e-16 7.102956838915681e-02
0 4 1.874570914812431e+01 1.541204281556402e-16 7.103043594205781e-02
1 2 2.212459850672757e+01 2.357642085796962e-14 5.901512425787313e-02
2 1 2.221134804228644e+01 2.489681464018892e-15 4.618883328478957e-02
0 5 2.329035480573150e+01 1.917175511193010e-16 7.103326453766058e-02
0 6 2.783512049659698e+01 2.153975038102276e-16 7.103868973765282e-02
0 7 3.237981656703188e+01 2.449924635055362e-16 7.103897435705066e-02
1 3 3.252663747994346e+01 5.602790384728982e-18 5.901337157203169e-02
0 8 3.692447148004459e+01 2.920968649912720e-16 7.103645594613753e-02
0 9 4.146921215272992e+01 3.360153274912272e-16 7.103206213122989e-02
2 2 4.197297440941448e+01 8.466692370818230e-16 4.619038014030345e-02
1 4 4.292882251722895e+01 5.574192289396751e-18 5.901589256479138e-02
0 10 4.601387358807813e+01 4.085960718639916e-16 7.102967684831485e-02
0 11 5.055857859799239e+01 4.858143319061710e-16 7.102940975379529e-02
1 5 5.333121147658461e+01 5.533864933937835e-18 5.901822823207189e-02
0 12 5.510324839470360e+01 5.811442703870255e-16 7.103049881505592e-02
0 13 5.964798206041003e+01 6.628392637890173e-16 7.103421179600515e-02
2 3 6.173489544926574e+01 2.525390495016646e-16 4.618786693772149e-02
1 6 6.373351751286403e+01 3.800090238193306e-16 5.902237228386176e-02
0 14 6.419262119293067e+01 7.838388305916690e-16 7.103712119640368e-02
0 15 6.873734382851814e+01 8.561362576623502e-16 7.104046925949237e-02
0 16 7.328210861774348e+01 9.354617359244873e-16 7.103570504459741e-02
1 7 7.413553904037393e+01 5.648781597861030e-18 5.902987973897916e-02
0 17 7.782675861189385e+01 1.099313785253590e-15 7.103227267363742e-02
2 4 8.149723907687969e+01 5.842897289797304e-17 4.618564808242423e-02
0 18 8.237147670699879e+01 1.265311182902836e-15 7.102999384853838e-02
1 8 8.453783342663523e+01 5.534462624374430e-18 5.902971309054988e-02
0 19 8.691615436459948e+01 1.471818300277110e-15 7.102950241965203e-02
0 20 9.146087212685042e+01 1.685599491697188e-15 7.103150914266576e-02
1 9 9.494040128955498e+01 5.602619671801989e-18 5.904047939568721e-02
0 21 9.600552144617363e+01 1.959471902663601e-15 7.103379194116477e-02
0 22 1.005502886795139e+02 2.110063274679706e-15 7.103968881779375e-02
2 5 1.012597986286696e+02 1.244698177839205e-17 4.618055620365165e-02
0 23 1.050949919358108e+02 2.298834111011841e-15 7.103834823287078e-02
1 10 1.053422529977535e+02 2.785487274856394e-16 5.904127642743911e-02
0 24 1.096396387591542e+02 2.587764656260057e-15 7.103622513829777e-02
0 25 1.141843833615533e+02 2.875844142579315e-15 7.103164777507978e-02
1 11 1.157448155819578e+02 5.576186880921719e-18 5.904573998170092e-02
0 26 1.187290482863740e+02 3.293026378859878e-15 7.102965060737264e-02
2 6 1.210224137790453e+02 8.958052433287997e-18 4.617549230925484e-02
0 27 1.232737490857594e+02 3.761171925956936e-15 7.102927154931421e-02
1 12 1.261469384649802e+02 5.563265519880934e-18 5.904558393178875e-02
0 28 1.278184084733043e+02 4.290553833170768e-15 7.103095968975831e-02
0 29 1.323631546805685e+02 4.727303026971898e-15 7.103534179867504e-02
1 13 1.365495600477154e+02 5.535126387742603e-18 5.904395353315200e-02
0 30 1.369078004991112e+02 3.674159325427698e-18 7.103769402460609e-02
2 7 1.407850922406295e+02 8.766426313631684e-18 4.617879138075249e-02
0 31 1.414525074180711e+02 3.544034225100121e-18 7.104026925333384e-02
0 32 1.459972651739617e+02 3.894428673987949e-18 7.103494108808615e-02
1 14 1.469512543342262e+02 2.135519856913795e-14 5.904313755251549e-02
0 33 1.505419198568498e+02 4.198340736874254e-18 7.103244076728282e-02
0 34 1.550866410384223e+02 4.809834690359421e-18 7.102976311545479e-02
1 15 1.573537756844565e+02 2.836659080072189e-15 5.903223579831128e-02
0 35 1.596313177570577e+02 7.111564668069897e-18 7.102994081387543e-02
2 8 1.605479811396170e+02 8.765459843855485e-18 4.618401955925023e-02
0 36 1.641760329912500e+02 9.983006261638494e-18 7.103158849207392e-02
1 16 1.677559131830288e+02 5.751885620579745e-18 5.903247796580233e-02
0 37 1.687206767776894e+02 1.227863702526244e-17 7.103480672791829e-02
0 38 1.732654521706459e+02 1.381144958919033e-17 7.104033303468640e-02
0 39 1.778101694708128e+02 1.575274727339475e-17 7.103820449379772e-02
1 17 1.781578445078274e+02 5.553603660514374e-18 5.902333544204739e-02
2 9 1.803109320574653e+02 8.857330130833386e-18 4.618761357853073e-02
0 40 1.823548107318659e+02 1.910980944719111e-17 7.103542612946984e-02
0 41 1.868995440326226e+02 2.496907494188217e-17 7.103138210948171e-02
1 18 1.885599580847197e+02 5.712752882620887e-18 5.901975559027130e-02
0 42 1.914442187643979e+02 3.221862142250549e-17 7.103002148099720e-02
0 43 1.959889237236487e+02 3.985971273121816e-17 7.102949134868172e-02
1 19 1.989622305910552e+02 1.360740455733481e-17 5.901548454689013e-02
2 10 2.000734302855616e+02 1.036511677843135e-17 4.619097701457783e-02
0 44 2.005335789625785e+02 5.202733634139909e-17 7.103160281978028e-02
0 45 2.050783238043102e+02 6.187863427847623e-17 7.103588044181182e-02
1 20 2.093644006809347e+02 5.662137270994687e-18 5.901339335307283e-02
0 46 2.096229774794876e+02 7.477551685670594e-17 7.103881068801837e-02
0 47 2.141676765607914e+02 8.850528331565539e-17 7.103967680772537e-02
0 48 2.187124325627163e+02 9.976529102723638e-17 7.103467032859896e-02
1 21 2.197663659389506e+02 5.611518992286454e-18 5.901428379286017e-02
2 11 2.198352963289570e+02 4.277137381367469e-17 4.618912281809301e-02
0 49 2.232570845904470e+02 1.258947648715777e-16 7.103161773819530e-02
0 50 2.278017990359859e+02 1.490310636736693e-16 7.103001457371157e-02
1 22 2.301687088308334e+02 5.534524522342263e-18 5.901102051369196e-02
0 51 2.323464825075214e+02 1.818852303918962e-16 7.103019713495362e-02
0 52 2.368912020324269e+02 2.173817048166431e-16 7.103225108810263e-02
2 12 2.395969693249714e+02 2.015966543253847e-16 4.618920182992020e-02
1 23 2.405710827784720e+02 4.523775307377448e-15 5.901581883501691e-02
0 53 2.414358415758318e+02 2.666206368536291e-16 7.103529298532958e-02
0 54 2.459806050968718e+02 2.937904197151426e-16 7.104079750868314e-02
0 55 2.505253399239765e+02 3.231225392721438e-16 7.103831592057072e-02
1 24 2.509730365477938e+02 1.446560065355687e-14 5.901875356523924e-02
0 56 2.550699841305736e+02 3.839518388793298e-16 7.103484168700411e-02
2 13 2.593588850980218e+02 7.906330651735943e-16 4.619006255580296e-02
0 57 2.596147132976992e+02 4.391049130950554e-16 7.103133828546482e-02
1 25 2.613753246017066e+02 5.594522742211290e-18 5.901996790688942e-02
0 58 2.641593833115424e+02 5.201768800323718e-16 7.102968258966079e-02
0 59 2.687040901472527e+02 6.089526210876527e-16 7.103036385698634e-02
1 26 2.717777778561354e+02 5.536962376853592e-18 5.902809563943890e-02
0 60 2.732487500817693e+02 7.208762358351006e-16 7.103200178127900e-02
0 61 2.777935007872655e+02 8.074965862589809e-16 7.103697501382061e-02
2 14 2.791211972066922e+02 2.391014194019592e-15 4.618532964395312e-02
0 62 2.823381572164324e+02 9.179873913454133e-16 7.103882420368586e-02
1 27 2.821799065445964e+02 5.617674045852352e-18 5.903028221222712e-02
0 63 2.868828386232493e+02 1.014066161188839e-15 7.103942118127093e-02
0 64 2.914276009801293e+02 1.104232672158352e-15 7.103425944643937e-02
1 28 2.925821706137762e+02 5.698738662145748e-18 5.903948600483892e-02
0 65 2.959722565605722e+02 1.273745647772749e-15 7.103132093749213e-02
2 15 2.988838072724839e+02 3.814404311160203e-15 4.617968154639055e-02
0 66 3.005169653962579e+02 1.460681141592953e-15 7.102983298975007e-02
1 29 3.029843734221037e+02 5.807431394952171e-18 5.903885384271637e-02
0 67 3.050616386666125e+02 1.678507055303622e-15 7.103034870472991e-02
0 68 3.096063664766163e+02 1.899410766403085e-15 7.103333306827347e-02
1 30 3.133870791825892e+02 5.546333949914434e-18 5.904593135948370e-02
0 69 3.141510084404206e+02 2.176791030802511e-15 7.103588033839235e-02
0 70 3.186957654261806e+02 2.324345694214384e-15 7.104138448536922e-02
2 16 3.186463973506542e+02 8.800071309936493e-18 4.617778504460716e-02
0 71 3.232405041494345e+02 2.457391122518777e-15 7.103755561189394e-02
1 31 3.237887469949083e+02 5.531204392832287e-18 5.904588968491885e-02
0 72 3.277851486253998e+02 2.763835374449630e-15 7.103487879223465e-02
0 73 3.323298821154706e+02 3.059862594437777e-15 7.103102595720437e-02
1 32 3.341914006177919e+02 6.871293332157123e-15 5.904126069878980e-02
0 74 3.368745554367339e+02 3.454504708793975e-15 7.102997008595492e-02
2 17 3.384090553077221e+02 8.768534011281307e-18 4.617812686838470e-02
0 75 3.414192597793100e+02 3.998165382007729e-18 7.103033694290274e-02
1 33 3.445934955540965e+02 1.000639005320068e-14 5.904130844833555e-02
0 76 3.459639121935110e+02 4.679856006536011e-18 7.103282687561358e-02
0 77 3.505086781327384e+02 3.728784502850247e-18 7.103803841906109e-02
0 78 3.550533465286742e+02 3.714890126363911e-18 7.103919407085292e-02
1 34 3.549957912178244e+02 5.587107277612061e-18 5.903226047299116e-02
2 18 3.581720006033884e+02 8.796494540993385e-18 4.618381294855570e-02
0 79 3.595980132673108e+02 3.729809648771813e-18 7.103874371240333e-02
0 80 3.641427629485186e+02 3.650870825988086e-18 7.103365993656682e-02
