0 0 1.824449348599779e+00 4.118443295671683e-18 6.848091453190122e-02
0 1 7.670579826224729e+00 3.735279058056840e-18 6.848091453190121e-02
0 2 1.351671030384967e+01 3.827808192251680e-18 6.848091453190119e-02
0 3 1.936284078147465e+01 3.735279058056841e-18 6.848091453190124e-02
0 4 2.520897125909963e+01 4.139653080792273e-18 6.848091453190121e-02
0 5 3.105510173672463e+01 3.810671381020748e-18 6.848091453190112e-02
0 6 3.690123221434962e+01 4.447562654650232e-18 6.848091453190110e-02
0 7 4.274736269197462e+01 4.139529617075221e-18 6.848091453190110e-02
0 8 4.859349316959962e+01 3.903135334630927e-18 6.848091453190111e-02
0 9 5.443962364722462e+01 4.139447307930537e-18 6.848091453190114e-02
0 10 6.028575412484961e+01 4.139406153358176e-18 6.848091453190117e-02
0 11 6.613188460247456e+01 3.810690806215782e-18 6.848091453190115e-02
0 12 7.197801508009941e+01 4.063908858521989e-18 6.848091453190105e-02
0 13 7.782414555772425e+01 3.827670888084368e-18 6.848091453190103e-02
0 14 8.367027603534909e+01 3.827658405887334e-18 6.848091453190105e-02
0 15 8.951640651297394e+01 4.118443295671699e-18 6.848091453190100e-02
0 16 9.536253699059881e+01 4.118443295671699e-18 6.848091453190103e-02
0 17 1.012086674682237e+02 3.903052132650241e-18 6.848091453190101e-02
0 18 1.070547979458485e+02 4.378809686583629e-18 6.848091453190097e-02
0 19 1.129009284234734e+02 4.354445414557385e-18 6.848091453190093e-02
0 20 1.187470589010982e+02 4.026138841023353e-18 6.848091453190101e-02
0 21 1.245931893787231e+02 5.024575747563237e-18 6.848091453190103e-02
0 22 1.304393198563480e+02 3.903005909327694e-18 6.848091453190105e-02
0 23 1.362854503339728e+02 3.902996664663172e-18 6.848091453190111e-02
0 24 1.421315808115977e+02 3.810732894138360e-18 6.848091453190117e-02
0 25 1.479777112892226e+02 3.810736131670865e-18 6.848091453190115e-02
0 26 1.538238417668474e+02 3.902968930669614e-18 6.848091453190118e-02
0 27 1.596699722444722e+02 4.063242976949197e-18 6.848091453190126e-02
0 28 1.655161027220971e+02 3.810745844268387e-18 6.848091453190121e-02
0 29 1.713622331997219e+02 4.668824807341013e-18 6.848091453190125e-02
0 30 1.772083636773468e+02 4.683552946734896e-18 6.848091453190118e-02
0 31 1.830544941549716e+02 4.063065408529512e-18 6.848091453190115e-02
0 32 1.889006246325965e+02 3.902913462682435e-18 6.848091453190118e-02
0 33 1.947467551102213e+02 4.062976624319654e-18 6.848091453190118e-02
0 34 2.005928855878462e+02 3.902894973353374e-18 6.848091453190114e-02
0 35 2.064390160654710e+02 3.735279058056838e-18 6.848091453190119e-02
0 36 2.122851465430958e+02 4.452736369810441e-18 6.848091453190111e-02
0 37 2.181312770207207e+02 4.062799055899940e-18 6.848091453190101e-02
0 38 2.239774074983455e+02 4.138253825331728e-18 6.848091453190099e-02
0 39 2.298235379759704e+02 4.062710271690209e-18 6.848091453190100e-02
0 40 2.356696684535952e+02 4.026388484964001e-18 6.848091453190105e-02
0 41 2.415157989312201e+02 3.735279058056848e-18 6.848091453190103e-02
0 42 2.473619294088450e+02 3.827308904370482e-18 6.848091453190101e-02
0 43 2.532080598864698e+02 4.806248089277514e-18 6.848091453190099e-02
0 44 2.590541903640947e+02 4.353647666861243e-18 6.848091453190099e-02
0 45 2.649003208417195e+02 3.902793282043635e-18 6.848091453190093e-02
0 46 2.707464513193444e+02 4.376373681536510e-18 6.848091453190097e-02
0 47 2.765925817969692e+02 4.376286681356271e-18 6.848091453190101e-02
0 48 2.824387122745941e+02 3.810810594918558e-18 6.848091453190099e-02
0 49 2.882848427522189e+02 5.396275464032199e-18 6.848091453190096e-02
0 50 2.941309732298438e+02 3.902747058721019e-18 6.848091453190103e-02
0 51 2.999771037074686e+02 4.862996223887314e-18 6.848091453190101e-02
0 52 3.058232341850934e+02 4.062133174326842e-18 6.848091453190099e-02
0 53 3.116693646627182e+02 3.735279058056848e-18 6.848091453190093e-02
0 54 3.175154951403431e+02 4.353328567782676e-18 6.848091453190096e-02
0 55 3.233616256179680e+02 3.735279058056848e-18 6.848091453190093e-02
0 56 3.292077560955929e+02 3.902691590733863e-18 6.848091453190097e-02
0 57 3.350538865732177e+02 3.827121671415046e-18 6.848091453190101e-02
0 58 3.409000170508426e+02 3.902673101404863e-18 6.848091453190103e-02
0 59 3.467461475284675e+02 4.137389579312342e-18 6.848091453190104e-02
0 60 3.525922780060923e+02 3.810849445308637e-18 6.848091453190108e-02
0 61 3.584384084837172e+02 3.735279058056840e-18 6.848091453190110e-02
0 62 3.642845389613421e+02 4.026663093298471e-18 6.848091453190103e-02
