0 0 5.661952150878640e-01 3.503983583049746e-18 7.548785313224900e-02
1 0 1.389243170688018e+00 5.659295609241927e-18 5.831933154497003e-02
2 0 2.340091589130194e+00 7.776713271752959e-15 4.696966725919340e-02
0 1 5.110954617164934e+00 3.496454289392910e-18 7.548448009307492e-02
0 2 9.655803950011672e+00 4.236513218822601e-18 7.548021476165656e-02
1 1 1.179104547921546e+01 5.603913709829563e-18 5.831542874487815e-02
0 3 1.420063782951982e+01 4.235931395258164e-18 7.547994869098286e-02
0 4 1.874555886789939e+01 4.235710840293334e-18 7.548125859105508e-02
2 1 2.210241551925544e+01 2.526546350510975e-14 4.696887000975276e-02
1 2 2.219273705959446e+01 7.452956371587851e-14 5.831724821229371e-02
0 5 2.329034159110808e+01 5.651471308796765e-18 7.548420788434913e-02
0 6 2.783514369015401e+01 5.449665309430976e-18 7.549082118870466e-02
0 7 3.237988251515242e+01 6.189977718707580e-18 7.549166135762035e-02
1 3 3.259476111211019e+01 1.352250047437592e-14 5.831546419794904e-02
0 8 3.692459898631399e+01 5.419512004118674e-18 7.548843065474194e-02
0 9 4.146939773332212e+01 6.987216582347355e-18 7.548375101765871e-02
2 2 4.186369351528741e+01 7.533973488656382e-14 4.697014493816722e-02
1 4 4.299679766157814e+01 5.653128170404635e-18 5.831804362108915e-02
0 10 4.601420519626252e+01 7.203723898573909e-18 7.548131535993409e-02
0 11 5.055910731658302e+01 8.822710611561052e-18 7.547996354619074e-02
1 5 5.339898314053931e+01 5.604987792275634e-18 5.832143397170230e-02
0 12 5.510392673809640e+01 1.106152455653313e-17 7.548114658488919e-02
0 13 5.964881426645009e+01 1.188354831784321e-17 7.548725933095603e-02
2 3 6.162459133310877e+01 8.615494273698006e-18 4.696688806359543e-02
1 6 6.380113949544646e+01 5.676507999635927e-18 5.832436693586920e-02
0 14 6.419356559074072e+01 1.208964955379972e-17 7.548999254502820e-02
0 15 6.873827307056472e+01 1.593065747472081e-17 7.549174269897053e-02
0 16 7.328303806921873e+01 1.922612614583357e-17 7.548822302272969e-02
1 7 7.420348045848543e+01 6.172392590392893e-17 5.833075194282159e-02
0 17 7.782780215118717e+01 2.339805861715984e-17 7.548455525743694e-02
2 4 8.138561915577260e+01 8.648695150744777e-18 4.696568914022792e-02
0 18 8.237266483700031e+01 2.747487077180241e-17 7.548069103796040e-02
1 8 8.460575384287218e+01 6.083032344594579e-18 5.833164593278030e-02
0 19 8.691748528723717e+01 3.144348713397194e-17 7.548028135053586e-02
0 20 9.146241192699851e+01 3.229904334109439e-17 7.548326942462959e-02
1 9 9.500807790186474e+01 5.693513534847129e-18 5.833967593003200e-02
0 21 9.600719387627508e+01 4.053546111351276e-17 7.548546203610951e-02
0 22 1.005519799048322e+02 4.627334978377252e-17 7.549227515411625e-02
2 5 1.011469704464490e+02 8.635193347772152e-18 4.696310428600007e-02
0 23 1.050967139630016e+02 5.449705833648122e-17 7.549158501741693e-02
1 10 1.054102851764552e+02 5.598053525653649e-18 5.834000078264064e-02
0 24 1.096414296838029e+02 6.777073387589345e-17 7.548910720923457e-02
0 25 1.141862503100502e+02 7.682665432203126e-17 7.548379917148318e-02
1 11 1.158127409740403e+02 1.644243839084136e-14 5.834435277935929e-02
0 26 1.187310579142433e+02 8.848716380451758e-17 7.548186648141579e-02
2 6 1.209086688398227e+02 8.617460182466438e-18 4.695821055363279e-02
0 27 1.232759681364422e+02 9.428866585650246e-17 7.548051516078783e-02
1 12 1.262147575232435e+02 6.249275735272681e-14 5.834471627775929e-02
0 28 1.278207693102283e+02 1.092098659732196e-16 7.548230611784842e-02
0 29 1.323656608599555e+02 1.166242890525370e-16 7.548916791670159e-02
1 13 1.366171918919458e+02 5.645043302028638e-18 5.834437768748490e-02
0 30 1.369104056881539e+02 1.381929210434369e-16 7.549123320104834e-02
2 7 1.406705440301104e+02 8.620465075667849e-18 4.695875511732212e-02
0 31 1.414551123736391e+02 1.630406351802481e-16 7.549230501903628e-02
0 32 1.459998710203517e+02 1.844180237895042e-16 7.548790007462435e-02
1 14 1.470190176220906e+02 5.598505361852632e-18 5.834376855149458e-02
0 33 1.505446475926340e+02 2.144335663912799e-16 7.548541319572312e-02
0 34 1.550895228785940e+02 2.318150038041602e-16 7.548093440132581e-02
1 15 1.574213812756187e+02 5.598067313861381e-18 5.833535869794860e-02
0 35 1.596343419280092e+02 2.598625506178884e-16 7.548138690647387e-02
2 8 1.604327292121135e+02 8.629759059685204e-18 4.696288238384310e-02
0 36 1.641792642345747e+02 2.773918733544680e-16 7.548413449793681e-02
1 16 1.678229057629445e+02 8.281123056757555e-18 5.833477561485743e-02
0 37 1.687240337279931e+02 3.186961944584131e-16 7.548741925123613e-02
0 38 1.732688176604473e+02 3.559054028946607e-16 7.549321784312704e-02
0 39 1.778135480197968e+02 3.996201152383519e-16 7.549207949217476e-02
1 17 1.782248670516796e+02 5.671732891341318e-18 5.832314823089073e-02
2 9 1.801957329507752e+02 8.616096846718961e-18 4.696865302403111e-02
0 40 1.823582744468192e+02 4.607452985303674e-16 7.548898052438344e-02
0 41 1.869030884750865e+02 5.046028889666040e-16 7.548396510816002e-02
1 18 1.886264614750996e+02 5.611976228002195e-18 5.831990917115910e-02
0 42 1.914479132862092e+02 5.592530152058365e-16 7.548275079229166e-02
0 43 1.959928262086118e+02 5.948984232151253e-16 7.548135536890611e-02
1 19 1.990280620564990e+02 5.614156517048430e-18 5.831438700591571e-02
2 10 1.999589717091141e+02 8.615533935378301e-18 4.697348279072226e-02
0 44 2.005376275088303e+02 6.676421000391431e-16 7.548367245580573e-02
0 45 2.050824953121120e+02 7.101216834817931e-16 7.549024657288128e-02
0 46 2.096272397524597e+02 7.989059377416983e-16 7.549314707906613e-02
1 20 2.094298136797851e+02 4.644312424645125e-16 5.831124488246998e-02
0 47 2.141719501361354e+02 9.016074819141498e-16 7.549246100200739e-02
0 48 2.187167139244491e+02 9.877358209686696e-16 7.548833637085473e-02
1 21 2.198315887930699e+02 5.960528249774842e-18 5.831236606265108e-02
2 11 2.197212248349733e+02 8.698978814773205e-18 4.697141400517808e-02
0 49 2.232614957671739e+02 1.102096604792718e-15 7.548513056518148e-02
0 50 2.278063696230822e+02 1.180196795976524e-15 7.548188575847817e-02
1 22 2.302336207595811e+02 5.604358162137956e-18 5.831067305556131e-02
0 51 2.323512018429540e+02 1.292106008899098e-15 7.548220038586041e-02
0 52 2.368961170438923e+02 1.361664835587630e-15 7.548569903087621e-02
2 12 2.394825384250699e+02 8.614926896117186e-18 4.697065224912511e-02
1 23 2.406355903023224e+02 5.703014348238546e-18 5.831457426251926e-02
0 53 2.414408867827878e+02 1.517133513000138e-15 7.548873037043206e-02
0 54 2.459856404784082e+02 1.650594775870135e-15 7.549399139893169e-02
0 55 2.505303851725752e+02 1.798718600265913e-15 7.549282853488852e-02
1 24 2.510378121502800e+02 5.646212337764772e-18 5.831750786911025e-02
0 56 2.550751178236417e+02 2.007263746693916e-15 7.548897589976054e-02
2 13 2.592434324303561e+02 8.659235482107932e-18 4.697096434272190e-02
0 57 2.596199444601228e+02 2.159756939396913e-15 7.548441261289590e-02
1 25 2.614400383817945e+02 1.504549819340928e-15 5.831929184533567e-02
0 58 2.641647614487309e+02 2.349256203357820e-15 7.548276067108357e-02
0 59 2.687096792721783e+02 2.482411775445852e-15 7.548308530155032e-02
1 26 2.718423162791859e+02 5.674188230185957e-18 5.832625187691971e-02
0 60 2.732544840634961e+02 2.718524613386449e-15 7.548471157609649e-02
0 61 2.777993356876851e+02 2.871812111109999e-15 7.549201758733072e-02
2 14 2.790044209030421e+02 8.658070541555441e-18 4.696760960552616e-02
0 62 2.823440757190763e+02 3.140059607180938e-15 7.549372855173277e-02
1 27 2.822445451711083e+02 5.602282312519797e-18 5.832753377674328e-02
0 63 2.868887750847015e+02 3.450731214890905e-15 7.549312647965335e-02
0 64 2.914335616330519e+02 3.695909009534264e-15 7.548845524910305e-02
1 28 2.926469510006074e+02 5.822390743850318e-18 5.833477056301077e-02
0 65 2.959783459440081e+02 4.024776041815065e-15 7.548540744710856e-02
2 15 2.987658311306644e+02 6.133439890547857e-14 4.696388157542023e-02
0 66 3.005232318366987e+02 4.276443460246146e-15 7.548230963541826e-02
1 29 3.030491487694844e+02 9.757585217271298e-17 5.833513652735498e-02
0 67 3.050680473819712e+02 4.618952574681752e-15 7.548291223005681e-02
0 68 3.096129698665751e+02 4.840852112381563e-15 7.548774141884881e-02
1 30 3.134515358674691e+02 5.772055063192187e-18 5.834091971002558e-02
0 69 3.141577346321994e+02 5.278754286818543e-15 7.549010609856742e-02
0 70 3.187024777039269e+02 1.832037133896077e-15 7.549506618643290e-02
2 16 3.185275148909381e+02 2.104357449104104e-14 4.696244808621813e-02
0 71 3.232472158403667e+02 1.988031394203993e-15 7.549253069043818e-02
1 31 3.238535932676966e+02 5.601662824552936e-18 5.834063667229420e-02
0 72 3.277919556264593e+02 2.202685518827695e-15 7.548975650458077e-02
0 73 3.323367997332096e+02 2.360791927094443e-15 7.548445838460340e-02
1 32 3.342560903984506e+02 5.713278560161076e-18 5.833921300359840e-02
0 74 3.368816163662021e+02 2.553249654830474e-15 7.548358657342115e-02
2 17 3.382893587725376e+02 5.867879886219100e-15 4.696021211998948e-02
0 75 3.414265368328869e+02 2.693855847632226e-15 7.548371163680838e-02
1 33 3.446578432355774e+02 2.526635580679932e-14 5.833918502556277e-02
0 76 3.459713254199514e+02 2.931836875848359e-15 7.548629065114083e-02
0 77 3.505161781817338e+02 3.065194252117204e-15 7.549353527876194e-02
0 78 3.550609114413903e+02 3.314665464871098e-15 7.549468725763320e-02
1 34 3.550601668150214e+02 1.214935802154524e-14 5.833074855020937e-02
2 18 3.580516101141753e+02 1.256429386207636e-15 4.696429250720178e-02
0 79 3.596056168492547e+02 3.626696555749926e-15 7.549328736162242e-02
0 80 3.641503962433142e+02 3.881282727813469e-15 7.548834285467403e-02
