0 0 5.415873146156870e-01 3.817092477179607e-18 7.653530784229289e-02
1 0 1.012102644959784e+00 6.951661848520005e-15 5.586826296900740e-02
2 0 2.479807661072288e+00 8.881474317796497e-18 4.557987185290704e-02
0 1 5.086360336903848e+00 3.508318305352870e-18 7.653265791894615e-02
0 2 9.631378691357178e+00 3.887036543856624e-18 7.652472191026377e-02
1 1 1.141383159876504e+01 3.536288611090618e-14 5.586659057532715e-02
0 3 1.417621491420286e+01 3.476709339841717e-18 7.652375882639796e-02
0 4 1.872110345970748e+01 3.805723054696102e-18 7.652832573668324e-02
1 2 2.181570102314089e+01 5.912654355233301e-18 5.586623011457047e-02
2 1 2.224210766215014e+01 8.881609277031850e-18 4.558082534060248e-02
0 5 2.326592739233084e+01 3.476139954753350e-18 7.653073372467502e-02
0 6 2.781068475707146e+01 3.674721031202372e-18 7.653388567203312e-02
0 7 3.235538250459309e+01 3.509577066955312e-18 7.653722048988590e-02
1 3 3.221710897102682e+01 5.842405725294395e-18 5.586520606740410e-02
0 8 3.690010159578410e+01 4.403354228837229e-18 7.653538061226398e-02
0 9 4.144490895310481e+01 3.239828723603806e-18 7.652616442256822e-02
2 2 4.200615077818107e+01 8.907239047042914e-18 4.558282897068421e-02
1 4 4.261861240312492e+01 1.435354517257171e-14 5.586952271151548e-02
0 10 4.598973968503653e+01 3.311022497621776e-18 7.652361124225580e-02
0 11 5.053476447406305e+01 3.510888661699965e-18 7.652550367056395e-02
1 5 5.301936883896116e+01 1.082248283809592e-13 5.587227687915718e-02
0 12 5.507961191265586e+01 3.403755586914908e-18 7.652570322951373e-02
0 13 5.962441831181525e+01 3.877519138134437e-18 7.653062304226600e-02
2 3 6.177215839002859e+01 8.884215585350094e-18 4.557963313576022e-02
1 6 6.342034841452304e+01 5.832322236556073e-18 5.587616889895089e-02
0 14 6.416919195393335e+01 3.974902753135577e-18 7.653388552696030e-02
0 15 6.871391626020390e+01 4.075741020281692e-18 7.653512263366036e-02
0 16 7.325860281044022e+01 3.813734045143900e-18 7.653259985224023e-02
1 7 7.382182973671100e+01 5.950037182250543e-18 5.588802592097487e-02
0 17 7.780338209580967e+01 3.239665697889460e-18 7.652961125365698e-02
2 4 8.153786558170486e+01 8.924686322273513e-18 4.557247421813233e-02
0 18 8.234842873349953e+01 3.814436609891299e-18 7.652300596750837e-02
1 8 8.422257459738344e+01 5.866642802061179e-18 5.589013042045510e-02
0 19 8.689324615143894e+01 3.401834505049244e-18 7.652180174883591e-02
0 20 9.143812935796025e+01 3.473161707608153e-18 7.652753189972136e-02
1 9 9.462475271952239e+01 8.859676033075607e-14 5.589815969011301e-02
0 21 9.598294898028826e+01 3.311462024421685e-18 7.652924070812774e-02
0 22 1.005277026375319e+02 4.583291325332170e-18 7.653277732841243e-02
2 5 1.013014078552594e+02 3.504894657055238e-14 4.556756137656727e-02
0 23 1.050723810208862e+02 3.239472410742450e-18 7.653475803450469e-02
1 10 1.050263632886182e+02 5.881845518557175e-18 5.589905236103641e-02
0 24 1.096170994096029e+02 3.311630542663309e-18 7.653380108312305e-02
0 25 1.141619545421109e+02 3.312136426383397e-18 7.652329735019323e-02
1 11 1.154289343795256e+02 5.849250822040505e-18 5.590110181075455e-02
0 26 1.187067802107135e+02 3.675197784937580e-18 7.652126289185796e-02
2 6 1.210636760389993e+02 1.410994809766947e-14 4.556806325565920e-02
0 27 1.232517883350604e+02 3.399584641409016e-18 7.652342125293306e-02
1 12 1.258309304279351e+02 6.143110249648103e-18 5.589915784387327e-02
0 28 1.277966201553863e+02 3.979483990019325e-18 7.652433025950629e-02
0 29 1.323414379132448e+02 3.790848782252569e-18 7.652930526902058e-02
1 13 1.362335334879614e+02 2.466221883962614e-17 5.589615066928198e-02
0 30 1.368861941456607e+02 3.398332996286048e-18 7.653221784587490e-02
2 7 1.408252497020893e+02 4.453254935902843e-15 4.557352760324233e-02
0 31 1.414309224232520e+02 3.397838420379126e-18 7.653331939412339e-02
0 32 1.459756028853111e+02 4.287631318602293e-18 7.652907963627920e-02
1 14 1.466361711938440e+02 7.442711861490321e-15 5.589518346528809e-02
0 33 1.505204038136362e+02 3.674972686441538e-18 7.652716423027082e-02
0 34 1.550654647556640e+02 3.981525047242143e-18 7.652097713715263e-02
1 15 1.570384919243724e+02 5.839680343732694e-18 5.588931839640143e-02
0 35 1.596102849069119e+02 3.312882604937945e-18 7.652066304209630e-02
2 8 1.605863276276932e+02 9.885889809174505e-16 4.557553571381825e-02
0 36 1.641551469659606e+02 3.397054083025236e-18 7.652551332081457e-02
1 16 1.674410541140425e+02 6.051537112494840e-18 5.588776485715912e-02
0 37 1.686999549765327e+02 3.396639535060390e-18 7.652856921639019e-02
0 38 1.732447170507061e+02 3.469218174610305e-18 7.653118079311873e-02
0 39 1.777893812806454e+02 3.395537453755032e-18 7.653295246272346e-02
1 17 1.778435735213000e+02 1.366892653476210e-13 5.588248903737073e-02
2 9 1.803472690051659e+02 1.265116346438010e-16 4.557539974435119e-02
0 40 1.823341099806452e+02 3.312922223757409e-18 7.653118364170573e-02
0 41 1.868789853014465e+02 3.519860041617551e-18 7.652071975063567e-02
1 18 1.882459108895742e+02 1.258559449294679e-13 5.588235398015775e-02
0 42 1.914238285635756e+02 4.365036144578058e-18 7.651920327462482e-02
0 43 1.959688100322052e+02 3.850812871705524e-18 7.652166730767680e-02
1 19 1.986480015547581e+02 5.896522706561339e-18 5.587749602420214e-02
2 10 2.001085082010781e+02 1.053069516978643e-17 4.557787871050477e-02
0 44 2.005136483867512e+02 3.313423073866130e-18 7.652314816170779e-02
0 45 2.050584415029463e+02 3.674977434780340e-18 7.652725734810920e-02
1 20 2.090499256598019e+02 6.003100411209073e-18 5.587635849324885e-02
0 46 2.096031934250848e+02 3.847432052912644e-18 7.653132443382989e-02
0 47 2.141479223674909e+02 3.393405874581222e-18 7.653107583543363e-02
0 48 2.186926182565959e+02 3.393124095591637e-18 7.652628020115909e-02
1 21 2.194519444172944e+02 5.917509729242640e-18 5.587679741668213e-02
2 11 2.198707635013753e+02 8.972379595404428e-18 4.557691576108397e-02
0 49 2.232374251688895e+02 3.239938708274113e-18 7.652342042356736e-02
0 50 2.277824858182391e+02 3.393255917192266e-18 7.651974517444003e-02
1 22 2.298530478140936e+02 3.113537299719185e-15 5.587474814685993e-02
0 51 2.323273231645920e+02 3.314111168775451e-18 7.651913677659372e-02
0 52 2.368721657540208e+02 3.466680684347832e-18 7.652423740163133e-02
2 12 2.396348675571351e+02 8.988298916396966e-18 4.557752906165402e-02
1 23 2.402544950636741e+02 2.663526304373565e-13 5.587773973795640e-02
0 53 2.414169732919723e+02 3.392219844423355e-18 7.652707876501709e-02
0 54 2.459617122302378e+02 3.313926160813966e-18 7.652956515533836e-02
0 55 2.505063875653565e+02 4.047936284832633e-18 7.653122403473134e-02
1 24 2.506555349953779e+02 5.828023584442315e-18 5.588207715537615e-02
0 56 2.550511191495505e+02 3.837248181478321e-18 7.652861770704884e-02
2 13 2.594008656204233e+02 8.986364914157024e-18 4.557781337974490e-02
0 57 2.595960393103602e+02 3.314664234693650e-18 7.651854103345561e-02
1 25 2.610564608126280e+02 6.093293944987244e-18 5.588671353589664e-02
0 58 2.641408652117598e+02 3.836645326557990e-18 7.651642975424160e-02
0 59 2.686858303464289e+02 4.046400693275749e-18 7.652073333219975e-02
1 26 2.714577171466216e+02 1.672609971559777e-14 5.589722197072515e-02
0 60 2.732306727429014e+02 3.989452210568871e-18 7.652149821281175e-02
0 61 2.777754576465321e+02 3.239841669181954e-18 7.652603229007768e-02
2 14 2.791665273870348e+02 9.257472591158787e-18 4.556792730088648e-02
1 27 2.818586959638233e+02 1.168703174705454e-13 5.590024360776534e-02
0 62 2.823201929223329e+02 3.833044628219178e-18 7.652912557083502e-02
0 63 2.868649091505648e+02 3.463897193383670e-18 7.652951762255439e-02
0 64 2.914096401852898e+02 3.463852682345161e-18 7.652312351440368e-02
1 28 2.922610087394409e+02 5.924341049764111e-18 5.590899419087846e-02
0 65 2.959544496134403e+02 3.463731889127553e-18 7.652041742707291e-02
2 15 2.989301209276738e+02 1.874249187005734e-17 4.556267751485376e-02
0 66 3.004995156124560e+02 3.388876310852868e-18 7.651782816519218e-02
1 29 3.026623054094846e+02 5.860705800270134e-18 5.590867802188871e-02
0 67 3.050443376100607e+02 3.463800312986007e-18 7.651749370219318e-02
0 68 3.095891873939485e+02 3.675131668669439e-18 7.652318175173473e-02
1 30 3.130648549903998e+02 5.866164101939510e-18 5.590940142819106e-02
0 69 3.141339853077362e+02 3.463097246325939e-18 7.652550894203435e-02
0 70 3.186787267270653e+02 3.315168087852962e-18 7.652817917239249e-02
2 16 3.186923569532329e+02 1.777504531735635e-16 4.556635389613853e-02
0 71 3.232233855821772e+02 3.528013565049939e-18 7.652827914115203e-02
1 31 3.234671160576689e+02 5.758663056962238e-14 5.590886626652845e-02
0 72 3.277681315590739e+02 3.239795086519661e-18 7.652669467790683e-02
0 73 3.323130944391485e+02 3.315918342987430e-18 7.651607420221690e-02
1 32 3.338696185385437e+02 6.208541146202491e-18 5.590631304485191e-02
0 74 3.368579163432352e+02 3.462304605608932e-18 7.651475447526444e-02
2 17 3.384539052375889e+02 1.129230386321482e-15 4.556856157664943e-02
0 75 3.414028579809273e+02 3.386364233875608e-18 7.651865171165619e-02
1 33 3.442720537792933e+02 5.855206732995327e-18 5.590402656722835e-02
0 76 3.459476857176528e+02 3.461855618701172e-18 7.652055966427128e-02
0 77 3.504924798921181e+02 3.461469651226680e-18 7.652459354120200e-02
1 34 3.546746324044324e+02 6.076644897803955e-18 5.589941491476812e-02
0 78 3.550371943857510e+02 3.818647985763767e-18 7.652757450772922e-02
2 18 3.582150405255591e+02 4.889296892283993e-15 4.557119648073038e-02
0 79 3.595819151772440e+02 3.239768923000328e-18 7.652739965762033e-02
0 80 3.641266507049396e+02 3.460664597741659e-18 7.651977411567712e-02
1 35 3.650773066882387e+02 3.714573227537401e-16 5.589862947309719e-02
