1 0 3.347687163908792e+00 4.477992261340040e-18 6.753925454615213e-02
0 0 8.533986180449297e+00 7.011999895996055e-18 5.072594588200154e-02
1 1 9.194619135099920e+00 4.503292953497323e-18 6.754172962705508e-02
1 2 1.504147615224411e+01 4.175605380719352e-18 6.754356842366149e-02
1 3 2.088843197239538e+01 6.363825194238710e-18 6.753953438106389e-02
0 1 2.311589667898954e+01 8.091110778542222e-18 5.072416143746373e-02
1 4 2.673543954965018e+01 5.043685434231766e-18 6.753821202436586e-02
1 5 3.258255399588016e+01 6.264183900523032e-18 6.753928783395213e-02
0 2 3.769767021523482e+01 8.118542747015652e-18 5.072579525335168e-02
1 6 3.842947595938100e+01 1.222955562938788e-17 6.754177094777836e-02
1 7 4.427632917126212e+01 4.262360433612208e-17 6.754406162678732e-02
1 8 5.012327114435439e+01 1.613749323031767e-16 6.754004251211845e-02
0 3 5.227961288464476e+01 8.345197002445516e-18 5.072398566297350e-02
1 9 5.597026725261539e+01 6.142029250475985e-16 6.753860350128146e-02
1 10 6.181737188108740e+01 2.205905693911157e-15 6.753940367061093e-02
0 4 6.686141990822118e+01 7.193201244130862e-18 5.072555662859807e-02
1 11 6.766429010123987e+01 1.934476121044783e-15 6.754186512262386e-02
1 12 7.351114767378287e+01 3.920974850377841e-18 6.754463229616967e-02
1 13 7.935808346777037e+01 5.519842664557388e-18 6.754063192904956e-02
0 5 8.144337883900319e+01 6.865924145657960e-18 5.072374279418227e-02
1 14 8.520507373932011e+01 3.870353560553766e-18 6.753909290776063e-02
1 15 9.105217429074413e+01 4.305005892479696e-18 6.753961434367402e-02
0 6 9.602520708276603e+01 7.188610738251993e-18 5.072523253618880e-02
1 16 9.689909521920015e+01 4.230000394510391e-18 6.754203313929544e-02
1 17 1.027459599128637e+02 4.063631317670996e-18 6.754528217165641e-02
1 18 1.085928920960044e+02 3.861950038619071e-18 6.754130099486842e-02
0 7 1.106071748538791e+02 6.870587732188822e-18 5.072344263775962e-02
1 19 1.144398785035059e+02 3.871717706919151e-18 6.753968073524480e-02
1 20 1.202869762083582e+02 4.123246341695989e-18 6.753993512004308e-02
0 8 1.251890195754219e+02 7.025837542545645e-18 5.072482562553953e-02
1 21 1.261339010527641e+02 3.698175846309818e-18 6.754229942379504e-02
1 22 1.319807688412705e+02 3.660416965418322e-18 6.754601755382245e-02
1 23 1.378276934617700e+02 3.720826514028824e-18 6.754205908609809e-02
0 9 1.397710000509821e+02 6.875225655632481e-18 5.072308619561221e-02
1 24 1.436746725944039e+02 3.730337308561519e-18 6.754036491774050e-02
1 25 1.495217642753438e+02 3.685015218853928e-18 6.754036117628892e-02
0 10 1.543528649900757e+02 7.029243377093572e-18 5.072433694530916e-02
1 26 1.553686887443935e+02 3.756530214739334e-18 6.754274407919207e-02
1 27 1.612155539674403e+02 3.752850200725343e-18 6.754680182988231e-02
1 28 1.670624656048411e+02 4.846581497457065e-18 6.754295026803475e-02
0 11 1.689348644303930e+02 7.456739558199905e-18 5.072266699712371e-02
1 29 1.729094328040931e+02 5.079187834965390e-18 6.754113140230761e-02
1 30 1.787565150061439e+02 3.945225106173747e-18 6.754088960130723e-02
0 12 1.835167535559866e+02 7.032621460454574e-18 5.072376849881636e-02
1 31 1.846034343584774e+02 3.987869260566586e-18 6.754330391299480e-02
1 32 1.904502975763976e+02 4.731884058440262e-18 6.754765787393439e-02
1 33 1.962971958034379e+02 2.994647574139333e-15 6.754392128323099e-02
0 13 1.980987689270634e+02 6.750377579805915e-18 5.072218216639345e-02
1 34 2.021441513434744e+02 3.093829775301397e-15 6.754197308637991e-02
1 35 2.079912245477623e+02 9.249474216127646e-16 6.754150033310279e-02
0 14 2.126806773846576e+02 6.886732974460232e-18 5.072312824549523e-02
1 36 2.138381400022194e+02 2.468738405393667e-16 6.754392031306779e-02
1 37 2.196850089351704e+02 5.701547428343328e-17 6.754856309551376e-02
1 38 2.255319004525395e+02 1.470858614251418e-17 6.754494826622426e-02
0 15 2.272626935420716e+02 6.600625491972233e-18 5.072164158767734e-02
1 39 2.313788496641863e+02 5.219901221594871e-18 6.754287083145209e-02
1 40 2.372259197610372e+02 7.888352955719034e-18 6.754216488257711e-02
0 16 2.418446071208938e+02 7.039330907104417e-18 5.072243159199505e-02
1 41 2.430728383144802e+02 7.109908126795476e-18 6.754456284038554e-02
1 42 2.489197223694502e+02 4.540800837909963e-18 6.754949339790803e-02
1 43 2.547666157547633e+02 3.660399169608146e-18 6.754600807266040e-02
0 17 2.564266057669266e+02 8.705470750434900e-18 5.072106509160890e-02
1 44 2.606135648315644e+02 4.213673212034811e-18 6.754380652975814e-02
1 45 2.664606382110375e+02 4.239381782853014e-18 6.754287110936520e-02
0 18 2.710085097029119e+02 8.187549330664463e-18 5.072169593571636e-02
1 46 2.723075669602063e+02 6.621125542749768e-18 6.754522100207296e-02
1 47 2.781544701457774e+02 4.289742144357995e-18 6.755043732710901e-02
1 48 2.840013688022162e+02 1.814027518223298e-16 6.754708740380398e-02
0 19 2.855904813958679e+02 9.577007586506932e-18 5.072047006178691e-02
1 49 2.898483197106547e+02 1.347413540714225e-15 6.754477202344181e-02
1 50 2.956953977889239e+02 2.072913431781359e-15 6.754362437155174e-02
0 20 3.001723698226780e+02 6.746527383877052e-18 5.072093259887580e-02
1 51 3.015423381106751e+02 3.339650978854184e-16 6.754590410998822e-02
1 52 3.073892570045321e+02 4.286380473989899e-18 6.755139573864402e-02
1 53 3.132361571869696e+02 6.260677018467187e-18 6.754818209737810e-02
0 21 3.147543174095429e+02 6.746044569788121e-18 5.071986222125112e-02
1 54 3.190831069108029e+02 6.679317090151703e-18 6.754576809550260e-02
1 55 3.249301856308373e+02 4.493646913914973e-18 6.754443238843946e-02
0 22 3.293361939449197e+02 7.152962072233736e-18 5.072014489426967e-02
1 56 3.307771330513748e+02 7.845164151327242e-18 6.754662514948347e-02
1 57 3.366240617228951e+02 3.660062346802932e-18 6.755236862594689e-02
1 58 3.424709575366340e+02 6.002890905672731e-18 6.754928626327251e-02
0 23 3.439181243315573e+02 8.215943373031812e-18 5.071923925473211e-02
1 59 3.483179024090433e+02 5.016772317039244e-18 6.754679313738943e-02
1 60 3.541649772326706e+02 1.004688796176741e-17 6.754528559630635e-02
0 24 3.584999932358041e+02 7.674242181086057e-18 5.071933559603622e-02
1 61 3.600119271735495e+02 2.747611999435658e-17 6.754738039023533e-02
