0 0 1.563765476700123e+00 7.023993768905073e-18 7.448061690504502e-02
1 0 3.048114875539555e+00 2.704484985634774e-15 5.658793531614215e-02
0 1 6.108333409997302e+00 6.433006471287687e-18 7.447843538627005e-02
0 2 1.065320853063701e+01 6.954642118999536e-18 7.446695991692946e-02
1 1 1.225008985417482e+01 5.291894555619464e-18 5.659120300286535e-02
0 3 1.519779099876800e+01 5.654224861990203e-18 7.446509656119786e-02
0 4 1.974270244875487e+01 6.778276137573813e-18 7.445566534066599e-02
1 2 2.145203081761974e+01 7.179052027473089e-15 5.659371887068394e-02
0 5 2.428726932444009e+01 6.679808366540383e-18 7.445413408382488e-02
0 6 2.883217398156597e+01 5.671851574829921e-18 7.444716352911807e-02
1 3 3.065402408777544e+01 5.277272635778307e-18 5.659528917156461e-02
0 7 3.337669592164297e+01 7.051198836492588e-18 7.444597621472412e-02
0 8 3.792155093039641e+01 6.553759807940599e-18 7.444171155179084e-02
1 4 3.985615369528817e+01 1.587512661009259e-14 5.659586084956150e-02
0 9 4.246600134415669e+01 5.221829620903050e-18 7.444087802240865e-02
0 10 4.701076746061342e+01 5.413061523232241e-18 7.443938122832029e-02
1 5 4.905849523783737e+01 5.323940833454958e-18 5.659542870937980e-02
0 11 5.155512411185856e+01 4.812760301682617e-18 7.443890931164736e-02
0 12 5.609976844243162e+01 5.253603947891982e-18 7.444007206902539e-02
1 6 5.826111010808471e+01 2.659077583491589e-14 5.659412533112634e-02
0 13 6.064401449446111e+01 5.260697393607149e-18 7.443996748208326e-02
0 14 6.518851226803113e+01 4.371531088353330e-18 7.444354328342788e-02
1 7 6.746404219238754e+01 5.392845935664631e-18 5.659210259119644e-02
0 15 6.973263670408204e+01 4.378853738147411e-18 7.444380947737286e-02
0 16 7.427697196918034e+01 4.842245250125169e-18 7.444945561326290e-02
1 8 7.666731681495800e+01 3.258784043608628e-14 5.658959506143479e-02
0 17 7.882096944621723e+01 4.289260673454673e-18 7.445009358003003e-02
0 18 8.336513481377997e+01 4.062661773250104e-18 7.445741401955772e-02
1 9 8.587094124281091e+01 5.262392071234210e-18 5.658680636129854e-02
0 19 8.790900508324077e+01 3.500444768146518e-18 7.445842207838775e-02
0 20 9.245300077109431e+01 3.623765189839797e-18 7.446700462730993e-02
1 10 9.507490742365579e+01 2.915655016422318e-14 5.658396313605519e-02
0 21 9.699674783208680e+01 3.447833265394363e-18 7.446837820418771e-02
0 22 1.015405803099812e+02 3.332117932949399e-18 7.447782259626551e-02
1 11 1.042791944364079e+02 5.312575114702883e-18 5.658122698143517e-02
0 23 1.060842114516424e+02 3.254433799283336e-18 7.447955400277326e-02
0 24 1.106278919472364e+02 3.722044171687383e-18 7.448949039434287e-02
1 12 1.134837726310758e+02 1.919926672609739e-14 5.657874643298366e-02
0 25 1.151714168003532e+02 3.451118397723636e-18 7.449156860461907e-02
0 26 1.197149598621999e+02 3.157394404028880e-18 7.450166761890750e-02
1 13 1.226886059493164e+02 5.279433496315395e-18 5.657659898414735e-02
0 27 1.242583895465562e+02 3.602450624989872e-18 7.450407803388373e-02
0 28 1.288018117794028e+02 3.360243924062269e-18 7.451405440056787e-02
1 14 1.318936557867263e+02 9.324298730812916e-15 5.657483629709920e-02
0 29 1.333451581895507e+02 3.253529748992162e-18 7.451677857613594e-02
0 30 1.378884772222699e+02 3.247009398835554e-18 7.452639037199531e-02
1 15 1.410988821653555e+02 5.381391497562062e-18 5.657345514751773e-02
0 31 1.424317524749645e+02 3.156145858844198e-18 7.452940566969797e-02
0 32 1.469749861705922e+02 3.523501580631002e-18 7.453845098322555e-02
1 16 1.503042467145991e+02 3.277625961446933e-15 5.657242515784246e-02
0 33 1.515182022099642e+02 3.353861302315803e-18 7.454173007424589e-02
0 34 1.560613681068306e+02 3.990524309960045e-18 7.455004246390523e-02
1 17 1.595097125681941e+02 5.290868452579933e-18 5.657169097764567e-02
0 35 1.606045364586668e+02 3.358559894188095e-18 7.455355257324200e-02
0 36 1.651476514132819e+02 3.360933285191348e-18 7.456099631835209e-02
1 18 1.687152464408906e+02 7.843890958192008e-16 5.657116880331264e-02
0 37 1.696907830697380e+02 3.363419636742582e-18 7.456469802784940e-02
0 38 1.742338630670708e+02 3.365884254091852e-18 7.457116397423585e-02
1 19 1.779208175571420e+02 5.330163826852920e-18 5.657078907616461e-02
0 39 1.787769684807457e+02 3.944283762671888e-18 7.457500930391191e-02
0 40 1.833200285803428e+02 3.235438782470682e-18 7.458041186045292e-02
1 20 1.871263989331561e+02 1.124435588276618e-16 5.657044405367757e-02
0 41 1.878631177513023e+02 3.234315266446657e-18 7.458434122494967e-02
0 42 1.924061721296116e+02 3.296536338466090e-18 7.458861716232067e-02
1 21 1.963319658276399e+02 5.268745906249129e-18 5.657008897578594e-02
0 43 1.969492547598637e+02 3.378650881135522e-18 7.459255471060590e-02
0 44 2.014923168243251e+02 3.303662479790276e-18 7.459566431243844e-02
1 22 2.055374962438222e+02 8.731440449250118e-18 5.656961701014674e-02
0 45 2.060354025298959e+02 3.598862980076294e-18 7.459951128156757e-02
0 46 2.105784850651020e+02 3.386478340314769e-18 7.460144229734367e-02
1 23 2.147429695055043e+02 5.272669915482416e-18 5.656904890557071e-02
0 47 2.151215836202736e+02 3.708744275790149e-18 7.460506871023280e-02
0 48 2.196646989439680e+02 3.391679432998363e-18 7.460584286617654e-02
1 24 2.239483658019105e+02 5.301513847796702e-18 5.656831904845885e-02
0 49 2.242078205488473e+02 3.394247715832953e-18 7.460907956827924e-02
0 50 2.287509806421478e+02 3.152820625450054e-18 7.460875970284023e-02
1 25 2.331536654478275e+02 5.268053901016802e-18 5.656757791336207e-02
0 51 2.332941361874404e+02 3.828761140126868e-18 7.461139495581792e-02
0 52 2.378373527757457e+02 3.401946094301430e-18 7.461008875064762e-02
1 26 2.423588473495777e+02 5.543104667026433e-18 5.656693745631453e-02
0 53 2.423805540795859e+02 3.404471293656175e-18 7.461187417151317e-02
0 54 2.469238386436540e+02 2.714130646886819e-14 7.460972987307997e-02
0 55 2.514670986165604e+02 1.016285077602718e-14 7.461039721444454e-02
1 27 2.515638890233228e+02 5.266286715461463e-18 5.656660472457375e-02
0 56 2.560104623231973e+02 3.264965511245459e-15 7.460759013670286e-02
0 57 2.605537950035963e+02 2.362959037391820e-14 7.460687567324452e-02
1 28 2.607687663238595e+02 5.335615923181295e-18 5.656658515681685e-02
0 58 2.650972485609041e+02 1.018505940051701e-14 7.460358907309042e-02
0 59 2.696406689753863e+02 3.736306429863388e-15 7.460126038143725e-02
1 29 2.699734539299563e+02 5.277812791305958e-18 5.656692182934571e-02
0 60 2.741842223999353e+02 1.206228291902220e-15 7.459766624731488e-02
0 61 2.787277462137733e+02 2.726336073271288e-16 7.459354614227029e-02
1 30 2.791779263471252e+02 9.794876186526849e-18 5.656756367406921e-02
0 62 2.832714084885544e+02 4.222311222021840e-17 7.458979148894194e-02
0 63 2.878150514317785e+02 2.432896627790112e-17 7.458377602582672e-02
1 31 2.883821581136572e+02 5.264594889406725e-18 5.656867964387239e-02
0 64 2.923588300209802e+02 4.836662007597123e-17 7.457997786281144e-02
0 65 2.969026070634869e+02 5.333983398502058e-17 7.457204953565175e-02
1 32 2.975861251122744e+02 1.995712947399514e-17 5.657027832269638e-02
0 66 3.014465072811493e+02 3.934470698945301e-17 7.456829713774299e-02
0 67 3.059904315473405e+02 2.786970403600085e-17 7.455853614577468e-02
1 33 3.067898071298441e+02 5.269976285549793e-18 5.657248329150227e-02
0 68 3.105344557986085e+02 5.316006340647865e-17 7.455489674847142e-02
0 69 3.150785372276148e+02 1.619936516470696e-16 7.454349154034788e-02
1 34 3.159931893319620e+02 2.049985169878243e-17 5.657526316805955e-02
0 70 3.196226841875181e+02 4.087788536303316e-16 7.454001628553823e-02
0 71 3.241669280048599e+02 8.096842241150258e-16 7.452727157415333e-02
1 35 3.251962668481813e+02 5.268775293427606e-18 5.657860668257334e-02
0 72 3.287111918315208e+02 1.474055061303480e-15 7.452400028230290e-02
0 73 3.332555969642890e+02 2.238562107873915e-15 7.451033840047649e-02
1 36 3.343990460162713e+02 9.669755721632248e-18 5.658238056085924e-02
0 74 3.377999666879456e+02 3.439345683066458e-15 7.450730295293344e-02
0 75 3.423445243504381e+02 4.473081418881026e-15 7.449325347502836e-02
1 37 3.436015492900906e+02 5.265442548095291e-18 5.658641060968581e-02
0 76 3.468889835973849e+02 6.200350225970678e-15 7.449048007106118e-02
0 77 3.514336763445218e+02 7.260879536103423e-15 7.447665354380210e-02
1 38 3.528038147633362e+02 5.540440658919838e-18 5.659046118560258e-02
0 78 3.559782035498968e+02 9.436181449010579e-15 7.447416417090276e-02
0 79 3.605230051224756e+02 1.029784394032814e-14 7.446120877376240e-02
1 39 3.620058986369241e+02 5.261680340793513e-18 5.659424541779358e-02
0 80 3.650675743309938e+02 1.289718811368127e-14 7.445902215990494e-02
