1 0 3.315303470305451e+00 5.157144684540048e-18 6.480152019899517e-02
0 0 8.554263348747623e+00 7.889393674722155e-18 4.811860646798371e-02
1 1 9.162270881147791e+00 5.600668932047385e-18 6.480359750790443e-02
1 2 1.500914642128866e+01 6.767715072085844e-18 6.480461841699850e-02
1 3 2.085608907674477e+01 5.157136127676795e-18 6.480132275663714e-02
0 1 2.313598616054985e+01 1.030584453502948e-17 4.811658870182505e-02
1 4 2.670306687665333e+01 4.647443974368172e-18 6.480023853758612e-02
1 5 3.255020873165832e+01 4.672441459485328e-18 6.480110894421696e-02
0 2 3.771761561117879e+01 7.187277730885566e-18 4.811888711228632e-02
1 6 3.839717082193028e+01 6.104143474074723e-18 6.480320792939423e-02
1 7 4.424404299898843e+01 9.030601580957808e-18 6.480460975831512e-02
1 8 5.009097702179788e+01 1.571273648057416e-17 6.480138346712992e-02
0 3 5.229935263269844e+01 7.552504589539619e-18 4.811689161812162e-02
1 9 5.593794671278491e+01 3.365540456744263e-17 6.480019599714172e-02
1 10 6.178507768857980e+01 7.446677403467051e-17 6.480070640664141e-02
0 4 6.688101920044933e+01 7.345151668022701e-18 4.811913222666706e-02
1 11 6.763203633703772e+01 3.272661652925534e-16 6.480279996081346e-02
1 12 7.347891024152337e+01 1.738799730367656e-15 6.480461612196806e-02
1 13 7.932583999911851e+01 8.099353411208910e-15 6.480146365402281e-02
0 5 8.146276651428326e+01 8.539902668791887e-18 4.811717082788620e-02
1 14 8.517280427893438e+01 3.277916101387701e-14 6.480018184220522e-02
1 15 9.101992628820133e+01 7.753198962101866e-15 6.480035285394870e-02
0 6 9.604447055333213e+01 7.545258321085028e-18 4.811932340706746e-02
1 16 9.686688335378631e+01 5.051886500640972e-18 6.480241689845817e-02
1 17 1.027137610966862e+02 4.475631905452254e-18 6.480467212541567e-02
1 18 1.085606882223693e+02 5.033545104649163e-18 6.480159334752064e-02
0 7 1.106262282435962e+02 8.372964020463841e-18 4.811741422802648e-02
1 19 1.144076486860965e+02 5.702722586318247e-18 6.480022838380754e-02
1 20 1.202547611145285e+02 4.165050200499467e-18 6.480010424120264e-02
0 8 1.252079731799080e+02 7.951757952293037e-18 4.811943697128158e-02
1 21 1.261017149297549e+02 3.928099203577890e-18 6.480211982283322e-02
1 22 1.319485925452985e+02 3.838821185510663e-18 6.480482617984273e-02
1 23 1.377955127967926e+02 3.839418008308341e-18 6.480181524528783e-02
0 9 1.397897511121683e+02 7.203838726601416e-18 4.811759915727185e-02
1 24 1.436424665048741e+02 3.845082283581936e-18 6.480038026724684e-02
1 25 1.494895646197685e+02 3.844226108970280e-18 6.479999494892676e-02
0 10 1.543715460471435e+02 7.817445394435110e-18 4.811945537322460e-02
1 26 1.553365099795869e+02 4.023032001494406e-18 6.480197038896200e-02
1 27 1.611833800630737e+02 3.993957196196783e-18 6.480510011130258e-02
1 28 1.670302860354653e+02 3.838615714941227e-18 6.480218885092391e-02
0 11 1.689533595907139e+02 7.779272907163605e-18 4.811770293276414e-02
1 29 1.728772261831790e+02 3.945842194017797e-18 6.480066327021274e-02
1 30 1.787243050197927e+02 3.948199714884854e-18 6.480001449311393e-02
0 12 1.835352155070989e+02 7.110953477132705e-18 4.811937405235613e-02
1 31 1.845712361681394e+02 3.972743410382347e-18 6.480200707442013e-02
1 32 1.904180944401435e+02 4.695880904850761e-18 6.480548658947149e-02
1 33 1.962649814380840e+02 4.701142674697442e-18 6.480270106272826e-02
0 13 1.981170748812010e+02 7.529119317943677e-18 4.811771501234109e-02
1 34 2.021119035424754e+02 3.815623557343191e-18 6.480106902997175e-02
1 35 2.079589600926894e+02 4.071327535594755e-18 6.480014455003522e-02
0 14 2.126989976242783e+02 6.962752540382222e-18 4.811919859788770e-02
1 36 2.138058756990357e+02 4.357953309183044e-14 6.480214176384420e-02
1 37 2.196527253992437e+02 1.500538894657933e-14 6.480596504398377e-02
1 38 2.254995955594221e+02 4.909370267799210e-15 6.480330913335654e-02
0 15 2.272809009534660e+02 8.003115640947233e-18 4.811763992379817e-02
1 39 2.313465004205682e+02 1.511215765421127e-15 6.480157101251320e-02
1 40 2.371935368901017e+02 4.345794785530441e-16 6.480035919289839e-02
0 16 2.418628876738492e+02 7.219408936870638e-18 4.811893551254321e-02
1 41 2.430404406884148e+02 1.185344185183347e-16 6.480234374405086e-02
1 42 2.488872895171321e+02 3.052306735612091e-17 6.480651105247262e-02
1 43 2.547341495471431e+02 8.019995380129771e-18 6.480398961935868e-02
0 17 2.564448245689326e+02 7.871593259182730e-18 4.811748804635754e-02
1 44 2.605810418309844e+02 4.680332771377085e-18 6.480214836495998e-02
1 45 2.664280631390671e+02 5.157157845172759e-18 6.480066384182309e-02
0 18 2.710268674443538e+02 6.962810225302550e-18 4.811858424945344e-02
1 46 2.722749600471060e+02 6.240149127820450e-18 6.480261680426154e-02
1 47 2.781218135313311e+02 5.156891286664210e-18 6.480712888611731e-02
1 48 2.839686681255719e+02 5.156980518518121e-18 6.480474601983535e-02
0 19 2.856088299571994e+02 7.225862993811943e-18 4.811726218353984e-02
1 49 2.898155513747907e+02 4.557423233141458e-18 6.480280738291183e-02
1 50 2.956625599799206e+02 8.070241624962916e-15 6.480109245699764e-02
0 20 3.001909240727724e+02 7.779359895076170e-18 4.811813645709637e-02
1 51 3.015094509917026e+02 4.507902037606475e-15 6.480299571833403e-02
1 52 3.073563078401747e+02 1.325866428969923e-15 6.480784829383521e-02
1 53 3.132031550413450e+02 3.618920285708840e-15 6.480560506425838e-02
0 21 3.147729146566575e+02 7.373234487201368e-18 4.811695223748417e-02
1 54 3.190500278889670e+02 6.431481957935285e-18 6.480357770467714e-02
1 55 3.248970209575174e+02 4.562770836599519e-18 6.480167946357622e-02
0 22 3.293550624757044e+02 7.105656171436023e-18 4.811758277462650e-02
1 56 3.307439016935329e+02 6.330055446991098e-18 6.480351729134913e-02
1 57 3.365907556059258e+02 5.156819907260244e-18 6.480869749358679e-02
1 58 3.424375886368563e+02 4.636003204045810e-18 6.480659070805105e-02
0 23 3.439370912169402e+02 7.508580704224496e-18 4.811654354813031e-02
1 59 3.482844460610532e+02 4.311806905326993e-18 6.480448606670440e-02
1 60 3.541314179076871e+02 1.108566179566554e-17 6.480242969709965e-02
0 24 3.585192989099402e+02 7.377543145097405e-18 4.811692218157338e-02
1 61 3.599782825487254e+02 6.489363729584876e-18 6.480418958319527e-02
