1 0 3.444816156784372e+00 5.147325624105217e-15 6.409297560304983e-02
0 0 8.375759106463523e+00 1.175341167257099e-16 4.766523180026783e-02
1 1 9.291867422078045e+00 1.575486170144430e-14 6.409522423346593e-02
1 2 1.513894722030507e+01 4.561058918532124e-14 6.409597923464426e-02
1 3 2.098613936110972e+01 1.269999854660796e-13 6.409046946539898e-02
0 1 2.295702609528183e+01 2.496537885600432e-16 4.766456200731583e-02
1 4 2.683329319293336e+01 4.866448349811103e-14 6.408941205741492e-02
1 5 3.268049402587691e+01 5.480052637497312e-18 6.409216308391381e-02
0 2 3.753868148456669e+01 4.406660033204759e-16 4.766543160762305e-02
1 6 3.852754998314225e+01 4.602824684099121e-18 6.409438577109096e-02
1 7 4.437463270546480e+01 4.988980092767165e-18 6.409538722114919e-02
1 8 5.022182107724365e+01 4.454392649118373e-18 6.408994332241731e-02
0 3 5.211994871149445e+01 8.324614166828095e-16 4.766493748763120e-02
1 9 5.606898038862926e+01 4.328517402860387e-18 6.408881756981510e-02
1 10 6.191618877418045e+01 4.191251730720365e-18 6.409139862494780e-02
0 4 6.670159135698397e+01 1.351856053972899e-15 4.766559119474319e-02
1 11 6.776324696339138e+01 3.968948004162425e-18 6.409358276536968e-02
1 12 7.361032719361961e+01 4.427105351725596e-18 6.409483120190969e-02
1 13 7.945750643446748e+01 4.013043322896087e-18 6.408947667674303e-02
0 5 8.128286798468268e+01 2.324925736692606e-15 4.766528540697867e-02
1 14 8.530466457031417e+01 4.129966254898749e-18 6.408829412305024e-02
1 15 9.115187673047477e+01 7.462401513223182e-18 6.409064801943955e-02
0 6 9.586450167042584e+01 3.516809404129405e-15 4.766572973056193e-02
1 16 9.699893524399612e+01 3.975936943608216e-18 6.409279775930381e-02
1 17 1.028460084288769e+02 4.024601863422564e-18 6.409426782896278e-02
1 18 1.086931740422876e+02 3.852153586780191e-18 6.408906699891440e-02
0 7 1.104457954459635e+02 5.615408092948094e-15 4.766562263601633e-02
1 19 1.145403268172663e+02 3.978813346496973e-18 6.408778800604817e-02
1 20 1.203875431107869e+02 4.041092110534488e-15 6.408988042795569e-02
0 8 1.250274207201345e+02 8.111153608739159e-15 4.766586697664844e-02
1 21 1.262346019714607e+02 3.851967391309531e-18 6.409202505798868e-02
1 22 1.320816688429169e+02 4.353102141029709e-18 6.409366267371568e-02
1 23 1.379288212739330e+02 4.137295688412004e-18 6.408865966225695e-02
0 9 1.396087314092869e+02 1.224220314092614e-14 4.766596314473829e-02
1 24 1.437759711782844e+02 1.237039419936847e-13 6.408726354064734e-02
1 25 1.496231943863317e+02 9.031590677587275e-15 6.408909070160737e-02
0 10 1.541903435964121e+02 1.700014072961071e-14 4.766600346501178e-02
1 26 1.554702562612507e+02 6.907935762268846e-16 6.409121687533757e-02
1 27 1.613173227058180e+02 8.085042604828271e-14 6.409302381936259e-02
1 28 1.671644673003732e+02 4.333852072651609e-14 6.408822893116221e-02
0 11 1.687716636312955e+02 2.454882488309360e-14 4.766630265580689e-02
1 29 1.730116204766069e+02 2.146907597869506e-14 6.408672149185979e-02
1 30 1.788588543833210e+02 9.668005555381630e-15 6.408831100173920e-02
0 12 1.833532557379261e+02 3.350784579235931e-15 4.766611970515570e-02
1 31 1.847059218143064e+02 3.966672528774803e-15 6.409040364169775e-02
1 32 1.905529937155939e+02 1.456929993262337e-15 6.409238795296514e-02
1 33 1.964001359589279e+02 4.719896345159621e-16 6.408781230821724e-02
0 13 1.979345775860156e+02 5.134491760920322e-15 4.766662096397987e-02
1 34 2.022472966762479e+02 1.343763222593524e-16 6.408620220528290e-02
1 35 2.080945426407184e+02 3.446630611402477e-17 6.408758366545372e-02
0 14 2.125161453581111e+02 7.305650717773642e-15 4.766619491839922e-02
1 36 2.139416158517426e+02 5.184185276094963e-18 6.408962807700341e-02
1 37 2.197886942638751e+02 5.184110315848353e-18 6.409179929164460e-02
1 38 2.256358349942849e+02 5.184306280544724e-18 6.408745519481214e-02
0 15 2.270974689039978e+02 1.063735058678974e-14 4.766689875634418e-02
1 39 2.314830020431299e+02 3.852343172486668e-18 6.408575366012779e-02
1 40 2.373302576408495e+02 4.558573185665038e-18 6.408692461711593e-02
0 16 2.416790134198349e+02 1.455790291968174e-14 4.766622678040084e-02
1 41 2.431773345767706e+02 3.056227874734662e-16 6.408890807471611e-02
1 42 2.490244151710420e+02 2.930596758032812e-14 6.409127249404678e-02
1 43 2.548715500319152e+02 2.536685231391622e-14 6.408717113656179e-02
0 17 2.562603466162132e+02 9.236805186863119e-18 4.766713266394727e-02
1 44 2.607187180311788e+02 4.495081261167371e-14 6.408539165011641e-02
1 45 2.665659790091581e+02 6.246450083153699e-15 6.408631089700839e-02
0 18 2.708418721926191e+02 8.370781039315056e-18 4.766623330158965e-02
1 46 2.724130574591875e+02 4.409573890383871e-18 6.408822351513972e-02
1 47 2.782601347012741e+02 5.184154344227393e-18 6.409078104977253e-02
1 48 2.841072582917154e+02 5.184333584183256e-18 6.408693017894568e-02
0 19 2.854232243952193e+02 7.377404463531152e-18 4.766733534597282e-02
1 49 2.899544224696988e+02 8.954092010079843e-18 6.408508792953356e-02
1 50 2.958016861566326e+02 4.265792206279830e-17 6.408570234519739e-02
0 20 3.000047339150911e+02 7.844007587708160e-18 4.766623569879359e-02
1 51 3.016487658514689e+02 1.785775829227141e-16 6.408753731786776e-02
1 52 3.074958380652110e+02 6.776319109518327e-16 6.409028080645560e-02
1 53 3.133429489796066e+02 2.362928466370335e-15 6.408668429811953e-02
0 21 3.145861080968078e+02 7.843853652974707e-18 4.766752187572239e-02
1 54 3.191901089831509e+02 7.643241550735753e-15 6.408479529120042e-02
1 55 3.250373760465074e+02 2.335836519984638e-14 6.408507671817047e-02
0 22 3.291676001311806e+02 7.158568471313853e-18 4.766623939351270e-02
1 56 3.308844587177696e+02 6.649414610896292e-14 6.408683011910978e-02
1 57 3.367315294791151e+02 2.633205583740243e-14 6.408974742822071e-02
1 58 3.425786316926420e+02 6.696815874824422e-14 6.408640720734581e-02
0 23 3.437489911227170e+02 7.843849422226103e-18 4.766769571840158e-02
1 59 3.484257911481812e+02 7.289445941518217e-18 6.408448688877985e-02
1 60 3.542730642707256e+02 5.073767732214742e-18 6.408444614586102e-02
0 24 3.583304612867522e+02 9.210684238435717e-18 4.766623163747723e-02
1 61 3.601201518005618e+02 4.739934941490911e-18 6.408611650083194e-02
