0 0 1.540401900523746e+00 3.102957874967668e-18 7.808685928051465e-02
1 0 3.120496606072971e+00 5.285846702569931e-18 5.715452075943109e-02
0 1 6.085142265510927e+00 3.110951273725322e-18 7.808457642538948e-02
0 2 1.063014688787599e+01 3.206723928187885e-18 7.807118170602234e-02
1 1 1.232216936354680e+01 5.272753631185590e-18 5.715881429978241e-02
0 3 1.517505962504948e+01 3.008295846829029e-18 7.806925454664834e-02
0 4 1.972028769914207e+01 3.454673069875919e-18 7.805667570870613e-02
1 2 2.152339207750470e+01 5.510436566113011e-18 5.716310735841924e-02
0 5 2.426535755697034e+01 3.135639038719314e-18 7.805511547943832e-02
0 6 2.881078916140689e+01 3.761777184101678e-18 7.804397680891183e-02
1 3 3.072420537202760e+01 5.434620091004208e-18 5.716710151127388e-02
0 7 3.335599355861726e+01 3.009427491125999e-18 7.804279158229739e-02
0 8 3.790159709133896e+01 3.133923374630686e-18 7.803372444821442e-02
1 4 3.992467369098312e+01 5.257988066203132e-18 5.717048295702617e-02
0 9 4.244690592346767e+01 3.221596292528221e-18 7.803291951048956e-02
0 10 4.699263797926078e+01 3.034671041665288e-18 7.802650064259657e-02
1 5 4.912488599635051e+01 5.596068157258213e-18 5.717293956074637e-02
0 11 5.153801418302849e+01 3.106688041986907e-18 7.802607881892494e-02
0 12 5.608382089054545e+01 3.431187268767833e-18 7.802276004919097e-02
1 6 5.832495258811061e+01 5.614787030349110e-18 5.717423534602439e-02
0 13 6.062922190160262e+01 3.617817492542363e-18 7.802272196343232e-02
0 14 6.517504187737147e+01 3.108395534332145e-18 7.802276532530783e-02
1 7 6.752499934114122e+01 5.361586840795777e-18 5.717421145234773e-02
0 15 6.972042194174675e+01 3.420094893022575e-18 7.802310957520092e-02
0 16 7.426619062283116e+01 3.108885548843341e-18 7.802654402949391e-02
1 8 7.672515846279518e+01 3.279391234497336e-14 5.717286299455437e-02
0 17 7.881150370885361e+01 3.338572213645098e-18 7.802726726146497e-02
0 18 8.335715841445503e+01 3.097273854550483e-18 7.803387962586222e-02
1 9 8.592555816138410e+01 5.256689047357268e-18 5.717028663714192e-02
0 19 8.790236129957786e+01 3.196243063189086e-18 7.803497650291163e-02
0 20 9.244784612480298e+01 3.009273414533105e-18 7.804433996668889e-02
1 10 9.512631252132037e+01 6.976376011237166e-15 5.716672827136233e-02
0 21 9.699290117130062e+01 3.301815879745280e-18 7.804580303470636e-02
0 22 1.015381708571072e+02 3.324577618490793e-18 7.805733562824585e-02
1 11 1.043275132649552e+02 5.213743118736787e-18 5.716247445041127e-02
0 23 1.060830480743479e+02 3.399690480923424e-18 7.805915509613272e-02
0 24 1.106280703115961e+02 3.313146776219452e-18 7.807219280691850e-02
1 12 1.135292253733387e+02 1.729812534224588e-15 5.715788160231580e-02
0 25 1.151727484926998e+02 4.367945232306006e-18 7.807435625986549e-02
0 26 1.197175045497768e+02 3.007336128174852e-18 7.808822418932479e-02
1 13 1.227314851488270e+02 5.214854804685678e-18 5.715325551504578e-02
0 27 1.242619714824649e+02 3.313239341135718e-18 7.809071624995974e-02
0 28 1.288064554209091e+02 3.120048573513891e-18 7.810478541732808e-02
1 14 1.319343027420860e+02 7.684372715948519e-16 5.714889102844044e-02
0 29 1.333507073419760e+02 3.411278462860228e-18 7.810758735535389e-02
0 30 1.378949242841898e+02 3.195669061206378e-18 7.812131167872763e-02
1 15 1.411376647890276e+02 5.212714585398644e-18 5.714498202792317e-02
0 31 1.424389648244724e+02 3.323242539163150e-18 7.812440094589775e-02
0 32 1.469829287609417e+02 3.100344816712175e-18 7.813733489995854e-02
1 16 1.503415403582840e+02 8.190059670535718e-16 5.714167349198616e-02
0 33 1.515267676329449e+02 3.199441385923754e-18 7.814068453258489e-02
0 34 1.560704991615105e+02 3.200815285352726e-18 7.815248574765082e-02
1 17 1.595458844538203e+02 5.294541100669665e-18 5.713901648041774e-02
0 35 1.606141507933090e+02 3.450032296705793e-18 7.815606353029857e-02
0 36 1.651576750443734e+02 3.003931643963873e-18 7.816648568110593e-02
1 18 1.687506439965609e+02 1.831511374185829e-15 5.713700881777631e-02
0 37 1.697011572989282e+02 3.206452357566967e-18 7.817025289908638e-02
0 38 1.742445021760846e+02 3.096573887195642e-18 7.817913386646823e-02
1 19 1.779557601219432e+02 5.254734891281086e-18 5.713559708480789e-02
0 39 1.787878352356103e+02 3.210823971761220e-18 7.818304339333368e-02
0 40 1.833310300085958e+02 3.213188730659400e-18 7.819029240213091e-02
1 20 1.871611727303155e+02 5.848308313350210e-15 5.713467930894028e-02
0 41 1.878742354579760e+02 3.467819554173306e-18 7.819428579745968e-02
0 42 1.924173096878488e+02 3.091916777151444e-18 7.819987213361551e-02
1 21 1.963668213095123e+02 5.587578054877477e-18 5.713415806594901e-02
0 43 1.969604097984419e+02 3.220948175550754e-18 7.820387545474301e-02
0 44 2.015033925566889e+02 3.223758949519466e-18 7.820782013644585e-02
1 22 2.055726478366726e+02 1.963365678375666e-14 5.713388807270747e-02
0 45 2.060464097640965e+02 3.226550748187385e-18 7.821173850167804e-02
0 46 2.105893290824725e+02 3.144311939147284e-18 7.821410936975290e-02
1 23 2.147785966027065e+02 5.217193703516129e-18 5.713378867608684e-02
0 47 2.151322856266638e+02 3.001776771371588e-18 7.821782125342727e-02
0 48 2.196751681433639e+02 4.058950847874893e-18 7.821873051149440e-02
1 24 2.239846156292159e+02 1.640876687896027e-14 5.713374213471264e-02
0 49 2.242180858626113e+02 3.611785152619093e-18 7.822208433669559e-02
0 50 2.287609566036360e+02 3.241605073404395e-18 7.822168575276928e-02
1 25 2.331906559627973e+02 5.371166729048451e-18 5.713377369479753e-02
0 51 2.333038568383152e+02 3.164968591741420e-18 7.822450245982826e-02
0 52 2.378467391172356e+02 3.299081941470603e-18 7.822298439497337e-02
0 53 2.423896427114729e+02 3.250849493488247e-18 7.822506796762127e-02
1 26 2.423966717439449e+02 5.260642961440053e-18 5.713390850975863e-02
0 54 2.469325581131369e+02 3.290709829160346e-18 7.822263990658626e-02
0 55 2.514754854708007e+02 3.076793287838399e-18 7.822379316707205e-02
1 27 2.516026195303427e+02 5.213205754448988e-18 5.713419682394982e-02
0 56 2.560184539069572e+02 3.075822106204926e-18 7.822066831529695e-02
0 57 2.605614250721915e+02 1.684630900240654e-14 7.822070859194435e-02
1 28 2.608084585807272e+02 5.738330912414109e-18 5.713455196100255e-02
0 58 2.651044649057925e+02 5.820536013248435e-15 7.821708781834225e-02
0 59 2.696474996533218e+02 1.584447410340719e-15 7.821585910513866e-02
1 29 2.700141502534028e+02 5.213089423643989e-18 5.713491663847900e-02
0 60 2.741906278578120e+02 3.273111935638742e-16 7.821191948752493e-02
0 61 2.787337457721080e+02 3.665622431146335e-17 7.820929996503154e-02
1 30 2.792196578941895e+02 5.724305703309941e-18 5.713527010430288e-02
0 62 2.832769781058034e+02 3.260202629416224e-18 7.820518919952739e-02
0 63 2.878201986544479e+02 3.002567458580397e-18 7.820109424803784e-02
1 31 2.884249453796068e+02 5.285592374634962e-18 5.713570629221618e-02
0 64 2.923635498008441e+02 3.253687438842163e-18 7.819693078991130e-02
0 65 2.969068923675936e+02 3.002991922636939e-18 7.819131357254513e-02
1 32 2.976299770858382e+02 5.263980282097798e-18 5.713630216815461e-02
0 66 3.014503760182211e+02 1.428969747671342e-14 7.818719062163243e-02
0 67 3.059938598701636e+02 6.629815943387414e-15 7.818004294898954e-02
1 33 3.068347172913849e+02 5.288411442629047e-18 5.713718522844736e-02
0 68 3.105374887215176e+02 3.157256573088554e-15 7.817603374705742e-02
0 69 3.150811328660545e+02 1.823888102749193e-15 7.816738910501786e-02
1 34 3.160391303729533e+02 5.328109963943733e-18 5.713845155796033e-02
0 70 3.196249185016145e+02 2.038292177656023e-15 7.816355179119933e-02
0 71 3.241687413814262e+02 3.496883931353833e-15 7.815349130527151e-02
1 35 3.252431812838089e+02 5.289547321022144e-18 5.714020527774558e-02
0 72 3.287126940165826e+02 6.141025035422742e-15 7.814987266045560e-02
0 73 3.332567129932668e+02 1.001799413923551e-14 7.813853381567151e-02
1 36 3.344468364276623e+02 5.301891291340994e-18 5.714250787659908e-02
0 74 3.378008410512356e+02 1.516585347766562e-14 7.813517190238653e-02
0 75 3.423450716169920e+02 3.470598375614421e-18 7.812275919834724e-02
1 37 3.436500654799394e+02 5.211477688838107e-18 5.714539302199452e-02
0 76 3.468893811215489e+02 3.228817308114734e-18 7.811968515011540e-02
0 77 3.514338357985123e+02 3.249556694653512e-18 7.810648120882874e-02
1 38 3.528528434419321e+02 5.224059433983474e-18 5.714883512581960e-02
0 78 3.559783295741245e+02 3.006787051762139e-18 7.810372044203261e-02
0 79 3.605230164775106e+02 4.060873736873642e-18 7.809009515168547e-02
1 39 3.620551540440241e+02 5.224732256205668e-18 5.715275041159835e-02
0 80 3.650676931835697e+02 4.001075546268351e-18 7.808766821437213e-02
