0 0 1.471314068594467e+00 1.558418367071943e-16 7.112537071373838e-02
1 0 3.042343796952263e+00 1.405274749452823e-14 5.762382322783734e-02
0 1 6.016016168965851e+00 1.462976754916772e-16 7.112307390029789e-02
0 2 1.056084776179769e+01 1.342247826562405e-16 7.111581217341682e-02
1 1 1.224437171876881e+01 5.461584991165439e-18 5.762457555933472e-02
0 3 1.510555872799289e+01 1.246912921475522e-16 7.111381756564389e-02
0 4 1.965041523914559e+01 1.167400160392525e-16 7.110738918747928e-02
1 2 2.144638216065854e+01 3.032142747502934e-14 5.762528625263243e-02
0 5 2.419514725678244e+01 1.058813602746245e-16 7.110571297560621e-02
0 6 2.874004025384791e+01 9.776458542943128e-17 7.110025079902216e-02
1 3 3.064834302378373e+01 5.171841727794008e-18 5.762596074941317e-02
0 7 3.328480494950988e+01 8.756985459311054e-17 7.109890662018929e-02
0 8 3.782974519953946e+01 8.515989603009067e-17 7.109452623141166e-02
1 4 3.985022288922731e+01 5.316097329043471e-18 5.762662873156355e-02
0 9 4.237455343649265e+01 7.828303565307252e-17 7.109352512592666e-02
0 10 4.691955068971049e+01 7.515327070256991e-17 7.109032438738706e-02
1 5 4.905199230749682e+01 5.271187631215182e-18 5.762727330057343e-02
0 11 5.146441238851617e+01 7.320747770403057e-17 7.108967475405226e-02
0 12 5.600947518182124e+01 6.939557443784945e-17 7.108773313321870e-02
1 6 5.825362403747882e+01 5.312494016804115e-18 5.762790671815911e-02
0 13 6.055439915790787e+01 6.998468947946728e-17 7.108744069379345e-02
0 14 6.509953463771160e+01 6.777089025806462e-17 7.108681809417314e-02
1 7 6.745509381857596e+01 5.357353874942407e-18 5.762848857173723e-02
0 15 6.964452846458836e+01 6.890630967487061e-17 7.108688587225485e-02
0 16 7.418974223365787e+01 7.033204550823429e-17 7.108762119803222e-02
1 8 7.665638095436681e+01 5.167455887311628e-18 5.762900828170864e-02
0 17 7.873481212045886e+01 7.359410019227134e-17 7.108804951445126e-02
0 18 8.328010810886666e+01 8.068842039804499e-17 7.109015872177367e-02
1 9 8.585746855511840e+01 5.220111686240353e-18 5.762940931287867e-02
0 19 8.782525879915967e+01 8.567995985456837e-17 7.109094520621780e-02
0 20 9.237063916249359e+01 1.011746995567648e-16 7.109441910785382e-02
1 10 9.505834435340051e+01 5.537137628116510e-18 5.762966049020302e-02
0 21 9.691587384671703e+01 1.078182720433881e-16 7.109555872434670e-02
0 22 1.014613388938279e+02 1.119822654028148e-16 7.110036052201675e-02
1 11 1.042590005141991e+02 5.167308472594317e-18 5.762970354385764e-02
0 23 1.060066591379427e+02 1.191544609897058e-16 7.110184560369064e-02
0 24 1.105522072912223e+02 1.135514659735508e-16 7.110790837722351e-02
1 12 1.134594344660496e+02 5.511124276366304e-18 5.762949720266532e-02
0 25 1.150976129801891e+02 1.087312784994989e-16 7.110972866303153e-02
0 26 1.196432407719570e+02 8.940134096769668e-17 7.111695305385658e-02
1 13 1.226596484699686e+02 5.248842425575813e-18 5.762899880958358e-02
0 27 1.241887300683257e+02 7.464684090348303e-17 7.111909571587820e-02
0 28 1.287344321776552e+02 4.548049601902641e-17 7.112734806103871e-02
1 14 1.318596501743220e+02 5.289052626879299e-18 5.762817438631780e-02
0 29 1.332800014994628e+02 4.191587787932946e-17 7.112979770473124e-02
0 30 1.378257708327911e+02 6.254787190107118e-17 7.113890905377740e-02
1 15 1.410594521695176e+02 5.374115727567901e-18 5.762701176233061e-02
0 31 1.423714148521170e+02 1.422708704910080e-16 7.114164766320677e-02
0 32 1.469172426724007e+02 3.680278251961808e-16 7.115141402045282e-02
1 16 1.502590719760271e+02 5.391462426682781e-18 5.762550415816226e-02
0 33 1.514629543428566e+02 7.642468925220360e-16 7.115442080313177e-02
0 34 1.560088304481842e+02 1.644357401604689e-15 7.116460510425700e-02
1 17 1.594585317648310e+02 5.491211021040210e-18 5.762367692261319e-02
0 35 1.605546010653658e+02 3.004664294433137e-15 7.116785616068888e-02
0 36 1.651005140188249e+02 5.656864988510074e-15 7.117819235861429e-02
1 18 1.686578575954772e+02 5.217635571026771e-18 5.762156596607055e-02
0 37 1.696463333241138e+02 9.536033709544127e-15 7.118166005171873e-02
0 38 1.741922707300998e+02 1.640748515132180e-14 7.119185974118292e-02
1 19 1.778570793660712e+02 5.265556676003407e-18 5.761922926092596e-02
0 39 1.787381270632123e+02 2.601613800418652e-14 7.119551155840592e-02
0 40 1.832840758848715e+02 4.176978323366859e-14 7.120527340458070e-02
1 20 1.870562293260477e+02 5.172315307907844e-18 5.761674981037111e-02
0 41 1.878299563944866e+02 3.695181330257991e-15 7.120906997682454e-02
0 42 1.923759032987903e+02 6.973924135719169e-15 7.121809217145729e-02
1 21 1.962553421727729e+02 5.321639746893616e-18 5.761419966289401e-02
0 43 1.969217942143183e+02 1.182609276838838e-14 7.122198393531712e-02
0 44 2.014677259303915e+02 1.971094362041556e-14 7.122997976755778e-02
1 22 2.054544531336235e+02 5.200715317170845e-18 5.761170071889677e-02
0 45 2.060136128991452e+02 3.056532926692323e-14 7.123390158284602e-02
0 46 2.105595165680014e+02 3.543023476537346e-18 7.124061813359776e-02
1 23 2.146535979669353e+02 7.303941492219936e-15 5.760931037944991e-02
0 47 2.151053850543180e+02 5.264572786882633e-18 7.124448121252951e-02
0 48 2.196512485496301e+02 3.729772963998030e-18 7.124972088627003e-02
1 24 2.238528111837559e+02 5.236456635224492e-18 5.760718068820182e-02
0 49 2.241970842914098e+02 3.548147077140447e-18 7.125340220898635e-02
0 50 2.287428964875288e+02 3.993687092489839e-18 7.125704586194437e-02
1 25 2.330521254924814e+02 2.375282179567249e-16 5.760534592566355e-02
0 51 2.332886859948118e+02 3.545495659772423e-18 7.126037772295918e-02
0 52 2.378344369671086e+02 3.729209931159877e-18 7.126240567825663e-02
1 26 2.422515708346859e+02 5.177180902500345e-18 5.760401822042211e-02
0 53 2.423801680395665e+02 3.477122942968823e-18 7.126517224032064e-02
0 54 2.469258491901614e+02 4.788901432668823e-18 7.126567538699120e-02
0 55 2.514715114080290e+02 3.540977280827709e-18 7.126762577872510e-02
1 27 2.514511727824734e+02 5.241929470970799e-18 5.760331792749806e-02
0 56 2.560171155359318e+02 3.367890485943436e-18 7.126679660505598e-02
0 57 2.605627006635442e+02 3.728975689352689e-18 7.126767857302212e-02
1 28 2.606509525828517e+02 5.193564998469187e-18 5.760340706052494e-02
0 58 2.651082220183105e+02 3.368478229155594e-18 7.126577786521954e-02
0 59 2.696537242533664e+02 3.729021325730081e-18 7.126538244307301e-02
1 29 2.698509268296623e+02 5.169698286268796e-18 5.760417713570710e-02
0 60 2.741991586247510e+02 3.369072786123519e-18 7.126269137682262e-02
0 61 2.787445746710097e+02 3.881998040083138e-18 7.126089035021363e-02
1 30 2.790511076698440e+02 5.169647933545741e-18 5.760544585588515e-02
0 62 2.832899195286844e+02 3.467563567351383e-18 7.125766670218192e-02
0 63 2.878352485248823e+02 4.139601203079337e-18 7.125442921966930e-02
1 31 2.882515036934913e+02 6.631356477583938e-17 5.760694898652899e-02
0 64 2.923805031749697e+02 3.466565439301506e-18 7.125088216892302e-02
0 65 2.969257465469753e+02 3.370601923974613e-18 7.124626913219899e-02
1 32 2.974521184882345e+02 5.188808487979209e-18 5.760863041441062e-02
0 66 3.014709122424989e+02 3.465965028817258e-18 7.124255489974687e-02
0 67 3.060160735207991e+02 3.871430961631704e-18 7.123669980046739e-02
1 33 3.066529509639758e+02 1.287687065810982e-15 5.761033725474067e-02
0 68 3.105611534939777e+02 3.534937111839612e-18 7.123293039594995e-02
0 69 3.151062381216082e+02 3.371723606934784e-18 7.122601669165987e-02
1 34 3.158539952294093e+02 5.211575026286804e-18 5.761204729731284e-02
0 70 3.196512375247787e+02 3.939356984270981e-18 7.122227243070817e-02
0 71 3.241962526530100e+02 3.535361285691700e-18 7.121451352019754e-02
1 35 3.250552403376752e+02 6.910426894445264e-15 5.761366976563689e-02
0 72 3.287411784260904e+02 3.535554965171767e-18 7.121085386483980e-02
0 73 3.332861327031396e+02 3.535895116516927e-18 7.120247758164965e-02
1 36 3.342566712631796e+02 5.236592202086754e-18 5.761519154922514e-02
0 74 3.378309933776458e+02 4.024331570504252e-18 7.119894876807793e-02
0 75 3.423758967215722e+02 3.731705720919222e-18 7.119018615671338e-02
1 37 3.434582683311532e+02 2.113006893760568e-14 5.761656990754426e-02
0 76 3.469207021857634e+02 3.536971108539377e-18 7.118682599385494e-02
0 77 3.514655655483677e+02 3.468422192839077e-18 7.117790357553148e-02
1 38 3.526600087255502e+02 5.208747889882487e-18 5.761780794111845e-02
0 78 3.560103267828071e+02 3.468944536057384e-18 7.117474426560645e-02
0 79 3.605551619005889e+02 3.538407667674780e-18 7.116587886006424e-02
1 39 3.618618659036395e+02 4.778387122553872e-14 5.761890260797467e-02
0 80 3.650998907009631e+02 3.732784681475493e-18 7.116294857696970e-02
